task	reward	total_reward	total_regret	relative	total_reward_dev	joules
0	71.96772710221204	71.96772710221204	2.0567336726699295	0.0	13.140390986268615	71.96772710221204
1	73.29748730421906	145.26521440643106	4.563761598467588	0.0	20.655478551544746	73.29748730421906
2	74.62811798724002	219.89333239367096	8.022273766281755	0.0	28.12421315821793	74.62811798724002
3	72.60893558202487	292.50226797569593	9.89101767062891	0.0	31.260301120392306	72.60893558202487
4	73.26087157074392	365.76313954643985	12.702431268076523	0.0	36.96909480746234	73.26087157074392
5	73.99389693578807	439.75703648222793	16.1973420061462	0.0	43.24090087475622	73.99389693578807
6	75.41078584282762	515.1678223250555	21.087579438655954	0.0	46.72921720220045	75.41078584282762
7	74.85326167338722	590.0210839984427	25.8594137128728	0.0	49.50628242317288	74.85326167338722
8	74.39370545826986	664.4147894567124	30.41414005736903	0.0	53.83132983053249	74.39370545826986
9	73.80225774412408	738.217047200837	32.24512549633079	0.0	62.37337348659968	73.80225774412408
10	72.9141230810905	811.1311702819272	34.72604702973619	0.0	65.2578799008834	72.9141230810905
11	75.64538093579841	886.7765512177259	38.74312709079438	0.0	66.7515362335181	75.64538093579841
12	74.08096853015577	960.8575197478812	41.6555648600211	0.0	70.01452280959548	74.08096853015577
13	77.44741506764751	1038.3049348155294	48.33425685789663	0.0	72.79573410135515	77.44741506764751
14	74.4077548934701	1112.7126897089988	51.026798926104746	0.0	75.76737081837116	74.4077548934701
15	75.15427084619404	1187.866960555193	56.211807039624084	0.0	83.12658275742257	75.15427084619404
16	74.37665452222456	1262.2436150774176	59.49297638388569	0.0	83.58624706825557	74.37665452222456
17	72.69233527576468	1334.9359503531825	59.7840339872499	0.0	83.14476443235237	72.69233527576468
18	75.49304541627791	1410.4289957694607	63.24201693633356	0.0	84.20524999992676	75.49304541627791
19	75.93735018580838	1486.3663459552681	66.12277311500434	0.0	86.34275674924712	75.93735018580838
20	71.65376203334591	1558.0201079886142	67.90917791726746	0.0	88.62017579321297	71.65376203334591
21	73.17245913178786	1631.1925671204021	70.14613467434133	0.0	91.34389648581708	73.17245913178786
22	72.33244362565537	1703.5250107460577	72.56817500529021	0.0	92.17519124357413	72.33244362565537
23	72.26375843708728	1775.788769183144	74.04898461855137	0.0	94.0452729326272	72.26375843708728
24	72.18242585632147	1847.9711950394662	75.7139395149797	0.0	95.25102914447913	72.18242585632147
25	72.0760677610991	1920.0472628005657	78.2409164273672	0.0	94.29197794063955	72.0760677610991
26	73.41879377143377	1993.4660565719992	81.00712693501278	0.0	97.38992154005821	73.41879377143377
27	72.63978305152303	2066.1058396235226	81.52929655365533	0.0	100.92293465467806	72.63978305152303
28	74.61757300668154	2140.7234126302046	84.81314619085735	0.0	104.63530367446398	74.61757300668154
29	72.07796309279402	2212.8013757229983	86.7747882839122	0.0	104.93196582286419	72.07796309279402
30	73.17595142988144	2285.977327152879	89.15145447126562	0.0	104.73694523950607	73.17595142988144
31	72.42815327014908	2358.405480423028	91.6076096603574	0.0	105.14327781042188	72.42815327014908
32	73.27962020485973	2431.6851006278885	94.65269397981568	0.0	104.67751384790674	73.27962020485973
33	73.44712831015575	2505.132228938044	97.23652089489174	0.0	103.9141060986352	73.44712831015575
34	71.98566126085096	2577.1178901988937	97.50007150897927	0.0	103.72201256130435	71.98566126085096
35	77.37598116933844	2654.4938713682327	102.18507653126107	0.0	106.82867726340304	77.37598116933844
36	73.1136161599378	2727.6074875281706	104.73226927791947	0.0	108.0170450218611	73.1136161599378
37	72.38833445599916	2799.9958219841706	106.66614949698305	0.0	108.14451942375844	72.38833445599916
38	71.3663656397045	2871.3621876238753	106.54524027641804	0.0	107.24989374065856	71.3663656397045
39	77.33992129263119	2948.7021089165046	113.8969583215722	0.0	106.51881580599989	77.33992129263119
40	74.41041184494502	3023.1125207614527	118.21680024682666	0.0	107.94997622578859	74.41041184494502
41	74.03136824119099	3097.143889002643	120.9496204587839	0.0	109.29154178530466	74.03136824119099
42	72.32878175558064	3169.4726707582226	122.28786537237058	0.0	107.63561486784072	72.32878175558064
43	70.46239858947938	3239.935069347704	122.14623042031926	0.0	110.2454328625668	70.46239858947938
44	70.6014579511279	3310.53652729883	121.79706539401286	0.0	110.69913281978627	70.6014579511279
45	73.69653891954553	3384.2330662183767	124.96780475491272	0.0	114.19269806438616	73.69653891954553
46	71.26253093005359	3455.4955971484283	125.27479618153042	0.0	115.67045937899599	71.26253093005359
47	74.0578217872603	3529.5534189356895	128.58536367051008	0.0	118.80091097088548	74.0578217872603
48	73.87964094067053	3603.4330598763586	131.2309848082555	0.0	120.49405298682268	73.87964094067053
49	73.45838071107457	3676.891440587434	133.93638095193947	0.0	121.00585269014583	73.45838071107457
50	72.0916915960637	3748.9831321834977	135.9477155189788	0.0	120.26990516513492	72.0916915960637
51	72.7058060955929	3821.6889382790896	137.37433073901636	0.0	120.28683794493809	72.7058060955929
52	75.13105129161855	3896.819989570707	142.15802922861613	0.0	116.75115750313114	75.13105129161855
53	70.92171360566601	3967.7417031763744	141.89687192438325	0.0	115.98656431025627	70.92171360566601
54	74.59550324119019	4042.337206417564	145.58549679416873	0.0	117.01964107094649	74.59550324119019
55	70.88910838433944	4113.226314801905	146.42785081570676	0.0	119.01973204010353	70.88910838433944
56	72.9298293886897	4186.156144190594	148.140935610998	0.0	120.82861561983316	72.9298293886897
57	75.94566653144926	4262.101810722041	154.02438199277154	0.0	124.77177655525072	75.94566653144926
58	74.28791658367405	4336.389727305719	156.53559451230274	0.0	126.22025709908458	74.28791658367405
59	70.94880694191563	4407.338534247634	155.7818279692812	0.0	126.44998866675569	70.94880694191563
60	71.42903660495473	4478.767570852588	156.0511026419861	0.0	125.81414115143463	71.42903660495473
61	73.38599875357603	4552.153569606165	158.52176034853386	0.0	124.88618922436244	73.38599875357603
62	74.20699687330207	4626.360566479469	161.53174606987167	0.0	126.207211741982	74.20699687330207
63	74.35710500609721	4700.717671485562	165.3230711799224	0.0	122.5604436175331	74.35710500609721
64	74.3634126638463	4775.08108414941	168.22913630979906	0.0	123.67911685586758	74.3634126638463
65	72.67918288417434	4847.760267033584	169.9152969974835	0.0	126.95059702414751	72.67918288417434
66	71.50834663892786	4919.268613672513	169.5759352680981	0.0	128.2329008594725	71.50834663892786
67	73.91718534254545	4993.185799015059	172.2206469683192	0.0	131.446361486974	73.91718534254545
68	75.44374009716415	5068.629539112221	178.08208723534838	0.0	133.48599757344113	75.44374009716415
69	75.29504587394365	5143.924584986165	182.3369697915748	0.0	134.605477872091	75.29504587394365
70	77.31995481194767	5221.2445397981155	187.83969366792397	0.0	136.2372090831877	77.31995481194767
71	72.85725222556952	5294.101792023683	189.41676573898832	0.0	135.96119705439355	72.85725222556952
72	72.79850951439903	5366.900301538083	192.39897980186143	0.0	138.0330717636236	72.79850951439903
73	74.81167179669464	5441.711973334775	194.9979987567908	0.0	139.97433207559953	74.81167179669464
74	72.92733120513317	5514.639304539911	197.84015907870787	0.0	140.5304786631181	72.92733120513317
75	75.6095822850014	5590.248886824909	202.8953681613717	0.0	140.91066592482858	75.6095822850014
76	74.2763367902994	5664.525223615209	205.6965114507858	0.0	143.8522374230011	74.2763367902994
77	74.19849705841317	5738.723720673625	208.28773782515987	0.0	147.7870654137207	74.19849705841317
78	74.04278433317056	5812.766505006793	211.56230162363133	0.0	150.54309967703372	74.04278433317056
79	74.78003921650632	5887.5465442233	215.6284724306589	0.0	150.75436916681565	74.78003921650632
80	72.13650916081136	5959.683053384111	215.0443486126802	0.0	150.76713820041041	72.13650916081136
81	72.08228813073079	6031.765341514847	215.38105821072406	0.0	151.12956699732607	72.08228813073079
82	74.5279920706133	6106.293333585454	217.7261737911693	0.0	154.32686926080953	74.5279920706133
83	75.22605177430866	6181.519385359762	222.32269608455277	0.0	156.69018137077236	75.22605177430866
84	74.52406810372663	6256.043453463493	226.90606952901638	0.0	156.7232096919728	74.52406810372663
85	73.26219947622853	6329.305652939723	229.20432740745846	0.0	155.2826943245311	73.26219947622853
86	72.76913934584242	6402.074792285562	230.02459124250504	0.0	156.42252979901554	72.76913934584242
87	71.26382309178284	6473.338615377347	229.5620455909715	0.0	154.08566084342888	71.26382309178284
88	73.17979701782222	6546.518412395165	232.30675133573482	0.0	155.93987045541698	73.17979701782222
89	73.04558108469007	6619.563993479856	233.66120603812928	0.0	159.53481078355284	73.04558108469007
90	71.48668325142384	6691.050676731281	234.1129609306523	0.0	161.22615736946963	71.48668325142384
91	73.81625356858699	6764.866930299868	235.50919132476633	0.0	163.3391399462219	73.81625356858699
92	73.68676126262112	6838.55369156249	238.13148289861837	0.0	168.10313653083438	73.68676126262112
93	72.24186950006045	6910.795561062551	238.99146155774915	0.0	168.17182842097762	72.24186950006045
94	72.03006066103461	6982.825621723583	241.2897560341885	0.0	172.5226816634026	72.03006066103461
95	75.49720372993661	7058.322825453523	245.6121218290934	0.0	174.4948353121687	75.49720372993661
96	74.19817234436655	7132.520997797892	249.08701497903442	0.0	175.19057621431887	74.19817234436655
97	73.84289988571523	7206.363897683605	251.34092030061728	0.0	172.39630771293358	73.84289988571523
98	73.7194853985602	7280.083383082164	255.09496396039162	0.0	174.20523098031774	73.7194853985602
99	78.2442052582197	7358.327588340384	262.97140136724676	0.0	174.0027315023301	78.2442052582197
100	73.94603854109127	7432.273626881477	265.65176024561265	0.0	174.448668546373	73.94603854109127
101	74.28188223171323	7506.555509113195	269.1188707615036	0.0	175.89758194220883	74.28188223171323
102	73.2497014441754	7579.8052105573615	272.31540394634476	0.0	180.5714090321509	73.2497014441754
103	74.08518511979273	7653.890395677155	275.7480445621679	0.0	182.42840141547316	74.08518511979273
104	73.28187124787463	7727.172266925031	278.8025103681721	0.0	185.33656142077479	73.28187124787463
105	73.77008212258052	7800.942349047613	281.6748003476234	0.0	186.68701284170405	73.77008212258052
106	74.47046638174778	7875.4128154293585	287.10208854486854	0.0	187.99636103271163	74.47046638174778
107	76.48181595495916	7951.89463138432	292.49085500132963	0.0	192.87329111024525	76.48181595495916
108	76.16629967879545	8028.060931063115	297.79971629611276	0.0	194.64348159841458	76.16629967879545
109	73.37229873019788	8101.433229793313	299.0555271501955	0.0	194.7121909182973	73.37229873019788
110	70.72211728453803	8172.15534707785	299.08019465325646	0.0	196.08537799638813	70.72211728453803
111	73.01429219449462	8245.169639272342	301.61600015076624	0.0	195.41113399579038	73.01429219449462
112	72.11346519161735	8317.283104463962	304.01022089978045	0.0	195.66907906829678	72.11346519161735
113	76.5137584787731	8393.796862942736	310.0567505341663	0.0	192.32901870709327	76.5137584787731
114	73.61691730504337	8467.413780247778	311.2391306461352	0.0	192.41153014239086	73.61691730504337
115	71.36041292203588	8538.774193169813	311.5937523512091	0.0	195.6643362985267	71.36041292203588
116	73.40733230561831	8612.181525475435	314.54475048130064	0.0	197.09461520079716	73.40733230561831
117	72.6811022865167	8684.862627761948	316.39939365593096	0.0	198.39027734961903	72.6811022865167
118	71.62367038174061	8756.486298143693	316.26106276657976	0.0	198.61716720640305	71.62367038174061
119	73.44828288209807	8829.934581025787	319.5214268625744	0.0	196.61227750658023	73.44828288209807
120	78.09790644056379	8908.032487466347	327.0457372889721	0.0	199.02167183187038	78.09790644056379
121	75.50763640745086	8983.540123873805	331.09182382000785	0.0	200.95439023969757	75.50763640745086
122	74.39974871451882	9057.939872588317	333.9330817902277	0.0	199.9863041905868	74.39974871451882
123	72.48488853032063	9130.424761118644	335.3773023144163	0.0	201.13663345208343	72.48488853032063
124	73.66449528668153	9204.089256405323	337.8737278126654	0.0	199.87229711721469	73.66449528668153
125	73.10286984506278	9277.192126250384	339.25705970552355	0.0	197.94868809786598	73.10286984506278
126	72.7355380253268	9349.92766427571	341.0138607978921	0.0	195.4843144905686	72.7355380253268
127	74.39961797790751	9424.327282253618	344.6502864174256	0.0	194.04811091680176	74.39961797790751
128	72.93527607534013	9497.26255832896	346.21264653188916	0.0	193.03327358996643	72.93527607534013
129	74.5782411387966	9571.840799467753	349.6887808398275	0.0	195.7515969708314	74.5782411387966
130	74.64776114101555	9646.488560608772	352.7276847946213	0.0	199.94646498640236	74.64776114101555
131	72.45065364599718	9718.939214254773	354.3859565092986	0.0	200.9568710076025	72.45065364599718
132	71.55508236793466	9790.494296622703	354.95593509776666	0.0	199.70515838973375	71.55508236793466
133	72.9663551859118	9863.460651808618	356.08188492147195	0.0	199.28787554792834	72.9663551859118
134	72.4178534886514	9935.878505297262	357.27986681942616	0.0	200.94217023234492	72.4178534886514
135	73.09420502577797	10008.972710323049	360.28209703059576	0.0	200.01752676741637	73.09420502577797
136	75.06121674380138	10084.033927066848	364.0416370521188	0.0	199.8801996628338	75.06121674380138
137	76.1885128549803	10160.222439921821	368.4102567906554	0.0	199.88856575312937	76.1885128549803
138	72.26273844662501	10232.485178368448	369.03647421390247	0.0	199.3405762936655	72.26273844662501
139	72.05689199510094	10304.542070363554	370.3801674675578	0.0	199.5425631948567	72.05689199510094
140	75.02648019767122	10379.568550561222	374.035939300324	0.0	199.82697429634987	75.02648019767122
141	72.27520657913632	10451.843757140361	374.9311785698553	0.0	199.83893341862105	72.27520657913632
142	72.51953068270925	10524.36328782307	376.3652776035969	0.0	199.58758931241803	72.51953068270925
143	74.86449252245973	10599.227780345534	380.36808643543367	0.0	203.08513479075924	74.86449252245973
144	71.7837003338513	10671.011480679379	379.9000435521524	0.0	205.00616262734877	71.7837003338513
145	77.10619675914188	10748.117677438524	386.2996050005975	0.0	206.3973611089128	77.10619675914188
146	71.58229247863784	10819.699969917161	386.9514709660664	0.0	203.6764305663432	71.58229247863784
147	72.06839336867417	10891.768363285835	386.2607776301328	0.0	204.3079448217295	72.06839336867417
148	74.53714922405332	10966.305512509889	390.037784066256	0.0	209.33123509630897	74.53714922405332
149	72.86819239094044	11039.17370490083	391.9385968797656	0.0	210.22267706219344	72.86819239094044
150	71.6452674769626	11110.818972377789	393.61275014014825	0.0	210.05664973912715	71.6452674769626
151	72.05775048610708	11182.876722863899	395.3250483830118	0.0	211.3777712795691	72.05775048610708
152	71.39125756761136	11254.267980431508	395.3977998777516	0.0	213.94395442712602	71.39125756761136
153	70.92147097988503	11325.18945141139	395.7444151838735	0.0	213.88994885380856	70.92147097988503
154	73.87342967721365	11399.062881088608	399.4159853292557	0.0	211.3767543497884	73.87342967721365
155	70.35970357549124	11469.422584664095	398.95932654903083	0.0	210.7761430704847	70.35970357549124
156	72.14509502991567	11541.567679694017	399.1752011119143	0.0	210.4396973783918	72.14509502991567
157	74.16348642636623	11615.731166120378	403.04649034880146	0.0	212.67706061147362	74.16348642636623
158	73.77608117881802	11689.507247299194	405.489060611878	0.0	215.72804967314102	73.77608117881802
159	71.07343532679555	11760.580682625989	408.0636159618535	0.0	214.27940159531212	71.07343532679555
160	72.98633948717807	11833.567022113173	411.3432133279039	0.0	214.0400570231565	72.98633948717807
161	73.52590580747454	11907.09292792065	413.3507351304727	0.0	213.24647687440174	73.52590580747454
162	71.71205488905393	11978.804982809694	413.98545960025064	0.0	213.03155806058572	71.71205488905393
163	74.42564789156296	12053.230630701257	417.51644743840194	0.0	215.27283289396027	74.42564789156296
164	73.00763189856407	12126.238262599823	419.3973808330117	0.0	216.01942337698185	73.00763189856407
165	73.48874243697657	12199.727005036799	421.2033161890767	0.0	216.57595492364695	73.48874243697657
166	72.91026375947155	12272.637268796267	423.8683108256619	0.0	216.35354930785746	72.91026375947155
167	71.6272583035022	12344.264527099775	425.5178697219537	0.0	216.58552703002823	71.6272583035022
168	74.22381594367131	12418.488343043444	428.49923992929394	0.0	217.9372068429847	74.22381594367131
169	74.63516787166286	12493.123510915115	432.4396836670689	0.0	218.4675407017162	74.63516787166286
170	74.19746414912562	12567.320975064236	435.5356774195638	0.0	217.57093345612898	74.19746414912562
171	73.88811361994395	12641.209088684176	437.562545076829	0.0	218.53621521609668	73.88811361994395
172	73.49126028566764	12714.700348969845	440.01316565373213	0.0	220.48699453105456	73.49126028566764
173	73.67559342846033	12788.375942398307	442.0388549831942	0.0	222.71789210938906	73.67559342846033
174	72.7359153044107	12861.111857702717	442.6570729855276	0.0	221.8760932567018	72.7359153044107
175	73.42584259740902	12934.537700300123	445.58522528319804	0.0	220.76099068000264	73.42584259740902
176	72.6196854358039	13007.157385735933	446.9607469273884	0.0	217.6377403247974	72.6196854358039
177	78.0164241525968	13085.173809888525	453.7752563155949	0.0	216.88821023638255	78.0164241525968
178	76.41188282386736	13161.585692712399	458.650688304174	0.0	217.70228643322542	76.41188282386736
179	73.80981295464044	13235.395505667035	462.0384908732083	0.0	217.38672398194942	73.80981295464044
180	73.35791545365102	13308.75342112069	462.926082871736	0.0	218.61760674704192	73.35791545365102
181	73.33017075370101	13382.083591874389	465.0034058146026	0.0	219.5454958791626	73.33017075370101
182	71.32805557159492	13453.411647445986	466.0773650826831	0.0	219.3756047117959	71.32805557159492
183	74.93055801005141	13528.342205456025	470.7233340682398	0.0	219.62533306601173	74.93055801005141
184	76.0668748951131	13604.409080351146	476.37157377184803	0.0	221.562862428812	76.0668748951131
185	75.7652073376829	13680.174287688835	481.5753903356337	0.0	222.43931805877236	75.7652073376829
186	73.7202105608024	13753.894498249638	484.1564106756882	0.0	221.75220420843542	73.7202105608024
187	72.94750392378499	13826.842002173425	487.06939561443096	0.0	221.14285154752724	72.94750392378499
188	73.71123110107554	13900.553233274492	489.2631770299537	0.0	223.837651350798	73.71123110107554
189	74.34556475512039	13974.89879802962	492.64369350646734	0.0	224.38027164741212	74.34556475512039
190	75.30767712437654	14050.20647515399	495.5012175193049	0.0	222.94233820581633	75.30767712437654
191	72.63572428517966	14122.842199439167	498.09465967933806	0.0	223.9475460576677	72.63572428517966
192	72.50779699680793	14195.349996435973	499.04498908975046	0.0	224.0682639980079	72.50779699680793
193	73.42713098760099	14268.77712742358	501.9422078753776	0.0	225.04248783927764	73.42713098760099
194	75.13601044557078	14343.913137869145	506.31390745868504	0.0	226.0568552688431	75.13601044557078
195	72.77156338772866	14416.68470125688	507.3893025759891	0.0	224.25794283366088	72.77156338772866
196	70.21328639373813	14486.897987650613	505.9553890568388	0.0	225.60856965201037	70.21328639373813
197	72.00077274852329	14558.898760399134	505.45317545485756	0.0	226.56608853042567	72.00077274852329
198	73.74911434289689	14632.647874742033	509.22027806166295	0.0	228.55251972218284	73.74911434289689
199	70.99857159448096	14703.646446336521	508.2526021407648	0.0	227.0807671215665	70.99857159448096
200	71.33130540204688	14774.977751738561	509.08706620042176	0.0	228.97342711781158	71.33130540204688
201	72.97230467127815	14847.95005640984	511.0050309539534	0.0	227.3422769419105	72.97230467127815
202	74.08911913310197	14922.039175542945	514.0963251485201	0.0	225.01651642788588	74.08911913310197
203	70.56928883882912	14992.608464381767	513.709778684762	0.0	224.79704352836814	70.56928883882912
204	73.43739370484586	15066.045858086616	516.9703655969224	0.0	226.46555012485658	73.43739370484586
205	72.31794329795541	15138.363801384572	518.7978445049605	0.0	229.97759118456383	72.31794329795541
206	72.96855288226726	15211.332354266844	521.2527591493366	0.0	231.1455784503141	72.96855288226726
207	73.929151463054	15285.261505729894	525.1896302646936	0.0	230.81873932545784	73.929151463054
208	72.00604466693305	15357.267550396835	525.3241155991525	0.0	229.8866702866864	72.00604466693305
209	72.05138697684852	15429.31893737368	526.1720678080275	0.0	229.5003664167413	72.05138697684852
210	73.14577248325868	15502.46470985694	528.5251833064809	0.0	228.17050572188836	73.14577248325868
211	73.70732810359306	15576.172037960532	531.2150976195934	0.0	229.29134607109899	73.70732810359306
212	76.08323867358277	15652.255276634107	536.2435413179791	0.0	230.62394510951344	76.08323867358277
213	69.98226600874831	15722.237542642857	535.6518857283371	0.0	230.14509324814188	69.98226600874831
214	77.0599009639136	15799.297443606774	542.2832233442684	0.0	229.5258465887173	77.0599009639136
215	75.41873326655065	15874.71617687332	546.346863870131	0.0	228.72151305825233	75.41873326655065
216	74.56295963904356	15949.279136512368	549.5796175199024	0.0	229.15151665008824	74.56295963904356
217	72.46068983581598	16021.739826348181	551.5357992773876	0.0	227.83115264170945	72.46068983581598
218	71.7896294742541	16093.529455822436	552.7291897744951	0.0	229.35174048183643	71.7896294742541
219	74.45204003072266	16167.981495853166	556.0447189678589	0.0	229.4205525147247	74.45204003072266
220	69.4506011292692	16237.432096982431	554.2092615337718	0.0	228.7053837680647	69.4506011292692
221	74.4080294470473	16311.840126429483	557.9890519509893	0.0	229.05404069241146	74.4080294470473
222	76.1271707549596	16387.96729718444	563.5397819263907	0.0	228.73888084813433	76.1271707549596
223	72.67536759948473	16460.64266478393	565.8945716258235	0.0	230.69031964874247	72.67536759948473
224	71.73241582861215	16532.375080612535	566.9102684478923	0.0	228.89131301337105	71.73241582861215
225	74.05519130131154	16606.43027191384	569.9244976227327	0.0	227.9489741411416	74.05519130131154
226	71.2022769269398	16677.632548840786	571.6399960087479	0.0	228.82937968028503	71.2022769269398
227	74.52549649801071	16752.158045338787	576.1122686948094	0.0	228.8842289813078	74.52549649801071
228	72.56782495078933	16824.725870289585	578.1948410884087	0.0	228.88335118634316	72.56782495078933
229	72.42303662368512	16897.148906913273	579.3967148539475	0.0	230.30299450929303	72.42303662368512
230	76.1679060602261	16973.31681297349	585.9295900484885	0.0	229.71007056747698	76.1679060602261
231	76.08838336869083	17049.405196342188	590.6634075709143	0.0	231.08525114796805	76.08838336869083
232	75.93428117892336	17125.339477521105	596.7026789910025	0.0	233.8792840310354	75.93428117892336
233	72.29747857221972	17197.63695609332	597.5962345063408	0.0	233.99859659497278	72.29747857221972
234	72.83739172937776	17270.47434782271	600.0971788823895	0.0	235.69101081177658	72.83739172937776
235	74.06412717075001	17344.53847499346	603.2174707036295	0.0	234.45944776860057	74.06412717075001
236	77.03793699004913	17421.5764119835	609.193319340607	0.0	238.14641793582098	77.03793699004913
237	72.33633310143688	17493.912745084945	608.777312670511	0.0	239.5233518984316	72.33633310143688
238	73.79054302496837	17567.70328810992	611.8001476336584	0.0	240.8123190378738	73.79054302496837
239	72.08697515711268	17639.79026326703	612.4008763357083	0.0	241.44590364027735	72.08697515711268
240	75.19896375017397	17714.9892270172	618.0652644232429	0.0	244.84202608775	75.19896375017397
241	72.6288202312608	17787.61804724846	619.8342672399531	0.0	247.98176582678877	72.6288202312608
242	71.93406879325238	17859.55211604172	619.4836870151299	0.0	246.30289631748764	71.93406879325238
243	74.01762846756623	17933.569744509266	622.2240331835965	0.0	247.28728094412335	74.01762846756623
244	72.62840213323307	18006.198146642506	623.4742124061822	0.0	245.81303787060264	72.62840213323307
245	74.83111528706372	18081.02926192957	627.3514786676728	0.0	246.73181826012316	74.83111528706372
246	71.59207193560303	18152.62133386518	627.8604060152293	0.0	247.44634830621243	71.59207193560303
247	73.93310882906958	18226.554442694247	630.1598881831279	0.0	246.72561400758272	73.93310882906958
248	75.80888954860083	18302.36333224285	634.3480015223907	0.0	245.0379336919463	75.80888954860083
249	74.5610122850145	18376.92434452785	638.8872089468625	0.0	244.45569961398058	74.5610122850145
250	72.17643615034146	18449.100780678204	640.0502693571402	0.0	246.46564152249374	72.17643615034146
251	74.19151378039093	18523.29229445859	644.1078512714546	0.0	246.80738342543717	74.19151378039093
252	72.63358564589123	18595.925880104493	645.2320581385559	0.0	246.08945480758277	72.63358564589123
253	71.64926378760295	18667.575143892074	646.0179871685823	0.0	244.89886058553472	71.64926378760295
254	73.71665313513198	18741.291797027214	649.2932249990923	0.0	246.89336889262296	73.71665313513198
255	73.03107495669092	18814.322871983914	651.7785372846214	0.0	247.48488151192493	73.03107495669092
256	69.93561032244811	18884.25848230636	650.2046071008081	0.0	246.81838208691622	69.93561032244811
257	72.94643135141996	18957.204913657777	653.1165582865096	0.0	248.333345440118	72.94643135141996
258	72.30987070359575	19029.514784361374	655.0881738685671	0.0	250.01557634731714	72.30987070359575
259	74.23586181531142	19103.750646176682	657.2437402056978	0.0	250.71348216130772	74.23586181531142
260	76.70330485666064	19180.453951033345	662.9617352847662	0.0	254.63337631954155	76.70330485666064
261	76.16445040350006	19256.61840143686	668.900383415156	0.0	256.3001827935534	76.16445040350006
262	72.04378171400961	19328.662183150853	670.1926828537951	0.0	256.08447507375143	72.04378171400961
263	72.90101245571674	19401.563195606566	672.1036463605487	0.0	256.4348025593002	72.90101245571674
264	72.03597463147702	19473.59917023805	673.9665937673276	0.0	259.1313200521825	72.03597463147702
265	74.26395871485408	19547.863128952904	676.958000319749	0.0	258.8644764165439	74.26395871485408
266	73.83356743417379	19621.69669638707	679.2117054996916	0.0	260.7000584019013	73.83356743417379
267	73.14737363282447	19694.8440700199	681.7638301141436	0.0	260.53706146717565	73.14737363282447
268	72.31010707070389	19767.1541770906	683.1238034054087	0.0	259.2873155587138	72.31010707070389
269	71.07460338576209	19838.228780476373	682.8213687173904	0.0	258.12800921332115	71.07460338576209
270	72.80883095051362	19911.03761142688	684.3939338340768	0.0	257.5269014940438	72.80883095051362
271	75.53753694343345	19986.575148370306	689.2856052792234	0.0	260.14598356928735	75.53753694343345
272	72.56795129835437	20059.143099668665	691.3099887401132	0.0	262.7506911817497	72.56795129835437
273	71.67259114284806	20130.81569081152	691.9021785416348	0.0	264.3837225281941	71.67259114284806
274	73.2516565117229	20204.067347323245	695.3611742480153	0.0	266.76313773060434	73.2516565117229
275	72.65801372886382	20276.725361052115	697.0399867237115	0.0	265.01733059262835	72.65801372886382
276	72.53131699588069	20349.256678047983	698.6537156380011	0.0	265.4476401565505	72.53131699588069
277	72.0807475719124	20421.337425619895	698.6591216848989	0.0	266.23929329416706	72.0807475719124
278	73.80298897610177	20495.140414595993	700.9196381306622	0.0	268.2060115272107	73.80298897610177
279	74.25616901903896	20569.396583615027	703.8154089084591	0.0	268.27510150678114	74.25616901903896
280	74.50463387285062	20643.901217487888	707.9113023039505	0.0	270.1848571715769	74.50463387285062
281	72.92552044523104	20716.826737933112	710.4496597346313	0.0	270.5643923883686	72.92552044523104
282	72.66289161649081	20789.489629549604	711.4742344106205	0.0	269.1744149927182	72.66289161649081
283	76.4224586257552	20865.912088175366	716.7210445908303	0.0	271.4213245835443	76.4224586257552
284	75.6570424909453	20941.569130666307	721.9435727543932	0.0	271.17266210384315	75.6570424909453
285	71.36233004705126	21012.931460713364	721.2431579980803	0.0	270.12133417573807	71.36233004705126
286	76.58125022537453	21089.512710938732	725.9536160724368	0.0	270.1798999537332	76.58125022537453
287	70.96074835402807	21160.473459292767	726.099222806924	0.0	270.0538332532142	70.96074835402807
288	75.85024856121059	21236.323707853964	730.8434721503168	0.0	270.02428371683465	75.85024856121059
289	72.97081831875659	21309.29452617273	731.1961881259422	0.0	270.38478191660556	72.97081831875659
290	75.33870098990758	21384.633227162645	736.1457437650815	0.0	269.40373267750596	75.33870098990758
291	72.48510631261009	21457.118333475253	736.3523169397048	0.0	269.47131036716627	72.48510631261009
292	73.0392176953903	21530.157551170643	738.2902393628978	0.0	273.50556402288515	73.0392176953903
293	71.97759035823888	21602.13514152888	739.3611138101624	0.0	271.64310018071143	71.97759035823888
294	71.96263532106917	21674.097776849954	740.0047664114572	0.0	272.3227860389044	71.96263532106917
295	70.36770298794978	21744.465479837883	739.5588858475967	0.0	274.18183047800505	70.36770298794978
296	75.55063306243207	21820.016112900325	744.2862138177713	0.0	273.32753200599717	75.55063306243207
297	72.45518921201241	21892.47130211233	745.39472273773	0.0	274.34198625610003	72.45518921201241
298	73.51799130468285	21965.989293417017	748.3995357633354	0.0	275.2987603853782	73.51799130468285
299	75.53575179022658	22041.525045207265	751.8523217837569	0.0	274.3726066079716	75.53575179022658
300	74.0908877713936	22115.61593297864	756.4545618677217	0.0	275.8025227817766	74.0908877713936
301	75.28145481242068	22190.897387791065	760.2047957267705	0.0	273.1170146510156	75.28145481242068
302	73.8623842139446	22264.759772005007	763.6355816910723	0.0	274.2308447053197	73.8623842139446
303	72.60471925719723	22337.36449126222	764.9855935882965	0.0	274.00405947819206	72.60471925719723
304	73.45773723878679	22410.82222850099	768.3183572707546	0.0	272.4835067723798	73.45773723878679
305	71.25341964300905	22482.075648144008	768.287440602773	0.0	273.76563466907544	71.25341964300905
306	72.52400689236312	22554.599655036363	770.3439797835671	0.0	275.1157917224504	72.52400689236312
307	72.41320170944994	22627.012856745816	771.1334956331444	0.0	275.3948992930007	72.41320170944994
308	75.41333417061017	22702.426190916416	775.5083008623197	0.0	277.8808112739961	75.41333417061017
309	75.42715518030585	22777.853346096734	779.182338869118	0.0	273.930355631046	75.42715518030585
310	74.8455552755766	22852.698901372314	782.8904016258232	0.0	272.0083425085562	74.8455552755766
311	73.20506927235502	22925.90397064467	784.4153752237909	0.0	272.0308511307337	73.20506927235502
312	74.43366530095992	23000.337635945612	787.3392517512002	0.0	272.46474655349937	74.43366530095992
313	73.14077703620117	23073.478412981825	789.8244409725118	0.0	269.984075080935	73.14077703620117
314	72.1052369675441	23145.583649949374	789.8989807789305	0.0	271.5175679423268	72.1052369675441
315	74.05911497792506	23219.64276492729	792.786690772881	0.0	271.4938576649198	74.05911497792506
316	75.47696078162772	23295.119725708922	796.2209293536503	0.0	272.95677004910624	75.47696078162772
317	74.24271141448456	23369.362437123396	798.5994554351106	0.0	273.72340655335836	74.24271141448456
318	75.31540767680643	23444.677844800208	802.6870374422754	0.0	275.0028000152864	75.31540767680643
319	71.58080065713678	23516.258645457347	800.8372246219477	0.0	274.60493149688074	71.58080065713678
320	73.5703082195893	23589.82895367694	803.4031145969305	0.0	274.3321587716947	73.5703082195893
321	74.53356355246734	23664.362517229387	807.0589666279257	0.0	273.19298637087184	74.53356355246734
322	73.69179036002471	23738.054307589427	810.1713433525729	0.0	274.66324199455687	73.69179036002471
323	71.72113263151654	23809.77544022094	810.6478534132641	0.0	278.1575148582044	71.72113263151654
324	72.95391970003992	23882.72935992098	812.6394965813037	0.0	279.98141366090624	72.95391970003992
325	73.98771768881042	23956.717077609803	815.8300403001424	0.0	282.40333257238615	73.98771768881042
326	73.74916670289682	24030.466244312684	819.8151068017629	0.0	282.41147349470305	73.74916670289682
327	72.3193351411298	24102.785579453815	821.9000460284445	0.0	281.6281280932948	72.3193351411298
328	74.61266647784925	24177.398245931672	825.9206228879891	0.0	282.4082050933044	74.61266647784925
329	73.83492662699199	24251.233172558677	829.0758788074902	0.0	282.82657337053246	73.83492662699199
330	76.09155426861498	24327.324726827257	834.4172270363601	0.0	284.49079683026855	76.09155426861498
331	75.94419148389788	24403.26891831118	839.3124982182543	0.0	284.1753702625863	75.94419148389788
332	73.22465768585938	24476.493575997032	841.8750156872022	0.0	283.2934288709675	73.22465768585938
333	73.68086771232319	24550.17444370936	844.5093423887639	0.0	282.31876540673875	73.68086771232319
334	74.39437092412336	24624.56881463348	848.1061252122039	0.0	283.0163838798664	74.39437092412336
335	71.86365788822282	24696.432472521694	847.9357890401502	0.0	284.298668290461	71.86365788822282
336	74.72529558670564	24771.1577681084	851.8993656033608	0.0	286.1263639116108	74.72529558670564
337	73.6861137542547	24844.84388186267	855.097722353854	0.0	285.41847839464447	73.6861137542547
338	74.8176855366948	24919.66156739936	859.8617679211934	0.0	289.08006893146927	74.8176855366948
339	75.45157418633777	24995.113141585705	862.8888151327375	0.0	290.9096747658799	75.45157418633777
340	70.95253166055596	25066.06567324625	861.7478185321032	0.0	293.38905200373705	70.95253166055596
341	72.2262871787858	25138.29196042503	863.7587088276478	0.0	292.9214793940253	72.2262871787858
342	73.78514975640665	25212.077110181443	867.2438259624603	0.0	292.75070351099095	73.78514975640665
343	75.61024462799188	25287.687354809426	872.3562884066403	0.0	294.3237766121893	75.61024462799188
344	73.69481766739887	25361.38217247683	873.6743295336206	0.0	293.28009647985033	73.69481766739887
345	74.89787602487999	25436.28004850172	878.5642312852754	0.0	294.676064213726	74.89787602487999
346	73.88609095348734	25510.166139455196	880.9620762251111	0.0	296.2694958879706	73.88609095348734
347	72.29192675084242	25582.458066206047	882.1304275308772	0.0	295.93646483359163	72.29192675084242
348	70.81485726647394	25653.272923472538	882.0028601352728	0.0	297.282869945596	70.81485726647394
349	71.58141067183422	25724.85433414436	882.2848471133606	0.0	296.00417389809866	71.58141067183422
350	73.16970213673461	25798.02403628109	884.8681629547734	0.0	296.1035799803062	73.16970213673461
351	71.08287960125888	25869.10691588234	885.8993827505432	0.0	295.6345734633797	71.08287960125888
352	73.93129595329299	25943.038211835632	888.3234232759745	0.0	295.7789473049504	73.93129595329299
353	72.3082082254102	26015.346420061058	890.5154368214978	0.0	294.88348971083366	72.3082082254102
354	73.08482695040483	26088.431247011456	894.0035140375679	0.0	293.91695163318866	73.08482695040483
355	77.93826407389497	26166.369511085344	901.0308994362249	0.0	294.7974886946072	77.93826407389497
356	70.75901104044924	26237.128522125808	900.4672908836963	0.0	297.0108196698558	70.75901104044924
357	71.18704686651424	26308.315568992315	900.0459928735253	0.0	297.34598929322715	71.18704686651424
358	71.75467001696329	26380.07023900928	900.3264942041844	0.0	296.7647938917111	71.75467001696329
359	72.00861831743808	26452.07885732671	902.3993993914894	0.0	296.58676074184905	72.00861831743808
360	76.00901828309026	26528.0878756098	907.5265735918488	0.0	297.9624668450345	76.00901828309026
361	71.39843463261712	26599.48631024242	908.4365384367396	0.0	297.4655060007695	71.39843463261712
362	74.0991384281324	26673.58544867056	911.0541904165315	0.0	299.03706482369546	74.0991384281324
363	72.47679079772004	26746.062239468276	913.0522958431108	0.0	297.1710230035673	72.47679079772004
364	70.65776405224906	26816.72000352051	913.0145119221684	0.0	297.20546563672104	70.65776405224906
365	73.96415534993531	26890.684158870456	915.2160406922236	0.0	299.29211565698773	73.96415534993531
366	79.23183186611959	26969.91599073658	924.3074066059612	0.0	296.48544153114483	79.23183186611959
367	74.85537986848506	27044.771370605045	928.0725079455882	0.0	294.8787689737032	74.85537986848506
368	71.0058292504674	27115.777199855544	927.8749718005716	0.0	293.0384631497173	71.0058292504674
369	74.74499273845112	27190.52219259398	931.7479356831828	0.0	295.1228608396323	74.74499273845112
370	72.57853710714329	27263.10072970111	933.1793481225851	0.0	298.784866854522	72.57853710714329
371	71.99994929193984	27335.10067899307	934.2546517494987	0.0	298.3524046090779	71.99994929193984
372	72.90709098365848	27408.00776997672	936.6428908730966	0.0	296.65347068221024	72.90709098365848
373	76.98796535510077	27484.995735331817	942.4968526104881	0.0	297.2359444010557	76.98796535510077
374	76.21089532600237	27561.206630657827	948.6102324059399	0.0	296.70973632105085	76.21089532600237
375	75.78390607415947	27636.990536732	954.0897374110281	0.0	296.19783260787256	75.78390607415947
376	75.99452801718327	27712.985064749162	958.480481106713	0.0	292.67302702923354	75.99452801718327
377	74.77589239786604	27787.76095714703	962.6659977123765	0.0	295.0932443406008	74.77589239786604
378	69.87777235685633	27857.63872950389	961.9316703800298	0.0	295.4669799588394	69.87777235685633
379	71.75975356116086	27929.398483065062	962.6928514815797	0.0	295.47140954305905	71.75975356116086
380	77.27425852529181	28006.67274159035	969.0337808619392	0.0	294.2143036998078	77.27425852529181
381	73.03225371216647	28079.704995302505	971.3820611602991	0.0	297.5314142513082	73.03225371216647
382	73.95383931210809	28153.658834614624	974.1190376220338	0.0	296.26687834503844	73.95383931210809
383	75.45693980866112	28229.115774423277	978.6432382283912	0.0	296.3460342646676	75.45693980866112
384	72.3640464948786	28301.479820918143	979.8666583070392	0.0	297.24941040170495	72.3640464948786
385	74.85207500511935	28376.331895923275	983.6250558962015	0.0	301.9194828495006	74.85207500511935
386	72.58008369676314	28448.911979620047	983.5891689636015	0.0	302.1440420579594	72.58008369676314
387	74.5619566714648	28523.4739362915	987.8549000378179	0.0	298.6152307263789	74.5619566714648
388	74.1867587577231	28597.660695049224	992.167893340795	0.0	301.2707724314541	74.1867587577231
389	73.72116098156727	28671.3818560308	995.1125611110828	0.0	299.0383696796331	73.72116098156727
390	73.25146844817769	28744.63332447897	996.9602744624474	0.0	301.7215135223742	73.25146844817769
391	72.83928012677836	28817.472604605737	998.322798605086	0.0	301.6001064064355	72.83928012677836
392	71.74099998027782	28889.213604586017	998.7945006463098	0.0	300.8736002860937	71.74099998027782
393	71.9954313447426	28961.209035930762	1000.235294945999	0.0	299.876091108899	71.9954313447426
394	74.76539365567643	29035.97442958645	1003.541976187819	0.0	300.368067135566	74.76539365567643
395	73.8339304602312	29109.80836004666	1005.3410148782492	0.0	302.0705518154065	73.8339304602312
396	72.17762015677367	29181.985980203455	1006.252111053043	0.0	301.4258136607492	72.17762015677367
397	76.4428183886473	29258.428798592104	1011.9171066364232	0.0	302.14108834426	76.4428183886473
398	75.53629040438662	29333.965088996483	1016.4788480764072	0.0	301.81503806150215	75.53629040438662
399	72.28494914244222	29406.250038138925	1017.1513242733507	0.0	298.59786210920436	72.28494914244222
400	75.76593985472822	29482.015977993655	1022.0322334823825	0.0	300.4635601338236	75.76593985472822
401	74.45283959944965	29556.468817593108	1024.3146903816016	0.0	300.1115430941223	74.45283959944965
402	73.95398258576851	29630.422800178872	1028.7230777134776	0.0	301.3160806303815	73.95398258576851
403	74.64525615970264	29705.068056338587	1032.0228448652135	0.0	301.649908906096	74.64525615970264
404	72.33699245268032	29777.405048791246	1031.2968902264374	0.0	300.8763117067203	72.33699245268032
405	77.05429383166	29854.45934262291	1038.7810741233534	0.0	302.8007331527765	77.05429383166
406	74.73594376579175	29929.19528638872	1042.7425098710958	0.0	303.44389559981545	74.73594376579175
407	75.5298622188567	30004.725148607562	1045.7743906341123	0.0	302.8684817357996	75.5298622188567
408	73.76237082095803	30078.487519428527	1047.969189754059	0.0	303.56614735654887	73.76237082095803
409	72.44961175533031	30150.937131183848	1050.732903544097	0.0	306.4456730295055	72.44961175533031
410	72.65515381728572	30223.592285001137	1051.263402813375	0.0	307.11786002863084	72.65515381728572
411	72.06138632989834	30295.653671331052	1053.2447814011025	0.0	306.88146270971254	72.06138632989834
412	76.45116292293756	30372.10483425398	1058.2991572794808	0.0	309.46469210057865	76.45116292293756
413	73.51895359528359	30445.623787849257	1060.5448304055953	0.0	308.7574523422391	73.51895359528359
414	71.81992451149735	30517.44371236076	1060.6843630771466	0.0	310.4942868277035	71.81992451149735
415	73.50139425185712	30590.945106612617	1063.269469143247	0.0	310.8532857446891	73.50139425185712
416	73.39762269222553	30664.34272930483	1066.5803735500806	0.0	313.27642334568833	73.39762269222553
417	74.64338704949542	30738.986116354336	1070.9952607914229	0.0	313.43455484610075	74.64338704949542
418	73.11989624991905	30812.106012604254	1073.7906359265717	0.0	311.4289285295839	73.11989624991905
419	72.23758252965705	30884.343595133905	1075.0322654615866	0.0	311.05393222365893	72.23758252965705
420	70.52986368346558	30954.87345881738	1073.8803955442336	0.0	312.0566538510377	70.52986368346558
421	72.37616219682693	31027.249621014205	1074.86084387382	0.0	311.8890835682243	72.37616219682693
422	72.7480739129022	31099.9976949271	1076.5194226041626	0.0	313.27841355315104	72.7480739129022
423	76.39819546941507	31176.3958903965	1081.796280139173	0.0	312.7852360862945	76.39819546941507
424	70.74446920583891	31247.14035960236	1081.6139614455483	0.0	311.4035883466702	70.74446920583891
425	77.21592807977022	31324.356287682145	1088.2496128654052	0.0	310.4948124980914	77.21592807977022
426	75.8944128036449	31400.250700485787	1092.5775217270757	0.0	310.0794488288193	75.8944128036449
427	71.40453968053143	31471.655240166318	1093.1404329978059	0.0	309.6420325516433	71.40453968053143
428	73.72235990612616	31545.37760007242	1095.386522172546	0.0	309.806401057385	73.72235990612616
429	70.79286139069688	31616.170461463124	1094.6308398519463	0.0	309.97279344464204	70.79286139069688
430	71.08701011225706	31687.257471575387	1094.1399038248192	0.0	310.1605291384103	71.08701011225706
431	75.14102626946756	31762.398497844846	1098.0333496599042	0.0	310.6544019775591	75.14102626946756
432	73.51274705391911	31835.911244898783	1100.5278516720846	0.0	311.53040443910146	73.51274705391911
433	72.22137838400921	31908.13262328277	1102.3210783145519	0.0	310.3942013934996	72.22137838400921
434	71.20105185045995	31979.33367513323	1102.6198011908377	0.0	310.5272837827572	71.20105185045995
435	72.84638841913043	32052.180063552376	1105.0203839002163	0.0	309.32690814992856	72.84638841913043
436	74.35934203430885	32126.539405586675	1109.0514902201114	0.0	311.3417582686696	74.35934203430885
437	71.83885366839532	32198.37825925507	1109.2074655170777	0.0	311.9740737719515	71.83885366839532
438	74.18380728287883	32272.562066537943	1111.7596696890948	0.0	310.85029357281	74.18380728287883
439	74.75972952142915	32347.321796059376	1115.5651502667415	0.0	311.43918979990616	74.75972952142915
440	72.80882298543206	32420.130619044827	1117.7447328617561	0.0	311.6186200849398	72.80882298543206
441	74.51107817452599	32494.64169721934	1121.2882746121559	0.0	313.0096287793787	74.51107817452599
442	71.25050109064333	32565.89219830999	1121.585781004306	0.0	312.7954369702679	71.25050109064333
443	72.3866140610865	32638.278812371067	1121.877146605472	0.0	312.7340059904541	72.3866140610865
444	71.96876321872283	32710.24757558979	1121.9982127731564	0.0	311.805169417377	71.96876321872283
445	74.94096025661996	32785.188535846406	1125.7561457820493	0.0	313.74628391733177	74.94096025661996
446	73.47823696151171	32858.66677280794	1129.0984618236666	0.0	312.29201166519863	73.47823696151171
447	74.78650132069946	32933.45327412862	1131.8442723055553	0.0	312.48607840338815	74.78650132069946
448	72.70186813284221	33006.15514226147	1132.996325756634	0.0	311.61996760305993	72.70186813284221
449	72.83387431993236	33078.9890165814	1135.9230669757274	0.0	311.54539056900296	72.83387431993236
450	71.65815411549028	33150.647170696866	1135.4263139413215	0.0	312.2756843116128	71.65815411549028
451	73.72599406191743	33224.37316475879	1138.3569477319484	0.0	314.1782842948789	73.72599406191743
452	72.33621543804094	33296.70938019685	1138.2467909754	0.0	314.5272220835164	72.33621543804094
453	71.31577177595888	33368.0251519728	1136.8530903999542	0.0	313.8283028891807	71.31577177595888
454	75.47567843219313	33443.500830405006	1141.4578565341756	0.0	315.0281415627774	75.47567843219313
455	74.46982534546841	33517.970655750476	1144.2649665229949	0.0	312.67407883197916	74.46982534546841
456	71.963599748235	33589.93425549871	1145.1837722136634	0.0	315.2725646647462	71.963599748235
457	70.71732988733602	33660.65158538604	1146.3347826306722	0.0	316.35676003159756	70.71732988733602
458	72.77735858066703	33733.42894396672	1148.176676186396	0.0	317.323419765166	72.77735858066703
459	77.45780773104956	33810.88675169777	1153.5772148333658	0.0	318.84232964282796	77.45780773104956
460	71.42201841441587	33882.308770112184	1153.3432883528703	0.0	318.484484710971	71.42201841441587
461	73.11904569927748	33955.427815811454	1155.5784401463293	0.0	318.93672533881835	73.11904569927748
462	75.20916541551624	34030.63698122697	1160.6242997752327	0.0	319.28460384601783	75.20916541551624
463	70.79933428963204	34101.436315516614	1159.371197022959	0.0	320.0309362865087	70.79933428963204
464	73.26518839728179	34174.70150391388	1160.8646709004277	0.0	322.8017286515841	73.26518839728179
465	72.50065966716133	34247.20216358105	1163.0312654663708	0.0	322.77018775754436	72.50065966716133
466	77.02255990729446	34324.224723488325	1168.357567659961	0.0	325.6626837897601	77.02255990729446
467	76.31049839879927	34400.535221887134	1174.2277518194544	0.0	328.26613701353625	76.31049839879927
468	73.11641892852391	34473.65164081565	1175.7720411657467	0.0	328.7945849953953	73.11641892852391
469	74.81509173405613	34548.46673254973	1180.305607977135	0.0	328.0989670927907	74.81509173405613
470	75.62974082425067	34624.09647337397	1184.2346315612165	0.0	326.69585545460507	75.62974082425067
471	73.76454814867414	34697.86102152264	1186.6121138938306	0.0	328.091295830717	73.76454814867414
472	74.58527454871994	34772.44629607134	1189.8375885255418	0.0	327.3660033085898	74.58527454871994
473	73.42881591120745	34845.875111982576	1192.3199303957272	0.0	329.80329303427004	73.42881591120745
474	72.15642600441184	34918.03153798699	1192.5085609202679	0.0	330.0121993168117	72.15642600441184
475	75.21805314329305	34993.249591130276	1195.4650170109835	0.0	330.76630929557336	75.21805314329305
476	74.64138246211401	35067.89097359238	1199.0340856125085	0.0	330.2092080898315	74.64138246211401
477	75.5870219464629	35143.477995538866	1204.716576453452	0.0	332.0659733331401	75.5870219464629
478	75.20985028812542	35218.68784582697	1210.1812852072153	0.0	331.0458229003408	75.20985028812542
479	73.90647297528932	35292.59431880226	1212.341127377817	0.0	332.84485084793744	73.90647297528932
480	71.96213778475199	35364.55645658702	1214.3009172337258	0.0	333.9049144002142	71.96213778475199
481	71.33181215762134	35435.888268744646	1216.0443003132814	0.0	331.25168667957337	71.33181215762134
482	74.86021222751383	35510.74848097216	1219.569995396487	0.0	331.8942389246929	74.86021222751383
483	73.17884025805914	35583.927321230214	1221.4423989138138	0.0	333.9337371371245	73.17884025805914
484	71.38834610447611	35655.31566733468	1223.0356121534596	0.0	333.6696193056112	71.38834610447611
485	76.72782354918928	35732.04349088388	1228.6484933040642	0.0	334.1581280352604	76.72782354918928
486	72.39647629282186	35804.43996717669	1230.346703299319	0.0	336.31042757892334	72.39647629282186
487	75.65437621686796	35880.09434339357	1233.9350856369224	0.0	338.4408083534982	75.65437621686796
488	73.31720804984901	35953.41155144342	1235.3625249216652	0.0	338.726892154726	73.31720804984901
489	71.44011800743147	36024.85166945084	1235.4781992128474	0.0	338.9789760494225	71.44011800743147
490	74.19256586465184	36099.0442353155	1239.6529720326455	0.0	339.9304426870788	74.19256586465184
491	72.52794220599657	36171.57217752149	1240.9126749422815	0.0	342.59186381398445	72.52794220599657
492	72.20056849595389	36243.772746017465	1242.2647585335758	0.0	343.5306731140703	72.20056849595389
493	74.52463149167073	36318.29737750912	1246.946095542414	0.0	345.0879216397716	74.52463149167073
494	75.66553419381592	36393.962911702954	1250.7160744680236	0.0	348.22208194027013	75.66553419381592
495	75.0212680794756	36468.98417978242	1253.5841128117268	0.0	350.4621412067962	75.0212680794756
496	73.12042284261562	36542.10460262504	1255.5510158082186	0.0	347.149556891087	73.12042284261562
497	73.15161441297623	36615.25621703801	1256.1510997384548	0.0	347.99991633811464	73.15161441297623
498	75.60426000180847	36690.860477039816	1262.2318263147554	0.0	347.7310196554781	75.60426000180847
499	73.16392488587661	36764.02440192571	1264.4300478368284	0.0	347.35536582701036	73.16392488587661
500	74.39595399881014	36838.42035592449	1267.8285564666596	0.0	350.5088313708424	74.39595399881014
501	73.36784887664815	36911.78820480116	1270.347591767669	0.0	351.6815348855312	73.36784887664815
502	71.60120386788459	36983.38940866903	1270.347591767669	0.0	352.66692746094793	71.60120386788459
