task	reward	total_reward	total_regret	relative	total_reward_dev	joules
0	49.955856449260224	49.955856449260224	1.559519679968441	0.0	13.065331132332386	49.955856449260224
1	70.98526219209752	120.94111864135775	21.970564437354597	0.0	15.393251743941175	70.98526219209752
2	60.056557082537935	180.99767572389558	32.423699581281	0.0	21.938926028669442	60.056557082537935
3	55.17001190722055	236.16768763111614	38.04019181150867	0.0	28.254536309277523	55.17001190722055
4	53.16366912981821	289.33135676093445	43.34602830298532	0.0	31.066311940584047	53.16366912981821
5	53.19132704396511	342.52268380489966	48.04306934733868	0.0	35.227905417306815	53.19132704396511
6	50.77693767192208	393.2996214768216	48.57620064324501	0.0	39.331712054938876	50.77693767192208
7	52.68756438857294	445.9871858653948	53.27068887206937	0.0	44.576378997836684	52.68756438857294
8	50.992979921356955	496.9801657867517	54.619006991824136	0.0	48.65259782924241	50.992979921356955
9	48.32986854179394	545.310034328545	55.23725682863276	0.0	51.86858452434425	48.32986854179394
10	51.30064868139398	596.6106830099394	59.35551160845529	0.0	53.07230387207408	51.30064868139398
11	49.01369691218926	645.6243799221287	59.09516640111374	0.0	56.70935327899552	49.01369691218926
12	49.841421297387186	695.4658012195157	60.76427445752201	0.0	60.01161898261563	49.841421297387186
13	49.56266500868804	745.028466228204	62.64663204578977	0.0	63.80669660728298	49.56266500868804
14	50.85010907450096	795.878575302705	64.19776952962872	0.0	67.30759159082196	50.85010907450096
15	50.298292517426745	846.1768678201317	63.701823382871126	0.0	71.16549811991621	50.298292517426745
16	47.049853027224486	893.2267208473559	60.45689207992975	0.0	73.96161647462827	47.049853027224486
17	50.94430376248949	944.1710246098453	61.74198944968543	0.0	77.96063946875285	50.94430376248949
18	50.90565427613714	995.0766788859827	64.15752806211651	0.0	80.95331617159033	50.90565427613714
19	49.872516355356126	1044.9491952413389	67.08260091844778	0.0	81.15408593650541	49.872516355356126
20	51.030703497814095	1095.9798987391537	70.68491631251233	0.0	82.76952569142308	51.030703497814095
21	49.71930443953351	1145.699203178687	72.93925027616316	0.0	84.8826066221485	49.71930443953351
22	48.99648468561924	1194.695687864306	72.28807710031919	0.0	86.37853108302448	48.99648468561924
23	50.951116431604184	1245.64680429591	74.78213782295401	0.0	86.0209482651444	50.951116431604184
24	47.662071149802706	1293.3088754457133	72.14989641541558	0.0	89.43123835470023	47.662071149802706
25	50.576243287084665	1343.8851187327978	76.38809216964317	0.0	92.92087384773455	50.576243287084665
26	51.14143182802163	1395.0265505608184	77.87614487454474	0.0	94.85681785164377	51.14143182802163
27	51.74333362654797	1446.769884187367	81.47989729449085	0.0	98.49827072115818	51.74333362654797
28	50.72991691034775	1497.4998010977145	83.15451970447384	0.0	101.89713732558877	50.72991691034775
29	48.033423022008435	1545.5332241197234	82.02122368177425	0.0	105.98075582560364	48.033423022008435
30	52.141028863763914	1597.674252983486	85.20452280700347	0.0	108.97715775371056	52.141028863763914
31	51.29584263579217	1648.9700956192785	87.68466384557497	0.0	112.183834696591	51.29584263579217
32	50.18713194392242	1699.157227563201	92.14431330652116	0.0	116.19155700236968	50.18713194392242
33	47.817526609385574	1746.9747541725872	90.09995995964309	0.0	120.15223758318325	47.817526609385574
34	48.399300182623705	1795.37405435521	89.30895376934694	0.0	123.7565060929974	48.399300182623705
35	48.916939145642274	1844.2909935008531	89.46178593686253	0.0	126.53223827003156	48.916939145642274
36	47.52140420500827	1891.8123977058608	89.14019965774246	0.0	128.53567472697534	47.52140420500827
37	50.025888162451174	1941.8382858683126	91.4870420637871	0.0	132.62538259110454	50.025888162451174
38	48.98193754294142	1990.8202234112541	92.89312810258266	0.0	135.8322590268732	48.98193754294142
39	47.962726080213486	2038.7829494914665	90.9192165539188	0.0	140.30415279174304	47.962726080213486
40	48.01087717228933	2086.793826663758	87.43378796281034	0.0	142.5354941966801	48.01087717228933
41	48.66850501413102	2135.4623316778875	88.67873572579965	0.0	146.77654362613404	48.66850501413102
42	49.791760629386445	2185.2540923072743	91.68450985414866	0.0	150.15381152412957	49.791760629386445
43	48.30664683431283	2233.5607391415865	92.5084833197326	0.0	153.57955562237106	48.30664683431283
44	50.335252394853484	2283.89599153644	94.66867750061378	0.0	156.94146192236104	50.335252394853484
45	49.65930640005942	2333.5552979364984	95.17927939344575	0.0	159.7063147881893	49.65930640005942
46	50.6891324943561	2384.244430430856	97.04254032790334	0.0	162.98989115071137	50.6891324943561
47	49.56842206593247	2433.812852496789	98.20184708279618	0.0	166.10654938877045	49.56842206593247
48	49.58175572886625	2483.3946082256543	98.48581298772447	0.0	170.65597065057204	49.58175572886625
49	52.075037678614514	2535.4696459042693	102.37217229365474	0.0	172.2249736258138	52.075037678614514
50	51.992265077610654	2587.46191098188	104.15027580882625	0.0	174.48994032332365	51.992265077610654
51	47.50636516625545	2634.968276148136	102.68189412371373	0.0	177.92817519873455	47.50636516625545
52	47.29138289861832	2682.2596590467538	101.1971897976898	0.0	181.49981169568247	47.29138289861832
53	49.959144712580354	2732.218803759335	101.15738325197064	0.0	185.51839669491005	49.959144712580354
54	45.98915466821168	2778.2079584275452	97.79656673006082	0.0	188.90999374418968	45.98915466821168
55	49.790773104602835	2827.998731532148	97.98892929968339	0.0	192.7764961020757	49.790773104602835
56	48.515868212858464	2876.5145997450077	94.40183306616694	0.0	196.4521768030868	48.515868212858464
57	50.31184828171027	2926.826448026719	95.1731629273943	0.0	197.9574838845937	50.31184828171027
58	46.88775202441239	2973.7142000511294	94.92846155576296	0.0	200.0462797828024	46.88775202441239
59	47.65495544271631	3021.369155493847	94.78830031106725	0.0	205.66365372037495	47.65495544271631
60	48.105758767592086	3069.4749142614373	94.4283159562654	0.0	210.75152124914965	48.105758767592086
61	48.862523588453065	3118.3374378498916	95.76802858417119	0.0	215.39238460824694	48.862523588453065
62	47.98298445390442	3166.3204223037965	94.60578366943606	0.0	218.7986516824394	47.98298445390442
63	48.039732381884406	3214.360154685679	95.32980294915409	0.0	222.3889580532701	48.039732381884406
64	48.1134721719161	3262.4736268575957	94.85507026886036	0.0	227.0958283643472	48.1134721719161
65	50.1941350970789	3312.667761954675	97.18367332322181	0.0	229.39835088864427	50.1941350970789
66	48.59145214457123	3361.259214099247	98.01604439792068	0.0	232.5278088110792	48.59145214457123
67	50.27113622713306	3411.530350326379	96.65952968671645	0.0	235.47098349316764	50.27113622713306
68	48.5417564725196	3460.0721067989007	97.22805651628805	0.0	239.14194962335247	48.5417564725196
69	49.908871152555754	3509.9809779514526	99.02902809498288	0.0	241.6091434683339	49.908871152555754
70	49.76104177859536	3559.7420197300503	99.47210533273832	0.0	245.08737833096512	49.76104177859536
71	46.24268222442661	3605.9847019544786	99.99766925964087	0.0	249.06983849260772	46.24268222442661
72	48.647341038929746	3654.632042993407	99.44806887394516	0.0	250.64884789997342	48.647341038929746
73	46.9680664693236	3701.6001094627304	99.2598592524448	0.0	254.62291476022654	46.9680664693236
74	48.55472889992668	3750.1548383626564	99.53845223740345	0.0	257.37461757666074	48.55472889992668
75	48.93318084007024	3799.088019202727	100.16089353201362	0.0	260.87973040609336	48.93318084007024
76	48.05251775776527	3847.140536960492	101.98528222492307	0.0	264.3065554357614	48.05251775776527
77	48.19535682457811	3895.33589378507	102.2109550661765	0.0	267.8415638780526	48.19535682457811
78	47.17147580588316	3942.5073695909527	98.19503779730522	0.0	273.2084033243767	47.17147580588316
79	49.026278275747764	3991.533647866701	100.09887232428511	0.0	276.5369005847738	49.026278275747764
80	50.02559860150189	4041.559246468202	101.47915719584039	0.0	277.70736881705085	50.02559860150189
81	49.71511101676771	4091.27435748497	103.3257019438982	0.0	280.8978209157549	49.71511101676771
82	48.38045472248051	4139.654812207452	105.11934958870694	0.0	284.197282686585	48.38045472248051
83	45.24370559984635	4184.898517807298	102.20303380208097	0.0	288.20999044125546	45.24370559984635
84	48.902363621795864	4233.800881429092	101.38520848800975	0.0	291.52534889430245	48.902363621795864
85	51.700105806338854	4285.500987235432	106.38328170869933	0.0	295.18252359147385	51.700105806338854
86	48.6564635575567	4334.157450792988	106.2862755452726	0.0	298.94200042018684	48.6564635575567
87	50.38098908498933	4384.538439877979	106.96436954866175	0.0	301.7729683401388	50.38098908498933
88	49.84210022013136	4434.380540098107	108.27974057265249	0.0	306.51836867415483	49.84210022013136
89	49.78325079358143	4484.16379089169	107.8038167037761	0.0	310.8966729881602	49.78325079358143
90	49.86481356906918	4534.028604460763	108.49918433972249	0.0	312.58745233983507	49.86481356906918
91	51.05446696368614	4585.083071424449	110.7993607159089	0.0	315.2252717304855	51.05446696368614
92	47.48319324472088	4632.566264669166	111.47680130360794	0.0	318.9818713873029	47.48319324472088
93	51.02088438610096	4683.58714905527	112.87856521361793	0.0	322.303475365121	51.02088438610096
94	48.48230810947133	4732.06945716474	113.10254160276467	0.0	325.319772569086	48.48230810947133
95	49.50855590744952	4781.57801307219	111.75122588223265	0.0	328.3213281895691	49.50855590744952
96	51.91482479534005	4833.492837867529	115.19035297048944	0.0	331.6230851569462	51.91482479534005
97	49.60976030566917	4883.102598173197	115.56155008302359	0.0	333.67185066511746	49.60976030566917
98	48.43647272624419	4931.539070899442	114.40187974420145	0.0	336.11422267007555	48.43647272624419
99	48.96933591892195	4980.508406818365	115.67376654635966	0.0	339.384973608758	48.96933591892195
100	51.176850817383375	5031.685257635747	115.30333320350219	0.0	342.66071192787894	51.176850817383375
101	51.1231830713589	5082.8084407071065	118.36238868974313	0.0	346.0373731120313	51.1231830713589
102	47.90037515059541	5130.708815857702	118.17073748023772	0.0	349.15015452760775	47.90037515059541
103	47.9671848882842	5178.676000745987	119.32260969203122	0.0	351.535831278262	47.9671848882842
104	51.20699108841778	5229.882991834405	121.91735772267265	0.0	355.7399436219083	51.20699108841778
105	47.84751886994238	5277.730510704347	123.82102418922354	0.0	359.4149053777222	47.84751886994238
106	47.725823360452424	5325.456334064798	123.09108027004066	0.0	362.3725217382467	47.725823360452424
107	50.332650401550964	5375.788984466351	125.09334247203606	0.0	364.87228723692647	50.332650401550964
108	49.76763271023403	5425.556617176583	126.39376191052216	0.0	365.2334517220292	49.76763271023403
109	50.491611121074094	5476.048228297657	128.54124243538138	0.0	366.3979537818408	50.491611121074094
110	49.114768251173125	5525.162996548828	128.1645707216511	0.0	367.200813574518	49.114768251173125
111	50.327646242858634	5575.490642791692	129.9072694027288	0.0	369.4464066002872	50.327646242858634
112	49.47054064245091	5624.96118343414	130.81559703946482	0.0	370.5035624794939	49.47054064245091
113	49.416828513018665	5674.378011947158	129.9756643810053	0.0	373.8948330976641	49.416828513018665
114	48.41916233256156	5722.797174279724	130.6047893480144	0.0	375.4473988049905	48.41916233256156
115	51.139765157818985	5773.936939437541	132.82979446289394	0.0	377.8270824877468	51.139765157818985
116	49.04363717843168	5822.980576615972	132.23750866992475	0.0	378.3886924988448	49.04363717843168
117	48.4842072331071	5871.464783849078	129.95093030038802	0.0	381.1815763881239	48.4842072331071
118	46.54544757263781	5918.0102314217165	127.4273689920982	0.0	382.5379940142017	46.54544757263781
119	49.86833896711531	5967.878570388833	128.9628422167494	0.0	384.2703023241186	49.86833896711531
120	49.94756112242343	6017.826131511255	132.2919993985131	0.0	385.79176901826605	49.94756112242343
121	48.48637527893755	6066.312506790194	130.46238538601682	0.0	387.1724376406059	48.48637527893755
122	48.97021214888774	6115.282718939079	131.80045483696387	0.0	390.39128000883306	48.97021214888774
123	47.925301151586346	6163.208020090668	128.49050048945452	0.0	393.06288681184384	47.925301151586346
124	49.65860023116095	6212.866620321829	130.23410407926286	0.0	393.9825558619754	49.65860023116095
125	48.664597341419096	6261.531217663247	129.4129714874628	0.0	397.2264784414569	48.664597341419096
126	49.62460128107724	6311.155818944328	128.0346278866097	0.0	397.9873093980546	49.62460128107724
127	48.35056975391599	6359.506388698239	128.91762654435962	0.0	398.80790188923214	48.35056975391599
128	50.205612653231675	6409.712001351472	129.80247574623746	0.0	399.6981243893754	50.205612653231675
129	48.844320706986885	6458.556322058455	127.95112800579608	0.0	401.8600083655072	48.844320706986885
130	49.30378680398513	6507.860108862445	127.14095332731688	0.0	404.00812989533335	49.30378680398513
131	50.732511290394015	6558.592620152839	130.06023113749794	0.0	406.8208530885789	50.732511290394015
132	49.00481504851675	6607.5974352013545	132.46972246102317	0.0	409.13907191374767	49.00481504851675
133	49.12118437145166	6656.718619572802	133.82568267000767	0.0	410.68357390488865	49.12118437145166
134	50.055590689887865	6706.774210262697	134.6199238181477	0.0	411.1810745426802	50.055590689887865
135	50.03811783771465	6756.8123281004055	134.731938741295	0.0	414.55383840913936	50.03811783771465
136	49.66554840854812	6806.477876508952	137.6579113606129	0.0	414.9297660007214	49.66554840854812
137	48.51613573610084	6854.994012245057	137.58718058019292	0.0	416.57598256664056	48.51613573610084
138	47.07539063419755	6902.069402879253	136.22078045295234	0.0	418.3750140198461	47.07539063419755
139	50.259644247694474	6952.329047126952	136.50154937945175	0.0	421.64904764839594	50.259644247694474
140	48.52570098759311	7000.85474811454	137.52750363042168	0.0	423.7418628254566	48.52570098759311
141	49.39689925630266	7050.2516473708465	137.3923991731771	0.0	425.70207176416176	49.39689925630266
142	48.85361737867569	7099.105264749521	136.7682867469748	0.0	426.4046852814337	48.85361737867569
143	48.3001352225159	7147.405399972036	135.89316878433505	0.0	427.91334245080515	48.3001352225159
144	47.19337570017221	7194.598775672212	133.29762704640015	0.0	429.50290895028337	47.19337570017221
145	48.55702081842106	7243.155796490631	135.4671694624541	0.0	431.86768458265965	48.55702081842106
146	49.62445862255527	7292.7802551131845	138.47452747671812	0.0	435.31964195894477	49.62445862255527
147	47.62362432907717	7340.403879442261	137.92106606425372	0.0	437.4627686628828	47.62362432907717
148	47.043248198314224	7387.447127640573	134.36422969544054	0.0	440.5667604491774	47.043248198314224
149	47.469061075472055	7434.916188716045	134.15703139439776	0.0	442.76899903246874	47.469061075472055
150	50.31814415456478	7485.2343328706165	134.01974928878204	0.0	445.40291933787813	50.31814415456478
151	48.11565456589138	7533.349987436505	134.76017970707483	0.0	447.53218349019585	48.11565456589138
152	50.35269289635507	7583.702680332864	136.05841882965328	0.0	449.27527366204015	50.35269289635507
153	47.543272829534	7631.245953162395	133.85533963079095	0.0	450.5744336938906	47.543272829534
154	49.17081673697713	7680.416769899371	134.35933272573112	0.0	451.34941581575697	49.17081673697713
155	48.298286915170344	7728.715056814541	135.4016227158362	0.0	453.56489582162186	48.298286915170344
156	49.37651101326378	7778.091567827807	137.01191015442362	0.0	455.61142492435056	49.37651101326378
157	50.29966590655139	7828.3912337343545	138.80030642163368	0.0	457.06165994137586	50.29966590655139
158	49.57439719832214	7877.9656309326765	139.84672670236554	0.0	458.6301137678498	49.57439719832214
159	48.13700507758621	7926.102636010269	140.29923185110482	0.0	460.58630976072595	48.13700507758621
160	48.62032281859265	7974.72295882886	139.61298835538196	0.0	463.4101245867103	48.62032281859265
161	46.50639299174677	8021.22935182061	138.60482955501814	0.0	465.2630749221892	46.50639299174677
162	51.34040247690266	8072.569754297508	140.72852442122664	0.0	467.4354279731904	51.34040247690266
163	47.48199522471098	8120.051749522218	137.1924911500147	0.0	470.41366908473	47.48199522471098
164	48.076264039807036	8168.128013562027	135.86803008838095	0.0	472.9481799269946	48.076264039807036
165	49.94438837910312	8218.072401941132	136.12042795357974	0.0	473.27298336035955	49.94438837910312
166	50.247728143440526	8268.320130084569	137.87824415766647	0.0	476.2345944592475	50.247728143440526
167	48.47168240978175	8316.791812494348	139.56113228342886	0.0	477.0584225339198	48.47168240978175
168	49.9956929032861	8366.787505397642	141.3805276938056	0.0	477.48272447517655	49.9956929032861
169	49.91533970119913	8416.702845098835	144.45975547436498	0.0	479.65186534616663	49.91533970119913
170	47.74897911631764	8464.451824215153	144.24343040477106	0.0	481.49754692705153	47.74897911631764
171	50.689428986912134	8515.14125320207	142.65426473685858	0.0	483.02890235168036	50.689428986912134
172	49.54812400906245	8564.689377211133	141.82793352008812	0.0	484.4174454158296	49.54812400906245
173	50.814565262932845	8615.503942474066	142.85865347061076	0.0	486.05058105283535	50.814565262932845
174	48.04260629815002	8663.546548772207	140.90576386570757	0.0	487.71898821332866	48.04260629815002
175	49.133300133495176	8712.679848905704	139.99952467341964	0.0	489.1503349994713	49.133300133495176
176	49.633207229643276	8762.313056135348	142.69279531519607	0.0	491.7791530827376	49.633207229643276
177	49.01486327093302	8811.327919406287	142.19251255431402	0.0	492.7467744218144	49.01486327093302
178	48.566437548823	8859.894356955105	141.80969083988634	0.0	494.75162784213967	48.566437548823
179	45.03773039523898	8904.93208735034	138.55358114335806	0.0	497.55261443845495	45.03773039523898
180	46.602047851261034	8951.534135201602	136.7410101543305	0.0	500.30032233602907	46.602047851261034
181	48.156905635190554	8999.691040836797	137.85001965562043	0.0	501.8132044223362	48.156905635190554
182	46.245020819992504	9045.936061656788	134.52652038236735	0.0	506.0527718743008	46.245020819992504
183	48.91642929928558	9094.852490956077	137.07896885904654	0.0	509.4872528519373	48.91642929928558
184	46.55082162885978	9141.403312584933	137.52167436458072	0.0	511.09201016548565	46.55082162885978
185	47.88912790034611	9189.29244048528	138.20036734371135	0.0	513.926998738769	47.88912790034611
186	46.94836724116474	9236.240807726444	136.8017966670699	0.0	518.2797891327823	46.94836724116474
187	49.4811170161218	9285.721924742573	135.5956948250937	0.0	521.0752142400212	49.4811170161218
188	49.14519952496417	9334.867124267532	133.8927979610498	0.0	522.265033233839	49.14519952496417
189	50.58563188026807	9385.452756147799	133.9675498106636	0.0	523.6992641117723	50.58563188026807
190	49.955182838631764	9435.407938986433	134.11587961116814	0.0	524.4979512349197	49.955182838631764
191	48.631323275357275	9484.039262261787	132.54083333070284	0.0	525.7303463734395	48.631323275357275
192	48.757960703035614	9532.797222964826	135.3407865245302	0.0	527.2503344631787	48.757960703035614
193	48.311940002709534	9581.10916296753	135.04064649276953	0.0	530.1505913169617	48.311940002709534
194	47.93127589001804	9629.04043885755	135.34967603668713	0.0	531.5158717465272	47.93127589001804
195	46.438055977131725	9675.478494834684	132.7817711328027	0.0	533.5857903613038	46.438055977131725
196	51.2114344381296	9726.68992927281	134.64072919289617	0.0	534.1295257802816	51.2114344381296
197	46.49737311474037	9773.187302387554	130.67345686308522	0.0	536.4532516561635	46.49737311474037
198	50.868346284070284	9824.055648671623	134.20382203037252	0.0	537.7842625574934	50.868346284070284
199	49.012010534002265	9873.067659205626	134.5291147960407	0.0	539.4441061876609	49.012010534002265
200	49.084754504608426	9922.152413710242	134.72085020464922	0.0	542.2872693830902	49.084754504608426
201	49.57842751292111	9971.730841223154	134.18398993273536	0.0	545.0408041768177	49.57842751292111
202	52.28561070835007	10024.016451931508	139.28029494271522	0.0	547.4521607140578	52.28561070835007
203	48.13358031778026	10072.150032249285	139.69805848070465	0.0	548.8891731864798	48.13358031778026
204	48.26483200020452	10120.41486424949	139.22923945899754	0.0	550.5081575063466	48.26483200020452
205	49.586934261167016	10170.001798510653	137.57046430154233	0.0	552.4466259785545	49.586934261167016
206	48.59221046064314	10218.594008971302	138.8443155070522	0.0	553.4886930908375	48.59221046064314
207	46.51757138520383	10265.111580356504	134.9787547672104	0.0	554.3850053766498	46.51757138520383
208	49.75729618229597	10314.868876538801	134.98039124928525	0.0	556.541235499571	49.75729618229597
209	49.54650002742339	10364.415376566223	134.2569926013858	0.0	559.3120398747913	49.54650002742339
210	48.792704814264205	10413.208081380482	134.8405768173123	0.0	563.0812150859773	48.792704814264205
211	49.22426799104116	10462.432349371527	134.4117363003388	0.0	564.231059844108	49.22426799104116
212	49.68067845468866	10512.113027826219	133.77455819075956	0.0	566.2687735177332	49.68067845468866
213	49.223844477933405	10561.336872304151	134.6887700937887	0.0	568.1030032447013	49.223844477933405
214	48.560426271736326	10609.897298575888	133.29602114371428	0.0	569.9581893289464	48.560426271736326
215	48.80752955156243	10658.704828127451	133.7395281606507	0.0	573.9577449018097	48.80752955156243
216	50.34405080412295	10709.04887893158	133.63989985808377	0.0	575.7380668384204	50.34405080412295
217	50.8572884470114	10759.906167378585	136.07977843345262	0.0	577.995326541862	50.8572884470114
218	49.311601368619996	10809.217768747203	138.56660411933328	0.0	581.323121072953	49.311601368619996
219	49.40880325838196	10858.626572005589	137.96666288057733	0.0	582.9404843216156	49.40880325838196
220	48.94910120752385	10907.57567321311	138.44247555555216	0.0	584.5531542897464	48.94910120752385
221	49.116890934502706	10956.692564147615	136.8983607304374	0.0	585.1240843365323	49.116890934502706
222	46.999517136477564	11003.692081284093	135.12806852029087	0.0	586.4082522555062	46.999517136477564
223	49.09368309959846	11052.785764383685	133.4298889754319	0.0	586.6234334680995	49.09368309959846
224	49.11916017076353	11101.904924554448	131.60395592850847	0.0	590.2144404077467	49.11916017076353
225	49.401303341419265	11151.306227895875	130.10321839813665	0.0	593.6189008923438	49.401303341419265
226	50.38564491077491	11201.691872806643	133.2127913972536	0.0	594.6737089331355	50.38564491077491
227	49.88553064905099	11251.5774034557	136.9124352202719	0.0	595.6683719469765	49.88553064905099
228	49.94169421462536	11301.519097670323	137.81012685455045	0.0	597.7886602653182	49.94169421462536
229	48.881409893826095	11350.400507564149	136.12341607578574	0.0	599.5191533068345	48.881409893826095
230	48.59807141065188	11398.998578974797	137.8675487486486	0.0	598.4331660012281	48.59807141065188
231	48.22434486271107	11447.222923837511	137.58732211699152	0.0	600.3275656261782	48.22434486271107
232	47.95372865772575	11495.176652495249	137.10815516640676	0.0	603.655951659198	47.95372865772575
233	49.84382693964151	11545.020479434874	137.0916249520612	0.0	606.3763777385064	49.84382693964151
234	51.36419450641505	11596.384673941297	138.25154440634822	0.0	607.4963010460916	51.36419450641505
235	48.32558759746806	11644.710261538763	136.1911790603058	0.0	608.8411664252171	48.32558759746806
236	49.840369624624856	11694.55063116339	137.222507797832	0.0	610.2016807309827	49.840369624624856
237	48.91865880799543	11743.469289971385	137.08245563593178	0.0	612.7296457660207	48.91865880799543
238	53.484765719246745	11796.95405569063	142.2836772539837	0.0	615.2263835217316	53.484765719246745
239	49.304282904462525	11846.258338595095	142.93129241120326	0.0	617.1860723617843	49.304282904462525
240	47.15429337759379	11893.412631972687	141.15043931124956	0.0	619.7674617151108	47.15429337759379
241	49.183135804013965	11942.595767776696	142.73166535798143	0.0	619.9897637899512	49.183135804013965
242	50.4343142725979	11993.0300820493	145.67179830798196	0.0	623.2826941855168	50.4343142725979
243	47.71970108069041	12040.74978312999	143.9022366615619	0.0	624.8268011398941	47.71970108069041
244	47.85790726147665	12088.607690391465	144.5778685133545	0.0	626.1412227420441	47.85790726147665
245	49.55218259013058	12138.159872981598	144.6753611680614	0.0	627.0897275531147	49.55218259013058
246	47.69874664728159	12185.858619628876	142.59095869636957	0.0	628.9241992499796	47.69874664728159
247	47.961653971542844	12233.820273600424	143.6552752362699	0.0	631.1501313891387	47.961653971542844
248	49.04919946172362	12282.869473062141	144.0560562582664	0.0	633.6083736818146	49.04919946172362
249	46.155603251601896	12329.025076313748	142.23621793316198	0.0	635.5106979655785	46.155603251601896
250	47.68548377115458	12376.710560084897	141.45783588411388	0.0	636.4392063126818	47.68548377115458
251	49.34166280321427	12426.052222888124	141.51721946889288	0.0	636.906074636889	49.34166280321427
252	49.60948603505075	12475.661708923164	143.69647802132647	0.0	636.9862339316138	49.60948603505075
253	51.82736397294056	12527.489072896107	147.57584982843716	0.0	638.7789300096756	51.82736397294056
254	49.15946773057862	12576.64854062668	148.1809175449314	0.0	642.0145382286647	49.15946773057862
255	47.13671500151555	12623.785255628198	146.90455150909307	0.0	643.2806400573644	47.13671500151555
256	48.25529803280798	12672.040553661012	146.96257126623956	0.0	644.1748051605944	48.25529803280798
257	48.280942862049116	12720.321496523058	145.70458861092422	0.0	645.9493442438775	48.280942862049116
258	47.949639555874036	12768.271136078933	145.02353519636276	0.0	648.7656851822908	47.949639555874036
259	48.958115552689115	12817.229251631625	146.77017953529293	0.0	651.9632875685385	48.958115552689115
260	50.57287535263469	12867.802126984254	149.0458863892769	0.0	655.3923071792964	50.57287535263469
261	50.00059295485266	12917.802719939109	149.5372885676676	0.0	657.2623499093621	50.00059295485266
262	48.51695774107151	12966.319677680183	149.46813608311578	0.0	660.1172607672509	48.51695774107151
263	49.03253399597945	13015.352211676154	148.93948892299417	0.0	662.7890334961212	49.03253399597945
264	48.2394540363346	13063.591665712494	148.35876887818654	0.0	664.5372452195102	48.2394540363346
265	48.58766976571414	13112.179335478206	147.9440362333341	0.0	665.7984727189629	48.58766976571414
266	47.78467964103456	13159.964015119238	148.82287196849313	0.0	667.1752442060996	47.78467964103456
267	48.19970781046835	13208.16372292971	150.13707278489133	0.0	669.6705905136986	48.19970781046835
268	47.78549930385565	13255.949222233565	148.5782433651611	0.0	672.1087768789464	47.78549930385565
269	48.95108448829881	13304.900306721867	151.3399297289791	0.0	674.076927467526	48.95108448829881
270	49.125928884602466	13354.026235606465	150.11993181075266	0.0	678.0993687823437	49.125928884602466
271	48.67952569856364	13402.705761305031	150.20512464221392	0.0	679.7394223570144	48.67952569856364
272	47.40607290772742	13450.111834212754	147.7441761378123	0.0	679.5470892665861	47.40607290772742
273	49.49027930234507	13499.602113515106	150.13998044010896	0.0	681.3790034901522	49.49027930234507
274	48.042433536001916	13547.6445470511	149.8409027235909	0.0	684.6859403253375	48.042433536001916
275	48.905142274529574	13596.549689325637	152.18036707209112	0.0	688.0345966893979	48.905142274529574
276	47.48284663393015	13644.032535959564	152.17970819495406	0.0	690.1897670362923	47.48284663393015
277	47.98375102426144	13692.016286983831	152.10047784609196	0.0	692.6533198136364	47.98375102426144
278	47.6248815576527	13739.641168541475	151.77312834179588	0.0	693.4322393253367	47.6248815576527
279	51.11602651021572	13790.757195051692	153.48401441190524	0.0	696.9709543810277	51.11602651021572
280	48.69649778161341	13839.453692833311	154.08091513137276	0.0	699.7424861164841	48.69649778161341
281	47.94290095391506	13887.396593787227	154.72600941103784	0.0	701.0743975219801	47.94290095391506
282	50.88728366929169	13938.28387745652	153.57367709921763	0.0	702.2789915865612	50.88728366929169
283	48.039736445604625	13986.323613902114	153.59619922104682	0.0	705.5800489812593	48.039736445604625
284	48.68940310880765	14035.013017010926	151.8054507530016	0.0	706.7278386843141	48.68940310880765
285	48.79161984534837	14083.804636856268	153.3166786035129	0.0	708.6984131511146	48.79161984534837
286	48.42012250730704	14132.224759363578	153.2911983145366	0.0	711.1293360104358	48.42012250730704
287	48.7273812181663	14180.95214058175	152.01853137689625	0.0	714.0353189802671	48.7273812181663
288	48.587030032903115	14229.539170614655	153.42529667179969	0.0	715.7891322722784	48.587030032903115
289	47.30747194553766	14276.846642560191	152.8037107506527	0.0	718.4923612553023	47.30747194553766
290	48.931839454284265	14325.778482014477	151.90249593004867	0.0	720.2158207236126	48.931839454284265
291	50.82459741296255	14376.603079427434	154.02553823464487	0.0	721.1710980160393	50.82459741296255
292	49.74062198700856	14426.343701414442	157.06981732963246	0.0	722.8030452354889	49.74062198700856
293	49.53792313127381	14475.881624545713	159.67624277166834	0.0	724.5840173490343	49.53792313127381
294	47.38315348822733	14523.264778033938	158.20271759903494	0.0	728.2203127707631	47.38315348822733
295	49.17170264204723	14572.436480675991	159.07204109929785	0.0	730.0871937750627	49.17170264204723
296	48.81514842748507	14621.251629103477	160.80147844487416	0.0	733.4231532784496	48.81514842748507
297	50.14916188132731	14671.40079098481	161.68768541044358	0.0	734.2990658685845	50.14916188132731
298	49.88902199857625	14721.28981298338	166.27638732413163	0.0	736.504889736953	49.88902199857625
299	47.666025380898816	14768.955838364283	166.39679164120804	0.0	739.7890976475703	47.666025380898816
300	47.42610021013618	14816.381938574417	162.86543384870333	0.0	742.0816896960986	47.42610021013618
301	48.517417141214764	14864.899355715634	165.3112351289296	0.0	743.6474087850946	48.517417141214764
302	49.77949952169708	14914.678855237327	165.26352384434875	0.0	746.496774437869	49.77949952169708
303	48.96337196236225	14963.64222719969	165.71691613024421	0.0	748.5173827018651	48.96337196236225
304	48.55710023264725	15012.19932743234	164.14461455094155	0.0	749.897325345221	48.55710023264725
305	49.66499661287317	15061.864324045217	164.78575885489352	0.0	752.1972406159028	49.66499661287317
306	48.958586014278055	15110.822910059487	164.7180612216331	0.0	753.9120466118427	48.958586014278055
307	50.249651386434806	15161.072561445922	168.08367775169333	0.0	758.4713343882836	50.249651386434806
308	48.50894187326068	15209.58150331919	166.60629834082675	0.0	759.5427922259759	48.50894187326068
309	50.893719047809626	15260.475222366997	167.3263409126707	0.0	759.7363892753316	50.893719047809626
310	49.2801595658983	15309.755381932891	169.00147862824764	0.0	761.2329669887234	49.2801595658983
311	48.91411899560434	15358.6695009285	168.38740930867039	0.0	763.4993572604701	48.91411899560434
312	49.57912057313899	15408.248621501642	168.51263354127462	0.0	764.7968749226578	49.57912057313899
313	51.3048715387201	15459.55349304036	169.74776440784728	0.0	768.2048126288189	51.3048715387201
314	49.6787607771681	15509.232253817527	172.3413847535073	0.0	770.7734882533384	49.6787607771681
315	48.53862864736807	15557.770882464889	172.47353121057387	0.0	773.3789313500323	48.53862864736807
316	50.31284875759035	15608.08373122249	172.58553773163797	0.0	775.9319587433472	50.31284875759035
317	47.76974411191288	15655.853475334396	172.436326535531	0.0	777.4222898657513	47.76974411191288
318	48.55629952801765	15704.409774862419	172.948126246784	0.0	779.5191768327542	48.55629952801765
319	47.70167655547262	15752.111451417888	172.36430639152667	0.0	781.3769424693481	47.70167655547262
320	48.60483022911104	15800.716281646997	172.58652622489703	0.0	785.1287210451565	48.60483022911104
321	49.08765467853235	15849.80393632553	173.9773926290337	0.0	788.1765609324895	49.08765467853235
322	48.10639837005839	15897.910334695587	170.9306359143047	0.0	790.1316686189601	48.10639837005839
323	47.87607763035977	15945.786412325951	170.33878665624457	0.0	793.227410069986	47.87607763035977
324	50.394693513409436	15996.181105839352	170.56119865397966	0.0	794.8719366042907	50.394693513409436
325	49.8061917785174	16045.987297617878	172.07212273780212	0.0	796.7880396534769	49.8061917785174
326	48.855504759998176	16094.842802377874	172.95192766494074	0.0	798.4818037867191	48.855504759998176
327	48.561421195910825	16143.40422357378	174.38146999861266	0.0	800.5511089887248	48.561421195910825
328	49.09342299121836	16192.497646565003	173.9178110315493	0.0	802.0304149965763	49.09342299121836
329	49.85189858841731	16242.349545153418	176.70750959035598	0.0	804.6951963641317	49.85189858841731
330	50.295383319896125	16292.644928473313	177.59187619149776	0.0	808.2549951560596	50.295383319896125
331	49.51450725526944	16342.15943572859	178.48755053450768	0.0	810.6642560795267	49.51450725526944
332	49.02928550616106	16391.188721234746	178.7262367442234	0.0	812.9000032538595	49.02928550616106
333	49.48417363165672	16440.67289486641	178.2202501224304	0.0	814.9842863330471	49.48417363165672
334	48.59634982276145	16489.26924468916	178.43015479042694	0.0	816.7702129259513	48.59634982276145
335	49.63302251486912	16538.902267204037	178.30810309672262	0.0	818.5733126830202	49.63302251486912
336	50.21465985268289	16589.11692705671	178.57902760560086	0.0	821.3406231090611	50.21465985268289
337	48.33895601809381	16637.455883074806	177.84465151530551	0.0	823.2766749565365	48.33895601809381
338	48.23817949973936	16685.69406257455	178.13403450943144	0.0	826.4037369982483	48.23817949973936
339	46.73522509896228	16732.42928767352	172.85360767773585	0.0	828.0702224697721	46.73522509896228
340	49.213839092965515	16781.64312676648	173.12795262468046	0.0	832.3598868696458	49.213839092965515
341	47.14437521113054	16828.78750197762	169.10774642685092	0.0	834.4965236608003	47.14437521113054
342	49.123490513374136	16877.910992490983	170.50202474058747	0.0	836.5670275924771	49.123490513374136
343	48.90497742692807	16926.815969917912	167.0499343102278	0.0	839.7763252949835	48.90497742692807
344	48.93313260010654	16975.74910251802	168.03456134496147	0.0	841.6463392908787	48.93313260010654
345	48.82002550775151	17024.56912802576	166.42767303442326	0.0	845.9198175122776	48.82002550775151
346	51.79487221229149	17076.364000238056	169.7057073904775	0.0	847.983161099923	51.79487221229149
347	48.12690674412548	17124.490906982177	169.32598913408128	0.0	849.2505359229308	48.12690674412548
348	47.48831145379166	17171.979218435983	166.46909430085594	0.0	852.3853340680729	47.48831145379166
349	47.941899397780574	17219.921117833746	165.61523253714572	0.0	853.0709552965093	47.941899397780574
350	49.901313332449156	17269.822431166205	166.6116311359006	0.0	854.1010018396524	49.901313332449156
351	49.01882503798197	17318.841256204185	165.08241092411515	0.0	855.7014297091642	49.01882503798197
352	48.11739323436875	17366.95864943855	164.68843533731447	0.0	858.7546015831034	48.11739323436875
353	49.38896515182474	17416.347614590388	166.2895537132986	0.0	861.0140192527327	49.38896515182474
354	51.191761209197274	17467.539375799577	168.4504950638166	0.0	862.5405353881534	51.191761209197274
355	48.1093360856138	17515.648711885195	168.1030378065932	0.0	863.8194995501445	48.1093360856138
356	49.937301718530534	17565.586013603726	169.15585985835185	0.0	865.422647480637	49.937301718530534
357	49.336366825006934	17614.922380428732	172.10690514713366	0.0	868.6410395087628	49.336366825006934
358	49.3661112202782	17664.288491649004	170.94139685098827	0.0	870.8457103613764	49.3661112202782
359	49.434685114767255	17713.72317676378	171.0109421559377	0.0	873.1750253052182	49.434685114767255
360	49.670459962664374	17763.393636726443	173.4842170680801	0.0	875.7163174689798	49.670459962664374
361	47.462465988706384	17810.856102715148	170.42925176555178	0.0	877.5511510271192	47.462465988706384
362	48.40323351252625	17859.25933622767	170.11283182159843	0.0	879.2574547676547	48.40323351252625
363	49.79135243822188	17909.050688665888	170.22413248392556	0.0	881.9703493210116	49.79135243822188
364	49.358535296212274	17958.409223962106	167.79757439985033	0.0	883.9654289012286	49.358535296212274
365	48.51469607384541	18006.92392003595	166.3872799614506	0.0	887.5294705219875	48.51469607384541
366	49.58564263795252	18056.509562673906	164.79108329826758	0.0	890.5294747862883	49.58564263795252
367	49.342227577477416	18105.85179025138	165.21787856770675	0.0	891.87374825788	49.342227577477416
368	51.201738979172106	18157.053529230554	168.20542160483382	0.0	893.6544552317505	51.201738979172106
369	48.32891191302282	18205.38244114359	167.95945444324352	0.0	894.9216591601154	48.32891191302282
370	48.598107941127225	18253.98054908471	165.47362540238933	0.0	896.6020913992324	48.598107941127225
371	48.60266168309006	18302.583210767796	165.79415904151062	0.0	899.0195021851617	48.60266168309006
372	50.5392760971739	18353.12248686497	167.48261140710633	0.0	902.1263879095984	50.5392760971739
373	49.12593008354309	18402.248416948503	169.8861004016906	0.0	906.9511336427604	49.12593008354309
374	49.661826222802055	18451.91024317131	171.83372159244993	0.0	909.8894832087506	49.661826222802055
375	47.028944002313125	18498.939187173626	170.25226925440856	0.0	911.7824204566568	47.028944002313125
376	49.40047208563347	18548.339659259258	168.78495780820532	0.0	914.8110127686609	49.40047208563347
377	48.27763741482673	18596.617296674092	167.83392643610085	0.0	917.1880929059394	48.27763741482673
378	48.75371348358568	18645.37101015767	166.37775783172194	0.0	919.5892111368781	48.75371348358568
379	47.75267979055106	18693.12368994823	164.53329735963192	0.0	921.2096896520131	47.75267979055106
380	49.43711289213179	18742.560802840348	165.819114510743	0.0	923.3352797253771	49.43711289213179
381	50.480385348169285	18793.04118818852	168.0224210073179	0.0	927.2879864778263	50.480385348169285
382	49.71051010642636	18842.751698294946	167.49893907427614	0.0	928.3854927980777	49.71051010642636
383	50.71068761436073	18893.46238590931	169.75544035845715	0.0	930.2500754890671	50.71068761436073
384	51.8316103041276	18945.29399621344	174.26351459425933	0.0	933.0306769882085	51.8316103041276
385	47.53684628919012	18992.830842502626	173.15088189188933	0.0	936.9737587001919	47.53684628919012
386	48.86844359224112	19041.699286094874	174.4102036268218	0.0	941.1225295946396	48.86844359224112
387	47.4099254537203	19089.10921154859	173.94695190693878	0.0	943.9963135186772	47.4099254537203
388	46.742502986732426	19135.85171453533	172.85217089707749	0.0	945.7426458065867	46.742502986732426
389	47.88573623538451	19183.7374507707	173.96628321762933	0.0	946.8254696696363	47.88573623538451
390	49.22198435353474	19232.959435124238	173.84180729667227	0.0	950.2295990691342	49.22198435353474
391	49.378253109463685	19282.337688233692	176.39894849942783	0.0	952.5431680552857	49.378253109463685
392	47.836569125466795	19330.174257359173	174.9796416533618	0.0	954.0914511554626	47.836569125466795
393	48.27112971985126	19378.44538707902	172.87613038297505	0.0	956.464453972571	48.27112971985126
394	49.266555540870314	19427.711942619888	175.54211445096826	0.0	959.1821868571845	49.266555540870314
395	47.87380344006783	19475.585746059962	174.7712744255639	0.0	962.5836041066739	47.87380344006783
396	47.45934918371852	19523.04509524368	173.88136678644977	0.0	964.6429513389985	47.45934918371852
397	50.193704305455405	19573.238799549137	175.51969315156342	0.0	966.0794105937009	50.193704305455405
398	46.507269587554894	19619.74606913669	170.51874867095776	0.0	969.0814933372628	46.507269587554894
399	48.393047132527364	19668.13911626922	169.37984482267487	0.0	970.2367374887715	48.393047132527364
400	47.796463595524656	19715.935579864745	168.71104605378952	0.0	972.3466205980097	47.796463595524656
401	48.84949475239889	19764.78507461714	168.50958078511675	0.0	974.6052101499449	48.84949475239889
402	49.99535602539302	19814.78043064254	168.2594304737453	0.0	976.7659759195924	49.99535602539302
403	49.99980072612064	19864.78023136866	170.61896407880175	0.0	978.2044562640417	49.99980072612064
404	49.05933767240611	19913.839569041058	172.27996408929536	0.0	981.0789366270565	49.05933767240611
405	47.56718936117392	19961.406758402238	171.51752649501432	0.0	984.2671154765571	47.56718936117392
406	49.99286993548244	20011.399628337716	173.46247781844102	0.0	987.3740420264866	49.99286993548244
407	48.29420716823893	20059.693835505957	175.26606198478228	0.0	989.4199984299398	48.29420716823893
408	48.65529540068249	20108.34913090664	172.24301272190786	0.0	991.7227949866648	48.65529540068249
409	50.3315914523846	20158.680722359022	175.90831733066713	0.0	995.4575772654761	50.3315914523846
410	51.04238180310208	20209.723104162123	178.46931081217696	0.0	998.5029891523669	51.04238180310208
411	50.24567730488667	20259.96878146702	177.8131985662676	0.0	1002.1205861410957	50.24567730488667
412	49.02865933930168	20308.99744080631	180.1295017714751	0.0	1004.2395505627502	49.02865933930168
413	50.65844603475412	20359.65588684107	181.43820905284426	0.0	1006.1977213841087	50.65844603475412
414	49.597350481525126	20409.2532373226	182.607801019242	0.0	1010.1031460499094	49.597350481525126
415	48.24108858522587	20457.49432590782	183.12182205656552	0.0	1012.7828156472351	48.24108858522587
416	48.93186469590357	20506.426190603725	183.88098868506742	0.0	1015.3303021156587	48.93186469590357
417	48.320303964283795	20554.746494568015	182.32154555786553	0.0	1017.5815484684298	48.320303964283795
418	49.76657294659081	20604.513067514592	183.93839478519322	0.0	1019.5126687588973	49.76657294659081
419	48.3462461675794	20652.85931368218	184.49252999638497	0.0	1021.3770276853203	48.3462461675794
420	48.69004209673157	20701.5493557789	184.35161162799133	0.0	1023.2398526579962	48.69004209673157
421	48.17805023821754	20749.727406017122	184.58834075383572	0.0	1025.0479220615337	48.17805023821754
422	47.249958306044306	20796.977364323164	181.48016135413428	0.0	1027.0498730553704	47.249958306044306
423	47.43953407944566	20844.41689840261	179.29624296783038	0.0	1031.9122049175355	47.43953407944566
424	50.829134933942825	20895.246033336563	180.28041746765533	0.0	1035.0863643337018	50.829134933942825
425	48.00361179521736	20943.24964513178	180.76433393219645	0.0	1036.6568263038087	48.00361179521736
426	47.947622596735826	20991.19726772852	181.9833585008546	0.0	1037.513761596468	47.947622596735826
427	49.38997607384313	21040.58724380235	184.11914857915264	0.0	1040.3359080797863	49.38997607384313
428	49.56020137068873	21090.14744517305	185.22043080972955	0.0	1041.6577416977682	49.56020137068873
429	50.213499624239304	21140.360944797285	187.64391914429052	0.0	1043.8867922568327	50.213499624239304
430	46.3904941398794	21186.751438937154	182.714530272803	0.0	1046.6344412723183	46.3904941398794
431	47.1261525990303	21233.87759153619	179.78555199571366	0.0	1048.337472740799	47.1261525990303
432	48.123927014173425	21282.001518550358	178.1514973067749	0.0	1050.383502524544	48.123927014173425
433	50.576614750157866	21332.57813330053	180.46033869603784	0.0	1052.324812541055	50.576614750157866
434	48.28233609059621	21380.86046939112	179.46767468524078	0.0	1055.24610255363	48.28233609059621
435	50.184729253807085	21431.04519864493	179.77740656539535	0.0	1056.3984460810136	50.184729253807085
436	49.12896908840166	21480.174167733334	180.27689581935817	0.0	1057.7216222885465	49.12896908840166
437	49.430822540168435	21529.6049902735	181.96984119697308	0.0	1058.806010484788	49.430822540168435
438	47.10881055575454	21576.713800829257	181.52807891809144	0.0	1060.9652899362443	47.10881055575454
439	48.54532234159593	21625.25912317085	182.47816884975435	0.0	1062.9662369604507	48.54532234159593
440	48.326777012783786	21673.58590018364	182.65257019918897	0.0	1065.1519045304362	48.326777012783786
441	48.73020375894316	21722.316103942587	181.4447705872262	0.0	1068.4343614776549	48.73020375894316
442	49.83249233274448	21772.14859627532	182.6840168693941	0.0	1072.1163201261722	49.83249233274448
443	48.88781610171889	21821.03641237704	183.74307528582048	0.0	1075.2706601701286	48.88781610171889
444	50.873451747017015	21871.90986412406	185.20185150209446	0.0	1076.3560700031219	50.873451747017015
445	48.78957424691848	21920.699438370975	185.15419509000745	0.0	1079.2307318642038	48.78957424691848
446	48.500491524553674	21969.199929895527	182.63621621336574	0.0	1081.8814995290777	48.500491524553674
447	48.788502477846144	22017.988432373368	181.20712366392996	0.0	1084.3500629912419	48.788502477846144
448	47.689115679342216	22065.677548052707	181.22181252546073	0.0	1085.59929682652	47.689115679342216
449	46.73084899467562	22112.4083970474	180.20350468020496	0.0	1089.9313595765789	46.73084899467562
450	51.208362551248314	22163.616759598637	181.44546517978725	0.0	1092.6671766322982	51.208362551248314
451	48.18921749552407	22211.80597709417	180.93328258427118	0.0	1094.1781701691064	48.18921749552407
452	50.2475932076029	22262.05357030176	182.78169751071584	0.0	1096.4212272786913	50.2475932076029
453	49.387739395075045	22311.44130969685	184.182514298002	0.0	1100.0669439591506	49.387739395075045
454	47.918440341285844	22359.359750038126	181.52286775352405	0.0	1102.5357635828511	47.918440341285844
455	50.46040831183083	22409.82015834995	181.0513136922387	0.0	1104.015627889273	50.46040831183083
456	50.78139587054502	22460.601554220513	182.1140999573826	0.0	1105.912983455879	50.78139587054502
457	50.29025776828399	22510.8918119888	183.47924685906685	0.0	1108.262842735277	50.29025776828399
458	47.64054315049398	22558.532355139294	180.58686892194896	0.0	1112.818619600757	47.64054315049398
459	50.6603186328234	22609.192673772097	182.21243165694287	0.0	1114.010996557019	50.6603186328234
460	48.41365935077391	22657.606333122876	181.14612302411567	0.0	1116.523695559873	48.41365935077391
461	48.41880870503237	22706.02514182791	182.86673463915122	0.0	1118.4850139548946	48.41880870503237
462	49.93880950525946	22755.963951333164	185.01115022522703	0.0	1119.0405488097342	49.93880950525946
463	49.790250638371056	22805.754201971544	185.7714248163089	0.0	1119.3395978630174	49.790250638371056
464	51.12709291109928	22856.88129488264	191.29026382235057	0.0	1122.097201906257	51.12709291109928
465	49.19551149598809	22906.07680637862	193.14913502476907	0.0	1125.3345484830465	49.19551149598809
466	46.24438618283056	22952.321192561463	193.27508441409503	0.0	1126.318837715491	46.24438618283056
467	48.559162261524634	23000.88035482299	192.32595441216066	0.0	1128.9373930393685	48.559162261524634
468	48.182604510637354	23049.062959333627	192.16437387543775	0.0	1131.8574788771373	48.182604510637354
469	48.99798456626918	23098.060943899887	192.9844328685904	0.0	1134.8033448901738	48.99798456626918
470	49.90181911865998	23147.962763018546	193.76243642498304	0.0	1138.4262710287533	49.90181911865998
471	47.2603527789206	23195.22311579747	191.51414870551625	0.0	1141.5349591434829	47.2603527789206
472	50.42570216308879	23245.648817960573	192.5872991374061	0.0	1145.130577833629	50.42570216308879
473	48.45847960135961	23294.107297561928	190.60473698138546	0.0	1147.5684780179042	48.45847960135961
474	48.56589890791605	23342.673196469834	190.78222128938953	0.0	1148.361277522293	48.56589890791605
475	50.71267610298891	23393.385872572828	192.33245887819123	0.0	1152.581453281449	50.71267610298891
476	47.31592685883903	23440.701799431667	190.12055055666093	0.0	1155.7584631521393	47.31592685883903
477	48.47832519535109	23489.180124627022	189.1299599257476	0.0	1157.3498630642878	48.47832519535109
478	47.531704145191654	23536.711828772215	187.7944419588317	0.0	1159.0028768476882	47.531704145191654
479	50.34540674824539	23587.057235520453	191.61656039683632	0.0	1160.7680836185195	50.34540674824539
480	48.482926173347295	23635.540161693803	191.3741810499845	0.0	1162.3016991657266	48.482926173347295
481	49.81749633590944	23685.357658029716	192.97928709062623	0.0	1165.50806267385	49.81749633590944
482	49.084913079309956	23734.442571109023	191.206064176162	0.0	1167.6886206388112	49.084913079309956
483	48.99594904757041	23783.438520156567	191.2535586729876	0.0	1168.9850807893517	48.99594904757041
484	48.99921584101666	23832.437735997617	190.55829616900502	0.0	1171.5564043215231	48.99921584101666
485	50.49079554147241	23882.92853153908	193.4207328563503	0.0	1174.0312747348805	50.49079554147241
486	48.19224599967921	23931.12077753875	193.9185382186721	0.0	1176.6674354723307	48.19224599967921
487	49.3963453694877	23980.517122908244	193.2123220968267	0.0	1178.389145598655	49.3963453694877
488	47.74741193202424	24028.264534840266	191.9816696802849	0.0	1180.2758812072113	47.74741193202424
489	48.57186315874976	24076.836397999017	190.15614782239018	0.0	1182.2521025222004	48.57186315874976
490	47.481603041978275	24124.318001040992	190.56827121087466	0.0	1185.3304020273854	47.481603041978275
491	48.57893190682545	24172.896932947828	188.9172037964549	0.0	1187.063849766433	48.57893190682545
492	49.3191257533845	24222.216058701204	189.64671144789708	0.0	1189.382067412391	49.3191257533845
493	48.438573869100864	24270.65463257031	190.64312870108031	0.0	1192.476111037973	48.438573869100864
494	50.62264605127577	24321.277278621586	193.61281575511623	0.0	1194.5902488632103	50.62264605127577
495	51.010336908933	24372.287615530524	196.39066042906597	0.0	1196.1302751495205	51.010336908933
496	50.02605259135008	24422.313668121864	197.7221896935119	0.0	1196.7305664084352	50.02605259135008
497	48.93082767830767	24471.244495800165	199.25904301938897	0.0	1199.0840645443384	48.93082767830767
498	48.45233783410351	24519.696833634272	195.92887951335638	0.0	1200.2549670506298	48.45233783410351
499	48.863579901750455	24568.56041353602	196.20700674900806	0.0	1202.7056583680726	48.863579901750455
500	47.85640762937894	24616.416821165407	194.43190891995877	0.0	1205.5071478364027	47.85640762937894
501	50.31595962836865	24666.73278079378	196.24699655163772	0.0	1208.0322456186836	50.31595962836865
502	49.49035950642247	24716.22314030019	196.24699655163772	0.0	1209.3835166560027	49.49035950642247
