task	reward	total_reward	total_regret	relative	total_reward_dev
0	37.585164920098826	37.585164920098826	-0.5958521931807176	0.0	16.314293115707056
1	41.13979103892175	78.72495595902059	2.71477928200599	0.0	24.678833335851156
2	42.38340791901838	121.10836387803899	8.524435915730656	0.0	33.34154072540727
3	41.386487249975836	162.49485112801477	11.978676955034766	0.0	42.19945265065818
4	39.76825711421694	202.2631082422318	14.724594498213797	0.0	48.84211939068478
5	40.08659184083387	242.34970008306564	18.089314641848866	0.0	51.397009932543384
6	38.72121885270848	281.07091893577416	19.761895049850285	0.0	51.711008142765756
7	41.47609876896786	322.5470177047418	23.43714995291829	0.0	56.34686593713129
8	41.39503925718873	363.9420569619306	27.095720718851855	0.0	63.43639923499586
9	39.22523778380458	403.1672947457352	29.926884461227345	0.0	65.64184917355867
10	37.591047852849506	440.7583425985847	30.22492976257387	0.0	67.43372744876747
11	45.489992229205036	486.2483348277897	37.447413660568486	0.0	78.49939798329518
12	42.513275964544704	528.7616107923346	42.05720921472246	0.0	80.36936375889178
13	39.968256567691554	568.729867360026	42.68468505501899	0.0	85.00340526883956
14	44.76559287754471	613.4954602375707	49.89156669540521	0.0	92.56018808051722
15	44.70896503122332	658.2044252687941	57.1838796678698	0.0	92.8396560846042
16	45.07993388149225	703.2843591502865	65.39482890226142	0.0	103.41294974362323
17	38.892637331962916	742.1769964822489	66.16743798921854	0.0	102.56185439174146
18	44.39723397438468	786.5742304566342	73.08238099418789	0.0	103.44977812482975
19	45.78323037677226	832.357460833406	81.25307320677874	0.0	110.27672822838346
20	41.48134934828383	873.8388101816901	86.58435689886754	0.0	113.53173762604519
21	40.01813238058648	913.8569425622768	88.6015426879383	0.0	114.32249145444506
22	38.950900489792865	952.8078430520695	89.97984153890931	0.0	116.79581043393401
23	42.77711967134042	995.5849627234098	93.5633285552871	0.0	118.2720292063477
24	46.745137571989865	1042.3301002953997	102.0322060126779	0.0	122.34049943316498
25	39.68009971715194	1082.0102000125519	105.38809265734322	0.0	123.94366501991524
26	43.42675983881128	1125.4369598513629	110.79291140364978	0.0	127.64043934983518
27	45.82015401942737	1171.25711387079	118.47842953393175	0.0	131.6114205739921
28	40.75222922945315	1212.0093431002438	122.4778207992807	0.0	131.26020703536682
29	43.61971909026063	1255.629062190504	127.99954268163907	0.0	135.04223203133668
30	45.136918016313864	1300.7659802068176	135.40960272239226	0.0	136.85493593091115
31	39.48597277727417	1340.2519529840924	135.83166910617402	0.0	140.88175322511538
32	44.02599184744594	1384.2779448315375	143.4335070659984	0.0	140.99993715001
33	43.38741772184468	1427.665362553383	148.96280548452947	0.0	140.55992894699708
34	49.28570617079693	1476.9510687241805	159.73133354176423	0.0	141.71236164473603
35	39.14427224187089	1516.0953409660513	161.24163440702387	0.0	145.12908360379586
36	42.5685220694321	1558.6638630354823	165.86248759946469	0.0	150.1920309075166
37	42.44483015810831	1601.1086931935915	170.89248874509676	0.0	151.09812271884638
38	38.13154609978373	1639.240239293375	171.9349075045003	0.0	153.10328093632796
39	45.45198114095924	1684.6922204343327	179.67725962232507	0.0	156.31347467964696
40	44.09860543262723	1728.790825866961	185.3717904296376	0.0	164.1774113186981
41	40.540041542297566	1769.3308674092582	187.50477169915317	0.0	165.8850562680062
42	39.54705560589301	1808.8779230151513	192.18455225084574	0.0	165.97825931022126
43	41.18708439232997	1850.0650074074822	197.13596348901163	0.0	167.70219252293825
44	41.20950593284886	1891.2745133403305	200.89474680279042	0.0	166.91592364763753
45	40.93655227876935	1932.2110656190998	204.59703404756587	0.0	168.80762694637795
46	41.192245964514726	1973.4033115836146	207.12749420742952	0.0	166.3617432248951
47	38.65613105980722	2012.0594426434222	208.37679921732214	0.0	165.27407320834052
48	39.915992806394044	2051.975435449816	211.5099634861191	0.0	167.44121789085813
49	43.91526173687251	2095.8906971866886	218.28578094966994	0.0	169.78165231530164
50	41.11429643786915	2137.0049936245573	220.84194835172855	0.0	170.89556953136108
51	39.64505500544503	2176.650048630003	223.8163903733453	0.0	172.86921674956852
52	41.609612974827826	2218.2596616048304	227.98708621132744	0.0	173.61820135065807
53	42.61646674834368	2260.876128353174	235.48086106987571	0.0	174.51994033588355
54	40.558065984620704	2301.4341943377963	238.37958055838004	0.0	175.76031510521912
55	41.71202083326311	2343.146215171058	239.91621340397262	0.0	177.39551001627268
56	40.58033468568517	2383.7265498567426	243.89984246381147	0.0	180.19475815718903
57	42.88252880320085	2426.609078659944	248.48862769245898	0.0	182.83416579340587
58	41.63821631644919	2468.2472949763933	252.7304177659201	0.0	187.12006700347254
59	38.77042575933901	2507.0177207357324	253.5186705374295	0.0	187.072550217451
60	43.63403614801758	2550.65175688375	262.21241650788255	0.0	183.27739493175818
61	40.11912493388967	2590.7708818176393	264.73088553139354	0.0	183.0740034283243
62	42.938673583190486	2633.70955540083	271.4245655995478	0.0	180.23861023014737
63	41.688844080093915	2675.3983994809228	273.84628252433356	0.0	185.2888189986574
64	41.013375669272776	2716.4117751501967	276.7370989954297	0.0	187.8462216632864
65	45.39784632790639	2761.809621478102	284.9178796017648	0.0	183.96051952675487
66	42.81053199179979	2804.620153469902	291.5116885336212	0.0	189.70863253666533
67	40.840979868272775	2845.4611333381763	295.00753235000866	0.0	189.76011544440126
68	40.89367358523206	2886.354806923408	297.58877086250686	0.0	194.0870805482444
69	47.19951070644791	2933.5543176298543	306.3071424242904	0.0	190.63720229264015
70	41.08922561326648	2974.6435432431226	309.59496106319807	0.0	190.6340304570896
71	41.84098882880958	3016.4845320719323	313.3396422256564	0.0	193.05768647577776
72	42.146900541870906	3058.631432613802	316.06344301271986	0.0	193.53911300055057
73	39.84199669803295	3098.473429311834	317.73682488854416	0.0	194.95506532752782
74	40.088677548259824	3138.562106860095	319.61991109151865	0.0	193.11101790442842
75	40.33033220780781	3178.8924390679	321.9135887204291	0.0	193.96923767893585
76	41.429378023572	3220.321817091475	325.09141789795586	0.0	197.9394933209974
77	42.51952781873239	3262.8413449102077	328.4178555629776	0.0	200.6877233482489
78	38.83929378245608	3301.6806386926655	330.13508078766296	0.0	201.23893176616815
79	39.22781268931294	3340.9084513819776	331.7035884900835	0.0	204.17235653531648
80	39.115283085076456	3380.0237344670536	330.7153110788601	0.0	205.2770599801452
81	42.31547800565662	3422.3392124727093	336.6279201368495	0.0	207.12827238695772
82	40.55732279025026	3462.896535262959	339.9284656605894	0.0	211.6601563161552
83	38.896940615582686	3501.79347587854	339.02555719900295	0.0	213.8388755070514
84	40.02020775181056	3541.813683630356	341.4401073921085	0.0	213.13845425334713
85	43.43426864453333	3585.2479522748868	346.9761747822378	0.0	212.50470199036948
86	47.86330204299202	3633.111254317879	356.03300793982197	0.0	216.55560275680773
87	43.22565138771146	3676.33690570559	364.0129350231344	0.0	217.98847942068255
88	37.18658615247766	3713.523491858066	364.0497925947346	0.0	217.27205092528496
89	42.61694225038198	3756.14043410845	368.82670478764464	0.0	216.61119903849425
90	39.91831057073264	3796.0587446791837	371.59789151305756	0.0	220.42597777927492
91	39.297146574419884	3835.355891253601	371.6703282760467	0.0	220.28981424004073
92	37.42052260538778	3872.7764138589923	370.3030534378939	0.0	219.95769754082536
93	45.181913046455165	3917.9583269054447	379.03352382181197	0.0	221.64898808729689
94	38.00319915901319	3955.9615260644587	380.7899116726618	0.0	222.11201977232966
95	43.599896945645426	3999.561423010104	387.95483332444036	0.0	222.51812248444463
96	38.74893854519135	4038.3103615552955	389.2609425393808	0.0	222.40226105187233
97	42.018260132936256	4080.3286216882298	394.694957162972	0.0	221.5529809293058
98	41.80325517901448	4122.131876867245	398.1519292045521	0.0	224.85086956402867
99	41.631986535505554	4163.763863402751	401.2671408711335	0.0	226.16413955987238
100	41.90236399680524	4205.666227399555	404.8723250618334	41.68081062479459	227.6965358349242
101	38.30890782303668	4243.975135222596	403.9075715113866	41.65250179263573	229.43766608657972
102	43.72567903523599	4287.700814257829	408.756762140489	41.665924503797896	230.60310045509124
103	40.271024514672746	4327.9718387725015	411.9428077624946	41.654769876444874	230.789663114218
104	42.68194975572639	4370.65378852823	417.20459410616405	41.683906802859966	228.3113246977786
105	39.25671956653948	4409.910508094767	417.9826683750502	41.67560808011704	224.0974592260489
106	44.57984636007805	4454.490354454847	424.3752933654777	41.73419435519073	221.7398860534132
107	37.69307054846507	4492.183425003311	423.8082709603598	41.696364072985695	221.28738230574868
108	40.96980363015754	4533.153228633469	427.2088348230609	41.69211171671538	220.06218245040608
109	39.072521361429246	4572.225749994898	428.22174907027846	41.69058455249162	221.31393351793304
110	43.80596793915279	4616.031717934051	436.06040839897696	41.75273375335465	224.70418466509767
111	39.32683916643888	4655.358557100487	437.02512113540354	41.69110222272701	226.4108299334434
112	41.19585718975729	4696.554414290245	439.4251697908603	41.67792803497911	225.08604185998695
113	43.460175497935396	4740.014589788182	445.65030362006115	41.712847224281546	228.24845674284907
114	39.65964289060078	4779.674232678783	446.22315794564275	41.661787724412115	226.3917642117223
115	39.61197573834545	4819.286208417128	448.49272001492653	41.61081783148334	228.9924855108546
116	44.16627308450305	4863.452481501632	453.42934365268246	41.60168122351345	229.97390122711235
117	40.971280593398504	4904.423762095028	457.95589867543174	41.62246765612779	235.3646583563266
118	40.30440654125875	4944.728168636288	459.96834142497113	41.58153938179655	235.63441319137124
119	38.15126014029016	4982.8794287765795	459.9390262044916	41.50521967943174	235.67893045733592
120	44.552099669143736	5027.4315284457225	466.5030483082464	41.535927182640336	236.66159146266673
121	45.90753240149953	5073.339060847223	475.27103448811863	41.594821182849465	242.1004584846233
122	38.50373548337791	5111.842796330603	476.43166316883924	41.59034953278531	240.61140045316816
123	39.67004817496393	5151.512844505562	477.36767178652843	41.559278817821536	241.4964029609529
124	40.50300799725396	5192.015852502818	478.4168550663199	41.49685752207417	241.78989348949457
125	41.219962173090344	5233.235814675908	480.88188585539547	41.512256146633575	240.14376498658604
126	40.32818753856839	5273.564002214476	485.0328024615837	41.48127042363114	240.2345935372266
127	42.78770117479986	5316.351703389275	491.165530523464	41.45094589518485	238.2730707148708
128	41.25817082879917	5357.609874218079	494.72885363350656	41.45600531117833	237.62996623562293
129	38.94263232593991	5396.552506544013	498.05843746597947	41.409234443535134	237.69756005290606
130	41.65847600269671	5438.210982546713	501.84187447540864	41.37445002339893	237.50238565483227
131	40.08634201227831	5478.297324558989	504.5896156226447	41.38045371574897	240.6495504654417
132	41.23083267802105	5519.528157237011	507.89538312783867	41.352502124054716	238.88894842277418
133	39.29378958758755	5558.821946824599	509.4469311016203	41.31156584271217	235.90370835720788
134	40.80864382105749	5599.6305906456555	512.969104201875	41.22679521921477	235.65612778313786
135	43.22984998081158	5642.860440626471	520.6634029690583	41.26765099660419	239.565766204453
136	42.554670807806936	5685.415111434276	525.9107208667986	41.267512483987936	239.48797727839985
137	42.73314517115082	5728.148256605428	532.0395677441417	41.27039563411834	240.45272011566726
138	41.09757420548555	5769.245830810912	536.9247788181057	41.30005591517534	239.6593984721146
139	41.717347492320904	5810.963178303233	541.2188619215949	41.262709578688984	240.69594494761884
140	40.10783062594048	5851.0710089291715	543.8370267112128	41.22280183062212	239.31128492403957
141	39.26824369977733	5890.339252628952	546.5004520719478	41.21008385219691	241.2558031529009
142	42.42850067562259	5932.767753304575	550.478990024532	41.23889830289419	242.9855250692496
143	41.5422991077665	5974.31005241234	554.4022280265062	41.24245045004858	240.5484714715265
144	42.55049120456328	6016.860543616905	559.3722101668661	41.25586030276574	247.53050115391517
145	43.75158182447974	6060.612125441383	564.5694329940344	41.28401059822282	247.80512656026247
146	42.022900727609986	6102.635026168993	568.229420204792	41.29231714585378	247.6219333442264
147	41.32375150140967	6143.958777670402	571.5156340968791	41.3189933502698	249.76353306621596
148	41.87984879351875	6185.838626463921	573.8769301195906	41.33863191014106	251.70825789143797
149	41.629527441068575	6227.468153904991	578.387428569943	41.315774567183006	251.5661389600197
150	39.192252775717215	6266.660406680708	579.6364540315102	41.296554130561475	250.18727817492586
151	39.92261270851225	6306.583019389218	581.191694405028	41.29932970759216	249.95824469161525
152	45.35852076242762	6351.941540151648	589.2108625571306	41.33681878546817	251.37954444088527
153	42.11807572243226	6394.059615874082	593.1992469816756	41.33183487520904	254.08249975760083
154	46.60521133172355	6440.664827205801	601.5060433951519	41.392306328680064	257.11187411181345
155	42.31150424988561	6482.976331455688	605.9126188622768	41.39830116284631	256.5130164203563
156	43.22460991802933	6526.200941373716	610.7555438656088	41.424743915169735	255.0074936396034
157	43.860305692075244	6570.061247065793	617.941089836793	41.43452168405849	255.9953171440132
158	42.186715431178264	6612.247962496968	622.4341268814574	41.44000667520575	255.2499493238762
159	43.88909815727666	6656.1370606542505	629.244025357667	41.49119339918516	261.34040465124156
160	39.73288054725508	6695.869941201506	632.5266399828845	41.45218184317754	260.26975805613756
161	44.909250185327075	6740.779191386831	637.9102203719451	41.500083095691906	260.94833448421383
162	39.316425806430395	6780.09561719326	638.5072095555616	41.46386061792429	260.88295683032896
163	40.7279744237659	6820.823591617031	641.9988704083083	41.45425192136102	259.76178839846574
164	37.70271613119307	6858.52630774822	643.1644621522762	41.42114532598023	258.6149843434363
165	42.928466692354384	6901.4547744405745	648.188268349805	41.39645152962469	260.0351393283158
166	46.90344988743832	6948.3582243280125	657.1416205691557	41.437380708581095	259.51842321846595
167	39.52829474325274	6987.886519071265	656.525937686378	41.42425385733089	263.3204133127273
168	42.184773324240176	7030.071292395507	660.6339687817712	41.43716485472097	265.3590163861478
169	45.945886138641846	7076.017178534147	669.0097964111258	41.42462860904291	270.4751868290054
170	39.69099303897878	7115.708171573129	670.413650209849	41.41064628330002	268.6242468745468
171	39.941561993466294	7155.649733566589	672.1187558918995	41.39165201494662	271.28195028291185
172	44.30703132904248	7199.956764895636	678.6283031710127	41.41325332281832	266.35075466561926
173	38.61342954713288	7238.570194442766	679.1435571766197	41.40096765130932	265.2751905027689
174	42.17080618726394	7280.7410006300315	683.5890740400044	41.421788937699354	265.7421772706422
175	40.59738013912616	7321.33838076916	685.5784133296991	41.42445941701253	266.2820032450791
176	39.95716911952202	7361.295549888682	688.2120175298711	41.409737327972046	266.635828420142
177	40.81209384492527	7402.107643733607	691.3400186348534	41.39266298823398	265.65357565577887
178	39.12319397764837	7441.23083771125	692.1134527080259	41.39550199018588	265.03000646266014
179	39.79028211617159	7481.021119827426	694.8183327049877	41.40112668445448	264.79263676094536
180	36.596479419865055	7517.617599247288	694.9295428964998	41.37593864780237	264.5316348847335
181	42.370950986825065	7559.988550234118	698.2327907189934	41.376493377614054	266.94527349528823
182	40.37077003459754	7600.359320268713	700.3064178779952	41.374627850057514	266.3826397828134
183	44.157614797113986	7644.516935065825	706.2192909502826	41.42723459187283	262.59420633682055
184	44.173388291587834	7688.690323357416	713.0613980956256	41.46876639727059	262.00352782991604
185	43.398175265716255	7732.088498623135	718.5820208668389	41.46840546348242	266.01588123143404
186	38.55569295703111	7770.644191580161	718.6591170973621	41.375329372622815	264.0167815683358
187	44.248271604173176	7814.892463184335	726.4915283976634	41.38555557478744	264.9385880179969
188	41.650549108132516	7856.54301229247	731.2430902377258	41.430195204343974	264.17335991954644
189	38.39196243930122	7894.934974731772	732.8916347067133	41.387945406233186	264.678427973031
190	40.71776158762232	7935.652736319392	735.3544102524246	41.395939916402085	265.59262859369187
191	40.16345098271543	7975.816187302105	735.1842772731605	41.40460296048503	265.09537740840545
192	46.54017358182084	8022.356360883929	744.2468030230343	41.49579947024939	267.7113821449791
193	41.25352670691557	8063.609887590841	746.6115421909843	41.45651560685396	267.82826172280954
194	40.18550606963052	8103.795393660474	748.3834172683241	41.47833867596016	270.49272753740553
195	45.25735894586313	8149.052752606337	754.2404588617475	41.49491329596234	278.7026084232956
196	40.89219921147028	8189.944951817806	757.7486565702775	41.516345902625105	278.117131478913
197	40.03069411393931	8229.975645931749	758.102500235049	41.49647024243514	280.68926332081935
198	42.32205579118437	8272.297701722928	763.8052048823286	41.50165824855684	278.9028053416572
199	41.03183786706441	8313.329539589993	766.5925891579745	41.495656761872404	281.4733827509029
200	41.599093591163	8354.928633181164	769.1090162919659	41.492624057816	285.9953408892808
201	40.64959685872766	8395.578230039884	771.9542360687094	41.51603094817291	283.19736225711205
202	41.793712376912026	8437.3719424168	777.0220888751938	41.49671128158969	282.84810759485094
203	41.724276373362976	8479.096218790162	781.5106610002591	41.511243800176565	284.28295156079105
204	41.923378819278184	8521.019597609438	785.7063770572122	41.5036580908121	286.44216372947693
205	43.41544923554345	8564.43504684498	792.1793782814492	41.54524538750212	288.7969317738625
206	41.23041804449227	8605.665464889473	796.2853260953343	41.511751104346274	292.4682654263106
207	45.11893401409517	8650.784398903568	803.0052743032272	41.586009739002584	290.00910648585614
208	41.795127710344794	8692.579526613912	808.551712543501	41.59426297980446	289.7560996198546
209	43.44902581243893	8736.028552426356	814.0994739925119	41.63802802431454	293.69705268998
210	44.43043506866291	8780.458987495018	820.5960980858684	41.64427269560965	298.0078680067529
211	38.39855032292362	8818.857537817943	820.4833889164825	41.63498980717449	299.0849671555054
212	42.19136701339891	8861.04890483134	824.8126777423436	41.644944905410924	299.0143548915692
213	45.17779142980869	8906.226696261145	832.6761881779339	41.66212106472965	299.840547509577
214	43.802126165973505	8950.02882242712	835.4074969727053	41.70354589748338	299.40105888095655
215	43.964196715142805	8993.993019142265	843.3931364926664	41.747068107251344	299.7025157303175
216	40.338962033254106	9034.331981175515	845.4560978256461	41.70879499673885	301.4299115319905
217	43.84686558214603	9078.17884675766	851.4821325536176	41.737550846626334	304.23538996647164
218	43.16583453131876	9121.344681288982	857.8681187781601	41.76616512652693	306.78227258021997
219	42.191109127526005	9163.53579041651	861.3466846618016	41.80656361639929	311.54420282689387
220	43.38045914813782	9206.916249564649	866.6880051657581	41.794847211189236	313.14845729067
221	41.35738645867497	9248.273636023321	869.2056023925073	41.749345751760984	313.976275626335
222	37.52747948348659	9285.801115506812	868.4401666386827	41.73958319176206	314.9439474429162
223	42.376509156801646	9328.177624663605	872.0413848606279	41.766647801580454	314.9373005163097
224	39.106071927586335	9367.283696591194	873.6975489039364	41.75267844088378	314.24734342129756
225	40.377253811343806	9407.660950402538	876.4587231748989	41.7442513572663	313.6722683250749
226	39.297646744255296	9446.958597146795	877.4155117026311	41.73394594932318	313.4271061194125
227	43.111482235928115	9490.070079382724	883.1464218089351	41.73718375993446	317.40955784096354
228	42.63839815692671	9532.708477539645	889.0025548973913	41.75098603321575	316.22537542035815
229	41.39349979592014	9574.101977335573	893.1984573619068	41.77549470791555	314.0408428318959
230	45.62782996764012	9619.729807303216	901.6574371241966	41.815188247564976	319.4044496845862
231	39.76215391158009	9659.49196121479	903.0897228215077	41.811946366558	319.3795677854748
232	41.58642525990171	9701.078386474695	906.3321758239941	41.815502292376806	322.4530872292386
233	42.950216975185576	9744.028603449877	911.0909574442786	41.85206656625278	327.1972228153393
234	37.85264796064999	9781.881251410528	911.8981879483244	41.82250660764869	325.6686563479839
235	38.88346928662188	9820.764720697147	913.740219534593	41.77904280070682	324.3471170253121
236	40.89388432400092	9861.658605021154	917.3467980456148	41.76243493586874	324.64765349892787
237	41.967462688319046	9903.62606770947	921.9259270341338	41.75477811104043	326.45622156522535
238	40.79305940902155	9944.41912711849	924.7469625804655	41.751732963075796	331.2422346710943
239	40.489917559538	9984.909044678034	928.2545716279187	41.73945866374794	330.9405739746175
240	41.31321352902836	10026.222258207059	930.7386550938818	41.751512492778836	328.46333133212465
241	42.89488015301254	10069.11713836007	936.0454178558642	41.78777885731119	327.70907904120253
242	38.4290523553178	10107.546190715386	937.3033466032158	41.74778437410815	327.6106806966107
243	41.44291222854207	10148.98910294393	941.2682539385376	41.746790505315886	328.10170741848304
244	39.134810419830416	10188.123913363763	942.6942142267974	41.712633697468576	328.1428037237769
245	43.09611141091572	10231.220024774679	947.2184699123507	41.70607899333295	335.32555105523477
246	40.9223286810507	10272.142353455729	951.9475811159026	41.69507327286735	338.0611150901056
247	40.317949866701106	10312.460303322423	955.2059349382642	41.685015256520266	338.0455821747242
248	41.58039761434287	10354.040700936772	959.5500030382315	41.68202074472849	338.5409064103232
249	41.669773376753156	10395.710474313524	962.3842432214376	41.68242320408533	340.72886311643845
250	42.68587115013279	10438.396345463654	968.6586836573383	41.717359387829475	342.157335868133
251	45.03926177956168	10483.435607243215	976.8725248375517	41.76852587854	342.3099387829157
252	40.22779000617112	10523.663397249391	979.3016526205838	41.71721857097741	341.83568338214394
253	40.33341963196766	10563.996816881356	982.413873199222	41.699372010072764	341.81950361470615
254	43.47089452226377	10607.467711403615	988.3773863052145	41.66802884197818	340.4141777046178
255	41.386873099265614	10648.854584502886	990.8051360147558	41.65878253047196	341.4857788950958
256	39.35159790295461	10688.206182405842	991.5115783645765	41.62005241032125	339.12966842773375
257	38.67719246742242	10726.88337487326	991.2096079425195	41.56822127807468	339.1886647117611
258	42.42560463068431	10769.308979503949	995.5911227533715	41.57061017006975	339.7447230987651
259	43.358493474825394	10812.66747297877	1002.3861486911857	41.56530412324524	343.4890170636998
260	44.797156272524525	10857.464629251295	1009.0095432352863	41.61594688049793	343.49451777322895
261	38.89010887557986	10896.354738126873	1010.4275853087267	41.55575546740047	345.38677071619975
262	40.25731373214327	10936.612051859023	1012.4886531052438	41.56516434665761	345.16263724425636
263	39.38452699510897	10975.996578854132	1014.3274730243717	41.55172987237104	345.72138404103515
264	41.471730587107906	11017.468309441234	1017.9499564807094	41.58942001693018	346.66854302335986
265	45.717091722915995	11063.185401164159	1026.3274710525802	41.61730626723578	351.1914585067136
266	38.95780691068695	11102.14320807484	1026.9522203037313	41.53784983746827	350.32228545583035
267	39.18745475529241	11141.330662830132	1028.1204503543793	41.534441437588676	349.5925905769258
268	43.84629212532024	11185.176954955454	1033.5500326643432	41.55105662559949	352.8629294929818
269	41.98766432222948	11227.164619277686	1037.7258169316494	41.51147440743537	350.39106341950486
270	48.39325806695329	11275.557877344634	1049.9485176398507	41.5984970577151	350.8098851819915
271	40.33258245575869	11315.890459800396	1053.7054595829104	41.60240726233801	352.67465366897824
272	40.4681796974473	11356.358639497848	1055.411718522106	41.56401874602207	354.59224133008723
273	40.72616016889092	11397.08479966673	1059.8020921415243	41.58514605223967	354.2817510294566
274	42.14654221406995	11439.231341880803	1063.8610255242281	41.584903412507714	353.7898593010253
275	39.842833958914746	11479.07417583972	1065.258596975648	41.5773579507056	355.30600476222605
276	43.82709669608727	11522.901272535804	1071.6957892091832	41.61605722647124	358.51609256227823
277	46.07719212623419	11568.978464662034	1081.4973082225436	41.66870820928434	357.9975652668077
278	38.54945184935841	11607.527916511393	1082.5069271793918	41.662970788001424	358.88806267973933
279	43.14272197908998	11650.670638490492	1087.4261170135374	41.696495186630635	359.36787734544987
280	45.544615176042626	11696.21525366653	1095.7135694225633	41.78597654419241	359.794490989786
281	43.20987000218052	11739.425123668709	1100.8440219076758	41.79436573434596	362.9743629749122
282	44.36038351678427	11783.785507185486	1108.1119923795256	41.83426186916782	363.3883997119432
283	41.714763021981305	11825.500270207478	1110.8627095547456	41.8098333514165	364.6520589980209
284	42.75731569735297	11868.257585904827	1115.9533531754198	41.79567262547415	366.7645372916071
285	41.614287887797744	11909.871873792627	1119.838864767302	41.77783375169496	365.9825997408169
286	38.0026667281769	11947.8745405208	1120.6864935327692	41.772303489406426	366.4802745725745
287	37.919686207022785	11985.794226727825	1122.9572204028811	41.70901763543492	366.95196108152
288	42.778386579530725	12028.572613307359	1129.1870065933663	41.72029601014889	366.92136791495284
289	43.501796973111404	12072.07441028047	1135.9559081637394	41.77139435548701	371.61335131872113
290	41.15650559670003	12113.230915877168	1141.6765389876646	41.77578179557777	376.62948926621704
291	40.9432722651304	12154.174188142299	1144.9271946450147	41.78358000840192	378.6091726542578
292	47.59639827797474	12201.770586420274	1154.398130035032	41.794142255363475	381.8460938159972
293	44.761942322519374	12246.532528742799	1160.2012951984825	41.82922641151949	383.2598362808009
294	41.55996292746246	12288.092491670253	1165.0798836739707	41.842970980097824	383.53538372066885
295	42.19123774724412	12330.283729417497	1171.1048401677733	41.812309768111625	386.8544427889852
296	39.638070622502426	12369.921800039992	1173.0422839299326	41.79976848222194	387.1021422831291
297	39.06324021363898	12408.985040253643	1174.5736507217878	41.790093943218956	389.58364479388337
298	42.232033569255634	12451.217073822902	1179.30961436555	41.78919372099966	387.2154962056602
299	38.861900850985506	12490.078974673883	1181.5914680952542	41.76749435083887	386.8754183610311
300	43.54728243090678	12533.626257104788	1187.5214479611247	41.78697623923633	387.95554308171273
301	45.713010950649306	12579.339268055435	1194.9723435015871	41.83761038015554	389.84677986059825
302	42.328527474963295	12621.667795530399	1198.0258347343215	41.84295853113605	389.7822011051472
303	40.67122330682115	12662.339018837214	1202.122576131933	41.83242800047063	387.8440611647035
304	44.66900978214537	12707.008028619364	1210.9580904300085	41.8598843100993	391.71486872702405
305	41.3153937799495	12748.323422399315	1213.0825923687987	41.83888375554338	390.99501412132537
306	42.52294817793606	12790.846370577257	1217.9383287522483	41.851809056877784	394.99708840463455
307	45.64873094692888	12836.495101524182	1226.0375388768846	41.85710702620613	387.7524005278294
308	44.31686829296772	12880.811969817152	1231.5931279915997	41.882324432032355	385.73276623780623
309	40.93085608975834	12921.742825906917	1235.7850032061176	41.857142734805564	386.8433988973583
310	40.046326135356814	12961.789152042264	1238.0305929551268	41.813301645472485	387.6777830187059
311	40.315887490038925	13002.105039532302	1239.0505246765722	41.832475017143636	386.9687519542015
312	42.297540964086764	13044.40258049639	1243.320730379385	41.83353675665054	385.35454427500844
313	42.60030116021735	13087.002881656603	1245.6646429216694	41.80776185395461	384.7386348166943
314	41.10402652771185	13128.106908184323	1249.483263064984	41.780780857572	385.6195676139511
315	42.822942214203394	13170.929850398526	1253.4235832291151	41.7693683125626	381.68421632158515
316	40.63107369421291	13211.560924092732	1256.0839122035495	41.77228942917219	378.8829657071314
317	40.901732201991315	13252.462656294725	1259.1881586328718	41.74283809537064	377.2158970071372
318	42.703993092756406	13295.166649387482	1264.3041005916057	41.73821968098502	379.21600445469693
319	41.77983835292067	13336.946487740404	1267.6283743843503	41.734106973238994	379.39498818017984
320	45.68560693759872	13382.632094678003	1275.4586879712506	41.75715845113359	383.1718989938763
321	43.70317522882234	13426.335269906824	1282.4087173358216	41.78061633883505	381.16549626372444
322	41.78619030592796	13468.121460212744	1285.6355530362848	41.82320344705945	386.8333880169937
323	40.30241729486391	13508.423877507612	1287.9261603827583	41.802462528440074	388.28449955682953
324	37.67023686452666	13546.094114372148	1286.4089984183706	41.788104177809494	389.79811134376627
325	41.686171830090714	13587.78028620223	1290.0520602497113	41.801193357996965	388.3213465009942
326	42.58086237139692	13630.361148573635	1295.4386841380388	41.834025514268376	388.3700064524696
327	38.22802026422618	13668.589168837858	1296.1949673841002	41.785190894551334	390.6498575880336
328	45.069718524109014	13713.658887361966	1303.4153193419388	41.80950409822319	390.9512455665623
329	40.24329356004077	13753.902180921992	1306.2787657338877	41.79800203586439	392.61211598109514
330	38.523913352268586	13792.426094274271	1306.890000114329	41.72696286971066	389.3315709814448
331	41.57937834267837	13834.005472616951	1310.0597635957529	41.74513511402164	388.1984954020669
332	42.582031746852145	13876.587504363804	1314.2549235975978	41.75509117889115	389.5788524443694
333	41.98452606740277	13918.572030431209	1318.5918308209557	41.74543426981332	389.90413279869665
334	39.1301065921296	13957.702137023336	1320.727756495105	41.75820885612812	388.54895805905204
335	38.80565365086507	13996.5077906742	1320.4179670058934	41.75743069977056	388.15886448963494
336	48.07357116726433	14044.581361841461	1331.4842999655812	41.829227568203194	392.3832676711047
337	39.9482595316195	14084.529621373089	1332.425486519067	41.8090355366362	390.573816009309
338	40.08844016212559	14124.61806153521	1334.203773435989	41.80198934416721	391.45870962830867
339	38.22316657943114	14162.841228114643	1336.7138485438438	41.77932183436616	391.65601768532275
340	41.45594939104627	14204.29717750569	1339.6753994176836	41.78074919298635	394.5236428984269
341	42.38777288488194	14246.684950390561	1345.596454321946	41.77567812030503	396.70722197781214
342	42.68899647591388	14289.373946866488	1349.6303521168768	41.818277561510996	397.4412334523976
343	39.7870694781289	14329.161016344608	1352.8742034628851	41.80171913400687	396.84567058685707
344	41.816842789547955	14370.977859134155	1356.0847566357324	41.82853945770404	394.4231595522092
345	42.883784682386455	14413.861643816546	1360.7701626346773	41.82641619041875	398.0759968960551
346	44.79185951168351	14458.653503328234	1367.5930681416567	41.865111498725085	396.31715161384733
347	40.849625372144395	14499.503128700375	1369.7696571216552	41.87042825377952	396.19193040471515
348	42.59098029354469	14542.094108993919	1376.0744134036102	41.880534080571536	397.2740001384897
349	40.30622351365232	14582.400332507563	1379.4621196466264	41.866898581940525	397.19600690548145
350	44.775611257390175	14627.175943764958	1386.0825992184261	41.8877959830131	399.3991418807694
351	42.06080844046894	14669.236752205423	1391.4041446369686	41.858011449622175	399.72590822693866
352	41.488361397058945	14710.72511360249	1395.3211077896835	41.87061716353103	399.992294159693
353	42.10727409593249	14752.832387698418	1399.4536273431256	41.888355708170685	401.5505097547362
354	39.50450723697726	14792.336894935395	1402.8823773789952	41.84869183531783	403.40036228549656
355	38.06634810963164	14830.403243045032	1403.8374960041847	41.815486585421475	404.055084557543
356	38.777901804304456	14869.181144849334	1404.2571308266997	41.809749624435	405.12953603824457
357	43.36084265040398	14912.541987499737	1408.9011117432453	41.85658612626482	402.0889894689716
358	43.01818113885484	14955.5601686386	1414.1163035377933	41.86251189134649	403.0013092028929
359	38.73103671732129	14994.29120535592	1414.2883758703267	41.81623732377148	401.54347024628555
360	39.68285375718047	15033.97405911309	1416.3748902697098	41.76509429861802	402.37780590294926
361	48.13839388076418	15082.112452993857	1426.6312947280853	41.85757714866988	407.92973845437666
362	39.86325616945573	15121.97570916332	1428.1641091465506	41.85363657304298	407.2029411988691
363	41.65836381473302	15163.634072978055	1432.2246463373326	41.876374941239234	407.21010278361734
364	39.3139765355501	15202.948049513607	1434.059097283439	41.85479740072366	407.26041585850277
365	42.804710222540955	15245.752759736142	1439.8905646260623	41.825673585719905	406.043528172879
366	43.919642206966444	15289.67240194311	1446.9194043888658	41.8752919386827	405.76203160239595
367	40.30147012971448	15329.973872072822	1449.823486279329	41.886432092426915	405.311539462151
368	41.48167495441554	15371.455547027239	1454.6503166219713	41.86278592071787	407.560988347937
369	40.26359317368232	15411.719140200927	1456.6819582653436	41.845545209232405	407.80260404390583
370	39.649748846646574	15451.368889047562	1457.406757642491	41.75811011702934	408.5987401405998
371	40.34804330306695	15491.716932350642	1460.4904238887646	41.75826472550243	404.52029807356513
372	42.64798970730735	15534.364922057937	1466.2824596153366	41.780062825601014	406.01216656420127
373	41.15960338067697	15575.524525438605	1468.6566032134092	41.78439725771887	403.47697980634786
374	41.72505730396793	15617.24958274259	1471.4185923203709	41.78018240861787	407.0379523570627
375	45.7449963120541	15662.994579054643	1480.4098287543343	41.83920403214926	410.01048944698334
376	42.15494284486612	15705.14952189951	1483.8399796943818	41.822482493637025	415.93130911788523
377	46.631653234905386	15751.78117513441	1493.0791677109746	41.82802710472375	416.5825825339567
378	42.39676229573203	15794.177937430148	1498.306443725942	41.86650020918748	416.4113413159334
379	39.031175979872536	15833.209113410017	1498.5018732785018	41.82538474919531	414.04730309542396
380	42.9032435171792	15876.112356927197	1504.1055592762227	41.79897103260669	417.27822259073344
381	39.384278644741784	15915.496635571939	1507.3927456557046	41.76071511903229	416.8453554451227
382	43.70718591909612	15959.203821491028	1516.0336887075962	41.754183143055386	421.28394429920286
383	42.3921550503243	16001.595976541357	1520.3192801179869	41.76095706333883	420.6341516290527
384	38.945707926988796	16040.54168446835	1521.5631429323444	41.722840985635194	420.22779757016286
385	43.88693448111737	16084.428618949467	1529.0414870691563	41.745567451568384	426.15166317431397
386	40.72451171286227	16125.153130662326	1531.6175259240495	41.772785901415254	429.3975628476651
387	41.07522340124124	16166.228354063562	1534.0421511206441	41.80434127335745	433.14190325258033
388	43.42472920918436	16209.653083272755	1539.1484753025427	41.81080469965398	431.2567184084051
389	39.91436781461602	16249.567451087369	1541.4835741507807	41.77493040806903	429.8404436461493
390	40.4334813618812	16290.000932449242	1545.1641459530592	41.767700165720825	430.0256911852889
391	41.46339587677684	16331.46432832603	1547.3898946321021	41.77290140183729	431.75072562545245
392	39.55555884249006	16371.019887168517	1550.3126173586675	41.692493007482454	431.8185426685918
393	42.45085281463243	16413.47073998315	1554.7799524955738	41.66938211240358	431.780851345296
394	42.34117280444635	16455.811912787587	1560.3163890705669	41.67719421117343	430.8937030284016
395	39.33173322884821	16495.143646016437	1562.2864411023197	41.648599165989474	429.25273711135236
396	40.38838659330645	16535.53203260975	1565.1132578888187	41.65610232569751	432.0909698257842
397	42.90767510415001	16578.4397077139	1569.5577500086451	41.6945466746026	435.49630649688845
398	39.66799576742929	16618.10770348133	1571.7772832604935	41.66890629658435	434.15505525875693
399	41.81157607593799	16659.91927955726	1575.7470085050943	41.69840304883386	431.506611418738
400	45.18340604587766	16705.102685603146	1583.4699752029978	41.71476428498359	431.54834965669073
401	42.542913759417196	16747.64559936256	1587.449957686472	41.68306331307125	430.4940058903205
402	43.93373183898699	16791.579331201552	1594.5944646717812	41.69911535671147	429.14394628106464
403	38.53064783679353	16830.109979038345	1595.5131421213075	41.67770960201119	429.3133038566844
404	40.18983518390994	16870.299814222257	1597.7577975155332	41.632917856028854	430.34656933674916
405	42.4663396096529	16912.766153831908	1603.0652973853491	41.6444273143259	434.1020462356071
406	45.53364329197786	16958.299797123876	1613.0564718537125	41.674534265466335	438.0537106442111
407	43.56040024122703	17001.860197365106	1617.5537747047988	41.65365095840931	434.5679757418056
408	38.71134851836209	17040.571545883475	1619.5757632307455	41.59759576066325	433.3607356480713
409	45.3208337113595	17085.892379594832	1627.7522130348536	41.64149553687925	434.43071475089386
410	40.68915611057881	17126.58153570541	1630.6119871526723	41.64792383663148	432.31073925478205
411	40.22336651178396	17166.80490221719	1632.7506425829447	41.64699862684895	431.88011311259964
412	37.25397789386874	17204.058880111057	1632.398606918729	41.59656299614675	430.36448876568056
413	43.94323652079966	17248.002116631862	1638.3178699382638	41.60999234975257	434.31317649165646
414	38.51876877093416	17286.52088540279	1640.9283841723454	41.584139772184784	434.94541283703956
415	40.63559945489445	17327.15648485768	1642.9761528403521	41.56226634459169	434.6723183081308
416	41.69587747899895	17368.852362336682	1646.857325147853	41.572914382439585	438.5263066635112
417	44.035711466940135	17412.88807380364	1652.0655071730537	41.60425417508904	434.53089001843017
418	39.40016405418095	17452.28823785781	1654.2045384057974	41.57121588470331	435.9158671066424
419	40.28546899551943	17492.573706853338	1656.250696018736	41.55627219112928	432.6999015507226
420	42.19420967317764	17534.767916526493	1659.3292133039827	41.521358218485055	434.00533728236377
421	42.49219226042467	17577.260108786926	1664.3497728809014	41.5092483888011	435.6014636442839
422	39.3104759454258	17616.57058473235	1667.2371451050467	41.484491245196075	435.5317581958422
423	41.18533290682208	17657.755917639173	1670.8252232159302	41.49332040131567	431.76827355919534
424	41.54280612347699	17699.298723762662	1676.0620032398645	41.53204609390517	432.5436117999677
425	40.76001276914798	17740.05873653181	1678.253925127275	41.522784503295725	433.6004192794294
426	43.80067337358814	17783.85940990539	1683.12082012944	41.53498261331763	428.3661102083997
427	45.26734206637399	17829.126751971766	1690.518635240212	41.60537583133912	431.2080865207458
428	37.37206683038042	17866.498818802145	1689.1654634822523	41.52839931440184	432.8971155193984
429	44.617030048137536	17911.115848850288	1695.5613098147212	41.57213667928281	432.0173652859115
430	44.30846475891859	17955.424313609194	1700.5048512914466	41.629982193349306	437.843608376044
431	41.133933494218745	17996.558247103425	1703.800459856967	41.62552774486471	436.46842071806776
432	43.824624004482295	18040.382871107908	1711.7161900335661	41.63795366744102	436.7058493558162
433	40.411584798581295	18080.79445590647	1714.248399241641	41.622224254752794	439.5541495710516
434	43.54188543953286	18124.336341346025	1718.9296220508863	41.66634204322682	436.2482749783839
435	38.26998183346025	18162.60632317947	1717.7678264529252	41.66098532505277	436.48480278232176
436	38.89444029135427	18201.50076347083	1719.8510935112731	41.569194016293665	436.4402940823297
437	40.369812659304095	18241.87057613014	1723.5866716721946	41.573409547570535	439.2104805105218
438	38.95998698482065	18280.830563114956	1725.221249196907	41.56212501579748	442.3304830105828
439	42.38981874092647	18323.220381855896	1727.8803975923795	41.60379153741243	441.658585373869
440	43.50583015493311	18366.726212010813	1734.6457479209857	41.624290345051286	437.49870899084857
441	42.54399672050136	18409.270208731312	1739.4323214406706	41.62585258340749	438.01302558813427
442	44.62183429792601	18453.89204302925	1745.9821072621658	41.645180961627624	440.606851950381
443	39.44701871663985	18493.339061745883	1746.4103690125899	41.641780454012704	440.10839462774703
444	39.05652860616068	18532.395590352044	1747.8862728737158	41.61417731217886	440.8457090357253
445	39.33143588414591	18571.72702623618	1749.112483569582	41.578653824196444	446.5234035234825
446	42.18294350815315	18613.90996974434	1752.8919553914495	41.55256466416114	446.77274039930654
447	43.58777683841432	18657.49774658275	1759.0021075223294	41.57994617882384	448.8620259066374
448	41.190466611231194	18698.688213193982	1763.082663715455	41.5659410420007	446.38463086474724
449	40.50028722840166	18739.18850042239	1767.8041683438685	41.56788167914822	448.2441406024918
450	43.006893871657574	18782.19539429405	1774.0000174049605	41.550194505290854	451.60863230691706
451	41.256200575583165	18823.45159486962	1776.7759505702636	41.54214842664201	455.73341146435666
452	39.61570295285605	18863.06729782249	1780.3811845483187	41.52342184219998	459.10388195335656
453	42.292868431454956	18905.360166253944	1783.8411865856897	41.5252777855552	460.40698120947656
454	40.1709996723419	18945.531165926288	1786.2112393961527	41.53194270990887	459.1513514184915
455	39.726152223763314	18985.257318150034	1787.3875837700648	41.548540751050176	459.6643032215532
456	41.81010794188955	19027.067426091944	1791.3851439994935	41.57886281242602	460.83846090213564
457	40.26190973043945	19067.32933582238	1794.8087462286803	41.547873483226375	461.1971358452732
458	41.50282458703753	19108.832160409413	1797.7282610941631	41.53271991770821	461.07189346313953
459	41.69392894122548	19150.526089350642	1802.233102049711	41.562348839947255	464.11042210059435
460	41.263413485646524	19191.789502836287	1804.8624094357444	41.578154437231916	463.000784899981
461	41.334595485504266	19233.124098321787	1808.918385274973	41.51011645327931	464.00787852184504
462	45.63879652419089	19278.76289484598	1817.0290900872635	41.56787185682667	465.44546203340946
463	42.7660309867193	19321.5289258327	1821.6509382999252	41.57894852854652	463.8243429996453
464	45.103357029379715	19366.632282862076	1828.5613689932136	41.63684233348481	465.1115417103334
465	37.32276324949806	19403.955046111572	1827.5269175587098	41.5820228637544	465.5434266771304
466	43.48672888439149	19447.44177499597	1833.5688367203763	41.57769373052865	464.79522800466486
467	39.92197874337839	19487.36375373936	1836.5223975040335	41.57389881666528	466.37487278350653
468	40.070647023360294	19527.434400762715	1837.76541242691	41.55978853735471	466.3649230735528
469	42.92633572651132	19570.360736489223	1840.82841184807	41.58641596288301	468.0192792401614
470	45.19493700612498	19615.55567349534	1847.85865877183	41.6418678444778	470.5776195041047
471	45.16915992217268	19660.72483341752	1854.6502208807087	41.69007901066886	470.35662434545895
472	39.60940112866099	19700.334234546182	1857.9277155115735	41.659693124882395	470.91573496247923
473	43.053933455104264	19743.38816800128	1864.7170250730396	41.67863642562667	471.47268431051964
474	40.42934031973092	19783.81750832102	1868.254444831762	41.66567925578428	470.38749637937633
475	39.84255241346632	19823.660060734477	1870.6058253734236	41.60665481679844	468.6579688598437
476	41.26216776986527	19864.922228504336	1875.0975477118577	41.59772706604842	470.5970318973447
477	42.082823337205284	19907.00505184155	1879.9951112881429	41.5522387670714	474.2654427609456
478	40.17801584495564	19947.183067686507	1883.2060361652655	41.53005130256364	473.0225824981184
479	42.439552417201575	19989.622620103703	1888.534499196904	41.56413506693693	476.35089071947414
480	43.87677447791283	20033.499394581624	1894.7102741979304	41.57387037654427	476.8800540632466
481	38.82032863697536	20072.3197232186	1896.678628311767	41.56823087646659	477.1397758616485
482	38.04914180225671	20110.368865020846	1898.0308488041846	41.511650435298215	478.42055292471423
483	43.116336755324866	20153.485201776173	1900.808101683303	41.51889225234822	479.6350281155281
484	42.98106675427059	20196.466268530447	1905.750253385328	41.55924584062103	481.11935887628067
485	38.68891074775222	20235.155179278197	1905.0653153602511	41.50726560328737	479.7675742902872
486	38.55807591111173	20273.713255189316	1906.4981841847195	41.48560124526987	478.2746651216026
487	39.13121951348369	20312.844474702804	1906.8600786405807	41.466161206392314	475.4698308479993
488	36.79700207802479	20349.641476780827	1906.2071474492923	41.399883935080716	473.5963708871864
489	41.062435180505936	20390.703911961326	1909.3651151120364	41.4113646087396	475.1265388688101
490	41.144929803394355	20431.848841764728	1911.0997630384436	41.41847909315473	474.69160157914513
491	41.02748040082677	20472.876322165554	1913.3967547337088	41.41411993839523	474.34057316462423
492	44.739685344297996	20517.61600750985	1920.4340591914995	41.465961203413315	474.6173809801529
493	40.32315471192647	20557.939162221774	1924.6454533582548	41.44468422238626	473.08293941254345
494	42.66095481229331	20600.600117034064	1929.9837434946303	41.44788204246472	471.16053839311945
495	39.80735477229971	20640.407471806353	1930.4793933863712	41.452638257899245	472.0656024581991
496	41.680357076200444	20682.08782888256	1933.5177973761643	41.46555796272819	467.8418445287925
497	41.29251906853576	20723.380347951097	1937.9166366965742	41.449406402372034	467.31049699535413
498	42.640551864095066	20766.020899815194	1942.9381564415496	41.47913196333869	466.2546303759287
499	39.281198397715315	20805.302098212913	1944.5855933768332	41.45382818655648	464.74767507297486
500	40.40945506964251	20845.711553282556	1945.6776962566987	41.40608867679411	461.92297578807876
501	39.45021175220921	20885.16176503476	1946.9828821774663	41.37516165672203	463.06024176971226
502	47.58533370588203	20932.74709874064	1955.93491507862	41.411677675390976	464.3073202509107
503	40.95349762701401	20973.70059636766	1959.3316684754543	41.4359061732932	463.1786786680272
504	40.54759288783488	21014.2481892555	1962.210723507542	41.43948375033245	465.0802276284066
505	42.39927417646585	21056.64746343196	1967.7395408764858	41.438813096000565	464.9386378566975
506	40.48976260731551	21097.137226039275	1970.0667081866873	41.388374289153965	465.74807882282454
507	44.579036585761344	21141.716262625032	1977.0888291057647	41.3985606525993	468.2613015148935
508	43.0954113581726	21184.81167398321	1981.5921374906468	41.4424012809974	471.11816799762727
509	40.74561918260752	21225.55729316582	1984.9601366942522	41.396649135709886	471.9300758184529
510	39.712857528090716	21265.2701506939	1988.4193286554766	41.38688614988498	474.500434182604
511	42.52887297694591	21307.799023670857	1993.5049944354625	41.40994121453663	475.2382128695331
512	40.373658685588175	21348.17268235644	1994.8885945921395	41.441138022453806	478.54597877564987
513	40.497197455374824	21388.669879811812	1997.4388564957956	41.40667763179957	478.5268017026456
514	39.767191626172945	21428.437071437995	1997.4132323317328	41.41916186035195	479.4214090890762
515	38.348545434010255	21466.785616871995	1997.0242207735791	41.39629132014312	479.44652067455434
516	40.91002622412482	21507.695643096118	2001.3889546069397	41.388432807594356	478.45209353758776
517	41.1926620137547	21548.88830510988	2005.006359009574	41.360002313062495	477.5299316247588
518	48.30915768541743	21597.197462795302	2014.6583029335548	41.44909224937489	479.3919297850649
519	40.57843400153584	21637.775896796837	2018.0871563735545	41.45202189943504	481.7980501372742
520	43.71161765984156	21681.487514456672	2024.6384377070697	41.46719597930168	477.3628147263811
521	41.511778927108935	21722.99929338378	2028.9475181633863	41.45739184596852	480.13409337105304
522	41.51841950428297	21764.517712888064	2032.557771648319	41.479471281557096	481.22878125339906
523	40.33185172887823	21804.849564616947	2033.8095005435357	41.47093646977766	477.76406688234295
524	38.12872449115799	21842.978289108098	2033.8095005435357	41.47093646977766	477.24808694900116
