task	reward	total_reward	total_regret	relative	total_reward_dev	joules
0	55.56709110124393	55.56709110124393	5.723284489877917	0.0	30.707142787177585	55.56709110124393
1	79.61188835939747	135.1789794606413	36.59045260928577	0.0	39.6010773524636	79.61188835939747
2	64.3976125400169	199.57659200065825	52.27145836322618	0.0	51.427310374497914	64.3976125400169
3	67.59238144695024	267.16897344760844	69.0809595862348	0.0	73.39361935963598	67.59238144695024
4	65.8227430751865	332.9917165227947	85.34950545331532	0.0	87.53410355301982	65.8227430751865
5	64.46185250189706	397.4535690246919	99.74700042501536	0.0	100.47980387110998	64.46185250189706
6	64.25591134493986	461.7094803696319	115.28436549378492	0.0	109.32778251704595	64.25591134493986
7	63.80443988551332	525.5139202551451	130.39827898189967	0.0	118.80568655207796	63.80443988551332
8	62.01832932548717	587.5322495806323	141.44559715409565	0.0	123.47048385888324	62.01832932548717
9	65.95771639325515	653.4899659738874	157.99394524257798	0.0	133.2689454879266	65.95771639325515
10	72.11826821616067	725.6082341900483	181.22819301920845	0.0	142.77469204731028	72.11826821616067
11	60.796855639953584	786.4050898300018	194.84829638402869	0.0	151.11418468976427	60.796855639953584
12	66.36780509524611	852.7728949252476	211.5747402332371	0.0	159.84964981585827	66.36780509524611
13	70.93458788000709	923.707482805255	235.74233723061917	0.0	172.6245481987487	70.93458788000709
14	62.29153904051778	985.9990218457729	248.9905834725965	0.0	175.63503335433154	62.29153904051778
15	69.52420338292944	1055.523225228702	269.5510390689769	0.0	185.50513981797877	69.52420338292944
16	67.00286896129427	1122.5260941899965	287.2080583234565	0.0	188.82634835644492	67.00286896129427
17	67.23661659334924	1189.7627107833453	305.552030119531	0.0	200.805681765976	67.23661659334924
18	65.71839016354993	1255.4811009468951	321.2464568714938	0.0	204.39907205915554	65.71839016354993
19	63.12738445462126	1318.6084854015164	334.7089277996482	0.0	207.29883985431806	63.12738445462126
20	65.5599282641817	1384.1684136656988	349.77311442466095	0.0	217.59335442510417	65.5599282641817
21	69.56834537320162	1453.7367590389	370.07409596302705	0.0	219.01656361613738	69.56834537320162
22	67.51751766450494	1521.254276703405	388.165763325054	0.0	224.41756911353096	67.51751766450494
23	68.97231244419925	1590.2265891476034	408.6754275800553	0.0	226.9213498591797	68.97231244419925
24	65.21870717958137	1655.445296327186	427.43229723139586	0.0	235.02018576958812	65.21870717958137
25	66.30813163520145	1721.753427962387	444.72456469386896	0.0	234.80476887939696	66.30813163520145
26	64.27104608566358	1786.0244740480503	459.8343737855664	0.0	245.95745886042963	64.27104608566358
27	62.475858461643	1848.5003325096932	474.4945120321006	0.0	251.39895738437096	62.475858461643
28	62.49537200358714	1910.9957045132805	486.91979822401737	0.0	260.93276687967557	62.49537200358714
29	66.5048511424283	1977.500555655709	504.56188307255354	0.0	268.74137880952	66.5048511424283
30	69.33440679398545	2046.8349624496934	524.7672909218231	0.0	279.727590796376	69.33440679398545
31	65.9974520789606	2112.832414528654	543.4495747256483	0.0	281.8870548043862	65.9974520789606
32	64.71929021393942	2177.5517047425933	559.0213447151366	0.0	288.8461915801441	64.71929021393942
33	66.16340812931239	2243.715112871907	576.4726159877188	0.0	297.32131973874	66.16340812931239
34	64.57345429352279	2308.2885671654294	592.3548559768865	0.0	308.6555622792959	64.57345429352279
35	64.66271706522696	2372.9512842306563	609.0253221138073	0.0	315.3262648291815	64.66271706522696
36	69.04466488554597	2441.9959491162012	630.1197350533788	0.0	317.76224023325943	69.04466488554597
37	68.07443607095897	2510.070385187162	650.5009362474857	0.0	326.0738828250354	68.07443607095897
38	71.33456151724981	2581.40494670441	673.4036693658659	0.0	336.90980844447876	71.33456151724981
39	69.37626720191547	2650.7812139063262	694.8745555059428	0.0	346.5377532208153	69.37626720191547
40	71.31141665899516	2722.092630565322	716.9383777518026	0.0	349.0970182694117	71.31141665899516
41	74.61046126476907	2796.7030918300916	743.6670762242532	0.0	354.24166552572035	74.61046126476907
42	69.50767460106589	2866.2107664311557	764.1805013837743	0.0	362.1153595528028	69.50767460106589
43	65.75450414528241	2931.9652705764397	781.7418474769652	0.0	370.5900375498076	65.75450414528241
44	74.8743453078306	3006.839615884269	809.0709513803724	0.0	382.84255110935476	74.8743453078306
45	70.90415192149098	3077.743767805761	829.0850134406895	0.0	393.38840313296834	70.90415192149098
46	61.893839319621726	3139.6376071253817	842.4787559474773	0.0	402.4267386703452	61.893839319621726
47	67.5027761101144	3207.1403832354954	862.4709806642453	0.0	411.98459415547575	67.5027761101144
48	68.51378883812684	3275.654172073625	883.0395909581713	0.0	413.1682484084928	68.51378883812684
49	67.78287082295019	3343.4370428965717	903.1747524266896	0.0	418.56505800225966	67.78287082295019
50	73.34389078897733	3416.7809336855516	926.9432533056179	0.0	427.9372816751614	73.34389078897733
51	70.28998802215288	3487.0709217077037	947.2537485094607	0.0	436.4767170417208	70.28998802215288
52	66.11939903075529	3553.190320738458	966.042913720402	0.0	443.2339738375258	66.11939903075529
53	69.6198022156662	3622.810122954126	987.9887066178621	0.0	456.956212095694	69.6198022156662
54	75.7723752798606	3698.5824982339836	1015.485196414009	0.0	469.38517247275	75.7723752798606
55	67.55610750805735	3766.138605742043	1034.4824655005082	0.0	479.9197042034173	67.55610750805735
56	63.974098729457225	3830.112704471497	1048.6647927470356	0.0	482.789095769769	63.974098729457225
57	63.79455966088923	3893.907264132387	1063.7476230287232	0.0	491.87938541743387	63.79455966088923
58	66.20547847065902	3960.1127426030475	1080.146413221979	0.0	497.96469706190146	66.20547847065902
59	65.57198177243771	4025.684724375485	1099.0532969865362	0.0	503.79508993273777	65.57198177243771
60	71.91204584031098	4097.596770215797	1122.8562034451577	0.0	511.5067838782547	71.91204584031098
61	64.85760995781148	4162.454380173607	1138.5259513259425	0.0	521.9409678176997	64.85760995781148
62	71.79880126816265	4234.25318144177	1163.3258207428114	0.0	532.112709455377	71.79880126816265
63	67.86009990126833	4302.11328134304	1182.855340591476	0.0	541.2858273182708	67.86009990126833
64	62.21374186103517	4364.327023204072	1194.6743302372167	0.0	549.8861614226495	62.21374186103517
65	63.129919833658676	4427.456943037734	1209.5971602500738	0.0	559.876311204495	63.129919833658676
66	59.66874036822572	4487.1256834059595	1219.2356144297542	0.0	566.9528507190232	59.66874036822572
67	61.98382806382785	4549.1095114697855	1232.1864676688865	0.0	574.0483959559893	61.98382806382785
68	66.24380818639986	4615.353319656186	1249.4554435894509	0.0	580.5715687441316	66.24380818639986
69	67.66018850995326	4683.013508166138	1266.1845746706044	0.0	591.8388448189779	67.66018850995326
70	67.26350151835587	4750.277009684496	1285.7480636262892	0.0	604.7097852832504	67.26350151835587
71	71.17170950777674	4821.448719192272	1307.1355580869927	0.0	611.188784665579	71.17170950777674
72	61.00993428710333	4882.458653479377	1319.2548059747598	0.0	615.8716539299684	61.00993428710333
73	67.74330780074652	4950.201961280121	1339.1556804789864	0.0	618.1022625084762	67.74330780074652
74	69.3138254246038	5019.515786704727	1360.8949715012518	0.0	625.9313207436256	69.3138254246038
75	63.647383408861764	5083.163170113589	1374.8356818639688	0.0	638.1746716145637	63.647383408861764
76	66.89217449642382	5150.055344610013	1391.4271841856544	0.0	650.6491180108343	66.89217449642382
77	65.20285644694421	5215.258201056957	1407.7855059006604	0.0	660.4625549558939	65.20285644694421
78	64.46959276052004	5279.7277938174775	1422.9437648329947	0.0	675.3507430358985	64.46959276052004
79	70.00669123793035	5349.734485055404	1443.1081502712977	0.0	683.102240317652	70.00669123793035
80	64.28361435882738	5414.018099414237	1458.3826812745995	0.0	692.5514878528064	64.28361435882738
81	68.26991074012915	5482.288010154363	1475.4008369968913	0.0	693.1611689127399	68.26991074012915
82	66.95722281616027	5549.245232970521	1493.639756545657	0.0	703.7279655348491	66.95722281616027
83	68.36698202603696	5617.612214996559	1514.4057811393661	0.0	709.2743624094292	68.36698202603696
84	68.44409501952629	5686.056310016088	1534.8785573345283	0.0	720.2769173150693	68.44409501952629
85	68.81323476560495	5754.86954478169	1555.6826940545213	0.0	734.5553589575109	68.81323476560495
86	64.16726423986674	5819.036809021557	1572.7542058986774	0.0	743.8560037287392	64.16726423986674
87	66.36887155264043	5885.405680574198	1588.455808620407	0.0	757.5468129433845	66.36887155264043
88	68.66203613271391	5954.067716706913	1608.1973271271206	0.0	767.9418902675311	68.66203613271391
89	66.51266240929475	6020.580379116208	1627.4676874254185	0.0	776.1515993109601	66.51266240929475
90	72.36896905121131	6092.949348167417	1648.8007181461176	0.0	781.3737267191996	72.36896905121131
91	72.61407829365263	6165.5634264610735	1673.9242463452551	0.0	783.3507102308278	72.61407829365263
92	73.21717611550228	6238.780602576573	1697.7090262880915	0.0	794.8041071118141	73.21717611550228
93	61.81820521170523	6300.5988077882785	1708.918043370942	0.0	798.9062810728822	61.81820521170523
94	69.39983904634967	6369.998646834629	1728.773507050564	0.0	805.5603272349813	69.39983904634967
95	67.21460175875305	6437.213248593383	1746.0079484531143	0.0	808.7164128191279	67.21460175875305
96	64.01038720792931	6501.223635801312	1763.427900891889	0.0	816.0908495814534	64.01038720792931
97	64.46282219311323	6565.686457994427	1778.523627179286	0.0	826.5105294298743	64.46282219311323
98	78.64941198349734	6644.335869977921	1808.0459385025847	0.0	835.9094699116107	78.64941198349734
99	62.56735370105143	6706.9032236789735	1820.9951209607043	0.0	841.4477261818076	62.56735370105143
100	67.74574268156742	6774.648966360539	1837.8132792750246	0.0	847.6132130890303	67.74574268156742
101	69.97148822547996	6844.62045458602	1860.7070953516582	0.0	857.8212885251548	69.97148822547996
102	71.7027162806762	6916.323170866702	1883.7596550764688	0.0	868.3334431928241	71.7027162806762
103	66.77156220663012	6983.094733073329	1899.5211409922485	0.0	882.6935234364946	66.77156220663012
104	69.53609148769765	7052.630824561023	1920.2082472960383	0.0	889.9343417357286	69.53609148769765
105	63.37680979881282	7116.0076343598375	1932.8670398794563	0.0	902.603635881754	63.37680979881282
106	63.08701283194189	7179.094647191778	1947.240425895937	0.0	910.0841942711813	63.08701283194189
107	66.49113450163406	7245.585781693413	1966.580489256852	0.0	924.6306681648317	66.49113450163406
108	69.94042552477184	7315.52620721818	1989.5943603504195	0.0	936.1580895946887	69.94042552477184
109	70.32642342712353	7385.852630645306	2009.847360183933	0.0	938.2888443081863	70.32642342712353
110	64.11267174767895	7449.9653023929895	2028.6405495849076	0.0	944.2324234434064	64.11267174767895
111	67.60287451676383	7517.568176909755	2044.4238567967286	0.0	953.8685091604868	67.60287451676383
112	58.257385836157965	7575.825562745912	2052.8805636308684	0.0	964.0956148738491	58.257385836157965
113	68.98477106275321	7644.810333808665	2071.983175160769	0.0	974.546113562656	68.98477106275321
114	69.98957216022443	7714.799905968891	2092.6927257572943	0.0	980.2524836385307	69.98957216022443
115	66.61190225609175	7781.41180822498	2111.680828530454	0.0	988.1976058544694	66.61190225609175
116	68.14552471488346	7849.557332939864	2130.8052614820162	0.0	992.7493743790901	68.14552471488346
117	63.779030248782156	7913.3363631886405	2146.6145956956707	0.0	997.9208372982945	63.779030248782156
118	70.83005675462094	7984.166419943268	2169.7916229318157	0.0	1012.0730824457661	70.83005675462094
119	64.59200660948291	8048.758426552746	2185.4928922248755	0.0	1026.0587929951257	64.59200660948291
120	63.234674065498076	8111.993100618245	2197.9000620251636	0.0	1031.5403515842352	63.234674065498076
121	67.29434899772069	8179.287449615973	2213.647213157127	0.0	1036.3401368256314	67.29434899772069
122	67.57536289683848	8246.862812512809	2230.4378396986917	0.0	1046.5346004567762	67.57536289683848
123	62.54461111117657	8309.407423623981	2242.820353643839	0.0	1051.815397251106	62.54461111117657
124	64.40390678489283	8373.811330408878	2259.9379292218687	0.0	1058.9820395857314	64.40390678489283
125	67.14159274977864	8440.952923158658	2281.327871231567	0.0	1066.1282546107445	67.14159274977864
126	64.02660562932944	8504.979528787986	2294.7830983359568	0.0	1071.2190173192405	64.02660562932944
127	63.66528561629956	8568.644814404286	2309.3467838266065	0.0	1079.446859267229	63.66528561629956
128	66.48090896421195	8635.1257233685	2328.9915610208045	0.0	1088.4392481493376	66.48090896421195
129	71.5703157195933	8706.696039088087	2351.4515476519473	0.0	1093.7218342149918	71.5703157195933
130	66.4880727473484	8773.184111835433	2367.4834079049547	0.0	1104.5353060477844	66.4880727473484
131	65.16801270274203	8838.352124538178	2383.036838202471	0.0	1113.9194543227552	65.16801270274203
132	67.23493677348677	8905.587061311666	2399.1067733516074	0.0	1128.741642205023	67.23493677348677
133	66.9083090605491	8972.49537037221	2417.310833478489	0.0	1133.46999006897	66.9083090605491
134	59.88259589687839	9032.377966269092	2428.0936774333973	0.0	1140.6686110642065	59.88259589687839
135	69.86128193805808	9102.239248207148	2448.681759070657	0.0	1154.1633464925421	69.86128193805808
136	63.97954227692285	9166.218790484074	2462.799043140568	0.0	1166.5306806244173	63.97954227692285
137	64.58369234402647	9230.8024828281	2477.290768358878	0.0	1171.7002966035745	64.58369234402647
138	64.33178304938114	9295.134265877483	2492.2122894026934	0.0	1176.8261749757103	64.33178304938114
139	69.60817252030313	9364.742438397785	2512.122555373545	0.0	1185.6585569679248	69.60817252030313
140	71.90124180886582	9436.64368020665	2536.378031747599	0.0	1192.287023756332	71.90124180886582
141	69.73176001148427	9506.375440218131	2557.759892134691	0.0	1200.2995450862425	69.73176001148427
142	68.55083071151738	9574.926270929649	2576.9591650411653	0.0	1204.9140307681741	68.55083071151738
143	66.54156931706437	9641.467840246716	2594.918182669629	0.0	1216.1124797616958	66.54156931706437
144	68.87557196171885	9710.343412208435	2611.8732847303518	0.0	1221.0456868734373	68.87557196171885
145	70.36783182618896	9780.711244034625	2633.9197072100437	0.0	1234.989185024939	70.36783182618896
146	71.26557797935433	9851.976822013978	2656.946945474576	0.0	1240.322155026293	71.26557797935433
147	69.27624106587616	9921.253063079854	2675.615195162675	0.0	1245.623925143286	69.27624106587616
148	67.77784166628378	9989.030904746136	2694.9717324721173	0.0	1252.758177594482	67.77784166628378
149	69.08608852002793	10058.116993266165	2712.1006450554164	0.0	1255.730581505786	69.08608852002793
150	67.84011191659961	10125.957105182762	2732.2731044802126	0.0	1264.0750131648858	67.84011191659961
151	64.99292918377878	10190.950034366544	2746.6538081948884	0.0	1270.6406129803872	64.99292918377878
152	66.6906742605543	10257.640708627096	2763.963086265233	0.0	1279.3044381129316	66.6906742605543
153	64.07462302832785	10321.715331655427	2777.1725282348225	0.0	1286.558956623846	64.07462302832785
154	66.09718807025591	10387.812519725683	2794.1828279156493	0.0	1293.6855421574267	66.09718807025591
155	68.3424584283739	10456.154978154058	2813.7032802200424	0.0	1301.1597974998788	68.3424584283739
156	69.22988450900648	10525.38486266306	2834.3308017248164	0.0	1306.9961798517897	69.22988450900648
157	65.6599788215533	10591.04484148461	2851.1147314598084	0.0	1310.0425357419974	65.6599788215533
158	71.26717516748754	10662.312016652097	2872.5291798791	0.0	1315.0377812967013	71.26717516748754
159	70.59522827983437	10732.907244931934	2894.0722049910746	0.0	1321.8503832355711	70.59522827983437
160	61.98236060218279	10794.88960553412	2908.7430548054085	0.0	1327.8028870565997	61.98236060218279
161	61.93482540165869	10856.824430935778	2921.963623174207	0.0	1334.8150946734359	61.93482540165869
162	68.07455028254523	10924.898981218324	2943.2375878459607	0.0	1337.8533725326554	68.07455028254523
163	64.00748749501878	10988.90646871334	2959.018502935094	0.0	1345.0935975339485	64.00748749501878
164	67.30084614272019	11056.207314856048	2977.131528331504	0.0	1346.3366008294233	67.30084614272019
165	61.595945329991345	11117.803260186047	2990.8685356147594	0.0	1354.5311167378447	61.595945329991345
166	68.99463932934658	11186.797899515394	3009.9281368882343	0.0	1367.7645394271904	68.99463932934658
167	67.44295533094926	11254.240854846348	3030.978816352157	0.0	1375.4311500323722	67.44295533094926
168	64.12685047889079	11318.36770532524	3047.994646345122	0.0	1386.4640418142494	64.12685047889079
169	68.69141390133558	11387.059119226577	3069.7482750019644	0.0	1395.4008127468398	68.69141390133558
170	72.63586163265025	11459.694980859224	3092.036246698855	0.0	1401.6786746117014	72.63586163265025
171	68.44575369829644	11528.140734557519	3111.9709587456637	0.0	1410.567334532313	68.44575369829644
172	68.45568105346152	11596.596415610984	3132.6288946503064	0.0	1419.3290151469328	68.45568105346152
173	64.61354039362153	11661.209956004603	3148.159509811122	0.0	1424.8147242344046	64.61354039362153
174	65.43654713867525	11726.646503143276	3165.007865237685	0.0	1430.2745624697118	65.43654713867525
175	70.18831735428328	11796.83482049756	3188.0783983202027	0.0	1440.1498567090766	70.18831735428328
176	70.16429675125588	11866.999117248819	3210.556991346027	0.0	1446.3805777501177	70.16429675125588
177	68.44702738768606	11935.446144636504	3230.449320353472	0.0	1454.2139325590697	68.44702738768606
178	65.8140654240801	12001.260210060584	3248.198016174522	0.0	1465.7640848675894	65.8140654240801
179	73.1265348478631	12074.386744908441	3274.8693912147533	0.0	1472.013976085094	73.1265348478631
180	64.48530821386805	12138.872053122317	3287.1743010659616	0.0	1476.2647456891825	64.48530821386805
181	67.17605801465274	12206.048111136972	3305.308579632285	0.0	1480.7853114154925	67.17605801465274
182	70.5329892025192	12276.581100339487	3326.676430879177	0.0	1489.847774865301	70.5329892025192
183	63.12234008129679	12339.70344042078	3341.661021469853	0.0	1496.9094771341001	63.12234008129679
184	62.66973617879422	12402.373176599576	3353.601555381276	0.0	1502.0103063242168	62.66973617879422
185	67.59819505330951	12469.971371652884	3370.9236446660525	0.0	1507.142582366498	67.59819505330951
186	62.04326829184505	12532.01463994473	3385.378579702751	0.0	1521.8857103082714	62.04326829184505
187	68.70921248791916	12600.72385243265	3405.830692565062	0.0	1528.7282291182348	68.70921248791916
188	70.60388742137836	12671.32773985403	3428.753773795219	0.0	1538.3500785588753	70.60388742137836
189	68.6221068108785	12739.949846664904	3448.6887428635646	0.0	1543.0291422789198	68.6221068108785
190	65.56335778755397	12805.51320445246	3465.6901822534433	0.0	1550.3959011851011	65.56335778755397
191	69.55982803513162	12875.073032487591	3487.5691572136543	0.0	1547.7476424501926	69.55982803513162
192	61.009750636652726	12936.082783124244	3498.55751757173	0.0	1556.0090608144037	61.009750636652726
193	71.52197438112404	13007.60475750537	3521.888177459779	0.0	1562.6096137209636	71.52197438112404
194	65.22118465236903	13072.825942157733	3538.5526437656285	0.0	1578.5914744350011	65.22118465236903
195	62.44900888534246	13135.274951043079	3549.949097499361	0.0	1589.4643132579383	62.44900888534246
196	70.68192354684145	13205.95687458991	3570.14819991627	0.0	1590.4092378998866	70.68192354684145
197	68.97914526826091	13274.936019858176	3590.7488470064827	0.0	1598.9681335714322	68.97914526826091
198	64.28396408313884	13339.219983941317	3604.2970160640025	0.0	1607.0528324671013	64.28396408313884
199	66.66280288835468	13405.88278682968	3624.0356614701614	0.0	1610.7834872486999	66.66280288835468
200	67.43196049561158	13473.31474732528	3639.826542865286	0.0	1626.346111714501	67.43196049561158
201	65.08047384897002	13538.395221174262	3653.4506484225	0.0	1630.9142118293628	65.08047384897002
202	62.356149428096614	13600.751370602347	3666.2098451299967	0.0	1637.2342097841115	62.356149428096614
203	58.976901147652015	13659.728271749993	3676.013188933648	0.0	1645.7671366404797	58.976901147652015
204	73.71684753630205	13733.445119286296	3701.1377000434604	0.0	1660.530350194825	73.71684753630205
205	64.42190862971106	13797.867027916014	3716.0092184934183	0.0	1669.2818190430191	64.42190862971106
206	67.04750575399552	13864.914533670013	3734.7533283931575	0.0	1679.2041257502774	67.04750575399552
207	69.85871758904287	13934.773251259048	3755.9951437666405	0.0	1686.0914661926442	69.85871758904287
208	72.93454207301605	14007.707793332063	3780.91663829425	0.0	1696.0387157068694	72.93454207301605
209	66.26372674205489	14073.971520074121	3799.40754914432	0.0	1703.0633348691767	66.26372674205489
210	73.01541876604097	14146.986938840164	3821.0024704760253	0.0	1713.2001866756636	73.01541876604097
211	67.67353062922516	14214.66046946939	3839.674115929986	0.0	1720.508394905934	67.67353062922516
212	76.09952234478797	14290.759991814182	3866.613259009976	0.0	1721.8449424592013	76.09952234478797
213	64.37774338449894	14355.137735198678	3883.5085777007685	0.0	1734.9885474396765	64.37774338449894
214	71.56540653350272	14426.703141732181	3904.6449037024718	0.0	1738.7739041063026	71.56540653350272
215	67.16088007419165	14493.86402180637	3924.8562415466995	0.0	1747.9644458620558	67.16088007419165
216	69.25629732347907	14563.120319129846	3945.7354112901776	0.0	1752.2893248620492	69.25629732347907
217	61.9054768991153	14625.02579602896	3957.0421940965207	0.0	1759.9391975152632	61.9054768991153
218	67.75101287692861	14692.776808905897	3976.5708389159186	0.0	1771.3327047862263	67.75101287692861
219	66.90642830440936	14759.683237210305	3994.8813157539926	0.0	1783.4897095987387	66.90642830440936
220	66.69564345966977	14826.378880669976	4012.446646541925	0.0	1791.8314694959745	66.69564345966977
221	64.89347077446	14891.272351444435	4030.0113479951024	0.0	1801.3462117164097	64.89347077446
222	67.92252822750112	14959.194879671933	4051.374493125414	0.0	1810.021445285172	67.92252822750112
223	66.4673777223566	15025.662257394286	4068.823446844571	0.0	1820.5690338310274	66.4673777223566
224	59.82842993444815	15085.490687328731	4079.8794993624406	0.0	1829.1407267380425	59.82842993444815
225	65.45499253278527	15150.94567986152	4098.189882582435	0.0	1837.8658296328451	65.45499253278527
226	66.35946821872858	15217.305148080255	4117.825186935051	0.0	1848.377356194381	66.35946821872858
227	65.53005831424241	15282.835206394482	4133.921138181441	0.0	1851.9810510283457	65.53005831424241
228	68.88803299188004	15351.723239386365	4153.480233910358	0.0	1861.260904528276	68.88803299188004
229	64.83536542694478	15416.558604813323	4169.757041188606	0.0	1872.6547608055585	64.83536542694478
230	69.61342917415627	15486.172033987476	4191.471609185268	0.0	1881.1127432069927	69.61342917415627
231	71.3936208796526	15557.565654867132	4215.329973369848	0.0	1890.3570097932684	71.3936208796526
232	69.21419395488353	15626.77984882201	4236.497177510573	0.0	1891.417740159713	69.21419395488353
233	65.26126693408891	15692.0411157561	4252.011737261895	0.0	1898.692768859033	65.26126693408891
234	75.18035452705575	15767.221470283153	4275.774999162435	0.0	1906.592978197697	75.18035452705575
235	69.42697567056555	15836.648445953708	4298.078312305518	0.0	1910.4482013000988	69.42697567056555
236	70.01447563098287	15906.662921584695	4320.402219520656	0.0	1918.462252449309	70.01447563098287
237	73.05099456036872	15979.713916145074	4345.417487742834	0.0	1927.790679293569	73.05099456036872
238	64.82136901198314	16044.535285157053	4360.377254113811	0.0	1933.7813724419625	64.82136901198314
239	63.615335457356466	16108.150620614402	4375.228862929987	0.0	1941.0283630938088	63.615335457356466
240	68.39804768838984	16176.548668302803	4395.341664386667	0.0	1948.0222218869126	68.39804768838984
241	67.93268126576721	16244.481349568563	4414.76584133638	0.0	1954.6391104724855	67.93268126576721
242	69.64686137947065	16314.128210948045	4433.90036698819	0.0	1959.8666010116513	69.64686137947065
243	66.4879467421552	16380.61615769019	4450.705940181407	0.0	1970.8692147658337	66.4879467421552
244	60.94715095752528	16441.563308647717	4463.443951460554	0.0	1980.5774174735882	60.94715095752528
245	72.41661329717225	16513.97992194489	4488.471233232402	0.0	1992.8653644927206	72.41661329717225
246	74.41524785884546	16588.395169803734	4513.363149099566	0.0	2002.3952124069592	74.41524785884546
247	66.06984372717058	16654.465013530906	4531.568100150213	0.0	2008.9859369023352	66.06984372717058
248	70.56160657341566	16725.026620104323	4553.6580689427055	0.0	2016.2189975456029	70.56160657341566
249	68.72585274459573	16793.75247284891	4573.26812185033	0.0	2023.7391751605887	68.72585274459573
250	64.5088522932811	16858.261325142197	4590.484025615102	0.0	2028.2359491582895	64.5088522932811
251	65.62997612673394	16923.89130126893	4610.400714712863	0.0	2032.874707903326	65.62997612673394
252	69.17967418222325	16993.07097545115	4630.831994386179	0.0	2044.1603901289448	69.17967418222325
253	74.40458537905691	17067.47556083021	4658.439652053008	0.0	2044.1462470171675	74.40458537905691
254	68.83499786936044	17136.310558699566	4676.2954547098125	0.0	2050.0564291787155	68.83499786936044
255	66.6115477986086	17202.922106498183	4695.159543828971	0.0	2060.0636579771694	66.6115477986086
256	67.83685154338755	17270.758958041562	4717.8201079407645	0.0	2064.5790520166784	67.83685154338755
257	65.33752251958516	17336.09648056116	4734.692353016906	0.0	2073.7876755246793	65.33752251958516
258	68.13470532303134	17404.23118588418	4756.368420774175	0.0	2083.654137593171	68.13470532303134
259	61.29918487692791	17465.53037076112	4770.17019388735	0.0	2094.849616821042	61.29918487692791
260	69.00377577026595	17534.534146531372	4788.371007166005	0.0	2100.7449147372267	69.00377577026595
261	61.12925395732064	17595.66340048869	4800.419210468879	0.0	2108.805861431865	61.12925395732064
262	66.11928605983049	17661.782686548526	4818.761565441169	0.0	2116.1031971656807	66.11928605983049
263	70.93652669178928	17732.71921324033	4842.721100897672	0.0	2117.214060459701	70.93652669178928
264	69.61321173373314	17802.332424974054	4866.576823748871	0.0	2127.837343930543	69.61321173373314
265	63.607171261269805	17865.93959623533	4881.768592255738	0.0	2134.636596888965	63.607171261269805
266	63.414179734674555	17929.353775969994	4895.322753507984	0.0	2142.465876111532	63.414179734674555
267	61.97433147291754	17991.32810744291	4909.194597254473	0.0	2152.7911889831535	61.97433147291754
268	64.02412045666604	18055.35222789958	4925.569954863246	0.0	2164.8237613168294	64.02412045666604
269	66.72678072101571	18122.079008620593	4943.337339496661	0.0	2180.2686037335375	66.72678072101571
270	67.49654588946969	18189.575554510066	4960.951965848114	0.0	2184.7849106797153	67.49654588946969
271	66.47922143685525	18256.054775946923	4978.095178449996	0.0	2196.3151227283097	66.47922143685525
272	64.93340484356975	18320.988180790493	4993.719802516345	0.0	2207.4874808374707	64.93340484356975
273	69.35286231397689	18390.341043104465	5014.445250528112	0.0	2213.8609557855284	69.35286231397689
274	68.87802039153827	18459.219063496	5035.342301329392	0.0	2217.909616787069	68.87802039153827
275	74.60621302699997	18533.825276523006	5061.452171855537	0.0	2228.337773861356	74.60621302699997
276	70.49927058683616	18604.32454710983	5083.4853667025345	0.0	2237.6050426414627	70.49927058683616
277	69.55651860176984	18673.8810657116	5101.900044747688	0.0	2248.9005273045796	69.55651860176984
278	75.2849694926646	18749.16603520427	5127.7549681008	0.0	2258.459446767072	75.2849694926646
279	60.070062550065835	18809.236097754343	5139.491816320634	0.0	2266.7538427280642	60.070062550065835
280	65.66210981147823	18874.898207565824	5155.887533222862	0.0	2272.686713373	65.66210981147823
281	64.82529236630708	18939.723499932126	5174.140991392299	0.0	2283.5638685810795	64.82529236630708
282	70.6154387630422	19010.338938695164	5197.5101309956135	0.0	2290.9538474240217	70.6154387630422
283	61.93120261286844	19072.270141308032	5212.530695817001	0.0	2298.3121268523987	61.93120261286844
284	66.0864072916103	19138.356548599648	5228.580701351088	0.0	2305.3720093478087	66.0864072916103
285	67.69542167675553	19206.05197027639	5249.475803541065	0.0	2314.4560712976077	67.69542167675553
286	75.47178210054726	19281.52375237694	5274.685953884383	0.0	2324.694642635617	75.47178210054726
287	68.650891085324	19350.174643462266	5294.9645368786905	0.0	2330.7140003976624	68.650891085324
288	67.94826292429705	19418.122906386572	5314.464185453191	0.0	2338.8514741891518	67.94826292429705
289	62.800201888185086	19480.923108274746	5327.051913273209	0.0	2351.575440844242	62.800201888185086
290	61.59411986582476	19542.517228140576	5340.6632933092005	0.0	2357.2638401000886	61.59411986582476
291	65.37317690241807	19607.89040504299	5356.750975927324	0.0	2371.292426798271	65.37317690241807
292	67.64991904306828	19675.54032408606	5376.030973386331	0.0	2383.6564320109273	67.64991904306828
293	73.63359718061787	19749.173921266676	5400.286877122732	0.0	2390.2355538831057	73.63359718061787
294	62.161716524774604	19811.335637791453	5414.926006887067	0.0	2399.306129653961	62.161716524774604
295	66.79255447059555	19878.128192262055	5431.035863101674	0.0	2409.295911092733	66.79255447059555
296	60.527536800954756	19938.655729063	5442.404709586786	0.0	2417.253462159626	60.527536800954756
297	67.57344178218946	20006.229170845203	5460.54587389725	0.0	2417.94279972032	67.57344178218946
298	73.72289826785874	20079.952069113053	5485.057757551215	0.0	2422.1615564701524	73.72289826785874
299	61.91622045329057	20141.86828956634	5497.575787956022	0.0	2435.1456958249664	61.91622045329057
300	67.25674885894634	20209.12503842529	5519.020280155591	0.0	2441.0795870742327	67.25674885894634
301	69.54205335229136	20278.667091777577	5540.530754079796	0.0	2455.3348273288575	69.54205335229136
302	73.28950363931412	20351.956595416894	5564.0430962638675	0.0	2462.732150167395	73.28950363931412
303	61.26239579684536	20413.218991213747	5576.531150752282	0.0	2471.964573976643	61.26239579684536
304	62.1719064713165	20475.390897685058	5590.802821791122	0.0	2478.3134186825755	62.1719064713165
305	70.9090842993003	20546.299981984357	5612.989406909252	0.0	2490.4753414703973	70.9090842993003
306	70.18812746232891	20616.48810944669	5635.256097017198	0.0	2501.248187325841	70.18812746232891
307	69.18206191589789	20685.670171362577	5653.316311151744	0.0	2506.384674367862	69.18206191589789
308	59.55265464279419	20745.222826005378	5665.351840029927	0.0	2517.547498666699	59.55265464279419
309	71.2247542507002	20816.44758025608	5687.775668019907	0.0	2523.8601843044216	71.2247542507002
310	60.38968336059751	20876.837263616668	5702.742687104273	0.0	2531.629992359781	60.38968336059751
311	75.0119111203581	20951.849174737035	5728.600918785007	0.0	2537.48984261402	75.0119111203581
312	65.75011527267057	21017.599290009715	5744.805182537464	0.0	2543.966824095363	65.75011527267057
313	67.29364940210438	21084.892939411813	5763.809554822883	0.0	2549.438758460673	67.29364940210438
314	67.8589085840982	21152.751847995896	5782.406098585512	0.0	2560.7658107235684	67.8589085840982
315	67.27448790810301	21220.026335904004	5800.869119388046	0.0	2569.3328066191443	67.27448790810301
316	68.94809143831354	21288.97442734231	5823.331310770787	0.0	2578.8944732672935	68.94809143831354
317	67.27088840793903	21356.245315750257	5842.063364369555	0.0	2585.104484879124	67.27088840793903
318	59.70798833728461	21415.95330408754	5852.853220215093	0.0	2597.73637720297	59.70798833728461
319	69.40799171489543	21485.36129580245	5873.703393961871	0.0	2607.260055420805	69.40799171489543
320	65.82898869788474	21551.19028450032	5890.293898780243	0.0	2610.897212573909	65.82898869788474
321	61.10553625307611	21612.295820753403	5901.948503533998	0.0	2623.440922957302	61.10553625307611
322	71.94350973344766	21684.239330486856	5925.433322585014	0.0	2630.036335363875	71.94350973344766
323	67.52385046500346	21751.76318095185	5944.865075915391	0.0	2637.8526257207022	67.52385046500346
324	67.24339457864616	21819.006575530497	5965.061739703193	0.0	2655.9040923359685	67.24339457864616
325	72.05073732937576	21891.05731285987	5984.023108196982	0.0	2666.131919657016	72.05073732937576
326	63.61027594845742	21954.667588808326	5999.139721431799	0.0	2671.2248651664986	63.61027594845742
327	65.0467281666165	22019.714316974947	6015.995175919408	0.0	2677.4398070980856	65.0467281666165
328	63.23110135136758	22082.94541832631	6030.380868765153	0.0	2686.5284003199567	63.23110135136758
329	67.23349458351194	22150.17891290983	6050.360339694578	0.0	2692.265557307656	67.23349458351194
330	66.21692962288078	22216.395842532696	6068.238236914967	0.0	2698.2517683903066	66.21692962288078
331	67.9521060311632	22284.34794856387	6087.570781217835	0.0	2707.384605235406	67.9521060311632
332	67.18973635937489	22351.537684923256	6108.010298100097	0.0	2713.2122881107866	67.18973635937489
333	58.66664193815227	22410.2043268614	6118.843776594219	0.0	2722.0571570996935	58.66664193815227
334	66.98341125421736	22477.187738115616	6138.136229252032	0.0	2731.4360202485445	66.98341125421736
335	66.45664678479841	22543.64438490041	6158.163695951578	0.0	2744.134613708739	66.45664678479841
336	69.81608177194762	22613.460466672364	6178.506000085721	0.0	2754.3783846983897	69.81608177194762
337	63.59357282461486	22677.05403949698	6194.874867040298	0.0	2764.0227568418727	63.59357282461486
338	64.07244867776235	22741.126488174734	6211.637063676463	0.0	2768.154933913793	64.07244867776235
339	69.99217812807831	22811.118666302827	6232.3961408892865	0.0	2777.174590292138	69.99217812807831
340	60.14862966323131	22871.267295966052	6242.303239041179	0.0	2781.6325541975325	60.14862966323131
341	65.71860560744796	22936.985901573495	6259.175653546716	0.0	2788.9498326131948	65.71860560744796
342	61.565497054125586	22998.551398627613	6271.285555231455	0.0	2794.0633990224137	61.565497054125586
343	68.96182391124185	23067.513222538855	6293.710037230085	0.0	2803.6914875420543	68.96182391124185
344	64.704130102783	23132.217352641634	6308.329619217019	0.0	2810.70985533409	64.704130102783
345	69.89051297502834	23202.10786561667	6329.327543971741	0.0	2816.2561616177277	69.89051297502834
346	70.86849486246113	23272.976360479137	6352.243261518781	0.0	2822.092719371557	70.86849486246113
347	65.622209387749	23338.59856986688	6369.319248000585	0.0	2825.635634761428	65.622209387749
348	72.77776156248252	23411.376331429365	6392.303600529813	0.0	2834.27713810952	72.77776156248252
349	69.53340000425527	23480.909731433625	6414.384209172788	0.0	2845.6809780595754	69.53340000425527
350	61.79040157064655	23542.70013300427	6429.489914338624	0.0	2856.8419665319902	61.79040157064655
351	65.66287289288233	23608.363005897147	6447.335087768911	0.0	2864.812375590199	65.66287289288233
352	66.42502651129772	23674.78803240845	6463.78868952668	0.0	2872.809915798974	66.42502651129772
353	66.16737560736573	23740.955408015805	6481.673192016919	0.0	2881.689525389637	66.16737560736573
354	62.87961866062623	23803.83502667645	6496.139985841944	0.0	2888.460258145062	62.87961866062623
355	66.91718979361461	23870.75221647005	6513.0419946077545	0.0	2898.131071742707	66.91718979361461
356	69.58060032770392	23940.332816797752	6537.058424232381	0.0	2903.8509272681326	69.58060032770392
357	67.11908308651356	24007.451899884265	6554.78200133591	0.0	2907.304012908326	67.11908308651356
358	70.73182331644023	24078.18372320071	6574.353403687128	0.0	2920.654937164871	70.73182331644023
359	66.2927246102838	24144.476447810986	6591.83325393244	0.0	2926.117217795776	66.2927246102838
360	71.69035698504429	24216.166804796034	6614.02213328167	0.0	2928.52348885711	71.69035698504429
361	61.53119552344529	24277.698000319488	6627.695434376103	0.0	2937.5158977441165	61.53119552344529
362	65.67390781375542	24343.37190813323	6644.227584184098	0.0	2942.345608245853	65.67390781375542
363	67.20452065133311	24410.576428784567	6662.575646915055	0.0	2950.9361881785853	67.20452065133311
364	62.12477949620049	24472.70120828078	6679.932623777793	0.0	2963.201457743837	62.12477949620049
365	67.79360366183738	24540.4948119426	6700.13360623376	0.0	2971.174148611823	67.79360366183738
366	75.58759004733564	24616.082401989945	6728.917238806408	0.0	2981.574417740657	75.58759004733564
367	65.48117715191682	24681.56357914184	6746.188027035245	0.0	2986.8711775563693	65.48117715191682
368	71.3612940355478	24752.92487317741	6768.852914658592	0.0	2995.7320299285357	71.3612940355478
369	64.95455307525329	24817.879426252657	6783.72823301385	0.0	2999.4896320669095	64.95455307525329
370	60.607733541347464	24878.487159794007	6795.37406387981	0.0	3006.1722442837477	60.607733541347464
371	70.1789027223444	24948.666062516357	6816.604389867778	0.0	3007.543973645829	70.1789027223444
372	67.18772592599973	25015.853788442357	6833.99135070401	0.0	3012.9207698262144	67.18772592599973
373	67.62671394601867	25083.480502388386	6854.067192914819	0.0	3024.949338961797	67.62671394601867
374	63.34340606218043	25146.82390845056	6868.927471318818	0.0	3030.945374815098	63.34340606218043
375	69.73159435880473	25216.555502809355	6889.223947072249	0.0	3035.7867173192294	69.73159435880473
376	67.30199625585196	25283.85749906521	6907.020418261203	0.0	3044.4684057380764	67.30199625585196
377	65.10036309143689	25348.957862156654	6924.695559007618	0.0	3045.421264352577	65.10036309143689
378	69.33381899251211	25418.291681149145	6945.090701957287	0.0	3049.3154530530282	69.33381899251211
379	68.93815082887569	25487.229831978028	6966.511401354166	0.0	3054.6831739636627	68.93815082887569
380	66.82242578833561	25554.052257766365	6982.581463220256	0.0	3061.120503338197	66.82242578833561
381	65.04687438192686	25619.0991321483	7000.0663265026415	0.0	3067.0945621268697	65.04687438192686
382	66.99916788532103	25686.098300033616	7018.761983691976	0.0	3071.709317030436	66.99916788532103
383	67.92265795749559	25754.020957991113	7037.541198851017	0.0	3076.2975794874014	67.92265795749559
384	70.54942330993191	25824.570381301033	7058.841913039418	0.0	3087.0652894211835	70.54942330993191
385	60.864415939088325	25885.434797240116	7071.790572458089	0.0	3095.15598662097	60.864415939088325
386	65.99562408529873	25951.430421325433	7088.872056274384	0.0	3101.178518165202	65.99562408529873
387	64.97420660441401	26016.404627929845	7106.457149262654	0.0	3106.9444539701667	64.97420660441401
388	68.84198447790169	26085.246612407744	7126.978314442406	0.0	3114.4046709274694	68.84198447790169
389	59.54940352362604	26144.796015931362	7137.574113016542	0.0	3124.647153209372	59.54940352362604
390	59.52944714944884	26204.325463080826	7147.1465328362865	0.0	3132.6977327449913	59.52944714944884
391	67.69049694818581	26272.015960028995	7165.14484555597	0.0	3144.4046742316596	67.69049694818581
392	65.61296854102324	26337.628928570026	7183.850419254981	0.0	3152.5319137876954	65.61296854102324
393	70.24139239473146	26407.870320964743	7205.848420396611	0.0	3167.625186091957	70.24139239473146
394	66.2129012205461	26474.08322218529	7223.376173679562	0.0	3176.233377955092	66.2129012205461
395	64.49406600307287	26538.577288188386	7240.205876495988	0.0	3182.8109903102227	64.49406600307287
396	63.72804688285054	26602.305335071225	7254.027867102277	0.0	3191.217684147411	63.72804688285054
397	69.85618199981229	26672.161517071036	7273.737083287801	0.0	3192.945461054308	69.85618199981229
398	70.86714026567171	26743.028657336723	7292.45381432034	0.0	3202.432043925259	70.86714026567171
399	66.70185584034365	26809.730513177063	7310.167522308998	0.0	3206.700575029556	66.70185584034365
400	68.97289346912655	26878.703406646182	7331.54189955737	0.0	3213.8327668099882	68.97289346912655
401	73.51816574206075	26952.221572388244	7355.283333102977	0.0	3227.9715073987386	73.51816574206075
402	65.21426879540668	27017.43584118363	7371.211310251234	0.0	3236.226286583847	65.21426879540668
403	69.30640107923453	27086.742242262888	7392.084035771828	0.0	3239.5673485003294	69.30640107923453
404	64.27645983364448	27151.018702096524	7407.288205801811	0.0	3248.396170259243	64.27645983364448
405	67.76689218676381	27218.785594283287	7424.7220789523535	0.0	3260.08246267368	67.76689218676381
406	75.86361610195713	27294.649210385243	7453.3375829566	0.0	3264.180950711883	75.86361610195713
407	67.39505228031626	27362.04426266556	7472.6303471661195	0.0	3269.952051516318	67.39505228031626
408	66.13444642930591	27428.17870909486	7489.784225161354	0.0	3283.5037832255107	66.13444642930591
409	61.182398460198435	27489.361107555073	7501.833769363904	0.0	3296.6393821462398	61.182398460198435
410	68.67377235218713	27558.03487990725	7522.456574785131	0.0	3302.488617484864	68.67377235218713
411	71.46333166211328	27629.498211569364	7548.765559944535	0.0	3312.463739595879	71.46333166211328
412	67.62903250227822	27697.127244071642	7567.774933629578	0.0	3321.6645150354525	67.62903250227822
413	68.1604727242013	27765.28771679585	7585.056095758099	0.0	3328.1255436634583	68.1604727242013
414	66.93693841546434	27832.22465521132	7604.204742328322	0.0	3336.237304261991	66.93693841546434
415	68.37620752699704	27900.600862738316	7621.697691932162	0.0	3339.9311113834624	68.37620752699704
416	70.03605553454172	27970.636918272845	7642.129149107077	0.0	3342.531503748897	70.03605553454172
417	68.16552206216694	28038.802440335025	7659.304049190637	0.0	3346.0673079665385	68.16552206216694
418	64.0521223221243	28102.854562657136	7673.44175858617	0.0	3359.196944568401	64.0521223221243
419	65.21301269699288	28168.06757535414	7689.231124778583	0.0	3362.9933541072564	65.21301269699288
420	64.86149255833634	28232.92906791246	7705.379350344383	0.0	3368.043709652393	64.86149255833634
421	65.55071382791618	28298.479781740392	7721.625437941364	0.0	3371.0417372130573	65.55071382791618
422	68.52243462626788	28367.002216366673	7740.989760630622	0.0	3378.411618494121	68.52243462626788
423	64.51746442401266	28431.51968079067	7756.846821938898	0.0	3383.267948226988	64.51746442401266
424	65.05386439307209	28496.57354518375	7772.767940336835	0.0	3386.6283620837326	65.05386439307209
425	62.25640636845277	28558.82995155219	7787.879104058885	0.0	3396.1913998800724	62.25640636845277
426	66.62079479040185	28625.450746342576	7805.452588993369	0.0	3405.9697863008178	66.62079479040185
427	65.85395580557	28691.304702148158	7823.033267033035	0.0	3411.391728739456	65.85395580557
428	70.57474629309891	28761.87944844127	7843.460334956044	0.0	3416.7786281202375	70.57474629309891
429	69.20644131882251	28831.085889760103	7863.225970057434	0.0	3422.8478022332893	69.20644131882251
430	65.65104496518816	28896.736934725264	7880.385261916844	0.0	3429.1349464352834	65.65104496518816
431	69.82141699054617	28966.558351715812	7900.225783385625	0.0	3436.5932679362377	69.82141699054617
432	65.34162896944198	29031.89998068527	7914.8529252501585	0.0	3441.030825602766	65.34162896944198
433	65.30239360972148	29097.202374294986	7931.417753934778	0.0	3447.066476240525	65.30239360972148
434	74.40336211759261	29171.605736412574	7955.722600791923	0.0	3456.945062565207	74.40336211759261
435	65.54105041846461	29237.146786831036	7973.430908031658	0.0	3463.371443974643	65.54105041846461
436	66.92856926936405	29304.075356100402	7990.819999739998	0.0	3465.916300965958	66.92856926936405
437	67.42780524643845	29371.503161346845	8011.937295644423	0.0	3481.4048211624918	67.42780524643845
438	60.55968726920446	29432.062848616046	8023.572094373791	0.0	3488.4860357502753	60.55968726920446
439	69.52304737236112	29501.58589598841	8044.308318760371	0.0	3502.271882122659	69.52304737236112
440	64.53018281537629	29566.116078803785	8058.568237268774	0.0	3504.6891283005707	64.53018281537629
441	65.01029781978889	29631.126376623575	8075.727472224698	0.0	3518.2323634433883	65.01029781978889
442	72.55666442302324	29703.683041046603	8098.850209276599	0.0	3523.703285917693	72.55666442302324
443	64.40383396522311	29768.086875011828	8114.121560464808	0.0	3531.6370188933583	64.40383396522311
444	66.78268707656335	29834.869562088377	8130.628125859612	0.0	3538.156508372177	66.78268707656335
445	64.63609615227908	29899.505658240672	8143.379600152667	0.0	3545.0264534697853	64.63609615227908
446	70.72057131984198	29970.22622956051	8165.035178995811	0.0	3549.2621565859313	70.72057131984198
447	67.20171860456755	30037.42794816507	8184.346269417546	0.0	3551.7077176000494	67.20171860456755
448	61.38251813592335	30098.810466300994	8196.668922998928	0.0	3562.2380817813737	61.38251813592335
449	67.54777426971731	30166.358240570728	8213.827167447953	0.0	3572.752498641414	67.54777426971731
450	66.0966161140923	30232.454856684813	8231.053183087532	0.0	3574.7803658353864	66.0966161140923
451	68.25266960431799	30300.707526289123	8251.13055356973	0.0	3579.7209091349314	68.25266960431799
452	69.5497001811277	30370.25722647026	8274.057774040604	0.0	3592.189322251674	69.5497001811277
453	71.20801813631755	30441.465244606567	8296.381573715698	0.0	3605.275987392284	71.20801813631755
454	70.40619087670292	30511.87143548327	8317.365035839704	0.0	3605.255222844549	70.40619087670292
455	62.79383397432206	30574.6652694576	8331.016316740193	0.0	3608.9130432902393	62.79383397432206
456	63.777955543537985	30638.44322500113	8346.561301498119	0.0	3624.456495579087	63.777955543537985
457	63.57563416679743	30702.01885916793	8359.68171209195	0.0	3631.526174013088	63.57563416679743
458	62.985947959745374	30765.00480712767	8374.431109587316	0.0	3635.27250863238	62.985947959745374
459	67.3042104075299	30832.30901753522	8392.552948014825	0.0	3641.405859510817	67.3042104075299
460	62.69978884177629	30895.008806376998	8408.119698511387	0.0	3655.077138894051	62.69978884177629
461	63.78451612033112	30958.79332249731	8424.885475026083	0.0	3659.9117378227797	63.78451612033112
462	67.77480363237801	31026.56812612969	8442.27358979154	0.0	3669.609876819268	67.77480363237801
463	60.854893880524216	31087.42302001021	8455.043093802555	0.0	3675.9438381448253	60.854893880524216
464	65.56324099814118	31152.98626100836	8471.420290299073	0.0	3684.7081152675873	65.56324099814118
465	66.9922741238492	31219.978535132213	8489.756582491655	0.0	3692.1162017753954	66.9922741238492
466	64.87587707897302	31284.85441221117	8506.966909048175	0.0	3704.5652931804884	64.87587707897302
467	65.22935106748038	31350.08376327865	8523.987059194978	0.0	3715.659944774894	65.22935106748038
468	63.24057675799393	31413.324340036655	8541.467691779853	0.0	3724.0620890461214	63.24057675799393
469	67.38083161788231	31480.705171654536	8558.765218018596	0.0	3737.150842760054	67.38083161788231
470	66.20264154663994	31546.907813201182	8574.924329797122	0.0	3745.6575272416553	66.20264154663994
471	75.50560036645813	31622.413413567647	8601.453117256342	0.0	3753.448372104073	75.50560036645813
472	66.96581159180668	31689.379225159446	8617.917418477606	0.0	3761.5676941731563	66.96581159180668
473	65.79202216469614	31755.171247324135	8634.207085840446	0.0	3776.1973646429633	65.79202216469614
474	68.34011830401474	31823.511365628157	8656.145598757837	0.0	3778.453444707104	68.34011830401474
475	66.44917081647036	31889.96053644463	8673.992331537593	0.0	3786.693582966873	66.44917081647036
476	75.83968284847195	31965.800219293105	8699.617376354221	0.0	3795.567835157789	75.83968284847195
477	68.85875504877487	32034.65897434186	8718.021622323009	0.0	3802.903463559308	68.85875504877487
478	75.45105117095743	32110.110025512826	8744.496880819754	0.0	3814.2452121632123	75.45105117095743
479	67.15477291230498	32177.264798425138	8761.360938284002	0.0	3822.1476463678955	67.15477291230498
480	66.34721706533851	32243.612015490467	8779.078732126138	0.0	3837.211621193496	66.34721706533851
481	67.62926625348841	32311.241281743944	8796.707802883273	0.0	3843.239136326219	67.62926625348841
482	66.99363775702979	32378.234919500992	8815.976608838942	0.0	3849.5822157993684	66.99363775702979
483	63.793248249408094	32442.0281677504	8833.876593038622	0.0	3855.1829280411184	63.793248249408094
484	64.01081738681124	32506.038985137227	8849.218699559155	0.0	3863.5826385030505	64.01081738681124
485	67.54281323154785	32573.581798368752	8868.808307754134	0.0	3867.2033338264737	67.54281323154785
486	64.37150346717092	32637.953301835918	8882.905581874227	0.0	3877.089975873114	64.37150346717092
487	65.34990049252315	32703.303202328476	8901.389727745003	0.0	3883.734540854013	65.34990049252315
488	71.79982716358109	32775.10302949205	8923.200579549188	0.0	3888.5537045229557	71.79982716358109
489	68.21187754342427	32843.31490703545	8942.569167186097	0.0	3899.3058302211325	68.21187754342427
490	64.85820705357345	32908.17311408904	8959.960072704638	0.0	3907.6213921254825	64.85820705357345
491	71.2671670612441	32979.44028115027	8981.289745328542	0.0	3916.913344965596	71.2671670612441
492	61.58546752136781	33041.025748671644	8994.235960402713	0.0	3926.185715019728	61.58546752136781
493	63.94476773595747	33104.9705164076	9009.393446410526	0.0	3932.4870440701666	63.94476773595747
494	62.43495490482632	33167.40547131244	9021.30720790419	0.0	3938.6057030138213	62.43495490482632
495	65.35549309313049	33232.76096440556	9038.146688653296	0.0	3945.1066463151164	65.35549309313049
496	66.56383555274532	33299.32479995831	9055.64874552862	0.0	3950.5544863564974	66.56383555274532
497	63.41194617784659	33362.73674613614	9067.909832099773	0.0	3962.7038460302897	63.41194617784659
498	67.43220504877527	33430.16895118492	9087.223814316345	0.0	3971.4612367530635	67.43220504877527
499	62.833685269376986	33493.00263645429	9101.330406514493	0.0	3984.2144541058115	62.833685269376986
500	63.12718940934544	33556.129825863645	9115.787438422754	0.0	3994.1757662207624	63.12718940934544
501	71.11304711873349	33627.24287298237	9137.354582181131	0.0	4006.3176801149766	71.11304711873349
502	65.83914570234805	33693.08201868472	9137.354582181131	0.0	4010.5317250468847	65.83914570234805
