task	reward	total_reward	total_regret	relative	total_reward_dev	joules
0	53.42950817129595	53.42950817129595	9.781194615154087	0.0	30.78771518781407	53.42950817129595
1	64.7707198464023	118.20022801769828	28.377606664288447	0.0	40.96206971769505	64.7707198464023
2	61.58774334726358	179.78797136496178	45.68539052705953	0.0	46.68470533272935	61.58774334726358
3	58.53380215728429	238.321773522246	56.27978831491364	0.0	59.16757791831534	58.53380215728429
4	75.00084116643282	313.32261468867904	84.73914805296714	0.0	59.592846404725826	75.00084116643282
5	76.93159985670366	390.2542145453826	115.95329853240918	0.0	66.68326180007924	76.93159985670366
6	61.59986686348062	451.85408140886307	130.11916602083633	0.0	76.332697254057	61.59986686348062
7	59.30800630071577	511.1620877095788	143.11605501376553	0.0	78.98930458170368	59.30800630071577
8	63.21624144926954	574.3783291588484	160.1114605044822	0.0	80.97460138971985	63.21624144926954
9	65.04230314713321	639.4206323059815	179.1533622840654	0.0	85.48236368804449	65.04230314713321
10	60.36538553798624	699.7860178439677	195.22658533595873	0.0	87.79375522140215	60.36538553798624
11	66.4801973278391	766.2662151718065	215.77849147801876	0.0	88.80618803498787	66.4801973278391
12	65.03439766938384	831.3006128411907	234.42479433155972	0.0	93.02601697981225	65.03439766938384
13	63.13011956560243	894.4307324067936	251.70841398777625	0.0	93.4931156825375	63.13011956560243
14	66.55110382933364	960.981836236127	271.08800982128287	0.0	99.19806794247235	66.55110382933364
15	68.51452949384039	1029.4963657299672	293.50436865740664	0.0	108.3870186498491	68.51452949384039
16	64.0400085821204	1093.5363743120877	314.6489456766885	0.0	108.26537071211945	64.0400085821204
17	63.501141786696714	1157.0375160987846	332.44431678143343	0.0	107.90462325358052	63.501141786696714
18	64.30377828682573	1221.3412943856097	352.00317282177747	0.0	112.14643877658611	64.30377828682573
19	57.32366438238842	1278.6649587679988	363.69004339117583	0.0	115.22799612495196	57.32366438238842
20	60.710076050808595	1339.375034818807	377.55455515010027	0.0	118.36912572806861	60.710076050808595
21	65.82873848516192	1405.203773303969	398.0882648267219	0.0	126.97400719531224	65.82873848516192
22	66.15318349280706	1471.356956796776	417.14009960810995	0.0	126.50264499463348	66.15318349280706
23	62.691296075862795	1534.048252872639	436.98151287161215	0.0	128.1158620180306	62.691296075862795
24	67.30257915289647	1601.350832025535	457.21767999209544	0.0	133.28740670305825	67.30257915289647
25	55.85249815279039	1657.2033301783258	468.17694516259223	0.0	138.92926560083987	55.85249815279039
26	63.867370304710256	1721.0707004830358	487.48818324245553	0.0	140.98138970467477	63.867370304710256
27	65.40149249494486	1786.4721929779805	505.9982806918036	0.0	145.3396067094909	65.40149249494486
28	61.91276032169988	1848.3849532996805	520.1713027298325	0.0	149.79599854045927	61.91276032169988
29	64.41153708446683	1912.7964903841473	539.9595046789823	0.0	151.52636766928913	64.41153708446683
30	62.53238570523099	1975.3288760893786	553.9527702642762	0.0	154.43252052946508	62.53238570523099
31	62.78732514306977	2038.1162012324476	570.7854313575992	0.0	160.2124360500788	62.78732514306977
32	63.844079665590826	2101.960280898039	586.3353258521	0.0	161.87930278095024	63.844079665590826
33	65.88990450610603	2167.850185404145	607.700613852864	0.0	169.721165026739	65.88990450610603
34	60.92250678418703	2228.772692188332	624.4743799858165	0.0	176.23940337862584	60.92250678418703
35	66.09685172335054	2294.8695439116823	646.1067561390465	0.0	185.14747977847142	66.09685172335054
36	60.71265516666605	2355.5821990783475	660.8990028623932	0.0	187.33570002010043	60.71265516666605
37	59.038493306976335	2414.6206923853247	673.5074979726575	0.0	185.24516874763611	59.038493306976335
38	64.87090524943265	2479.491597634758	693.3159734536064	0.0	189.54601211950327	64.87090524943265
39	63.18866136817257	2542.68025900293	709.6309044747967	0.0	187.71812192074805	63.18866136817257
40	57.82694914121726	2600.5072081441467	721.862561212755	0.0	196.38594672740064	57.82694914121726
41	60.85056124867517	2661.3577693928223	736.9956554002691	0.0	198.95782001505142	60.85056124867517
42	64.2316097174495	2725.5893791102717	756.2388678538613	0.0	203.8691988550132	64.2316097174495
43	61.91091353951545	2787.500292649788	774.3029483897936	0.0	205.01325640934448	61.91091353951545
44	57.37495755552864	2844.875250205316	785.4500227596664	0.0	208.82466910685952	57.37495755552864
45	59.814309361771855	2904.689559567087	802.2906317570789	0.0	214.82780782792977	59.814309361771855
46	59.56444551833345	2964.2540050854204	813.919601440914	0.0	217.75905426046927	59.56444551833345
47	60.08906150419547	3024.343066589617	832.1436109961171	0.0	219.10576774767543	60.08906150419547
48	57.894101274386415	3082.237167864002	846.7372249250449	0.0	224.65779280214875	57.894101274386415
49	61.34714375198664	3143.584311615988	864.3412481576263	0.0	230.45368669815528	61.34714375198664
50	58.5671065208464	3202.1514181368357	876.3927999726795	0.0	235.69829522502644	58.5671065208464
51	61.73671659647965	3263.8881347333145	894.5258360101386	0.0	236.99110669210526	61.73671659647965
52	61.088862001263095	3324.9769967345796	912.2438527155439	0.0	236.92416725080312	61.088862001263095
53	62.21155667570314	3387.188553410281	930.9461867429778	0.0	239.12876848412998	62.21155667570314
54	60.24983973402034	3447.4383931443026	946.6316624744256	0.0	241.36575670166323	60.24983973402034
55	60.50724162922783	3507.9456347735304	962.2388604793142	0.0	248.68370045075753	60.50724162922783
56	53.60796718248175	3561.553601956011	971.5902382625943	0.0	247.67536548155172	53.60796718248175
57	59.62048677611347	3621.1740887321253	986.6944672782316	0.0	248.0142256779511	59.62048677611347
58	54.305776208784884	3675.4798649409095	995.8933792845917	0.0	248.16310103846996	54.305776208784884
59	58.210270325987764	3733.6901352668983	1007.980373963778	0.0	249.5676990684853	58.210270325987764
60	57.94421839626387	3791.6343536631634	1018.5919507559012	0.0	253.23200428539096	57.94421839626387
61	55.03249941876814	3846.6668530819297	1029.9188393948994	0.0	256.0056872542696	55.03249941876814
62	63.032443015848564	3909.6992960977777	1048.0640172660333	0.0	262.9926929251088	63.032443015848564
63	55.69503613154159	3965.394332229318	1060.360498629682	0.0	266.0468555553889	55.69503613154159
64	59.08275166451127	4024.4770838938302	1071.7162557764836	0.0	271.91219625848834	59.08275166451127
65	58.005419381956735	4082.4825032757885	1084.0383926663956	0.0	274.8665123690835	58.005419381956735
66	56.75451758666091	4139.23702086245	1095.8890091066642	0.0	279.0841869967246	56.75451758666091
67	55.69122083729448	4194.928241699744	1106.675636295872	0.0	277.7577906169156	55.69122083729448
68	61.931851287049696	4256.860092986792	1127.105005540547	0.0	280.71564095268195	61.931851287049696
69	58.60201565692293	4315.462108643718	1139.9494529951664	0.0	283.9137538515323	58.60201565692293
70	61.51010173424348	4376.9722103779595	1156.2838732205203	0.0	289.8691369043109	61.51010173424348
71	58.45092010864931	4435.423130486609	1169.4489093375958	0.0	293.28449916395766	58.45092010864931
72	54.23038091595273	4489.653511402562	1176.806045878024	0.0	291.240510538565	54.23038091595273
73	54.73905797206417	4544.392569374627	1186.9704740508364	0.0	299.85904507527	54.73905797206417
74	55.338210066606706	4599.730779441233	1195.3962507012436	0.0	304.2963234286002	55.338210066606706
75	58.312433350686405	4658.0432127919175	1208.2442594583083	0.0	312.26238598801547	58.312433350686405
76	54.42303828022754	4712.4662510721455	1218.8470846691478	0.0	310.73785916265973	54.42303828022754
77	55.92442896802454	4768.390680040174	1231.0813695097008	0.0	312.07177597717094	55.92442896802454
78	52.47708079912324	4820.867760839294	1240.3881521550984	0.0	311.99210738542786	52.47708079912324
79	59.60816725279684	4880.47592809209	1256.8077909352744	0.0	320.32093727937166	59.60816725279684
80	58.3913029386488	4938.86723103074	1272.3349998229635	0.0	314.24881555169094	58.3913029386488
81	57.96697201031371	4996.834203041052	1283.6150020511288	0.0	314.8215748205802	57.96697201031371
82	55.82472266579677	5052.658925706853	1293.7196760271318	0.0	316.5460134724387	55.82472266579677
83	54.55329216029577	5107.212217867148	1302.004583933445	0.0	321.7872516276981	54.55329216029577
84	54.36309316140022	5161.575311028549	1307.4976963728272	0.0	324.03557366020465	54.36309316140022
85	62.281790724009404	5223.857101752556	1323.1826580514794	0.0	327.65525360605653	62.281790724009404
86	53.31888102441752	5277.175982776974	1329.943358957561	0.0	327.4820287835214	53.31888102441752
87	49.81265640910258	5326.9886391860755	1335.19766639921	0.0	328.12539759424794	49.81265640910258
88	50.764321349737514	5377.752960535814	1339.5303508763016	0.0	332.03158145609865	50.764321349737514
89	59.345032493042915	5437.097993028857	1356.7971722173713	0.0	326.1503933186785	59.345032493042915
90	58.376959530475744	5495.4749525593315	1372.942058359507	0.0	326.69989752234443	58.376959530475744
91	65.3617818226002	5560.836734381929	1393.43820453687	0.0	330.1218213256182	65.3617818226002
92	54.16476143401682	5615.00149581595	1401.8998205884304	0.0	335.5866272774985	54.16476143401682
93	55.91732526542867	5670.918821081377	1411.8961136945863	0.0	337.6033065134855	55.91732526542867
94	54.51860062895271	5725.437421710329	1419.0937155127788	0.0	336.48132218396773	54.51860062895271
95	57.57022237488904	5783.007644085222	1432.6256119696204	0.0	338.5880631180374	57.57022237488904
96	58.06077311105869	5841.068417196281	1446.7663907332817	0.0	336.881066324188	58.06077311105869
97	54.70362427930834	5895.77204147559	1457.8050370069402	0.0	337.3968314799795	54.70362427930834
98	57.070472618587054	5952.84251409417	1468.018106646627	0.0	342.03275654503346	57.070472618587054
99	56.87887425830643	6009.721388352485	1477.7845350940538	0.0	343.4200703824046	56.87887425830643
100	59.45221874780629	6069.173607100287	1490.968488106056	0.0	342.61935546772173	59.45221874780629
101	53.37592229420088	6122.54952939449	1497.1492213901001	0.0	347.1069322859964	53.37592229420088
102	56.25084765384417	6178.80037704833	1507.6512505062753	0.0	356.7102937529843	56.25084765384417
103	50.926828991873236	6229.727206040204	1511.717023456589	0.0	359.67706226053804	50.926828991873236
104	55.97419680769154	6285.701402847897	1523.747473111859	0.0	358.9917401870094	55.97419680769154
105	59.181893646739425	6344.883296494637	1537.5658933246204	0.0	363.37888820501314	59.181893646739425
106	55.94187488215753	6400.82517137679	1546.8350195714693	0.0	366.96506565113566	55.94187488215753
107	55.20853523482421	6456.033706611618	1556.891835175703	0.0	369.93853970278224	55.20853523482421
108	58.24228290905235	6514.27598952067	1568.191300626241	0.0	368.6297693879597	58.24228290905235
109	58.20831795690587	6572.48430747758	1581.337670870478	0.0	371.9813922178996	58.20831795690587
110	58.470309059509674	6630.954616537086	1593.941918880476	0.0	381.7848614206313	58.470309059509674
111	60.06903189132424	6691.023648428408	1609.1483289878995	0.0	383.68507880858533	60.06903189132424
112	56.04605910745853	6747.069707535872	1619.9426473206713	0.0	383.9891703513111	56.04605910745853
113	58.64226750612273	6805.711975041992	1633.835831798342	0.0	384.5012261932868	58.64226750612273
114	53.97235177016774	6859.6843268121565	1642.3713705073314	0.0	385.0427866129794	53.97235177016774
115	57.612605310755505	6917.296932122914	1652.6808927515867	0.0	386.1020403825379	57.612605310755505
116	52.22380805186436	6969.520740174778	1661.0672859225142	0.0	387.05736627512607	52.22380805186436
117	60.99973664304989	7030.520476817828	1674.8063244144855	0.0	384.6795956284827	60.99973664304989
118	59.07885576738622	7089.599332585217	1686.7585682096112	0.0	388.60029915422086	59.07885576738622
119	52.58936537320592	7142.18869795842	1692.4371722533378	0.0	390.54477254446255	52.58936537320592
120	51.6281197388737	7193.816817697295	1698.9105172301677	0.0	390.38534755813544	51.6281197388737
121	52.007156556072694	7245.823974253368	1705.8358879185582	0.0	387.0029432556312	52.007156556072694
122	55.177299373369515	7301.001273626736	1717.7720051705214	0.0	386.69216374560125	55.177299373369515
123	57.088307065021006	7358.08958069176	1726.622393837831	0.0	393.04310846868907	57.088307065021006
124	58.35157700927427	7416.4411577010305	1737.3318450072566	0.0	391.81467965992175	58.35157700927427
125	54.756750881773385	7471.197908582805	1743.86616324252	0.0	399.85909056827893	54.756750881773385
126	54.85419274595388	7526.052101328764	1754.4175911321765	0.0	403.96004813942767	54.85419274595388
127	56.081869331423285	7582.133970660187	1764.484015221091	0.0	399.25164836361904	56.081869331423285
128	59.85484091043096	7641.988811570612	1779.6216109307027	0.0	407.21196322801245	59.85484091043096
129	50.45051544231685	7692.43932701293	1783.343763877913	0.0	407.95022205247426	50.45051544231685
130	52.204761102740285	7744.644088115671	1792.7328474115586	0.0	408.12885650319896	52.204761102740285
131	56.16718055959021	7800.8112686752565	1802.5468963656429	0.0	411.7404747817662	56.16718055959021
132	53.37016893880458	7854.181437614066	1810.5410709179848	0.0	416.3719767385023	53.37016893880458
133	56.85814129101988	7911.039578905091	1822.3138025798085	0.0	420.582918743055	56.85814129101988
134	58.95929216491371	7969.998871069997	1836.3350546334948	0.0	421.73987727388595	58.95929216491371
135	55.82858244261246	8025.827453512615	1846.640925083251	0.0	427.8730422339847	55.82858244261246
136	55.35226676696151	8081.179720279574	1857.471883774662	0.0	428.31384727066666	55.35226676696151
137	55.71266897415594	8136.892389253734	1865.7437463407448	0.0	428.55362943406135	55.71266897415594
138	57.602057182157395	8194.49444643589	1876.798320332336	0.0	427.56090989146867	57.602057182157395
139	54.04351264065709	8248.537959076544	1886.3307210030298	0.0	427.65198724693636	54.04351264065709
140	52.70330656181708	8301.24126563836	1893.1632146799218	0.0	426.793616374022	52.70330656181708
141	52.78686542694107	8354.028131065306	1900.3103647426278	0.0	428.8490288248039	52.78686542694107
142	54.23440098036427	8408.262532045668	1908.0182257186057	0.0	431.76304723691743	54.23440098036427
143	56.31033273644057	8464.572864782107	1916.8107592087954	0.0	433.8263702269732	56.31033273644057
144	53.99382338241575	8518.566688164523	1926.9463540747975	0.0	435.2627710924194	53.99382338241575
145	59.14528025616022	8577.711968420685	1938.7214873661867	0.0	441.2780655640207	59.14528025616022
146	55.08652443908172	8632.798492859769	1947.0280304572243	0.0	447.2947288553336	55.08652443908172
147	54.92696957449107	8687.725462434255	1958.2585512454036	0.0	451.7522424612458	54.92696957449107
148	59.11380423287339	8746.83926666713	1970.338143767326	0.0	448.68985975964296	59.11380423287339
149	53.543338423181574	8800.382605090312	1976.1151706588864	0.0	450.86672358253406	53.543338423181574
150	55.74574123154499	8856.128346321855	1986.7981329339561	0.0	451.10929252450967	55.74574123154499
151	51.14724217049568	8907.275588492346	1991.1506496825737	0.0	451.1228538022228	51.14724217049568
152	54.722985032298396	8961.998573524646	2000.6747810636457	0.0	452.97482757326674	54.722985032298396
153	50.248050409823755	9012.246623934476	2003.8614347044972	0.0	453.8055306847936	50.248050409823755
154	51.54768396185919	9063.794307896333	2011.295543378735	0.0	458.6444193578089	51.54768396185919
155	54.36551944554838	9118.15982734188	2020.930582486929	0.0	462.9110762315157	54.36551944554838
156	48.08896679587595	9166.248794137757	2025.2679144316683	0.0	466.19219295707387	48.08896679587595
157	56.42820087687527	9222.676995014634	2035.529273389814	0.0	468.908596368312	56.42820087687527
158	50.67654699009133	9273.353542004723	2042.0685825047829	0.0	469.62672877080723	50.67654699009133
159	51.39072548406534	9324.74426748879	2047.3740949379146	0.0	469.1129600423998	51.39072548406534
160	59.629090315674965	9384.373357804463	2060.358100914853	0.0	475.26742702653064	59.629090315674965
161	51.5931512844826	9435.966509088945	2067.4674631151643	0.0	476.2609821778354	51.5931512844826
162	60.37307930923409	9496.33958839818	2083.1925377483817	0.0	484.7004603778604	60.37307930923409
163	52.68032993969161	9549.01991833787	2087.61940489643	0.0	481.5638740705256	52.68032993969161
164	58.71622066892666	9607.736139006798	2097.5376071352634	0.0	483.2040976778182	58.71622066892666
165	59.41817605338751	9667.154315060185	2112.9279937430674	0.0	483.77786437512725	59.41817605338751
166	57.25260372320015	9724.406918783383	2126.2164620723242	0.0	486.1390556507435	57.25260372320015
167	54.98282408710968	9779.3897428705	2135.188816614701	0.0	488.1527474419518	54.98282408710968
168	55.76976416360207	9835.159507034099	2145.1554751530157	0.0	485.2430540054194	55.76976416360207
169	56.93012870831156	9892.089635742406	2157.131085924084	0.0	486.51229600170285	56.93012870831156
170	63.18560346625691	9955.275239208666	2176.04005255232	0.0	489.57003230894304	63.18560346625691
171	51.19455612710627	10006.469795335772	2182.890887353764	0.0	491.18323948312644	51.19455612710627
172	58.3870290975901	10064.856824433366	2195.4779073966074	0.0	498.3063144853149	58.3870290975901
173	54.38246396839825	10119.239288401759	2206.8502097061596	0.0	502.8164091231647	54.38246396839825
174	56.88113887497024	10176.120427276728	2216.1876182829474	0.0	506.4652429074962	56.88113887497024
175	55.02407072287472	10231.144497999609	2222.247880250854	0.0	507.509713855815	55.02407072287472
176	57.83161469281536	10288.976112692419	2233.62080061361	0.0	508.12931834600187	57.83161469281536
177	53.04928762169627	10342.025400314113	2239.7285567212252	0.0	508.2846783051283	53.04928762169627
178	52.9512258586491	10394.976626172764	2246.2926246583393	0.0	511.5927008192803	52.9512258586491
179	52.95526565747869	10447.931891830245	2252.158809020102	0.0	516.3840026313364	52.95526565747869
180	55.979448036734674	10503.911339866982	2262.0457475951243	0.0	523.4398476238022	55.979448036734674
181	53.706563159763704	10557.617903026738	2271.1321959436013	0.0	525.7497698216876	53.706563159763704
182	53.933972344221694	10611.551875370964	2281.0502466919497	0.0	525.2064625565282	53.933972344221694
183	60.51892793787315	10672.070803308843	2294.8356720054626	0.0	534.5450767169058	60.51892793787315
184	56.34888799834998	10728.419691307186	2305.15376495997	0.0	535.2146757253485	56.34888799834998
185	58.3359090162247	10786.755600323413	2317.487420114139	0.0	533.9655516938092	58.3359090162247
186	56.62952542196435	10843.385125745372	2328.982676792963	0.0	535.9128632485094	56.62952542196435
187	54.95962084345785	10898.344746588837	2336.736246202527	0.0	538.3992999273423	54.95962084345785
188	56.63276492506108	10954.977511513896	2350.6729354587096	0.0	537.3789130850255	56.63276492506108
189	53.32689186926642	11008.304403383161	2358.1126266653446	0.0	537.5612400086346	53.32689186926642
190	53.7886778985006	11062.093081281662	2365.1260863094053	0.0	536.5104299690598	53.7886778985006
191	54.64129346200918	11116.73437474367	2373.0867789011268	0.0	541.1676064122382	54.64129346200918
192	55.666991388145874	11172.401366131815	2381.9535082053767	0.0	546.5927026885792	55.666991388145874
193	52.42011240771558	11224.821478539528	2386.812513034267	0.0	550.0417690568909	52.42011240771558
194	58.13651500123143	11282.957993540762	2397.9164318980825	0.0	557.3906354006994	58.13651500123143
195	53.81805293462272	11336.776046475388	2405.3911371583044	0.0	559.8476347474731	53.81805293462272
196	58.52110605401	11395.297152529394	2416.5611145222233	0.0	564.2746392530277	58.52110605401
197	56.21994919478083	11451.517101724176	2426.7174535271665	0.0	562.6258812044122	56.21994919478083
198	55.116897764525355	11506.6339994887	2435.387574589748	0.0	566.4146645588376	55.116897764525355
199	51.37398766426836	11558.007987152967	2441.043710761383	0.0	567.6454781358664	51.37398766426836
200	54.28305501431245	11612.291042167284	2450.963062852185	0.0	571.644428739808	54.28305501431245
201	56.963060826082554	11669.254102993364	2462.320658520925	0.0	571.1620061713169	56.963060826082554
202	52.385906510429905	11721.640009503795	2469.884289749311	0.0	571.9656285289431	52.385906510429905
203	56.10673057062447	11777.746740074415	2482.6413430412085	0.0	571.6262705760821	56.10673057062447
204	52.806903279685805	11830.553643354096	2490.5301051901006	0.0	575.9937270036027	52.806903279685805
205	53.055071265742434	11883.60871461985	2497.443926720107	0.0	575.7491684460206	53.055071265742434
206	52.07730066655592	11935.686015286397	2502.7787174276455	0.0	577.3451222806873	52.07730066655592
207	55.277995170106664	11990.96401045651	2512.875665396343	0.0	581.6631457446997	55.277995170106664
208	49.715458339793905	12040.679468796305	2517.3391221311163	0.0	584.0379625297938	49.715458339793905
209	62.1953244343687	12102.874793230672	2536.0370989489757	0.0	580.9730171089667	62.1953244343687
210	56.55997576342929	12159.434768994099	2547.644553545475	0.0	582.3654876877484	56.55997576342929
211	57.6320204963304	12217.066789490429	2558.4325266540986	0.0	588.0753306701808	57.6320204963304
212	58.37439880618491	12275.441188296612	2570.605190976449	0.0	589.5292558163738	58.37439880618491
213	47.62279477026381	12323.06398306688	2572.824305506512	0.0	590.6431710305832	47.62279477026381
214	53.941264181316676	12377.005247248195	2580.856824990039	0.0	593.6448046786812	53.941264181316676
215	52.299207458083465	12429.304454706276	2585.32452076018	0.0	595.2848771662892	52.299207458083465
216	56.441837608637904	12485.74629231491	2595.771129982676	0.0	594.861465468649	56.441837608637904
217	51.07941973811041	12536.825712053023	2600.2706029290775	0.0	598.2916592129861	51.07941973811041
218	55.7130570192362	12592.53876907227	2609.5759871438045	0.0	604.4725722605672	55.7130570192362
219	55.30104201622351	12647.839811088492	2619.029567072349	0.0	605.8951791211466	55.30104201622351
220	50.89445382870748	12698.734264917195	2623.923164047423	0.0	609.3113573925444	50.89445382870748
221	52.73060807297919	12751.464872990178	2633.0390450442974	0.0	612.5084555948122	52.73060807297919
222	49.24202199845072	12800.706894988623	2635.945612319567	0.0	614.3569673510068	49.24202199845072
223	53.65555065373294	12854.362445642355	2642.882517994006	0.0	618.174853798289	53.65555065373294
224	59.06886274562548	12913.431308387979	2655.7684964123273	0.0	624.6903847402864	59.06886274562548
225	54.38018918606265	12967.811497574046	2665.9567130923215	0.0	629.8856439385385	54.38018918606265
226	54.779415317402936	13022.590912891446	2676.0109133127944	0.0	632.7035389888154	54.779415317402936
227	51.121483604585585	13073.71239649604	2683.3331200425646	0.0	632.4617475063342	51.121483604585585
228	58.088649674582214	13131.80104617062	2695.2238340314593	0.0	636.7922871643973	58.088649674582214
229	57.174501374058956	13188.97554754468	2707.529298775484	0.0	641.4459318101925	57.174501374058956
230	53.211304783092054	13242.18685232777	2716.5510724261417	0.0	648.7738433806734	53.211304783092054
231	60.1071316888959	13302.293984016664	2730.0014799280884	0.0	652.5803486400447	60.1071316888959
232	54.38586253107123	13356.679846547735	2738.7125988562607	0.0	654.702233486838	54.38586253107123
233	52.66531812829213	13409.345164676031	2748.131878513954	0.0	656.4750040897536	52.66531812829213
234	49.790218022126474	13459.135382698152	2750.6999155496496	0.0	660.2938068656326	49.790218022126474
235	52.89205084046758	13512.027433538613	2760.3419258790195	0.0	659.6989616542859	52.89205084046758
236	54.72896321331298	13566.75639675194	2770.3195171622774	0.0	658.0393934601484	54.72896321331298
237	54.023218180906845	13620.779614932846	2778.113978635902	0.0	653.4877870362276	54.023218180906845
238	55.73537853426397	13676.514993467108	2789.071437549495	0.0	654.3088648083947	55.73537853426397
239	50.42802861089616	13726.943022078001	2794.225764381047	0.0	652.184605216583	50.42802861089616
240	56.36180765495695	13783.30482973295	2806.1356161596213	0.0	651.6383539525766	56.36180765495695
241	51.01679893111156	13834.321628664065	2810.829086917559	0.0	651.1417929163752	51.01679893111156
242	53.971167582731816	13888.292796246798	2817.5663429853184	0.0	651.2423302308149	53.971167582731816
243	53.64444579657524	13941.93724204338	2827.2555312310405	0.0	653.8297408914608	53.64444579657524
244	55.31262380399612	13997.249865847374	2838.34599392287	0.0	656.1167741947343	55.31262380399612
245	55.76689805710856	14053.016763904474	2848.723350302719	0.0	660.4405229218848	55.76689805710856
246	57.28201512651435	14110.298779030996	2859.6166453631845	0.0	664.6593035421895	57.28201512651435
247	57.445087941902365	14167.743866972898	2874.2787290276733	0.0	666.4277594173755	57.445087941902365
248	53.727460795642045	14221.471327768544	2884.381029713682	0.0	664.7379070764057	53.727460795642045
249	53.19985589107526	14274.671183659611	2893.241192855874	0.0	663.0106642832292	53.19985589107526
250	59.21272554948334	14333.883909209091	2905.98619125588	0.0	663.9390634529145	59.21272554948334
251	51.20906821197783	14385.092977421074	2911.1159913268425	0.0	672.0809703057112	51.20906821197783
252	55.07504024549635	14440.168017666569	2922.220069803293	0.0	671.4476642729292	55.07504024549635
253	57.03198979004215	14497.200007456613	2931.9872951826937	0.0	674.0817934947405	57.03198979004215
254	54.63031370729955	14551.830321163907	2938.87546767364	0.0	675.1477137569985	54.63031370729955
255	57.163103594862314	14608.993424758775	2949.1780729365396	0.0	673.1163611023809	57.163103594862314
256	53.63016489427656	14662.623589653056	2958.5302840640024	0.0	674.1884782044782	53.63016489427656
257	56.665185011204976	14719.288774664265	2968.091135076594	0.0	672.929813916248	56.665185011204976
258	52.321368286213556	14771.61014295047	2975.259226346956	0.0	676.0548647922524	52.321368286213556
259	55.11027394038549	14826.720416890854	2985.8285190939555	0.0	677.3031825559202	55.11027394038549
260	52.066638285806164	14878.787055176665	2993.330265770546	0.0	680.2549697240286	52.066638285806164
261	53.94418308323396	14932.731238259892	3000.9975160622917	0.0	677.9284505701934	53.94418308323396
262	51.6301907428944	14984.36142900279	3012.147722953752	0.0	678.5137847590099	51.6301907428944
263	53.83531880732854	15038.196747810123	3020.559155154503	0.0	677.1440002352228	53.83531880732854
264	60.245846773317425	15098.442594583435	3036.300793553759	0.0	674.093094891911	60.245846773317425
265	59.283321571340295	15157.725916154777	3049.4206773259048	0.0	673.0201112375129	59.283321571340295
266	54.96604043951833	15212.6919565943	3057.5366560355947	0.0	675.7172915684332	54.96604043951833
267	52.08308827074978	15264.775044865035	3064.125062267066	0.0	681.6946372380169	52.08308827074978
268	48.76605197410165	15313.54109683914	3070.078769667656	0.0	679.5856680380297	48.76605197410165
269	50.264091107905664	15363.805187947053	3075.8137390673974	0.0	682.9612700023113	50.264091107905664
270	56.37627826038833	15420.18146620744	3084.713317907253	0.0	685.2988221543071	56.37627826038833
271	48.082622133385804	15468.264088340826	3089.2292869619205	0.0	684.9729155911768	48.082622133385804
272	51.987803817197765	15520.251892158021	3096.381866586855	0.0	688.2455102777717	51.987803817197765
273	58.52306895183822	15578.77496110986	3108.203555767132	0.0	690.510042114146	58.52306895183822
274	56.886294939873814	15635.661256049738	3117.745752636345	0.0	690.9474256854209	56.886294939873814
275	54.875810372762444	15690.537066422497	3126.7474726764076	0.0	691.242582342099	54.875810372762444
276	54.148798968770805	15744.685865391271	3135.1995800739755	0.0	691.824217011671	54.148798968770805
277	55.034800210221526	15799.720665601495	3144.4339113361134	0.0	692.289783067086	55.034800210221526
278	57.94037347557654	15857.661039077062	3157.3271266711054	0.0	692.5098883369587	57.94037347557654
279	53.74617341942583	15911.407212496488	3166.198233534381	0.0	689.8401269233908	53.74617341942583
280	56.542111622689305	15967.94932411918	3177.3969720155465	0.0	688.705837932041	56.542111622689305
281	54.942425777373984	16022.891749896547	3188.245927443389	0.0	688.4667286814046	54.942425777373984
282	50.15865647419837	16073.050406370761	3195.0799823440666	0.0	693.1940740471501	50.15865647419837
283	51.52818294201418	16124.578589312769	3200.5010654484854	0.0	693.7710634670237	51.52818294201418
284	54.58733862391176	16179.165927936681	3207.7282469539987	0.0	696.9680124893634	54.58733862391176
285	54.9502996574433	16234.11622759412	3216.2077314975713	0.0	697.6505000606982	54.9502996574433
286	56.910662439304524	16291.026890033427	3229.83848015637	0.0	702.0195181225123	56.910662439304524
287	57.94141435627063	16348.968304389704	3243.7169734026875	0.0	698.6931046860518	57.94141435627063
288	53.81344665532123	16402.78175104501	3252.403234289333	0.0	696.0264370571284	53.81344665532123
289	54.47413760010944	16457.255888645126	3260.8972624108305	0.0	701.4538867298669	54.47413760010944
290	52.69323637602283	16509.94912502115	3271.186003715126	0.0	702.1587046197236	52.69323637602283
291	52.614546727335465	16562.56367174849	3279.628716454684	0.0	707.1913784256734	52.614546727335465
292	50.188422555620335	16612.75209430411	3285.587255198976	0.0	711.0672447752123	50.188422555620335
293	50.8071736111033	16663.559267915196	3291.862057761285	0.0	711.733762536147	50.8071736111033
294	52.08026335365751	16715.63953126886	3301.9393590564814	0.0	713.8073777521222	52.08026335365751
295	55.331445664628205	16770.970976933495	3312.905605741925	0.0	718.1402749322765	55.331445664628205
296	57.22951169722833	16828.20048863073	3326.4817611744197	0.0	714.0127755839171	57.22951169722833
297	51.73688605509603	16879.937374685815	3332.1660560700875	0.0	717.2459542618077	51.73688605509603
298	49.67223219946416	16929.60960688529	3335.8516446894196	0.0	716.7736979879381	49.67223219946416
299	55.462571007071645	16985.07217789235	3346.282879059348	0.0	717.9068297259047	55.462571007071645
300	53.98681164046235	17039.058989532816	3355.1830754316125	0.0	716.0516424712852	53.98681164046235
301	54.95180069113989	17094.010790223958	3365.3091992093546	0.0	723.113041497826	54.95180069113989
302	55.228084542472395	17149.238874766426	3373.6689725236465	0.0	719.1716096388665	55.228084542472395
303	56.446465673510545	17205.685340439948	3384.9876349359733	0.0	723.2315380534337	56.446465673510545
304	56.77978807163973	17262.465128511583	3398.716067178751	0.0	723.8908621675038	56.77978807163973
305	52.338158900919225	17314.803287412502	3407.982951914586	0.0	723.9294144149105	52.338158900919225
306	53.25113225915486	17368.054419671655	3416.2400571465264	0.0	724.227107585785	53.25113225915486
307	56.39523924978489	17424.449658921443	3426.5142893183843	0.0	723.5556234522747	56.39523924978489
308	51.32901284321016	17475.778671764652	3431.6209605948884	0.0	725.9926540037133	51.32901284321016
309	51.961886881853445	17527.7405586465	3441.046435110807	0.0	727.1839920335334	51.961886881853445
310	53.431588419019846	17581.172147065517	3449.337768124974	0.0	728.9620809019332	53.431588419019846
311	51.836234034989175	17633.008381100502	3455.308019238751	0.0	730.0235430657723	51.836234034989175
312	57.46734078174866	17690.475721882256	3466.2858643272734	0.0	729.6579746568898	57.46734078174866
313	55.54791799157381	17746.023639873834	3478.636467197017	0.0	735.1282328877443	55.54791799157381
314	57.742879651548364	17803.766519525383	3490.284723000231	0.0	736.3946245360918	57.742879651548364
315	56.3960528007892	17860.162572326168	3500.6211420975583	0.0	734.1876326265584	56.3960528007892
316	52.83511817371105	17912.99769049988	3509.159570988528	0.0	737.9718640217633	52.83511817371105
317	54.1697462379125	17967.167436737804	3519.654979270376	0.0	741.3308961160018	54.1697462379125
318	56.19431374922702	18023.361750487024	3531.396047712051	0.0	741.4844005078683	56.19431374922702
319	56.50453063294052	18079.86628111997	3543.7146610504988	0.0	747.4433951299598	56.50453063294052
320	53.37619017470664	18133.242471294674	3550.216820549789	0.0	746.881630366927	53.37619017470664
321	54.21676495600738	18187.45923625067	3559.4562129993706	0.0	747.024460569669	54.21676495600738
322	51.749321871163914	18239.20855812184	3567.4999260130626	0.0	744.9119627916872	51.749321871163914
323	51.14379982680197	18290.352357948643	3572.2751401814803	0.0	743.8440575721839	51.14379982680197
324	53.015618609375615	18343.36797655801	3577.9757106934535	0.0	749.0288427938613	53.015618609375615
325	50.78636773650028	18394.15434429452	3581.41895153509	0.0	750.0373193160036	50.78636773650028
326	54.66528147520498	18448.81962576972	3591.1627740577455	0.0	749.9101645977657	54.66528147520498
327	55.11941022594393	18503.939035995667	3598.9044445086615	0.0	758.2863292767709	55.11941022594393
328	54.6836676262484	18558.622703621917	3605.051113468476	0.0	755.8212156457644	54.6836676262484
329	51.9913410676804	18610.614044689595	3610.9443338306132	0.0	752.5970423889312	51.9913410676804
330	55.18239077541498	18665.79643546502	3621.9460899123605	0.0	752.7293944833441	55.18239077541498
331	47.57712904540892	18713.373564510424	3622.8185068795115	0.0	753.2623399727161	47.57712904540892
332	54.51353603064409	18767.887100541055	3631.1330258300586	0.0	755.1087659949145	54.51353603064409
333	57.15531582563456	18825.042416366698	3645.060333316959	0.0	757.286751826217	57.15531582563456
334	51.74667288579233	18876.789089252492	3652.4903835967907	0.0	757.2486204945135	51.74667288579233
335	59.06124391817318	18935.850333170667	3666.7048719317404	0.0	763.42655639992	59.06124391817318
336	55.06825474577308	18990.91858791645	3677.6867529040014	0.0	764.0040254640704	55.06825474577308
337	54.34740186742466	19045.26598978386	3687.2747509125643	0.0	765.891075404073	54.34740186742466
338	54.489435089154405	19099.75542487301	3698.1086510869877	0.0	767.0894138553678	54.489435089154405
339	54.34872485144291	19154.104149724462	3706.9675645584502	0.0	764.8874614331987	54.34872485144291
340	57.74244618858312	19211.846595913044	3719.695831176965	0.0	774.6297714502983	57.74244618858312
341	52.3710051734663	19264.217601086508	3727.05019180306	0.0	773.8507563929434	52.3710051734663
342	51.84350216982047	19316.06110325633	3735.0590779863746	0.0	775.2087531468771	51.84350216982047
343	54.4498421805332	19370.510945436865	3743.6949624967215	0.0	775.6043008245582	54.4498421805332
344	53.699660060806664	19424.21060549766	3751.3697462971163	0.0	774.196763988132	53.699660060806664
345	51.845466966957346	19476.056072464624	3757.598557073161	0.0	770.7735641449159	51.845466966957346
346	52.20369781241825	19528.259770277044	3765.2700275508228	0.0	767.9614660327039	52.20369781241825
347	53.32839897167247	19581.588169248713	3774.8736722236513	0.0	767.8118612875857	53.32839897167247
348	50.67542223768782	19632.2635914864	3779.4199060329247	0.0	768.0609660026616	50.67542223768782
349	51.731325270576164	19683.994916756987	3782.7310037000043	0.0	770.0607955544531	51.731325270576164
350	55.78678218272934	19739.781698939718	3792.8869381486093	0.0	772.3252579153315	55.78678218272934
351	54.04552730634132	19793.827226246045	3801.545965683225	0.0	779.580459919409	54.04552730634132
352	53.71452660787118	19847.541752853915	3810.175806794891	0.0	775.4144232275364	53.71452660787118
353	55.77946383077028	19903.321216684697	3820.0016479622263	0.0	778.9218103696171	55.77946383077028
354	55.13455938771449	19958.455776072406	3829.7686881891896	0.0	779.0096860218335	55.13455938771449
355	55.31409614411628	20013.76987221652	3836.778759540071	0.0	777.2090001486031	55.31409614411628
356	52.179982023950515	20065.949854240476	3842.339599149594	0.0	773.3740711855517	52.179982023950515
357	55.200262226738204	20121.15011646721	3852.111784848408	0.0	773.6698177938321	55.200262226738204
358	52.24522314011395	20173.395339607323	3856.483049512225	0.0	771.7274078222234	52.24522314011395
359	54.441950773486745	20227.837290380805	3864.5561649882875	0.0	773.5353809193824	54.441950773486745
360	48.44353376305789	20276.28082414387	3866.856914659218	0.0	777.0273158588749	48.44353376305789
361	50.040129340635296	20326.320953484505	3870.5832352040266	0.0	778.8011998856167	50.040129340635296
362	56.53179938562952	20382.852752870138	3882.1763615173245	0.0	780.7266356392688	56.53179938562952
363	51.60195740192161	20434.454710272053	3891.4939252915497	0.0	778.7614995936128	51.60195740192161
364	48.55544199599093	20483.010152268045	3893.600119407078	0.0	777.2098622529909	48.55544199599093
365	54.60906898948218	20537.61922125753	3899.2745612586123	0.0	777.8986320004697	54.60906898948218
366	51.57009870215045	20589.189319959693	3903.586174215075	0.0	781.4487897168599	51.57009870215045
367	57.10927966111263	20646.298599620794	3913.632036212466	0.0	779.0959149328523	57.10927966111263
368	55.57719744829612	20701.875797069082	3925.281913955846	0.0	782.5305577277944	55.57719744829612
369	55.09794192383119	20756.97373899292	3931.777896001347	0.0	784.7511817663453	55.09794192383119
370	56.50634404643758	20813.480083039358	3942.9506041985587	0.0	788.3691867178718	56.50634404643758
371	52.52325833899103	20866.003341378357	3950.2116922694986	0.0	785.6632561718336	52.52325833899103
372	52.700878629278904	20918.704220007625	3959.220194074913	0.0	785.4494849950473	52.700878629278904
373	56.03643224887738	20974.740652256496	3970.844690994121	0.0	783.80518027651	56.03643224887738
374	51.85747469261851	21026.598126949128	3978.445461786675	0.0	782.9021512834311	51.85747469261851
375	52.39227497291112	21078.99040192204	3985.940892907514	0.0	786.083920402381	52.39227497291112
376	55.18365228258221	21134.174054204617	3993.5290297969973	0.0	787.0835428701656	55.18365228258221
377	56.953062233363944	21191.127116437972	4005.678706303598	0.0	780.5818724708394	56.953062233363944
378	57.084546663540614	21248.21166310152	4021.0653112413656	0.0	780.718498370207	57.084546663540614
379	55.72942580662064	21303.941088908134	4031.994064947966	0.0	783.3418809586722	55.72942580662064
380	55.37049428932337	21359.31158319746	4042.3353480427777	0.0	778.9529328597503	55.37049428932337
381	58.664316166915654	21417.97589936438	4054.5491338943775	0.0	782.5190899860437	58.664316166915654
382	51.151234768570475	21469.12713413295	4062.6931792763535	0.0	783.925953016388	51.151234768570475
383	54.29650703357425	21523.423641166515	4071.1962885441103	0.0	784.6437635855691	54.29650703357425
384	56.35495698680876	21579.778598153316	4082.9010837053847	0.0	785.9303110564274	56.35495698680876
385	50.7150068357773	21630.493604989097	4092.059640490695	0.0	789.2121542877809	50.7150068357773
386	57.057324434639256	21687.55092942374	4103.161745477333	0.0	787.2465213674843	57.057324434639256
387	53.378367163547175	21740.9292965873	4110.831881979765	0.0	787.1454706775863	53.378367163547175
388	57.40087411803058	21798.330170705332	4124.538789959825	0.0	786.7911985183529	57.40087411803058
389	51.664568819242234	21849.994739524565	4129.079153770318	0.0	783.9635206537866	51.664568819242234
390	52.000717961639424	21901.9954574862	4134.341966888558	0.0	787.1741341583623	52.000717961639424
391	53.302833605460236	21955.29829109166	4142.438701149284	0.0	785.076329390256	53.302833605460236
392	52.25103365968758	22007.54932475135	4146.488702103775	0.0	781.4752491857267	52.25103365968758
393	59.28876822588246	22066.838092977236	4158.945063985544	0.0	782.8431482761754	59.28876822588246
394	52.983329295365465	22119.82142227261	4166.451239219543	0.0	786.600286459479	52.983329295365465
395	54.3036624019198	22174.12508467453	4174.689606523369	0.0	791.2211659929748	54.3036624019198
396	55.537451268321	22229.662535942847	4183.552598201453	0.0	791.8859267526858	55.537451268321
397	49.67598239403252	22279.338518336877	4186.970221163588	0.0	797.451468775807	49.67598239403252
398	50.242234203415386	22329.5807525403	4190.973507226342	0.0	799.2014912185465	50.242234203415386
399	52.13083652617015	22381.71158906647	4198.578852031916	0.0	797.7422254580988	52.13083652617015
400	50.54921171725863	22432.26080078371	4203.727409353356	0.0	799.0883776757221	50.54921171725863
401	52.60144223058799	22484.862243014308	4210.30998625674	0.0	800.8137623519759	52.60144223058799
402	55.77187836041828	22540.634121374726	4221.710482723783	0.0	801.858720772085	55.77187836041828
403	50.98630452628111	22591.620425901005	4226.70704790898	0.0	801.5325186123293	50.98630452628111
404	55.12275192593397	22646.74317782695	4238.11631269151	0.0	803.7834087646775	55.12275192593397
405	53.06001756614474	22699.803195393084	4246.7130638785775	0.0	803.040349566509	53.06001756614474
406	58.73405999754099	22758.53725539061	4263.303816775158	0.0	804.9833944761067	58.73405999754099
407	56.566862872377335	22815.104118263003	4276.542533521959	0.0	807.6170255982643	56.566862872377335
408	51.81715041043148	22866.921268673435	4285.710309026213	0.0	807.005779704597	51.81715041043148
409	52.528680035877095	22919.449948709305	4295.686502345901	0.0	809.3913557270325	52.528680035877095
410	53.8742196547047	22973.324168364023	4303.824212979657	0.0	815.9023184680964	53.8742196547047
411	51.03049262127886	23024.354660985293	4309.701227685244	0.0	818.5334889115006	51.03049262127886
412	48.83573609808772	23073.19039708339	4312.770509414867	0.0	822.1417180260528	48.83573609808772
413	53.467048890742404	23126.65744597412	4322.158566893041	0.0	824.8204400451854	53.467048890742404
414	57.89312365501219	23184.550569629137	4335.566256264822	0.0	826.454526626421	57.89312365501219
415	52.53559190247338	23237.086161531606	4345.040864296753	0.0	831.4224188410399	52.53559190247338
416	53.73381189599055	23290.819973427606	4353.627301829261	0.0	835.0282206559081	53.73381189599055
417	57.26725944658432	23348.087232874186	4367.004470383634	0.0	834.872700878102	57.26725944658432
418	50.99225883723898	23399.079491711425	4374.083185718258	0.0	839.6571753569116	50.99225883723898
419	59.74781258829702	23458.827304299735	4386.1511619997	0.0	839.6041553628272	59.74781258829702
420	47.47710335323017	23506.304407652948	4387.483048329663	0.0	841.2229121865237	47.47710335323017
421	54.64237219696649	23560.946779849917	4395.550071033014	0.0	844.4138461813114	54.64237219696649
422	56.87385221441357	23617.82063206433	4407.011582597541	0.0	839.5392575874117	56.87385221441357
423	54.40573686820639	23672.226368932523	4415.324745299953	0.0	841.0724974343468	54.40573686820639
424	57.5908439052057	23729.81721283775	4429.531541740329	0.0	838.7805080696751	57.5908439052057
425	52.11001808576381	23781.927230923502	4434.949796362521	0.0	837.7301837802945	52.11001808576381
426	49.835509511762695	23831.762740435264	4439.923946275903	0.0	839.8896503368925	49.835509511762695
427	50.55752176094311	23882.320262196223	4445.6661250743955	0.0	843.208158585791	50.55752176094311
428	50.95176834436178	23933.272030540575	4452.999777503983	0.0	842.48198055885	50.95176834436178
429	55.86583399052176	23989.137864531105	4464.424682390846	0.0	843.1618561600327	55.86583399052176
430	55.078140349003	24044.216004880098	4473.779784642057	0.0	844.2116917395516	55.078140349003
431	55.62690094328857	24099.842905823385	4482.856057967565	0.0	849.9872181051131	55.62690094328857
432	54.787083496449696	24154.62998931984	4493.037146948347	0.0	850.766205199651	54.787083496449696
433	60.78979113235934	24215.419780452205	4509.01902613568	0.0	846.752834343718	60.78979113235934
434	51.080205675444304	24266.499986127652	4514.388315077789	0.0	846.9980677614773	51.080205675444304
435	53.06622013284259	24319.566206260482	4519.784804409976	0.0	847.9365281181273	53.06622013284259
436	55.319435490928036	24374.8856417514	4529.434655572362	0.0	847.8485929888019	55.319435490928036
437	55.17856700124909	24430.064208752654	4538.667772616881	0.0	847.1733062449807	55.17856700124909
438	57.54687210922526	24487.611080861894	4551.085021227494	0.0	845.3654737776401	57.54687210922526
439	50.791818248327736	24538.402899110213	4559.139320718488	0.0	850.5408847489691	50.791818248327736
440	53.12285205816247	24591.525751168378	4566.503387139541	0.0	847.5161319637966	53.12285205816247
441	50.64704086778292	24642.17279203616	4572.473973714816	0.0	848.3311207375642	50.64704086778292
442	53.7516614801504	24695.924453516294	4578.36302487988	0.0	845.9167027109615	53.7516614801504
443	55.84544410487717	24751.769897621187	4590.204201613246	0.0	848.4865047975557	55.84544410487717
444	48.704924222636684	24800.474821843818	4593.25683247063	0.0	849.5929143684153	48.704924222636684
445	48.1702454879097	24848.64506733173	4598.607724751382	0.0	847.270370317648	48.1702454879097
446	52.39570051306506	24901.040767844803	4605.438602455136	0.0	850.4040533841824	52.39570051306506
447	50.73796936521601	24951.778737210014	4611.464921204393	0.0	853.1352211247431	50.73796936521601
448	50.893027544435945	25002.671764754454	4616.367014937307	0.0	854.424779407773	50.893027544435945
449	52.90730903989419	25055.57907379435	4624.386333286891	0.0	856.4239631410824	52.90730903989419
450	52.23758735765432	25107.816661151992	4630.900175368664	0.0	857.84374954223	52.23758735765432
451	51.52657883438761	25159.3432399864	4638.046173366544	0.0	858.4055974929794	51.52657883438761
452	56.0861467998697	25215.429386786258	4649.8551827142155	0.0	858.8281720391228	56.0861467998697
453	55.45287936993372	25270.882266156194	4660.166689605455	0.0	852.8849466518147	55.45287936993372
454	55.29413882310619	25326.176404979302	4669.173236140224	0.0	858.6674510390455	55.29413882310619
455	53.63479023472772	25379.81119521403	4677.61333963833	0.0	858.3833600411156	53.63479023472772
456	49.43215369025711	25429.24334890428	4680.383795706992	0.0	857.8520371934296	49.43215369025711
457	54.66590308239297	25483.90925198667	4687.28523061737	0.0	858.097134113699	54.66590308239297
458	55.641958909350905	25539.551210896025	4695.973277735439	0.0	861.3134326321468	55.641958909350905
459	47.17729705824555	25586.72850795426	4695.8753006071665	0.0	860.9794748249193	47.17729705824555
460	54.60829595202534	25641.336803906295	4703.337674421729	0.0	859.5865042765587	54.60829595202534
461	53.26602668168684	25694.60283058798	4715.553550374107	0.0	857.3736067143849	53.26602668168684
462	56.43118611851306	25751.034016706482	4723.041666028887	0.0	857.2278572401416	56.43118611851306
463	50.290433839864846	25801.324450546348	4725.939300334168	0.0	856.4207673496065	50.290433839864846
464	53.62431248738116	25854.948763033735	4733.275264373475	0.0	857.5498176768975	53.62431248738116
465	54.538739924926205	25909.487502958662	4742.508214136609	0.0	865.4787778689995	54.538739924926205
466	58.07318287189952	25967.56068583056	4754.657749810999	0.0	868.5662562630087	58.07318287189952
467	55.0725331835036	26022.633219014067	4762.457999156668	0.0	868.9990046127681	55.0725331835036
468	58.373288023543026	26081.006507037622	4773.579319184519	0.0	872.1299722181093	58.373288023543026
469	54.54710224752979	26135.55360928514	4783.543277155931	0.0	874.3443210361362	54.54710224752979
470	54.15685604938286	26189.71046533451	4793.451800024319	0.0	871.7541669934955	54.15685604938286
471	50.26631452701408	26239.976779861536	4800.544602549757	0.0	872.6501451456439	50.26631452701408
472	49.54583884536984	26289.52261870691	4802.77083096739	0.0	874.1680243486755	49.54583884536984
473	57.391822126198456	26346.9144408331	4814.76830147289	0.0	876.8487206395605	57.391822126198456
474	49.59787319368025	26396.512314026793	4817.7159597682985	0.0	881.2965879871323	49.59787319368025
475	53.229169374463794	26449.741483401256	4826.269788035894	0.0	883.9787211209333	53.229169374463794
476	56.62338027363516	26506.364863674884	4837.79479935794	0.0	893.4290093622408	56.62338027363516
477	53.78528671134384	26560.15015038625	4844.3841350662115	0.0	892.3609067038345	53.78528671134384
478	52.4467065556301	26612.596856941847	4850.715280758124	0.0	890.7164251446294	52.4467065556301
479	51.68848015907773	26664.285337100922	4854.9121288184	0.0	890.9782009427902	51.68848015907773
480	55.522897432532666	26719.808234533466	4865.570664596491	0.0	892.4777164958847	55.522897432532666
481	55.03158497448605	26774.83981950795	4875.446189042445	0.0	899.680663435061	55.03158497448605
482	53.05194229727063	26827.891761805215	4884.040732107521	0.0	901.5802305430384	53.05194229727063
483	61.423980178728826	26889.31574198395	4901.674526890285	0.0	901.9812848882968	61.423980178728826
484	54.381978461223774	26943.69772044519	4912.599485530858	0.0	902.4701853135131	54.381978461223774
485	56.08843988929475	26999.786160334475	4923.38614333374	0.0	906.0985492597839	56.08843988929475
486	50.64868684362961	27050.4348471781	4926.77461513601	0.0	910.5510366145957	50.64868684362961
487	52.635357457230754	27103.070204635333	4933.166908790143	0.0	914.4136979898362	52.635357457230754
488	52.48282702834022	27155.55303166369	4940.344780556665	0.0	916.294504945517	52.48282702834022
489	50.414893942156716	27205.96792560582	4946.328809353843	0.0	919.7937805438247	50.414893942156716
490	55.49160558214348	27261.459531187975	4954.4397482397835	0.0	926.1753796516192	55.49160558214348
491	53.65091904930877	27315.11045023728	4958.989185932454	0.0	926.3296185083876	53.65091904930877
492	55.468136837393004	27370.578587074677	4969.364301357585	0.0	928.2390461247595	55.468136837393004
493	54.5932714139106	27425.171858488586	4981.286749600661	0.0	934.2753808149376	54.5932714139106
494	56.28261079339154	27481.45446928197	4990.372804030872	0.0	937.3025233060001	56.28261079339154
495	55.59609224492189	27537.050561526896	5000.349377221086	0.0	935.9066489717428	55.59609224492189
496	52.670531120647766	27589.721092647545	5007.924698778327	0.0	938.4489734465965	52.670531120647766
497	60.55011090481262	27650.27120355236	5024.411038254583	0.0	939.8779521448937	60.55011090481262
498	53.30906155705266	27703.580265109416	5029.260606666822	0.0	936.0856838463905	53.30906155705266
499	49.56695404816553	27753.147219157563	5031.3569473484295	0.0	936.5474494277847	49.56695404816553
500	49.78484245149753	27802.932061609077	5037.511226508429	0.0	936.04387729	49.78484245149753
501	48.11531724159411	27851.047378850682	5042.094627104423	0.0	933.9603383907317	48.11531724159411
502	52.14449190767489	27903.191870758354	5050.634971935636	0.0	931.717760934018	52.14449190767489
503	49.15421021999704	27952.34608097834	5055.593259533142	0.0	932.5471175801187	49.15421021999704
504	50.95166016482498	28003.297741143164	5059.285544781969	0.0	935.5695554222594	50.95166016482498
505	58.195770044255916	28061.49351118743	5071.92723279855	0.0	933.0159365862136	58.195770044255916
506	56.068811884541375	28117.562323071965	5071.92723279855	0.0	935.5597640003923	56.068811884541375
