task	reward	total_reward	total_regret	relative	total_reward_dev	joules
0	72.67148641941789	72.67148641941789	1.2342044717263503	0.0	15.021185891657817	72.67148641941789
1	72.96239198881617	145.6338784082341	1.6037528241488586	0.0	21.953033730497108	72.96239198881617
2	75.39990459301016	221.0337830012443	5.442000065356103	0.0	30.901222124689536	75.39990459301016
3	76.01205601623673	297.0458390174809	10.206212562456578	0.0	39.186851890664684	76.01205601623673
4	76.87916898717992	373.9250080046609	15.946756838249192	0.0	46.70697080444833	76.87916898717992
5	76.81047856003214	450.73548656469296	20.942129086836804	0.0	53.78880694027768	76.81047856003214
6	75.36999159092363	526.1054781556165	25.38929158538935	0.0	55.03051401250149	75.36999159092363
7	74.43028446688353	600.5357626225	27.85137964813379	0.0	58.90751951410272	74.43028446688353
8	77.29814369213628	677.8339063146364	34.256025822424824	0.0	64.07840693215013	77.29814369213628
9	73.5107978272739	751.3447041419099	35.871311463676705	0.0	63.67577685827873	73.5107978272739
10	73.69214913640663	825.0368532783166	40.467574437819025	0.0	64.27124743127091	73.69214913640663
11	74.43323429006568	899.4700875683831	44.22301903240737	0.0	67.36228040034825	74.43323429006568
12	77.56954820380543	977.0396357721878	52.38386810057052	0.0	71.37007991365236	77.56954820380543
13	74.7460623267531	1051.7856980989418	55.47149214162619	0.0	72.17946710143282	74.7460623267531
14	75.20836192333977	1126.9940600222808	59.733770369050106	0.0	72.86516509487831	75.20836192333977
15	75.38408190129093	1202.3781419235718	64.82481325733633	0.0	76.38125954582871	75.38408190129093
16	73.92209913521913	1276.3002410587915	68.43816850720542	0.0	75.32050311177379	73.92209913521913
17	75.78688666162125	1352.0871277204121	72.9846127395787	0.0	79.23628191044725	75.78688666162125
18	75.76469410104548	1427.8518218214572	77.4963336355304	0.0	82.9413554931894	75.76469410104548
19	76.52116252449377	1504.3729843459514	82.88871472994553	0.0	86.33817655781289	76.52116252449377
20	75.8405957168703	1580.2135800628207	87.62580018292425	0.0	85.9708956440478	75.8405957168703
21	72.58741544734862	1652.8009955101704	88.96396195213572	0.0	89.22168322825905	72.58741544734862
22	76.82631442545522	1729.6273099356256	93.74383930068481	0.0	94.51607312834261	76.82631442545522
23	78.93295564871458	1808.5602655843397	102.08803169106393	0.0	103.98501852806329	78.93295564871458
24	71.69079428193321	1880.251059866273	102.44293611783125	0.0	106.61468684131574	71.69079428193321
25	74.29083370637733	1954.5418935726505	106.80563782098936	0.0	107.04403822872152	74.29083370637733
26	72.50842342524894	2027.0503169978997	109.29997612850342	0.0	108.19615143786336	72.50842342524894
27	79.74167284748277	2106.791989845381	117.34423620140919	0.0	110.26542861825378	79.74167284748277
28	74.93254283317404	2181.7245326785574	120.99188372452416	0.0	117.04280569723143	74.93254283317404
29	76.26358301875368	2257.9881156973097	126.1105900801801	0.0	116.12087877456744	76.26358301875368
30	75.06876041798938	2333.0568761152986	129.63651578172934	0.0	122.06682766655317	75.06876041798938
31	75.00841477945231	2408.065290894751	135.11198550882264	0.0	121.25448175277347	75.00841477945231
32	76.4327576546159	2484.4980485493656	140.91404481361968	0.0	122.62741221012722	76.4327576546159
33	77.65779663022957	2562.1558451795972	148.407009582416	0.0	125.89774583496266	77.65779663022957
34	75.83048026342128	2637.986325443018	153.35433553763386	0.0	127.9325741193484	75.83048026342128
35	80.80142781680316	2718.78775325982	164.28959142949455	0.0	130.79658300360703	80.80142781680316
36	76.51567530890577	2795.3034285687277	170.8097566269414	0.0	137.63358678518074	76.51567530890577
37	73.32191835843958	2868.625346927166	172.85798520236915	0.0	138.33668904382594	73.32191835843958
38	76.16323579181184	2944.7885827189793	177.89655960453535	0.0	142.47139597836812	76.16323579181184
39	73.89369882811846	3018.682281547097	182.61518109257574	0.0	141.5222513044919	73.89369882811846
40	75.70109797722712	3094.3833795243236	187.14258528979738	0.0	148.12091634191856	75.70109797722712
41	74.61337050555723	3168.9967500298812	190.9821852426614	0.0	144.97235501880334	74.61337050555723
42	75.58905794368108	3244.585807973562	194.8931024299072	0.0	148.62005905153904	75.58905794368108
43	76.89828671594314	3321.484094689507	201.6969371173402	0.0	146.59182165217723	76.89828671594314
44	75.87937149147784	3397.363466180984	206.32181659105063	0.0	150.05031608613194	75.87937149147784
45	72.23735046774286	3469.600816648726	207.3645055988117	0.0	154.1502248321279	72.23735046774286
46	79.13845115545338	3548.7392678041774	215.4108395648156	0.0	159.38951102373687	79.13845115545338
47	76.45511195296066	3625.1943797571416	221.26702961832197	0.0	166.23659199867183	76.45511195296066
48	78.9252484445106	3704.119628201651	228.65471427655498	0.0	170.345056463395	78.9252484445106
49	78.92923163682033	3783.0488598384713	236.59717234699912	0.0	169.88355910658493	78.92923163682033
50	74.09711538897561	3857.1459752274473	239.12813368969898	0.0	169.0703191955164	74.09711538897561
51	74.52559758928953	3931.671572816737	243.65006190063235	0.0	170.83484813579327	74.52559758928953
52	75.45397290389029	4007.125545720628	247.0002679642796	0.0	171.83943158625695	75.45397290389029
53	77.90746662696496	4085.033012347591	254.07461495221546	0.0	169.59094809600413	77.90746662696496
54	75.60206423720545	4160.635076584797	258.3799947809859	0.0	171.30772610654824	75.60206423720545
55	75.47671642330687	4236.111793008104	261.9674367328378	0.0	172.04730780334165	75.47671642330687
56	74.44055394810606	4310.552346956209	265.3739572529096	0.0	173.86253938213224	74.44055394810606
57	77.7297779833885	4388.2821249395965	272.4473497803046	0.0	174.08489386067126	77.7297779833885
58	75.29085729337214	4463.572982232971	277.0624535582452	0.0	173.66302730537058	75.29085729337214
59	77.05986596861383	4540.632848201583	284.42823711094746	0.0	174.19673646802454	77.05986596861383
60	73.38686734357489	4614.01971554516	287.38439710055985	0.0	176.21095051798903	73.38686734357489
61	76.98898358907547	4691.008699134235	292.58978888049734	0.0	174.90593700679017	76.98898358907547
62	82.33656706431356	4773.3452661985475	304.0489305168997	0.0	178.2605475249271	82.33656706431356
63	76.68759021332174	4850.032856411869	309.8753626658317	0.0	175.97295990434932	76.68759021332174
64	80.72371910082882	4930.756575512699	320.0767460304485	0.0	176.76913895681804	80.72371910082882
65	77.21502430979028	5007.971599822488	325.87705949849425	0.0	177.23874837355638	77.21502430979028
66	78.17669963635338	5086.148299458842	332.1783081363034	0.0	180.65340993571684	78.17669963635338
67	78.59533397473712	5164.743633433579	339.9817156176073	0.0	188.4597537647125	78.59533397473712
68	76.4600811401347	5241.203714573716	344.28543485943084	0.0	189.38099640346346	76.4600811401347
69	78.76938014990792	5319.973094723624	351.1512409309666	0.0	196.96000603243186	78.76938014990792
70	73.30357647028248	5393.276671193905	354.1770977521469	0.0	197.06513718226174	73.30357647028248
71	76.87221568264049	5470.148886876547	359.71013899724596	0.0	201.19323094002178	76.87221568264049
72	80.02485592654598	5550.173742803089	368.61452022360027	0.0	203.600362567482	80.02485592654598
73	73.97485621750825	5624.1485990206	371.6534296323324	0.0	202.43442767980514	73.97485621750825
74	75.71985718202286	5699.868456202622	376.7884696176193	0.0	203.80918253726176	75.71985718202286
75	74.68245148770677	5774.550907690329	380.0785067417891	0.0	204.86604416483934	74.68245148770677
76	79.08498846043067	5853.635896150759	388.7822988493866	0.0	206.3835448947829	79.08498846043067
77	76.75695260319198	5930.392848753955	394.084331955366	0.0	205.23836609354194	76.75695260319198
78	78.65630117724976	6009.049149931202	400.94424051714384	0.0	204.15682384850325	78.65630117724976
79	73.86096364816173	6082.910113579361	402.40036580350227	0.0	208.10275165670643	73.86096364816173
80	76.81146285531004	6159.721576434674	408.4684746649825	0.0	210.02919513765784	76.81146285531004
81	74.84593460156974	6234.5675110362445	412.0158927360667	0.0	212.01874540322476	74.84593460156974
82	80.34165835386506	6314.909169390112	422.19938973768114	0.0	211.22843772395322	80.34165835386506
83	78.96290841324601	6393.872077803353	429.4600779425263	0.0	215.61806690866342	78.96290841324601
84	77.88815836635759	6471.760236169714	436.6025305278251	0.0	215.59568451215276	77.88815836635759
85	73.1593710106983	6544.919607180409	439.74834364780787	0.0	216.0731863367874	73.1593710106983
86	75.50872457824053	6620.428331758649	445.13587101354125	0.0	219.87906505432676	75.50872457824053
87	75.57464506875839	6696.00297682741	449.06892274859734	0.0	219.79160389243583	75.57464506875839
88	73.24537796328639	6769.248354790696	451.78437569841947	0.0	221.89056633444832	73.24537796328639
89	79.23852032503036	6848.486875115724	460.31083081442836	0.0	223.8475256274015	79.23852032503036
90	79.51007188277401	6927.996946998503	470.1891298502358	0.0	223.1050989351762	79.51007188277401
91	75.1079774180479	7003.1049244165515	474.3974114732803	0.0	223.0312767849133	75.1079774180479
92	75.37462903049806	7078.479553447048	478.07101547916767	0.0	227.12275385583408	75.37462903049806
93	78.16516410888408	7156.644717555927	485.48888810771837	0.0	226.2920077107094	78.16516410888408
94	74.83186407194724	7231.476581627876	489.01835260483386	0.0	230.5346345217138	74.83186407194724
95	74.96376986178284	7306.440351489662	492.1323065067083	0.0	230.83513929275534	74.96376986178284
96	73.67576501974641	7380.116116509408	493.77975953580295	0.0	231.70028329655452	73.67576501974641
97	76.51073192405174	7456.626848433457	498.21158699682775	0.0	233.57792048711724	76.51073192405174
98	73.19024423225386	7529.817092665715	499.96714264507756	0.0	233.39685084966757	73.19024423225386
99	76.67517436861993	7606.492267034331	505.4114838479993	0.0	239.46542543806248	76.67517436861993
100	77.56829413591686	7684.0605611702495	511.97141580892526	0.0	241.3458847441706	77.56829413591686
101	74.76177883478628	7758.822340005036	516.3663210147408	0.0	245.19027712216916	74.76177883478628
102	77.07725210017814	7835.899592105215	523.1264574380104	0.0	250.31442769553055	77.07725210017814
103	76.2351017133567	7912.134693818572	528.4820029883649	0.0	249.56151920710275	76.2351017133567
104	76.34236976382137	7988.47706358239	533.2373559698822	0.0	247.24192581366987	76.34236976382137
105	75.94637609648163	8064.4234396788725	537.1714440017855	0.0	249.17932483480516	75.94637609648163
106	75.46610660309368	8139.889546281965	541.510558559824	0.0	249.32329161672442	75.46610660309368
107	79.50579886400666	8219.395345145977	550.1082048523044	0.0	255.1825869821286	79.50579886400666
108	72.40260761209868	8291.797952758076	552.2255044253383	0.0	257.02405404510495	72.40260761209868
109	73.70831110180501	8365.506263859876	554.1753375644014	0.0	257.6839676035515	73.70831110180501
110	77.0198461040814	8442.526109963961	559.9453742438427	0.0	256.971905609387	77.0198461040814
111	75.7276297440558	8518.253739708016	564.9585528866692	0.0	257.57576628747745	75.7276297440558
112	72.44734876641647	8590.701088474434	566.4126003898775	0.0	257.04402208470174	72.44734876641647
113	77.48736699178674	8668.188455466217	572.393952650172	0.0	258.3542586468728	77.48736699178674
114	73.62467474085783	8741.813130207076	575.4115544952053	0.0	261.04463256393046	73.62467474085783
115	74.92144662430259	8816.734576831375	579.3664142545043	0.0	264.9888166984891	74.92144662430259
116	77.23014361271069	8893.964720444086	584.8198402244254	0.0	268.52115575864013	77.23014361271069
117	74.4490330691094	8968.413753513198	588.6321770211833	0.0	268.25714012102827	74.4490330691094
118	75.89978353687397	9044.313537050073	593.0607858463763	0.0	268.04148361155274	75.89978353687397
119	78.12059721926518	9122.434134269339	600.3684998065731	0.0	270.05597426579413	78.12059721926518
120	79.54639153258498	9201.980525801922	608.2560037674257	0.0	269.888217609928	79.54639153258498
121	75.05797602807826	9277.038501830006	611.8491284534645	0.0	269.2912732758002	75.05797602807826
122	72.47919623878188	9349.517698068785	613.2597498681386	0.0	269.40185322038263	72.47919623878188
123	76.48573846091041	9426.003436529689	618.6598530200577	0.0	270.1772282437786	76.48573846091041
124	76.38152373498448	9502.384960264677	623.6334214372984	0.0	268.73912017753986	76.38152373498448
125	75.76167925539727	9578.14663952007	628.3437516028637	0.0	269.8583240036007	75.76167925539727
126	75.57463053245759	9653.721270052532	632.8065727021778	0.0	268.50871001770713	75.57463053245759
127	75.17728734282952	9728.89855739536	636.0513875743007	0.0	265.7329874747582	75.17728734282952
128	81.37770814489102	9810.276265540253	646.0440212176231	0.0	273.93145262084863	81.37770814489102
129	75.26067560963807	9885.536941149885	649.1064799689318	0.0	271.89883974806907	75.26067560963807
130	75.82418109631108	9961.361122246199	654.8226837778757	0.0	276.55408495359086	75.82418109631108
131	76.34350998779327	10037.704632233996	660.6427033801072	0.0	279.7424612099692	76.34350998779327
132	75.39053975995036	10113.095171993948	664.2352214686457	0.0	281.15093363601545	75.39053975995036
133	75.97628598827603	10189.071457982216	669.7216656631449	0.0	284.9140642101417	75.97628598827603
134	78.08031671665465	10267.151774698876	676.5580974045963	0.0	282.0560511474237	78.08031671665465
135	73.29388033677566	10340.44565503565	679.9137281243275	0.0	280.2276596872608	73.29388033677566
136	75.86919311673205	10416.314848152388	685.4206341449724	0.0	284.14220806907264	75.86919311673205
137	76.42541058410342	10492.740258736485	691.1924340882806	0.0	284.63005209936944	76.42541058410342
138	75.13319674713733	10567.873455483623	695.2003101761962	0.0	282.4837059891052	75.13319674713733
139	76.75102855698226	10644.624484040609	700.5584558484088	0.0	278.8940194789633	76.75102855698226
140	75.73418174427846	10720.358665784885	707.1648201455987	0.0	283.1399602924439	75.73418174427846
141	73.91405427417581	10794.272720059062	708.5725825638339	0.0	282.9949141037205	73.91405427417581
142	79.36690079107518	10873.639620850132	716.4704567612014	0.0	279.9787431901909	79.36690079107518
143	72.49802765590088	10946.137648506037	716.6670673406594	0.0	278.5160926615306	72.49802765590088
144	73.65936122951453	11019.797009735545	718.9657607801105	0.0	276.2092095294607	73.65936122951453
145	75.23952789445657	11095.036537630003	723.2799480391151	0.0	279.2486711651657	75.23952789445657
146	75.16909580925285	11170.205633439258	727.2215897627574	0.0	281.30404044303094	75.16909580925285
147	76.62125467626863	11246.826888115522	731.7256323695119	0.0	285.9650784211464	76.62125467626863
148	76.06276138813831	11322.889649503666	737.5067224745067	0.0	287.26177855613105	76.06276138813831
149	77.71004684990217	11400.599696353569	743.5621345198342	0.0	291.71100381510365	77.71004684990217
150	82.31414344456678	11482.913839798131	755.7088808441223	0.0	291.4567276548787	82.31414344456678
151	72.24094133534396	11555.154781133471	757.1384186152442	0.0	292.05156839644746	72.24094133534396
152	73.86853217515223	11629.023313308628	760.1751685939319	0.0	291.04321723840627	73.86853217515223
153	76.47957571877791	11705.502889027412	765.2656204396111	0.0	289.1172405095173	76.47957571877791
154	74.63854924739991	11780.14143827481	769.3738864871764	0.0	287.68464004080727	74.63854924739991
155	77.5766908567888	11857.718129131601	776.3942362731697	0.0	294.6568851962608	77.5766908567888
156	73.88604734081352	11931.604176472409	777.4437518414188	0.0	296.09228756310733	73.88604734081352
157	78.2595938606652	12009.863770333077	784.0904484805782	0.0	297.8830739809586	78.2595938606652
158	74.05662946499224	12083.920399798073	786.4224833917315	0.0	304.51457624964144	74.05662946499224
159	72.35833473619324	12156.278734534266	787.4330672370879	0.0	307.13138012265887	72.35833473619324
160	77.96391536212701	12234.242649896389	795.240005820898	0.0	306.39783441421747	77.96391536212701
161	75.80085219769991	12310.043502094086	799.2809029965584	0.0	302.7133987470683	75.80085219769991
162	76.79241031055541	12386.835912404646	804.7041976235818	0.0	301.31044154063045	76.79241031055541
163	73.20852978963296	12460.044442194274	807.061275034339	0.0	300.2199259743696	73.20852978963296
164	75.6956688166027	12535.74011101088	812.464882502022	0.0	301.38968325981944	75.6956688166027
165	76.77031176689604	12612.510422777776	818.8006050562933	0.0	303.6847640339401	76.77031176689604
166	74.8744920620455	12687.38491483982	822.4023163803888	0.0	304.5470793742843	74.8744920620455
167	78.68285303586569	12766.067767875682	830.4129381543638	0.0	308.94325987918575	78.68285303586569
168	79.59331684425334	12845.661084719939	840.1840852801153	0.0	314.9354906538031	79.59331684425334
169	73.47878250559661	12919.13986722554	842.541342248505	0.0	316.49414138007216	73.47878250559661
170	74.68983563444404	12993.829702859979	846.4857069745599	0.0	314.62493527140373	74.68983563444404
171	74.56566104998255	13068.39536390996	849.8259711059993	0.0	315.5163287568481	74.56566104998255
172	75.55368142178449	13143.949045331752	853.5033085989116	0.0	318.1187124352123	75.55368142178449
173	75.8425936883434	13219.791639020093	858.080139754577	0.0	322.4136393693708	75.8425936883434
174	75.34149842956339	13295.133137449659	861.888207777946	0.0	322.0929386965858	75.34149842956339
175	75.54551891103176	13370.67865636068	867.2056763167055	0.0	325.4164093854015	75.54551891103176
176	72.54998224715386	13443.228638607841	869.4577295909714	0.0	324.97625579293276	72.54998224715386
177	79.33489627610142	13522.563534883946	876.9499792706652	0.0	324.89227787967303	79.33489627610142
178	80.56595295788614	13603.129487841823	886.2248759725265	0.0	326.3768588741396	80.56595295788614
179	70.5492926849278	13673.678780526747	885.5481229687165	0.0	325.811777359334	70.5492926849278
180	76.95071127400799	13750.629491800757	890.779404751459	0.0	328.4523186077141	76.95071127400799
181	72.49495813167132	13823.124449932433	893.0845053561654	0.0	330.2661589156419	72.49495813167132
182	74.93412558340854	13898.058575515837	897.7312187378657	0.0	329.7560801757405	74.93412558340854
183	73.48298041834525	13971.541555934187	900.0503142712821	0.0	333.746457695789	73.48298041834525
184	75.47804217700474	14047.019598111192	905.029634509888	0.0	336.0900774692113	75.47804217700474
185	75.3539882003523	14122.373586311543	908.7157045818661	0.0	340.08875552637346	75.3539882003523
186	73.42130203975294	14195.794888351296	912.0990242709375	0.0	342.5497583553816	73.42130203975294
187	75.75152002501328	14271.546408376302	917.2382913594572	0.0	342.6784285915872	75.75152002501328
188	73.92616745646926	14345.472575832777	920.845182198036	0.0	341.6036901128227	73.92616745646926
189	75.02209896974716	14420.494674802523	924.1649125475157	0.0	342.4863513944598	75.02209896974716
190	79.35702339744992	14499.851698199978	932.7202180794295	0.0	340.3117728403717	79.35702339744992
191	73.34376566780342	14573.195463867776	934.0403843488031	0.0	341.32512729858126	73.34376566780342
192	76.90409577221483	14650.099559639995	938.1631354956885	0.0	340.06205555200563	76.90409577221483
193	76.86040334657422	14726.959962986568	943.8809964383206	0.0	343.23927766730117	76.86040334657422
194	73.12956552592887	14800.089528512495	946.3961408378714	0.0	342.5130324725808	73.12956552592887
195	73.10928113376517	14873.198809646256	948.4863468518226	0.0	341.49495126256204	73.10928113376517
196	74.45330518684744	14947.652114833108	952.7229578881411	0.0	341.1626496499242	74.45330518684744
197	76.00953101240741	15023.66164584552	957.35190922346	0.0	345.7273542498288	76.00953101240741
198	75.90560808953676	15099.567253935053	962.4362110252855	0.0	344.6549546934904	75.90560808953676
199	79.34598078542496	15178.913234720481	969.7240070402138	0.0	347.10470402966143	79.34598078542496
200	76.05827458589671	15254.971509306375	973.7644130818142	0.0	353.9279301438821	76.05827458589671
201	75.0545111362464	15330.026020442616	977.1353767480009	0.0	353.9821349928372	75.0545111362464
202	74.49020809138712	15404.516228534001	980.4511364320736	0.0	355.722528137726	74.49020809138712
203	71.97508747745096	15476.491316011457	981.1517127414409	0.0	355.59807486388854	71.97508747745096
204	74.60872209958254	15551.100038111044	985.3839805179584	0.0	361.09031087506526	74.60872209958254
205	74.95618954323308	15626.056227654275	987.4932031121768	0.0	363.11373054574705	74.95618954323308
206	76.48822883755108	15702.544456491822	993.4395830684199	0.0	365.68214655372634	76.48822883755108
207	75.67888513466077	15778.223341626488	999.5912537508917	0.0	365.39327603159325	75.67888513466077
208	75.37816575783422	15853.601507384321	1002.9757477638087	0.0	366.1352685186985	75.37816575783422
209	74.087565487615	15927.689072871946	1005.9923431436582	0.0	368.389619106167	74.087565487615
210	74.91151522833823	16002.60058810028	1009.6331375436755	0.0	372.32521861491387	74.91151522833823
211	74.71961455028949	16077.32020265056	1012.9805092593632	0.0	371.07042842293146	74.71961455028949
212	75.11563127422271	16152.435833924781	1017.5217272680827	0.0	370.9266070996908	75.11563127422271
213	76.58417832857063	16229.020012253355	1022.5110137254305	0.0	370.6448606535217	76.58417832857063
214	75.52027363490123	16304.540285888259	1025.915518875984	0.0	369.2670334491477	75.52027363490123
215	75.35770703621021	16379.897992924472	1029.731012205002	0.0	367.27417386151257	75.35770703621021
216	74.78400651081141	16454.681999435277	1032.85090709859	0.0	366.4707296362375	74.78400651081141
217	73.6684525028411	16528.350451938117	1035.0366271778757	0.0	365.02837200696547	73.6684525028411
218	78.32266827492262	16606.673120213047	1042.6530158862722	0.0	366.9250893268762	78.32266827492262
219	74.44954070760818	16681.12266092065	1047.7322867890514	0.0	364.9811418018737	74.44954070760818
220	77.21528296929063	16758.33794388994	1053.658552443311	0.0	370.7600604766299	77.21528296929063
221	73.6513439591698	16831.989287849115	1057.0149780205795	0.0	371.1758375650817	73.6513439591698
222	74.60361681970308	16906.592904668814	1060.6107995999962	0.0	370.378771749659	74.60361681970308
223	78.44467035996293	16985.03757502878	1066.7451989565693	0.0	373.1948054181644	78.44467035996293
224	77.26068759801994	17062.298262626788	1073.240100936054	0.0	372.0056438820589	77.26068759801994
225	75.66255367005346	17137.96081629685	1077.8514036869194	0.0	368.99561042467786	75.66255367005346
226	78.59032799359785	17216.551144290446	1086.7421250660343	0.0	371.30485079783324	78.59032799359785
227	75.30210299430419	17291.853247284755	1092.3206698901552	0.0	367.01407226084484	75.30210299430419
228	77.30175714586122	17369.15500443061	1097.9399914432606	0.0	368.8189912881414	77.30175714586122
229	74.34520930900156	17443.500213739615	1101.938705221353	0.0	369.3774303167091	74.34520930900156
230	75.01687942080991	17518.51709316042	1106.1279070016728	0.0	370.95838533620895	75.01687942080991
231	77.80946991737595	17596.3265630778	1111.4991156648057	0.0	367.6558018012213	77.80946991737595
232	72.7377178632898	17669.06428094109	1113.0917218649913	0.0	367.5656198881137	72.7377178632898
233	73.99589930807026	17743.060180249155	1116.488758035194	0.0	365.0045999030802	73.99589930807026
234	80.32714486337481	17823.387325112533	1125.6372235258286	0.0	363.5149065785961	80.32714486337481
235	77.22823337026801	17900.615558482805	1131.7893342717937	0.0	361.3726903315248	77.22823337026801
236	75.3539013852756	17975.969459868084	1136.2301998811731	0.0	359.0971024005808	75.3539013852756
237	75.84300006081503	18051.81245992889	1140.279024304617	0.0	358.1806925033997	75.84300006081503
238	71.91799679215737	18123.730456721056	1141.712191587484	0.0	358.4389274181439	71.91799679215737
239	76.19328253494452	18199.92373925599	1146.4763501799712	0.0	357.6151574849073	76.19328253494452
240	78.1722295516006	18278.095968807593	1151.9303601315687	0.0	357.02643786266043	78.1722295516006
241	74.11257182677348	18352.208540634376	1154.4174564306325	0.0	356.6628266969955	74.11257182677348
242	74.9809783178784	18427.18951895226	1158.4877845757273	0.0	354.13323698251276	74.9809783178784
243	74.69111477384332	18501.88063372609	1163.4944909283774	0.0	356.6717232041155	74.69111477384332
244	74.75911358456256	18576.63974731066	1168.1945332728935	0.0	359.92444501485863	74.75911358456256
245	74.08480319304465	18650.72455050369	1170.2639313057336	0.0	360.47838194113916	74.08480319304465
246	74.77361059649797	18725.498161100197	1173.9177405152432	0.0	363.29224964480227	74.77361059649797
247	78.97367987037327	18804.471840970567	1181.0903723656186	0.0	363.1081763765418	78.97367987037327
248	76.73968053420789	18881.211521504774	1186.3709186349924	0.0	363.0903473279464	76.73968053420789
249	76.44843286375013	18957.65995436853	1191.5035958910316	0.0	363.0469657846516	76.44843286375013
250	73.42023982210638	19031.080194190632	1193.8349691679402	0.0	363.22073672390997	73.42023982210638
251	75.60766078905549	19106.68785497969	1199.1038727869368	0.0	365.94741601735785	75.60766078905549
252	74.72951466620947	19181.4173696459	1203.5873771239728	0.0	366.3401940797925	74.72951466620947
253	71.82378672943872	19253.241156375338	1204.9789165912227	0.0	365.23684534895773	71.82378672943872
254	78.67805811890287	19331.91921449424	1211.9483496759674	0.0	370.4380493215971	78.67805811890287
255	74.11072476957138	19406.02993926381	1216.052243636012	0.0	373.1357956160218	74.11072476957138
256	75.1009136167517	19481.13085288056	1220.7784101770048	0.0	373.2869433117506	75.1009136167517
257	76.37524865112668	19557.50610153169	1226.774575520846	0.0	374.3727940389754	76.37524865112668
258	73.51830779597142	19631.024409327667	1229.5279210366364	0.0	374.85663317889197	73.51830779597142
259	73.54096581992187	19704.565375147584	1231.7927918718433	0.0	375.96281759390337	73.54096581992187
260	76.37781478722488	19780.94318993481	1235.2579160774937	0.0	375.12177538203184	76.37781478722488
261	74.59957817782725	19855.542768112642	1238.5027059686645	0.0	377.58432033689866	74.59957817782725
262	76.9010858120043	19932.443853924633	1243.7323295700314	0.0	379.01050382119075	76.9010858120043
263	73.38086973547519	20005.824723660113	1246.3566203451498	0.0	380.5716179582058	73.38086973547519
264	76.10779120128868	20081.932514861404	1252.4707360410168	0.0	381.400463222731	76.10779120128868
265	73.45042330189968	20155.3829381633	1254.3460866282935	0.0	380.94995798904046	73.45042330189968
266	73.54464518144582	20228.927583344754	1258.2658624036692	0.0	377.6635777180907	73.54464518144582
267	75.76342562616951	20304.691008970913	1263.4062711392955	0.0	377.6086976898076	75.76342562616951
268	78.30682977785106	20382.99783874877	1269.104123255334	0.0	380.36919293425	78.30682977785106
269	71.58338009632827	20454.5812188451	1269.8545398693327	0.0	379.66889036460515	71.58338009632827
270	77.45407244431709	20532.035291289416	1276.599048928702	0.0	381.4558357757393	77.45407244431709
271	74.86333192373762	20606.89862321315	1279.1015017055367	0.0	384.7483075494383	74.86333192373762
272	74.70100512659326	20681.59962833975	1282.306221995207	0.0	384.4611420540472	74.70100512659326
273	78.21558150480621	20759.81520984455	1289.46270472838	0.0	383.63657050426286	78.21558150480621
274	76.93436735505746	20836.74957719961	1296.1209883606284	0.0	384.51792865651265	76.93436735505746
275	76.41325089170991	20913.162828091314	1300.2766718057185	0.0	382.8283028956098	76.41325089170991
276	73.90819000165888	20987.071018092982	1301.7368652088774	0.0	377.05105617758244	73.90819000165888
277	75.566619299976	21062.637637392945	1307.121069613081	0.0	381.4995965459641	75.566619299976
278	75.16604531128023	21137.803682704238	1310.816617806466	0.0	384.33597267131347	75.16604531128023
279	74.8488146777091	21212.65249738195	1314.573713609525	0.0	380.2191558921004	74.8488146777091
280	74.10836327922476	21286.760860661165	1317.4347305888714	0.0	380.26863969788445	74.10836327922476
281	76.40580687810196	21363.166667539266	1322.44844324628	0.0	379.88660217780813	76.40580687810196
282	74.13261463841631	21437.299282177686	1325.8846846011345	0.0	380.89416355133307	74.13261463841631
283	75.60156580706122	21512.900847984743	1329.2796112973076	0.0	384.4000724451163	75.60156580706122
284	73.4519005499001	21586.352748534653	1330.6083729272393	0.0	381.30560034166274	73.4519005499001
285	72.95794685825526	21659.310695392905	1332.2299528113822	0.0	382.6024980748439	72.95794685825526
286	74.21486389549543	21733.525559288402	1335.6990505508597	0.0	381.677882716191	74.21486389549543
287	75.29034015541276	21808.81589944381	1339.9264318924604	0.0	380.78296696715546	75.29034015541276
288	74.61246815879458	21883.428367602606	1343.8641911500881	0.0	379.3963720613312	74.61246815879458
289	73.14728304918667	21956.57565065179	1347.0738527251729	0.0	380.58028950485345	73.14728304918667
290	80.15367337548474	22036.729324027277	1357.4776497654734	0.0	379.455911371445	80.15367337548474
291	71.68627208445986	22108.41559611174	1358.4266854338714	0.0	378.19053823591867	71.68627208445986
292	74.31518709087929	22182.730783202613	1361.6327836368885	0.0	380.0247390947148	74.31518709087929
293	75.42822897348825	22258.159012176096	1366.5256551587956	0.0	382.7397033655684	75.42822897348825
294	77.57125782112779	22335.730269997228	1372.7766883254756	0.0	381.4588276561061	77.57125782112779
295	77.53408853234528	22413.26435852959	1378.7393018543628	0.0	379.98086534242935	77.53408853234528
296	75.66026631895024	22488.924624848532	1383.9017043906435	0.0	382.3162420532669	75.66026631895024
297	81.32753091610802	22570.25215576463	1393.5182693828456	0.0	381.4005527065199	81.32753091610802
298	77.82002004567612	22648.072175810314	1400.640579115202	0.0	379.3214206222633	77.82002004567612
299	73.908408959802	22721.980584770114	1404.0999368848964	0.0	381.3624221466246	73.908408959802
300	74.42538037406777	22796.40596514418	1406.9403644620793	0.0	383.5000663246908	74.42538037406777
301	77.12831834225857	22873.534283486446	1413.2731886851604	0.0	388.81110462458213	77.12831834225857
302	74.84338237986792	22948.377665866312	1416.7595320754917	0.0	390.00937699313454	74.84338237986792
303	75.54984358246719	23023.92750944877	1422.2171946938279	0.0	395.332691683619	75.54984358246719
304	75.87644891909369	23099.803958367876	1426.3946289535522	0.0	392.705184126642	75.87644891909369
305	73.58695554568688	23173.390913913554	1429.8333121558012	0.0	395.0752280392249	73.58695554568688
306	76.90566428177755	23250.296578195343	1434.5640361064684	0.0	393.9139139011328	76.90566428177755
307	75.0478265764863	23325.34440477181	1439.374053648775	0.0	394.26218977833577	75.0478265764863
308	75.55975984594596	23400.904164617765	1445.6524036552867	0.0	394.5620394107059	75.55975984594596
309	74.1124164210159	23475.016581038773	1449.3714865917852	0.0	391.9330991318287	74.1124164210159
310	72.99838664936856	23548.01496768816	1451.0928625847366	0.0	394.3341822669411	72.99838664936856
311	71.97619394177391	23619.99116162993	1453.254431689124	0.0	395.2819978287071	71.97619394177391
312	71.35772989323571	23691.348891523154	1454.4276703874075	0.0	393.37994469675925	71.35772989323571
313	71.44587431326022	23762.79476583642	1454.1790602041124	0.0	395.7117795533995	71.44587431326022
314	70.90881414373148	23833.70357998015	1454.8997539890029	0.0	396.85462800791004	70.90881414373148
315	76.74310429034922	23910.4466842705	1460.5165876879794	0.0	400.0252742960946	76.74310429034922
316	77.12772905503174	23987.574413325536	1466.8309830504347	0.0	401.65763044328924	77.12772905503174
317	74.79425846854288	24062.368671794073	1470.9868084586028	0.0	401.97183852629524	74.79425846854288
318	79.46800964915498	24141.83668144323	1478.2387360588048	0.0	402.23145649563105	79.46800964915498
319	76.8937818308513	24218.730463274078	1483.6037416387003	0.0	402.92222301698257	76.8937818308513
320	76.11155024565	24294.842013519752	1489.2815819058471	0.0	405.29459966461104	76.11155024565
321	74.07015742741112	24368.912170947133	1493.06728722047	0.0	405.215808038415	74.07015742741112
322	75.18467999212655	24444.096850939266	1497.9157190367002	0.0	405.0470257682256	75.18467999212655
323	76.36218768242635	24520.45903862168	1504.2162009689048	0.0	407.4623849128406	76.36218768242635
324	74.60136684399293	24595.06040546568	1507.9782575684294	0.0	406.4761563051488	74.60136684399293
325	78.21811674188227	24673.278522207554	1514.7084432112158	0.0	405.38576653790074	78.21811674188227
326	83.50003941229372	24756.77856161987	1527.0909043761685	0.0	405.5105522085877	83.50003941229372
327	76.3505453849207	24833.129107004777	1531.5033417379077	0.0	403.6832076089805	76.3505453849207
328	77.23502023555166	24910.364127240333	1537.083917951367	0.0	406.86727001022507	77.23502023555166
329	76.31113321529058	24986.675260455628	1541.51584270584	0.0	406.5330407248724	76.31113321529058
330	72.95073392224235	25059.625994377853	1543.248859489332	0.0	407.51359067243294	72.95073392224235
331	75.22663891175482	25134.85263328962	1547.3860038419245	0.0	408.2970464895021	75.22663891175482
332	77.3152119251831	25212.16784521481	1553.7822889549961	0.0	410.65369431243545	77.3152119251831
333	74.17053792570486	25286.338383140504	1557.7429540348437	0.0	412.8421472337998	74.17053792570486
334	77.48945312765099	25363.827836268152	1562.3952807739595	0.0	416.5591707700515	77.48945312765099
335	76.2923233557606	25440.120159623923	1566.241579063535	0.0	416.25158271256237	76.2923233557606
336	75.85858439974271	25515.97874402366	1570.9529726288165	0.0	418.5054186566246	75.85858439974271
337	77.33209536592558	25593.31083938959	1577.4106585921118	0.0	419.57627859691826	77.33209536592558
338	75.17399675082221	25668.484836140415	1581.2753296976562	0.0	419.54983756470574	75.17399675082221
339	77.99131571120708	25746.4761518516	1589.0633446263898	0.0	423.7827105238728	77.99131571120708
340	77.95988576248891	25824.43603761411	1595.774053970355	0.0	421.33985599722007	77.95988576248891
341	74.06111187407065	25898.497149488187	1599.8184197888131	0.0	423.61029408266165	74.06111187407065
342	77.04818725216413	25975.545336740346	1605.7487677543072	0.0	421.43877442904727	77.04818725216413
343	71.54701010028387	26047.09234684062	1606.5835251240296	0.0	423.94720546284464	71.54701010028387
344	78.49796011889495	26125.59030695953	1612.2474847885037	0.0	429.84621250956866	78.49796011889495
345	78.0223005382468	26203.612607497755	1619.8461022121157	0.0	429.2256901493156	78.0223005382468
346	76.1569916908816	26279.76959918865	1625.794638486871	0.0	427.5875953410605	76.1569916908816
347	75.48611157664185	26355.255710765286	1630.2647714381542	0.0	427.9798407860024	75.48611157664185
348	75.4894200532539	26430.745130818534	1634.3017919950785	0.0	431.1364644522012	75.4894200532539
349	72.09231955042517	26502.83745036896	1634.9752069384476	0.0	431.3381447136054	72.09231955042517
350	80.72820865857273	26583.56565902753	1643.0064644015156	0.0	432.8858926301589	80.72820865857273
351	74.31650999650655	26657.882169024044	1646.2273749991828	0.0	433.8174925856882	74.31650999650655
352	73.3614679817202	26731.24363700577	1648.6821757425114	0.0	434.4408172671772	73.3614679817202
353	76.07721359821349	26807.32085060398	1653.3671915464834	0.0	437.3051113582519	76.07721359821349
354	78.1299100603147	26885.450760664287	1660.1932242493165	0.0	432.8683252065982	78.1299100603147
355	72.49759569842729	26957.94835636273	1661.8226172065908	0.0	432.8120635807573	72.49759569842729
356	75.43824178800993	27033.386598150733	1665.673355784338	0.0	434.45712252018797	75.43824178800993
357	77.3463901646854	27110.73298831542	1671.2797094628725	0.0	432.14787395827653	77.3463901646854
358	77.2504035335295	27187.983391848946	1677.596354530098	0.0	430.95961353453026	77.2504035335295
359	73.70078427621753	27261.68417612515	1681.2737404875545	0.0	432.8218407064087	73.70078427621753
360	73.22678501170687	27334.91096113687	1684.0920408277875	0.0	434.62475556331657	73.22678501170687
361	72.61076888960983	27407.52173002648	1686.1917665511712	0.0	435.2396235607652	72.61076888960983
362	74.09008549383672	27481.611815520326	1689.6125501266492	0.0	433.2291744489062	74.09008549383672
363	76.89341333957482	27558.505228859893	1695.0184944134558	0.0	435.8740983825148	76.89341333957482
364	76.48376345962373	27634.988992319522	1700.8286323729835	0.0	435.01493029868857	76.48376345962373
365	73.72212756424884	27708.711119883767	1704.4073449019374	0.0	434.84079690172496	73.72212756424884
366	77.61537769861727	27786.326497582388	1712.0291883692598	0.0	439.6284859823957	77.61537769861727
367	73.00540610330263	27859.33190368568	1713.186954184231	0.0	440.4801279213797	73.00540610330263
368	75.36406533935461	27934.695969025044	1717.282363579993	0.0	436.96091684613043	75.36406533935461
369	76.02273793536352	28010.71870696041	1723.0597258625055	0.0	435.9788629151066	76.02273793536352
370	73.8669000329216	28084.585606993307	1725.1525074204087	0.0	437.99432341078887	73.8669000329216
371	75.39473573731803	28159.980342730636	1729.3999113365885	0.0	439.6313834097689	75.39473573731803
372	76.2217222975674	28236.20206502823	1734.453418302757	0.0	442.6621019996004	76.2217222975674
373	74.58417287996932	28310.78623790818	1738.126251400102	0.0	442.94495797406506	74.58417287996932
374	77.2043410631396	28387.990578971316	1744.3049973471468	0.0	447.47180279676974	77.2043410631396
375	74.28322173265032	28462.27380070396	1748.2901942660692	0.0	446.92799605061026	74.28322173265032
376	75.26555949435334	28537.539360198312	1750.7296395828964	0.0	448.22949627816496	75.26555949435334
377	75.21074021658742	28612.750100414916	1754.703212634309	0.0	451.29232762689014	75.21074021658742
378	73.94987608254984	28686.69997649746	1758.362040306867	0.0	450.1422146463752	73.94987608254984
379	74.67438559756802	28761.37436209504	1760.4362898874188	0.0	449.8489362495433	74.67438559756802
380	75.32329638127236	28836.6976584763	1766.3763874492247	0.0	449.03937031695517	75.32329638127236
381	74.93643448405827	28911.634092960358	1769.4769619659962	0.0	451.9770186765408	74.93643448405827
382	74.51865059918104	28986.152743559545	1773.3337041475013	0.0	453.3264470667543	74.51865059918104
383	76.35359160924335	29062.506335168775	1778.3386897597386	0.0	457.503609155738	76.35359160924335
384	75.12505179059309	29137.631386959372	1782.4256706141987	0.0	459.3730982465669	75.12505179059309
385	75.73356480441608	29213.364951763797	1787.7698743651451	0.0	461.1060864527577	75.73356480441608
386	74.76322979951502	29288.128181563297	1790.6685264157215	0.0	460.59810016284115	74.76322979951502
387	73.3211009738703	29361.44928253718	1793.370947960477	0.0	459.9358655887241	73.3211009738703
388	72.85469739568173	29434.303979932858	1795.2160159887433	0.0	454.90551097587564	72.85469739568173
389	75.69502302398071	29509.999002956854	1798.976340618793	0.0	452.92161392992386	75.69502302398071
390	76.64574284585143	29586.64474580269	1805.4032348837102	0.0	453.41906440213523	76.64574284585143
391	74.4312962386906	29661.076042041383	1808.0423766464182	0.0	456.1919926845537	74.4312962386906
392	75.04751564900506	29736.123557690396	1812.7378340250934	0.0	455.76349085862756	75.04751564900506
393	71.93745980396619	29808.061017494343	1813.5727663416283	0.0	456.61112636319615	71.93745980396619
394	78.34793562493876	29886.408953119288	1821.79836692657	0.0	459.3653616778165	78.34793562493876
395	75.45202581114772	29961.86097893043	1826.5964492593732	0.0	460.59828023442134	75.45202581114772
396	75.20472532652657	30037.06570425698	1831.988065300195	0.0	459.2249802781992	75.20472532652657
397	77.32359792462427	30114.38930218159	1839.3279409523516	0.0	455.2977540892812	77.32359792462427
398	80.8254470588058	30195.214749240396	1848.3895289534114	0.0	453.1462289280134	80.8254470588058
399	73.35001635436402	30268.56476559474	1849.8686535542884	0.0	452.34301966428825	73.35001635436402
400	75.72834457174093	30344.29311016651	1854.4274713295954	0.0	453.14943536256084	75.72834457174093
401	74.99477382678596	30419.287883993282	1858.1002262080035	0.0	455.4702194089035	74.99477382678596
402	74.97935274515348	30494.267236738444	1861.351515426063	0.0	453.10398667761655	74.97935274515348
403	71.81289067930464	30566.080127417743	1861.544083391919	0.0	451.7261527515957	71.81289067930464
404	77.28765232248853	30643.367779740234	1867.075895782539	0.0	453.32855901512744	77.28765232248853
405	76.82528712417782	30720.193066864413	1872.7912302735974	0.0	453.01731249454764	76.82528712417782
406	82.70237123249518	30802.8954380969	1885.1431750722518	0.0	451.7294709435256	82.70237123249518
407	72.25142574100626	30875.146863837905	1885.8139702093647	0.0	453.59709237465313	72.25142574100626
408	77.59552879491999	30952.742392632827	1892.780422007011	0.0	453.93862158802017	77.59552879491999
409	75.00714172480811	31027.749534357627	1896.3167943695635	0.0	451.7481548857482	75.00714172480811
410	72.27488082927829	31100.024415186926	1897.3190506325745	0.0	451.86926607646944	72.27488082927829
411	78.25344992362037	31178.277865110533	1902.983098077797	0.0	456.4236994934993	78.25344992362037
412	73.11044870461984	31251.38831381516	1904.4645612965312	0.0	457.04463493094016	73.11044870461984
413	74.93136466632868	31326.31967848148	1908.3965840532712	0.0	457.52996147834386	74.93136466632868
414	73.61485821201084	31399.934536693487	1911.3316975700707	0.0	456.4865658603002	73.61485821201084
415	72.43294094830067	31472.3674776418	1913.072819483428	0.0	458.52868030816234	72.43294094830067
416	76.79333774967233	31549.160815391468	1920.5908364634056	0.0	462.27155307063964	76.79333774967233
417	76.13805444879395	31625.29886984025	1925.1873384035973	0.0	460.0191675600285	76.13805444879395
418	77.1428697499595	31702.441739590213	1931.8573119829184	0.0	460.61227349765295	77.1428697499595
419	78.36700920032769	31780.808748790543	1938.7915172233145	0.0	459.67572099673254	78.36700920032769
420	75.45041366954186	31856.259162460094	1942.7552051816797	0.0	459.66253550199224	75.45041366954186
421	75.24195410416435	31931.501116564243	1946.657979840206	0.0	459.2088575120506	75.24195410416435
422	78.27725858500494	32009.778375149257	1953.7578052872711	0.0	463.6048234326949	78.27725858500494
423	76.29835218798347	32086.07672733725	1959.6078129102455	0.0	465.25088555501503	76.29835218798347
424	73.45860751955512	32159.53533485682	1961.974480728209	0.0	464.7840026625527	73.45860751955512
425	77.64972862218174	32237.185063479	1969.2323965223313	0.0	465.79519001012176	77.64972862218174
426	79.15076813268439	32316.335831611665	1979.1401418014475	0.0	466.65978494432966	79.15076813268439
427	76.67920328997852	32393.01503490163	1985.1434449858978	0.0	467.79994269483	76.67920328997852
428	76.03840029016277	32469.05343519181	1990.2189256456634	0.0	469.457290422884	76.03840029016277
429	81.74341085265364	32550.796846044446	2001.0991029131617	0.0	468.8243888355597	81.74341085265364
430	77.61584529565859	32628.412691340116	2006.8716045811007	0.0	472.3127449081676	77.61584529565859
431	76.37352361028168	32704.786214950407	2013.1992352848006	0.0	473.0306227019082	76.37352361028168
432	76.11713138428924	32780.90334633469	2018.1664832429205	0.0	471.90955372500025	76.11713138428924
433	76.79725625965627	32857.700602594356	2024.4629740281098	0.0	473.9970908727382	76.79725625965627
434	77.27744704592016	32934.97804964026	2029.2896693675261	0.0	473.30646639553197	77.27744704592016
435	76.17762633681305	33011.155675977076	2034.2622557337154	0.0	471.9743699307084	76.17762633681305
436	79.13675703950615	33090.29243301661	2042.624713004542	0.0	472.418662974356	79.13675703950615
437	75.6565620452245	33165.94899506181	2047.1073555262765	0.0	474.1384768303273	75.6565620452245
438	74.85692378111135	33240.80591884295	2051.7300374403685	0.0	477.3188406734542	74.85692378111135
439	76.60840126643602	33317.41432010936	2056.836283170862	0.0	474.1516965457172	76.60840126643602
440	74.79167112166225	33392.20599123101	2060.145982757015	0.0	472.6951780602166	74.79167112166225
441	71.97374150745576	33464.17973273847	2060.907940861403	0.0	473.61975975778967	71.97374150745576
442	75.15558062611763	33539.33531336457	2065.162976072212	0.0	475.7651580588798	75.15558062611763
443	75.40331480197698	33614.73862816657	2069.4662710473476	0.0	477.88498209962404	75.40331480197698
444	75.72025020686698	33690.45887837342	2073.872358773546	0.0	478.81993058304977	75.72025020686698
445	73.74831280843095	33764.20719118188	2075.590831579956	0.0	477.86466347556683	73.74831280843095
446	72.8849766619363	33837.09216784381	2076.5573320060926	0.0	479.6018731106272	72.8849766619363
447	74.35631543329663	33911.448483277105	2079.156354604849	0.0	480.2023109584924	74.35631543329663
448	75.6258808369637	33987.074364114065	2083.129017535899	0.0	480.59482084176886	75.6258808369637
449	75.07351600080779	34062.14788011488	2086.6258278644686	0.0	483.40411139550895	75.07351600080779
450	73.68633543048557	34135.83421554536	2087.9560785643757	0.0	482.8294560850772	73.68633543048557
451	77.28275140706985	34213.116966952424	2093.558296584417	0.0	482.9989450380535	77.28275140706985
452	72.57507282178476	34285.692039774214	2095.47559140339	0.0	481.7168420121078	72.57507282178476
453	77.2999918949935	34362.992031669215	2103.2375841240705	0.0	476.1246688008442	77.2999918949935
454	79.23311542262856	34442.22514709183	2110.647373738237	0.0	474.5427800294931	79.23311542262856
455	79.2117339253465	34521.43688101718	2118.343279401751	0.0	471.3749674576465	79.2117339253465
456	78.94962079668521	34600.386501813875	2126.701768938825	0.0	467.8861268629478	78.94962079668521
457	73.63061623108163	34674.01711804495	2128.6664700632605	0.0	471.08476800771285	73.63061623108163
458	74.55768458377158	34748.57480262873	2132.194904919531	0.0	471.55617402943125	74.55768458377158
459	74.02151064475666	34822.59631327347	2135.569264613505	0.0	471.63645436862663	74.02151064475666
460	74.12239945828179	34896.718712731774	2138.4859454955385	0.0	473.1934638398803	74.12239945828179
461	73.60988135148658	34970.328594083236	2141.192249227897	0.0	476.253583303876	73.60988135148658
462	72.72194111515986	35043.05053519841	2143.3914623263368	0.0	475.2205936082683	72.72194111515986
463	76.21859763694034	35119.269132835354	2148.8344031065553	0.0	475.0975765315361	76.21859763694034
464	77.20273633538453	35196.47186917074	2154.5962398421525	0.0	474.9031867088398	77.20273633538453
465	72.65868086757467	35269.13055003831	2156.5533748435673	0.0	473.5433810038449	72.65868086757467
466	76.71812891960685	35345.84867895791	2161.8968558844276	0.0	473.4384636746538	76.71812891960685
467	74.17606878973855	35420.024747747644	2165.1288757324182	0.0	476.9375273670065	74.17606878973855
468	76.89351674428917	35496.91826449194	2171.1503207150186	0.0	478.41944116876886	76.89351674428917
469	76.8578473893098	35573.77611188125	2177.0711002180483	0.0	479.3193663768638	76.8578473893098
470	76.569184433628	35650.345296314874	2182.8805612696956	0.0	478.78893960757773	76.569184433628
471	76.49361852691752	35726.83891484181	2188.59597918882	0.0	482.4840197742339	76.49361852691752
472	79.62299957973714	35806.46191442153	2196.8283408696607	0.0	475.9170551510761	79.62299957973714
473	72.92215586052792	35879.384070282074	2199.835326079261	0.0	475.83140186694084	72.92215586052792
474	72.27218922169013	35951.656259503754	2201.8999391913553	0.0	475.84339333916427	72.27218922169013
475	73.67653333253702	36025.3327928363	2206.112500626894	0.0	476.2895660255103	73.67653333253702
476	74.38304608800073	36099.7158389243	2209.8669464244554	0.0	479.65974995146956	74.38304608800073
477	75.08606312350602	36174.80190204781	2212.2735368972076	0.0	481.4022601955892	75.08606312350602
478	78.13170689488973	36252.933608942694	2218.747219340658	0.0	480.5905633523795	78.13170689488973
479	79.26439486124693	36332.19800380394	2226.210714559612	0.0	482.1123890362923	79.26439486124693
480	76.67991460371007	36408.877918407656	2231.761227847558	0.0	487.86006554332823	76.67991460371007
481	81.52789549205433	36490.4058138997	2242.9860747956222	0.0	492.2665961815944	81.52789549205433
482	72.23250402171713	36562.6383179214	2243.579544289259	0.0	491.4986855926362	72.23250402171713
483	74.52638315936642	36637.16470108079	2246.8177793750056	0.0	490.7578035697843	74.52638315936642
484	76.27805711729812	36713.4427581981	2252.2747372212184	0.0	489.4298172459613	76.27805711729812
485	75.51276459476318	36788.95552279284	2256.9330588848893	0.0	488.7640139424052	75.51276459476318
486	79.74080292552199	36868.69632571839	2266.059671268228	0.0	488.80933536010133	79.74080292552199
487	76.17941860644284	36944.87574432482	2271.2881129665852	0.0	492.5026863140039	76.17941860644284
488	80.1467111946633	37025.022455519465	2281.884643910798	0.0	494.35879831394993	80.1467111946633
489	77.59060706187228	37102.61306258136	2288.078406599599	0.0	491.0605751115849	77.59060706187228
490	73.18622799252962	37175.79929057389	2289.9980300006487	0.0	491.5064182445559	73.18622799252962
491	77.27014480764059	37253.06943538152	2297.180926181488	0.0	493.51892741995067	77.27014480764059
492	76.92023011463405	37329.989665496156	2303.1303982492254	0.0	495.17885542250315	76.92023011463405
493	76.4350504416356	37406.42471593779	2307.506792835849	0.0	498.85028798728496	76.4350504416356
494	76.9877517665563	37483.41246770436	2313.374008487099	0.0	502.2142920068935	76.9877517665563
495	74.00144269640295	37557.41391040075	2316.5557086138665	0.0	504.0659357704251	74.00144269640295
496	79.46667346169856	37636.88058386247	2323.766889568065	0.0	503.56400378570964	79.46667346169856
497	74.98384198956035	37711.864425852014	2326.5743414044005	0.0	503.5367833781443	74.98384198956035
498	77.14998816154534	37789.01441401357	2332.7064565586093	0.0	506.1583214882725	77.14998816154534
499	81.06295462785796	37870.07736864141	2342.6080631502873	0.0	505.66720701178997	81.06295462785796
500	76.99670451398534	37947.07407315541	2348.0172612693395	0.0	504.41518282816946	76.99670451398534
501	73.60511329061742	38020.67918644603	2351.27658488255	0.0	507.0201528140553	73.60511329061742
502	76.40779981711388	38097.08698626316	2356.295506633603	0.0	508.42070756060934	76.40779981711388
503	72.28384525282794	38169.370831515946	2358.3412678162913	0.0	509.3706749744607	72.28384525282794
504	76.12257792412633	38245.493409440096	2363.535140610155	0.0	512.9818765167257	76.12257792412633
505	75.02515298845695	38320.51856242856	2367.455060478591	0.0	514.4692189627287	75.02515298845695
506	73.09337600485435	38393.61193843341	2370.1526801379373	0.0	517.2178006965432	73.09337600485435
507	77.07704135791029	38470.68897979131	2376.855441575484	0.0	519.1279854602558	77.07704135791029
508	74.41248543212774	38545.101465223444	2380.285888069788	0.0	522.8114283786806	74.41248543212774
509	76.22112511508493	38621.32259033851	2384.7621382861166	0.0	525.0379751025107	76.22112511508493
510	75.96981978613613	38697.29241012465	2388.6084732627755	0.0	526.2278282730093	75.96981978613613
511	73.942381442731	38771.23479156739	2391.7050621469516	0.0	527.962404107297	73.942381442731
512	77.41352321157343	38848.64831477897	2398.575023049212	0.0	526.8905798837365	77.41352321157343
513	79.38750158486091	38928.035816363816	2407.7487769294157	0.0	528.8153163844208	79.38750158486091
514	78.83702144789238	39006.87283781172	2415.8530123717396	0.0	531.7000866258276	78.83702144789238
515	73.50343563421623	39080.37627344593	2417.3847337858097	0.0	534.4537605029386	73.50343563421623
516	77.40991275111429	39157.78618619704	2422.674620161185	0.0	537.5704128694574	77.40991275111429
517	76.69318089765585	39234.4793670947	2428.1232221962136	0.0	538.8858214972063	76.69318089765585
518	78.03632390365874	39312.51569099837	2435.1606622779204	0.0	534.2063173343994	78.03632390365874
519	74.52025740970447	39387.035948408084	2437.4123536172724	0.0	535.7071298592614	74.52025740970447
520	73.30272446366168	39460.33867287173	2437.4123536172724	0.0	537.0078323604134	73.30272446366168
