task	reward	total_reward	total_regret	relative	total_reward_dev
0	72.13366929753141	72.13366929753141	0.7599476024293577	0.0	12.30978792225108
1	76.2801181008394	148.4137873983708	6.218049469883197	0.0	24.510175338653635
2	75.69359441803059	224.10738181640147	11.369914864206743	0.0	30.55949608225637
3	74.86576285644882	298.97314467285025	14.590825361465491	0.0	36.236491370754656
4	74.86974454960742	373.84288922245776	18.87680431293997	0.0	46.29383291892604
5	74.92099545967896	448.76388468213656	22.684859993096644	0.0	48.1559441213494
6	74.65558877456294	523.4194734566995	25.37356348573097	0.0	51.55278103193099
7	70.1384535965063	593.5579270532057	23.743578245947592	0.0	51.74442833334386
8	77.75369448414185	671.3116215373477	32.01604713155607	0.0	55.274867217053945
9	74.45625032180752	745.7678718591553	35.7838293763171	0.0	60.71573248931251
10	72.10657749701613	817.874449356171	37.86990897534178	0.0	64.46297223614843
11	73.65198116099054	891.5264305171618	40.909596400482634	0.0	69.78708047574546
12	72.38358435632802	963.9100148734896	42.91335052326574	0.0	70.46446598804059
13	73.7970566599882	1037.7070715334776	45.775196664244156	0.0	71.32304580223956
14	74.44100917737883	1112.1480807108574	48.390519256601344	0.0	72.90914450729072
15	75.36750528933678	1187.5155860001944	53.22265046457185	0.0	76.61575487463233
16	73.74052381555941	1261.2561098157528	55.93357037200212	0.0	77.23428112629122
17	75.18966339317444	1336.4457732089274	59.27836642098659	0.0	77.0246832820493
18	73.24172360360157	1409.6874968125294	61.35230319257851	0.0	80.17954102224874
19	73.74225965658907	1483.4297564691178	63.725382967283416	0.0	83.06179958995939
20	74.11490938341673	1557.5446658525345	68.17070481317047	0.0	86.39990250286061
21	74.8586758565762	1632.40334170911	71.01844323549935	0.0	90.82638611264541
22	72.66048567041894	1705.0638273795298	73.42173417072851	0.0	93.78121182392563
23	74.53946107363889	1779.6032884531687	76.44443003918454	0.0	93.56693004281334
24	76.96171029354734	1856.5649987467166	81.64429428769185	0.0	93.5399217866656
25	74.13257866794117	1930.6975774146576	84.60321113865827	0.0	96.38480307994645
26	75.88358487107129	2006.581162285729	89.58499858488376	0.0	100.09535290778489
27	72.60311097487386	2079.184273260603	90.3498373311176	0.0	98.48652470486167
28	72.62528184348295	2151.809555104086	92.28966057504964	0.0	99.43858906163462
29	71.40341548895954	2223.2129705930456	92.93914465134588	0.0	98.5225612780514
30	75.94636707528821	2299.159337668333	97.41590960018722	0.0	102.2497173793562
31	78.27172235032657	2377.43106001866	104.94722822999313	0.0	105.33132745827228
32	74.35650429565351	2451.787564314313	108.40054765588013	0.0	107.48807812362864
33	72.2892819800032	2524.0768462943165	110.68069508806163	0.0	107.9599405325144
34	71.30799697816202	2595.384843272477	110.74361140801305	0.0	109.05777809079973
35	72.59255954095265	2667.9774028134307	112.80765466392457	0.0	109.8539179423428
36	72.16985954109623	2740.1472623545274	113.8461405774814	0.0	112.52101074624048
37	72.08169889464293	2812.2289612491704	114.82009322480684	0.0	112.65426143184337
38	75.13834412258379	2887.367305371753	119.68243378785866	0.0	111.07607477310718
39	74.17603456966677	2961.54333994142	122.78604261208379	0.0	114.33687912906915
40	73.17794461768348	3034.721284559105	124.93288704049566	0.0	114.37893036470801
41	74.28018326861773	3109.0014678277234	128.41430704951892	0.0	122.04677452963887
42	71.00920213746247	3180.0106699651833	127.96884977793124	0.0	123.66895137109054
43	72.22395721571066	3252.234627180895	129.5089615000527	0.0	124.19535595204214
44	77.49529105928347	3329.729918240178	136.14978156966316	0.0	127.04092544935861
45	74.0642219737724	3403.7941402139504	139.78756709125025	0.0	128.98793747773968
46	74.8435149635908	3478.6376551775425	142.52794639719986	0.0	129.22706506952954
47	74.95532282509171	3553.592978002633	145.50190577532544	0.0	130.36353649779062
48	74.46585132821943	3628.0588293308515	148.10949462924302	0.0	131.48406941787675
49	73.91491878126027	3701.9737481121156	151.33117269411707	0.0	133.6757869361265
50	72.82444425827373	3774.7981923703865	152.82074249819425	0.0	132.16335225350096
51	72.92039376661327	3847.7185861370012	153.99577856400316	0.0	132.73131586195336
52	73.78339447719392	3921.5019806141936	156.74519245251088	0.0	133.42880525735575
53	71.29370967953773	3992.7956902937317	156.13735114488588	0.0	132.20986215805215
54	75.66444730888946	4068.460137602623	159.5805420677943	0.0	135.20223248552335
55	70.8134060041411	4139.273543606762	158.3632403870789	0.0	137.17217775100616
56	76.69995073669428	4215.973494343457	164.1253901184258	0.0	138.84740966398192
57	75.99463604183602	4291.968130385291	170.52394019635068	0.0	138.6906315507135
58	75.74174953860226	4367.709879923894	176.3055253198918	0.0	138.30637789478766
59	71.92656006947055	4439.636439993369	177.24551708107637	0.0	141.7157714428339
60	72.63918880809528	4512.275628801461	177.99151669906928	0.0	144.346161693531
61	72.56833221782098	4584.843961019283	180.1047741322879	0.0	144.99457981741216
62	73.74833847718277	4658.592299496463	182.06853206890503	0.0	145.78708776237576
63	74.31373081175572	4732.90603030822	186.42760182698856	0.0	147.23386950207467
64	75.19803560344263	4808.1040659116625	189.74396304188957	0.0	148.57881177806607
65	73.91135612607144	4882.015422037735	192.52241940918503	0.0	151.53179520557885
66	72.38247102997862	4954.397893067712	194.67589648705425	0.0	152.28957048782735
67	75.38480125349892	5029.782694321213	198.58592647840575	0.0	152.88998213164237
68	74.72002876123233	5104.502723082444	202.48781247879845	0.0	154.40580986447551
69	70.17398701051808	5174.676710092963	202.24352503464644	0.0	154.4943254430893
70	75.08674450503838	5249.763454598002	206.5956587196144	0.0	154.67304900933644
71	76.89528757396454	5326.658742171965	212.8873903962435	0.0	157.263781067269
72	75.78710579030066	5402.445847962266	218.39326475448834	0.0	158.4667627529427
73	74.25238492020321	5476.69823288247	221.48003377619446	0.0	162.4824181116755
74	74.28106520182547	5550.979298084294	225.4860537689223	0.0	160.74981482526817
75	72.69164020956124	5623.670938293862	228.2276401892533	0.0	165.09894295399997
76	75.95448492265024	5699.6254232165065	232.26003130859945	0.0	166.61794259618384
77	70.89936058635075	5770.524783802859	231.648112583648	0.0	169.8956210016973
78	74.64919118386247	5845.17397498672	235.43144988205145	0.0	173.74837140611558
79	78.05666377562439	5923.230638762346	243.2602795238903	0.0	170.84918904153574
80	71.41556541861236	5994.646204180957	243.76812360194126	0.0	172.8498692046514
81	74.20197777407706	6068.848181955033	247.4483593026342	0.0	172.25002007777198
82	71.48300334185883	6140.331185296894	249.10490721232725	0.0	172.83606270722424
83	73.8391688634714	6214.170354160365	252.00666734227644	0.0	171.56991071509253
84	72.22560208014508	6286.395956240511	253.81059333733225	0.0	171.78491457460228
85	72.10784934306845	6358.503805583579	255.9195854852422	0.0	169.44633348262207
86	74.75867839051028	6433.262483974092	258.77297978201034	0.0	171.78192731041548
87	71.94998422134321	6505.212468195432	259.6714871268575	0.0	174.98209814884072
88	75.36470280941985	6580.577171004848	263.8657893474862	0.0	175.58811936529
89	74.46878924218996	6655.045960247039	267.68956584122884	0.0	173.97730293564484
90	74.86090002915743	6729.906860276199	272.13000236479905	0.0	175.79957941387258
91	73.27498590015819	6803.181846176353	273.1641506111266	0.0	175.94191701231406
92	74.6345122789214	6877.816358455278	277.7884476379997	0.0	175.08724242146386
93	73.55833777963045	6951.374696234908	280.60886168162017	0.0	174.8390758034775
94	72.8046317106518	7024.179327945559	281.88096166509865	0.0	177.1264938873118
95	72.99400873421862	7097.17333667978	284.5470035713833	0.0	178.447015787977
96	72.35794254983374	7169.531279229612	285.47208940108106	0.0	179.75183506158336
97	72.71506987048964	7242.246349100102	287.91933590688916	0.0	179.35026699989058
98	75.45174655898971	7317.698095659092	293.02237843064944	0.0	181.90764880393735
99	73.23140994529366	7390.929505604385	296.0492044198283	0.0	184.27292364791575
100	72.93344181903902	7463.862947423427	297.4583059799808	73.91729278125895	185.3901238540013
101	76.9434010501976	7540.806348473625	304.01178721073467	73.92392561075249	189.30765072720348
102	71.68841289564114	7612.494761369262	305.23650239047834	73.88387379552863	189.27145818988535
103	73.14354917969845	7685.638310548963	307.7880359419359	73.86665165876111	188.26730427317048
104	74.1548600074887	7759.793170556452	310.83763754719564	73.85950281333992	188.66876919035815
105	72.88511613128281	7832.678286687728	313.2634404821963	73.839144020056	188.98466893971622
106	71.98599171876967	7904.664278406501	314.35851730927635	73.81244804949804	188.00858613565026
107	73.85922651043911	7978.523504916941	317.34131324914927	73.8496557786374	189.019233874119
108	74.79183926578895	8053.315344182729	322.03864337055785	73.82003722645385	189.78026572581308
109	74.15889124078045	8127.474235423511	325.1058934063066	73.81706363564355	190.43074216616424
110	75.59532126574997	8203.069556689261	328.8580160887083	73.8519510733309	190.31214687456017
111	70.83065727431533	8273.900213963578	329.33669207348254	73.82373783446417	190.30410786246276
112	72.56955854043282	8346.469772504008	331.1296081374962	73.82559757630521	193.93891339427338
113	70.74800781016276	8417.217780314171	331.7107898131107	73.79510708780694	193.70518622691768
114	73.25933186511749	8490.47711217929	334.3497592741737	73.7832903146843	192.2489661390635
115	74.59283485853292	8565.069947037817	336.68147906795656	73.77554361037627	195.92560697324342
116	73.65339948620175	8638.723346524022	339.62175348438416	73.77467236708273	196.90251715316947
117	71.95766554759976	8710.681012071625	340.8970259735589	73.74235238862697	197.64037017942294
118	75.06303939345477	8785.744051465075	345.0338268579617	73.76056554652548	199.5510347150359
119	75.95795629011252	8861.702007755188	351.4295610945674	73.7827225128607	198.63861716981882
120	72.24051789521837	8933.942525650411	352.7061896303469	73.76397859797876	201.30647241269253
121	73.54516324060533	9007.487688891015	355.09854564616757	73.75084347181904	201.7240145621178
122	70.8853803875916	9078.373069278607	354.9023965243421	73.73309241899078	202.88406101597053
123	72.29131702723802	9150.664386305847	355.92019789021526	73.71061097852673	201.98702369908895
124	70.66713597974059	9221.331522285584	356.875621448712	73.64766523538869	201.94783059119334
125	73.92209896643826	9295.253621252028	359.7285280889536	73.64556043837368	202.17911855362922
126	74.73576235927166	9369.989383611293	363.3021508157877	73.63408221325564	203.7332601007086
127	73.6629447658891	9443.652328377182	364.3863984241675	73.64468055116583	204.8865618030422
128	73.3985873900489	9517.050915767228	365.79883530817114	73.65241360663148	205.09137591648468
129	72.5571948470477	9589.608110614281	366.2831015092234	73.66395140021237	206.2642601201266
130	71.34721635282304	9660.955326967101	365.9748654736509	73.61795989298771	206.23213675655964
131	74.74818500827244	9735.703511975373	369.4628130128329	73.58272451956715	204.89039891340144
132	73.23815403432967	9808.94166600971	372.2115677223272	73.57154101695393	204.13773657776053
133	71.53091877235265	9880.472584782055	373.3571195816876	73.56395738487741	204.66499216016706
134	73.58952185175535	9954.06210663381	375.34285881506503	73.58677263361335	204.3112633449298
135	74.67238789357673	10028.734494527393	377.7477966610674	73.60757091713963	208.6468201334912
136	73.43860996035276	10102.173104487743	380.79944533553163	73.62025842133215	208.04147312208414
137	74.75784639714813	10176.930950884893	385.1728936369561	73.64701989635718	209.94044193727885
138	72.36260589904376	10249.293556783938	386.7213658627474	73.61926251412179	209.64209142099162
139	74.46465766344804	10323.758214447384	388.17187242607196	73.62214874505962	211.8151420590805
140	71.93145882052465	10395.689673267907	389.10356336053303	73.60968388708804	213.2169110687381
141	71.71976997224094	10467.409443240142	389.61967146233786	73.58407975412429	210.37834988992958
142	74.81749384905636	10542.226937089205	394.6669670919658	73.62216267124019	211.61391381306427
143	77.88473032296191	10620.11166741217	400.7122240621058	73.67877040231271	211.94090097824048
144	73.36126786635543	10693.472935278523	402.8482855560625	73.63743017038344	213.33686655030172
145	74.60687670304893	10768.07981198157	407.08668756361004	73.64285671767621	215.89656553282344
146	79.26264885861913	10847.34246084019	415.2359171349306	73.68704805662647	217.15680556644114
147	73.75950914351796	10921.101969983705	417.249085461932	73.67508991981077	217.83018669591607
148	70.60842898881009	10991.710398972518	417.15435164124267	73.6365156964167	217.31497659103974
149	73.15585161685051	11064.866250589368	419.51824861531605	73.62892502477254	218.0095855426659
150	75.74123947270017	11140.607490062068	423.282871137825	73.65809297691678	214.63113547182687
151	71.69643445446236	11212.303924516535	423.1780940916817	73.6458533837953	215.65594917439313
152	73.65235542251412	11285.956279939046	425.95702503572466	73.64454299324849	216.9466542515942
153	73.65987700917638	11359.616156948225	428.3686227970382	73.66820466654492	216.20175164497638
154	74.63431615954393	11434.25047310777	431.34595932334645	73.65790335505147	216.98462710303954
155	71.70122664189039	11505.951699749658	432.5437540908567	73.66678156142895	215.98178160851373
156	76.65174184329365	11582.603441592948	439.07699409651866	73.66629947249491	215.0906086067783
157	73.87326419923957	11656.476705792194	441.63099761645617	73.64508575406897	218.31915969031516
158	76.08023797291519	11732.556943765107	446.0157482594137	73.64847063841214	219.98776327398102
159	71.05861663771185	11803.615560402814	446.79027311244556	73.6397912040945	219.17878773561074
160	74.30196952905278	11877.917529931865	449.25472154690465	73.65641901130408	220.42011294318092
161	74.13868717119662	11952.05621710306	452.57972169638856	73.67212256083785	218.26655427819767
162	72.88794316104735	12024.944160264113	454.16227747946175	73.66351860767647	217.4056921461445
163	73.67900027227806	12098.6231605364	457.98945303921425	73.65717130228168	218.20382567083973
164	70.6366617876261	12169.259822324024	457.1105872214633	73.6115575641235	218.61732495614064
165	75.14375076379285	12244.403573087808	462.0362919840776	73.6238815105008	221.16535215861737
166	73.86561335539896	12318.269186443205	463.8431150548342	73.63871293375496	220.65302803537878
167	72.50940515746979	12390.77859160068	465.860188611694	73.60995897279466	220.78532119779862
168	71.78277215047925	12462.561363751158	467.55454066000107	73.58058640668715	221.67846658465163
169	72.4101161364058	12534.971479887565	467.81066795047496	73.60294769794601	224.11347072835562
170	74.48818658421536	12609.459666471777	471.0310992489323	73.59696211873778	224.9284022479388
171	73.30191835009612	12682.761584821877	473.69160147283367	73.56102842649909	225.99902030068026
172	75.17659153991188	12757.938176361777	477.35442955923594	73.55492328399525	225.9210480818042
173	73.64992313953125	12831.588099501321	479.30293269800427	73.54889866618849	224.12659674334196
174	78.1583835967567	12909.74648309808	486.5846697993109	73.5876718501378	230.45076907997378
175	73.37959728034991	12983.126080378419	490.01427646066475	73.59455142084568	230.832282548711
176	74.54578687739637	13057.67186725582	493.59381292322354	73.58046444039314	229.76316756389022
177	73.53040994921948	13131.202277205035	496.0451920920259	73.60677493402187	230.97859863040009
178	74.61923248563313	13205.821509690673	499.0340358686573	73.60647534703956	233.6336997824767
179	74.00635735971326	13279.827867050382	500.89164928260635	73.56597228288042	229.58829110127462
180	74.41591225715852	13354.24377930755	503.3161563030915	73.59597575126591	231.72166634267927
181	74.42525048277683	13428.669029790319	506.8476979879008	73.5982084783529	232.9617820013359
182	75.56535267108738	13504.234382461405	511.8133014079895	73.6390319716452	235.26518116026446
183	75.60654555151773	13579.840928012934	517.0738208513367	73.65670573852563	241.00138648514402
184	73.986146811656	13653.827074824578	519.0065004729688	73.67431118584074	240.98669918535063
185	71.30319730138238	13725.130272125956	517.8533401047147	73.66626466542387	240.25660043366466
186	71.48464401921419	13796.61491614518	519.1799387014293	73.63352432171092	239.63160408472038
187	72.19893360365937	13868.813849748842	521.3979809926818	73.63601381553413	239.97355401487007
188	72.71679442115096	13941.530644169987	523.0722586238279	73.6095347316514	239.84008143997124
189	72.80676932336141	14014.337413493355	523.7409775156366	73.59291453246311	244.13597791874352
190	76.08019048766482	14090.417603981019	528.4578384641819	73.60510743704818	248.44665849907284
191	74.59889168187789	14165.016495662894	531.5313441658789	73.61834649486539	252.33939400077207
192	80.57075980338145	14245.587255466278	541.6313468874564	73.67770897010999	252.32010735321853
193	75.87814296707357	14321.465398433349	545.6121759794897	73.7009070219844	255.48652176789818
194	72.57583606976556	14394.041234503115	547.4955862218955	73.69861906557554	258.73198477060413
195	73.43365628529179	14467.474890788408	549.457226054508	73.7030155410863	256.4884106745198
196	78.18104490995368	14545.655935698358	556.1201676871742	73.76124656468753	259.0788058167439
197	72.12618800191754	14617.782123700275	557.5313383758204	73.75535774600178	260.4937241922904
198	72.91265951454818	14690.69478321483	560.0036320806931	73.72996687555734	261.03157517979264
199	75.709519994931	14766.404303209749	564.8258436143706	73.75474797605371	261.0585068018824
200	76.05751414987628	14842.461817359637	569.4485856438434	73.7859886993621	266.0671877205187
201	73.08752102559527	14915.549338385224	571.6135197478728	73.74742989911606	264.0540277853225
202	73.94603007041421	14989.495368455646	573.8504129667323	73.77000607086381	264.17200319870625
203	75.10014036861729	15064.59550882426	577.1256611475059	73.78957198275299	265.96258825903664
204	73.66525834019554	15138.26076716445	579.0203500027901	73.78467596608004	268.3914265982759
205	70.1875580332362	15208.448325197685	578.2079933906236	73.75770038509961	266.79953211615435
206	72.01240339099164	15280.460728588687	578.7750227046484	73.7579645018218	268.1529068068958
207	73.87046380801395	15354.3311923967	580.4940442732069	73.75807687479754	265.67576227152466
208	72.48963819218802	15426.820830588886	583.3714870634651	73.73505486406155	264.42044631244954
209	73.71900361635223	15500.53983420523	586.7355098392424	73.73065598781729	266.0051289534635
210	71.2054175006846	15571.745251705926	587.9223032411859	73.68675695016663	267.5980531741826
211	74.90166452757964	15646.64691623351	592.1042124742244	73.72746702269927	268.1057999429597
212	73.00726688165237	15719.65418311516	593.7181782718352	73.73184410611145	269.208264288155
213	72.23461908607024	15791.888802201223	594.328326700951	73.74671021887053	269.06189764464085
214	72.42719454004298	15864.315996741268	595.5902095595923	73.7383888456198	267.67277418531506
215	74.15606685287706	15938.472063594147	599.1928832825935	73.73402116556323	265.99191872694627
216	71.40914807030508	16009.881211664448	598.9990310224183	73.71157865140427	265.7708149463739
217	73.3868872387223	16083.268098903172	602.0871206066706	73.72587086831548	266.9392058430077
218	74.93539184990867	16158.203490753085	605.4339968285199	73.72459439288	267.12322198932645
219	74.83667241106133	16233.040163164134	609.6373085883812	73.71338155408952	268.71274434732914
220	73.69332760969552	16306.733490773831	611.5851325627899	73.72790965123427	267.4850922236064
221	72.9155454264369	16379.649036200277	613.3086792233627	73.72161347309259	269.9771438470581
222	72.63454732469488	16452.283583524964	614.3348727977129	73.73910514246367	269.68646562758966
223	73.27261526221373	16525.556198787188	616.0723650188337	73.74891812481339	271.3453003615383
224	71.4334433810204	16596.989642168206	617.5731383496263	73.75658119882617	270.28657418459835
225	72.23410265644041	16669.223744824656	618.9009295055267	73.7397012357262	270.30391390255664
226	75.69011634515567	16744.9138611698	623.1736625545856	73.74924477558504	271.9973006948557
227	74.74700382220786	16819.660864992	626.855220076505	73.76008536614825	272.2891070928867
228	74.29842715016198	16893.959292142157	631.0732059563497	73.76908376374936	272.2895822395894
229	71.15074234430071	16965.110034486457	630.0461931009734	73.7550192387219	270.78313590703044
230	73.29888483275452	17038.408919319212	631.9950088338182	73.77453592352124	270.89088140253466
231	71.76964016773937	17110.17855948696	632.720304483659	73.7447504751159	272.2225887255538
232	74.65791779618984	17184.83647728316	635.1482341566852	73.75894811273447	270.8435820642231
233	76.0767693181861	17260.91324660134	639.1970730766453	73.80440661819283	270.96323880059487
234	73.06824137258911	17333.981487973928	641.7290033705345	73.79919381340117	271.35956802082006
235	72.74155156137424	17406.7230395353	643.5842798615531	73.77988545007912	271.77405715884896
236	75.33639440166657	17482.059433936967	647.8455902965633	73.7988632944923	277.2393520432547
237	73.80751428609894	17555.86694822306	649.1255152738469	73.78935997338176	276.64159325758806
238	73.98491321870519	17629.851861441766	651.6150606999097	73.80558304657838	273.6504925358334
239	72.5214679541241	17702.373329395898	653.7014336624635	73.78615114948516	274.85223561057023
240	75.59762492121645	17777.97095431712	658.7059757750337	73.82281281049204	274.7853674787234
241	73.87432969244372	17851.845284009556	662.612793110256	73.84435840769406	275.0986043524842
242	72.56319098349591	17924.408474993063	664.2992257503886	73.8218153790385	275.18643674285715
243	75.12278601527973	17999.53126100833	669.1923773214986	73.79419593596165	274.1214131295869
244	72.79342550845877	18072.324686516797	672.0311179177874	73.78851751238271	273.9714259727891
245	71.44655469517483	18143.771241211965	670.9253452043032	73.75691429230393	272.30084394073475
246	75.88107656207782	18219.652317774042	675.9099928318725	73.72309856933857	271.50665385631265
247	75.2029717838374	18294.85528955787	679.442458495193	73.73753319574175	274.108881460799
248	73.21977156844784	18368.075061126336	682.4502257713102	73.76364662153809	271.76934439974883
249	71.81980263509321	18439.894863761412	682.8597542038402	73.75028613172053	271.95479346760163
250	73.16818873760214	18513.063052499012	683.7723609424517	73.72455562436957	272.123793230855
251	76.61595090839563	18589.67900340741	688.1964369764694	73.7737507889089	271.61458432542673
252	71.08479125397983	18660.763794661394	689.7941455703123	73.74807514722359	273.2251842033664
253	73.17258756693761	18733.936382228338	692.340728245397	73.74320225280117	272.81071616207316
254	73.36492522168324	18807.301307450016	693.7819356219553	73.73050834342256	272.573456797101
255	73.35412392941805	18880.655431379433	695.0542921679372	73.74703731629786	272.65989430264113
256	73.26768959374621	18953.923120973188	696.6620701531888	73.71319679380233	272.55227233174566
257	75.88071312788756	19029.803834101072	701.555466576284	73.73327128308884	274.88783966350354
258	72.83891271028877	19102.64274681136	703.5428970264304	73.7008580304626	274.8137477204303
259	73.67526729349068	19176.318014104843	706.613796401679	73.72702453702033	274.360536191827
260	72.18484344391676	19248.502857548763	707.3278965756776	73.70585327616901	276.8302124499979
261	75.53818063100655	19324.041038179774	713.5874091845541	73.71984821076708	276.7295348594812
262	74.75422713701334	19398.795265316785	717.4372223933096	73.73851105052674	275.95605184928036
263	75.32970006312104	19474.12496537991	721.7463386636992	73.75501804843519	273.4949058811349
264	72.35830769101675	19546.48327307092	723.8979998398318	73.77223450746915	272.12212135499226
265	75.58847365535755	19622.071746726284	728.4453947120418	73.77668173638473	271.9872908236739
266	73.34076222830193	19695.41250895459	730.6227845019534	73.77143322511378	271.3929379658563
267	74.56374889588731	19769.976257850467	733.1166185225264	73.79197666249797	270.5156007394741
268	72.28870107319109	19842.26495892366	734.5004150395133	73.79703595172506	269.63516606720265
269	76.04680985412693	19918.311768777796	740.0058394512694	73.8334028889023	267.75636311525705
270	73.45426104422877	19991.766029822014	743.9358729710286	73.82306363350243	268.7664903896924
271	73.07975913119638	20064.84578895322	744.5545653940247	73.82084204131341	269.0870016771381
272	77.5599525388386	20142.405741492057	750.0327231390792	73.84467565130268	267.9547726430502
273	74.10674331820637	20216.51248481026	753.5166845623166	73.84924385308943	270.575093560874
274	73.0146035146137	20289.527088324878	755.4874297596211	73.79780605226803	269.4657747540823
275	74.21112102191063	20363.738209346775	758.1347153836623	73.80612128968365	268.3070953444475
276	72.26454186343592	20436.002751210217	759.2756223613958	73.78330883954403	271.7356715163829
277	75.53120712572678	20511.533958335942	763.1738085376163	73.80331681130909	273.30652025939315
278	72.86741239583071	20584.401370731764	764.1925021280099	73.78579861041108	272.18601971910334
279	72.42699488883754	20656.82836562062	766.1184318302687	73.77000498570233	275.73370972461987
280	71.36471128895634	20728.193076909574	765.7849732969772	73.73949297602032	276.22859386854935
281	72.55291439201595	20800.745991301585	767.05124673178	73.7207696151127	275.73302412762246
282	74.81519971442758	20875.56119101602	770.3844178821766	73.71326808554612	272.62668761151696
283	73.06723279504462	20948.628423811053	771.5156892718603	73.68787495798136	270.8191994519722
284	73.29963584735331	21021.928059658418	773.7630011137754	73.68100984833828	274.2185331848123
285	74.38402483915398	21096.312084497567	777.1849710469987	73.71181812371606	274.35194122855256
286	73.01307280436752	21169.32515730193	778.0339994583227	73.7271024115676	274.70979783122306
287	72.70609421196374	21242.031251513894	778.694737942026	73.73217401765064	277.89205974024156
288	73.34587009808098	21315.377121611982	782.2610843218225	73.73846477441994	276.6156363131268
289	75.5937922686938	21390.97091388067	788.5889883976305	73.76633500387325	276.62787327536563
290	72.42675027963705	21463.397664160308	789.6539733317301	73.72980060179297	276.2679151292547
291	72.96005820663619	21536.35772236695	791.5209241500713	73.71341226704054	276.64983980039415
292	74.50744894637207	21610.865171313315	795.3241159952053	73.65277915847045	276.9108555168485
293	69.82559415401808	21680.690765467334	794.0760784688298	73.5922536703399	276.7920209214774
294	73.25256465629839	21753.943330123628	796.3660832104823	73.59902095620525	276.14242042198873
295	74.87509047617328	21828.818420599815	800.1556099896168	73.61343529811404	280.09938973874887
296	74.89531660935519	21903.713737209164	803.2345684270803	73.58057801510807	278.8529757800152
297	74.92035036162197	21978.634087570783	807.6890724161711	73.60851963870513	280.7553258943427
298	74.76374260128135	22053.397830172064	811.3637084758084	73.62703046957246	281.86214209476225
299	72.21561711784254	22125.61344728991	811.851354767587	73.59209144080155	281.6375849034698
300	73.58653702724335	22199.199984317147	814.5749443259566	73.56738166957523	281.8252269934259
301	74.14151954726997	22273.341503864416	817.8334883563313	73.57792165479198	280.88892287128544
302	73.64169233431349	22346.98319619873	818.8773318697718	73.57487827743095	281.1127080742094
303	71.59859010736326	22418.5817863061	819.017882629852	73.53986277481842	280.3303633028022
304	73.04801156524671	22491.629797871337	820.7319476159362	73.5336903070689	280.3715867135199
305	75.62806886855364	22567.257866739896	826.0615695863082	73.5880954154221	282.07167344167505
306	73.39742272652799	22640.65528946643	828.3834098814592	73.60194560877746	285.27794183945343
307	73.41295116878082	22714.068240635203	830.6100191362907	73.59737048238514	285.6179257489962
308	73.34103278138133	22787.409273416586	833.5407288912443	73.60588442827708	285.04276287639175
309	76.30054768297168	22863.709821099575	839.4209328352131	73.63169986894327	285.6562499491877
310	75.01877556043138	22938.728596659992	842.7109455617779	73.66983344954079	286.1987412559635
311	71.50688379273254	23010.235480452724	842.1675218827446	73.63588564219224	285.55346573509286
312	74.87508638727714	23085.110566839998	845.8681370300887	73.65456383724847	288.1836927921792
313	78.49747694581255	23163.60804378582	852.3068346607648	73.71719241584596	289.06732062252513
314	75.48530794435632	23239.093351730167	856.2965587054641	73.7477735498891	289.6275574992346
315	72.62812687223148	23311.721478602398	858.5101966906705	73.73249415008262	289.0397548640784
316	73.95744353188438	23385.678922134288	860.172017679361	73.7579771046984	290.35294620048154
317	73.27138939673733	23458.950311531018	862.760056662838	73.75682212627854	290.1204582734172
318	73.3676436514061	23532.31795518243	863.9529681222631	73.74114464429348	289.0975308908335
319	72.20795510779402	23604.52591029022	864.6896233139398	73.71485747126083	290.2819219902466
320	75.75224062867669	23680.278150918908	868.0894467989149	73.73544660145068	287.6813457248461
321	73.24589543637721	23753.524046355273	869.2019174382158	73.73875010155002	289.63036028339525
322	73.83670834698721	23827.36075470227	871.935349257358	73.75077171177298	290.3769592492606
323	72.74460134671962	23900.105356048978	874.0901799552972	73.74549157261805	293.783820729094
324	73.5084021301304	23973.613758179108	875.7166186012031	73.76624116010917	296.08118093149994
325	75.16924931752983	24048.783007496655	881.3893789760203	73.79559262672005	293.8481859701625
326	72.54254808954965	24121.325555586194	883.1292541952774	73.764116944164	291.41988775681926
327	73.890465670278	24195.216021256474	886.0222112619101	73.75555156264468	292.7440861189814
328	72.89744742737693	24268.113468683856	888.1054601630132	73.74154176541683	294.08229256322386
329	73.36019146636569	24341.473660150215	891.1266722005493	73.76363625663745	294.80339796027994
330	73.29515530107042	24414.768815451283	892.7758432496902	73.76359896132062	295.83713712872583
331	72.6627311989826	24487.431546650256	894.741636085425	73.7725298716331	296.0099288613233
332	72.71622164843599	24560.14776829871	896.7558418951442	73.75311291015552	296.9293875177306
333	75.9089794770486	24636.056747775754	901.5224582333094	73.75143501174414	296.8557775315837
334	71.10344733012793	24707.160195105876	901.5273542208894	73.73178707131954	297.31791312407836
335	73.33047702177173	24780.49067212764	904.5879828758297	73.73767632592354	298.3865617521741
336	71.05662049938378	24851.54729262703	905.4866473443868	73.6948785869007	298.3371668231155
337	72.3257106627598	24923.87300328979	906.8201827861466	73.6800605506673	298.50570231298866
338	75.46152130273806	24999.33452459253	911.7798513977332	73.69482663150765	298.13466332184987
339	73.48422063706643	25072.818745229593	914.169959876362	73.70445415833707	300.34283557359765
340	74.55121745816697	25147.369962687768	919.027728495244	73.69399008370657	303.86087886611864
341	73.22965991946097	25220.59962260723	921.9811385815951	73.68754338597674	304.6322287358379
342	74.17146355754255	25294.771086164772	924.6737675481075	73.70362611171726	307.1185354111299
343	75.28735511125721	25370.058441276018	927.6212696081295	73.70527180267698	310.77579760976846
344	75.87015459867392	25445.928595874695	932.0498384222093	73.73603909357914	313.25040128934467
345	71.34885601745023	25517.27745189216	932.7744543274198	73.73506210680188	314.6454932834896
346	73.07068356980336	25590.34813546197	933.1364205287816	73.70695817687914	313.5259831188613
347	70.99679272378347	25661.344928185736	931.5992244475226	73.6648963862786	312.6245996416984
348	74.40653816745166	25735.75146635318	933.9038916713922	73.67676405226867	313.49600197469147
349	73.37406303227965	25809.125529385474	936.1701888940868	73.69230665624053	313.94941196326056
350	71.5988604561918	25880.724389841642	936.8197071326687	73.67661337342642	315.14246003487676
351	73.6571683104452	25954.381558152112	940.6478046661911	73.64702554744689	314.49651195898656
352	74.93476789746352	26029.31632604957	944.9309042068479	73.68552531388175	316.2366944076484
353	73.04704023492737	26102.363366284502	946.7567259396383	73.68426984056163	313.2723154430012
354	74.32293761772527	26176.686303902217	950.5464211782929	73.69384996452206	311.8117218562741
355	74.88805664978108	26251.574360552	954.3336017483391	73.70918929172566	311.61348264077145
356	71.93427671259599	26323.50863726459	956.2892878127008	73.69585516291417	313.04926923871807
357	72.9674329332418	26396.47607019783	957.5413154232493	73.66672236096775	313.2474293796862
358	76.20781131881763	26472.683881516656	961.6628005109691	73.70041134705302	310.023944511581
359	71.33625594413978	26544.020137460804	962.9001529909242	73.67702123355949	310.4861271821994
360	72.76838307089488	26616.788520531692	963.0254605170383	73.68285662982926	309.0800098153818
361	75.38130687813242	26692.169827409823	968.1475618521406	73.68128789230057	311.43726254048823
362	74.89642240201606	26767.06624981184	971.1832074580775	73.6827098449506	307.86723106088374
363	71.69932641470537	26838.765576226564	973.0294324053451	73.64640610846642	309.5434987713434
364	74.7181255796674	26913.48370180622	976.7856185197663	73.67000428735291	310.6577267299528
365	73.5185399612355	26987.002241767445	978.7913839427237	73.64930495041168	315.32788521138974
366	74.09852639499367	27061.100768162447	981.3749017809693	73.65688259207865	316.31288454668544
367	73.48943057068855	27134.59019873313	984.2790578999968	73.64613940882663	319.7262083668073
368	76.74713722187818	27211.337335955002	988.9484738103763	73.69072377031347	318.89814360605305
369	70.40837767369952	27281.745713628712	989.1045044681805	73.63433944850922	318.5107913615734
370	73.93154941654853	27355.677263045254	992.8533593627621	73.63911233223244	318.7313451465226
371	71.47515166009107	27427.152414705357	993.5946833085321	73.6230662575214	317.22867329056027
372	73.19739169320837	27500.34980639855	996.8346980178866	73.57944064906508	318.24525938124344
373	73.7495896674678	27574.099396066013	1000.380693667055	73.5758691125577	319.4218956535216
374	72.3481769476954	27646.447573013735	1002.0343175705624	73.56920484688851	319.3441540140959
375	72.3749078719041	27718.822480885614	1003.4213287545367	73.5508427153884	318.9519964589808
376	75.658078580114	27794.480559465726	1008.454329817634	73.58477808255522	318.8137388491056
377	74.11279941729586	27868.59335888302	1011.1625139239281	73.57059400547091	315.5673859821503
378	73.94883199097677	27942.54219087401	1013.3726856406308	73.58140820142236	318.03209994258077
379	72.3395273006982	28014.881718174707	1015.465589790012	73.58053352554103	317.138956722
380	73.35584891105617	28088.237567085762	1017.0329124216246	73.60044490176197	316.71231944456906
381	77.21452559005816	28165.452092675805	1023.7590112766293	73.64706101374242	314.8288887838059
382	74.44042707869744	28239.892519754525	1027.4185505997086	73.64331328738514	311.93604736107676
383	71.83488562079259	28311.7274053753	1028.2256718745004	73.63098981564256	311.35762540219974
384	74.072081525496	28385.799486900793	1031.1633454650191	73.63871427242401	313.69379066072656
385	76.23500762895976	28462.034494529766	1035.6090440380294	73.65722410032207	316.288994330896
386	73.49904601573829	28535.53354054551	1037.7648074918889	73.66208383243574	319.56039916142873
387	74.99609787203288	28610.529638417534	1041.3595270815797	73.68498386903643	318.20945094297986
388	71.80092394277278	28682.330562360305	1041.6479258591658	73.66953440748338	319.8505894418745
389	73.23336366834872	28755.56392602865	1044.103715079018	73.64593012147992	322.1011227526689
390	76.68928023244047	28832.253206261114	1049.546081005786	73.68855542100798	323.2454566413967
391	75.0439556781639	28907.297161939277	1055.0301777819384	73.70939439572322	324.6286192706652
392	72.88398475260438	28980.181146691855	1055.6599356452132	73.69315975378555	324.7520881260157
393	73.19699794303101	29053.378144634902	1057.4712108728447	73.72687379167566	327.1331846812844
394	74.09181865766578	29127.469963292562	1062.5502231954763	73.73526633168939	328.01259495670655
395	73.11468822918626	29200.58465152174	1064.7983637175864	73.71766230921949	330.252410763095
396	72.82444775302474	29273.40909927477	1066.0804027881436	73.6969536206562	332.03804261496845
397	72.43487216109108	29345.843971435876	1067.6070110000915	73.67209883865084	333.84163908258375
398	72.07313118668391	29417.917102622552	1068.2384492193441	73.6451927245049	333.6307512595075
399	71.67424535603337	29489.59134797857	1068.9427987174754	73.63977900688683	334.07589871539756
400	72.16851558602701	29561.759863564606	1069.573364315072	73.62559879247466	336.07958253469934
401	76.48353276111511	29638.243396325754	1075.2198150411682	73.64901892461306	333.68202150383763
402	71.45123889302911	29709.69463521875	1075.905806985073	73.62711439020028	331.4571199961678
403	72.08994781277181	29781.784583031535	1077.8892539696737	73.63202796725437	331.8431777753687
404	73.65674997022812	29855.44133300175	1080.0246607545098	73.63811535130417	332.5142188795136
405	75.64834565810115	29931.089678659846	1085.0666697436036	73.63831811919962	332.2084157576869
406	71.4223285217784	30002.51200718162	1085.0018990603392	73.61856717715213	333.96409379560737
407	74.72945591468739	30077.241463096325	1088.6173604153691	73.63173222461121	333.50230156549657
408	71.34547682711262	30148.586939923436	1088.8656876415853	73.61177666506853	330.7676305803338
409	73.30848148137399	30221.895421404803	1090.886399365689	73.58185600305254	331.2355860482977
410	75.36686865825763	30297.262290063063	1095.2326804809816	73.5853369340308	333.20082081750934
411	73.25972700447824	30370.522017067546	1096.4905086548056	73.60286536614824	333.09814913615224
412	72.34993671529053	30442.871953782826	1099.1158988347152	73.57761386942838	333.02530237458035
413	72.60485406927592	30515.476807852097	1100.8337996252815	73.51868764066303	334.03470870239437
414	70.99090718243629	30586.46771503455	1100.862426574879	73.47374363304381	334.3879020921424
415	70.99293546024593	30657.460650494784	1101.844027592649	73.457391718924	335.3086794976547
416	71.28429892896315	30728.744949423763	1102.5499112608722	73.43066027289476	334.8816459952201
417	75.62515431046091	30804.37010373424	1107.00832193449	73.454197922032	335.91859504382325
418	77.63947469894345	30882.009578433168	1114.0724672548424	73.49691623250733	335.62016165067735
419	72.51915898725241	30954.528737420416	1114.5153716513287	73.50002827130193	336.2410913228443
420	72.87996080634274	31027.408698226758	1117.4551409140593	73.47130547307863	336.60929851261295
421	72.18251942646233	31099.591217653222	1118.8861176226171	73.46067171297946	337.4794418101442
422	76.50135672483334	31176.09257437804	1125.2256761151123	73.48731819675791	336.8255095694919
423	73.47859334404455	31249.5711677221	1127.6152566306448	73.49465811673116	334.4715819464536
424	73.83519466492957	31323.40636238702	1130.2260124796155	73.49792604207913	337.4325265172121
425	72.18540799733609	31395.59177038436	1131.222951065141	73.4680876288772	339.391572679635
426	73.7497851892922	31469.34155557366	1134.0997307481014	73.48015999987464	341.3528681872528
427	73.88587392291976	31543.227429496572	1137.0377554553447	73.48011408240104	341.4949395137767
428	75.76168625396308	31618.989115750537	1142.7906950380357	73.50875647066692	347.3572839718475
429	75.73174607257246	31694.72086182311	1146.9707465215424	73.53247201672902	347.6812291750709
430	72.65569045179495	31767.376552274898	1149.582131284053	73.52607736823622	346.61032976684294
431	75.06230930267914	31842.438861577582	1154.2839571842562	73.5500731492732	347.51242836393044
432	71.57571499365734	31914.01457657124	1153.8721515284772	73.53866808272542	346.8859567973348
433	73.37019618367428	31987.384772754907	1155.7485142478097	73.5132802497917	351.57667162338237
434	73.31207905949525	32060.696851814417	1157.9960459098447	73.53536656708532	353.1483145982546
435	72.34379254725678	32133.040644361692	1158.9631203981264	73.52549972234023	353.7493675284865
436	73.87133480319089	32206.911979164855	1162.5437920469865	73.55364686537828	355.6376040859286
437	74.45149937419792	32281.363478539046	1165.4142226491965	73.57490475249266	354.13560759922836
438	70.9319400119456	32352.295418551006	1165.98683818038	73.52960893958469	354.8023721864021
439	72.86475971656577	32425.160178267568	1166.3509045759583	73.52341433037972	352.8379367884324
440	74.33614539258416	32499.496323660165	1168.7494204249626	73.52126360972389	354.1520960117161
441	77.58543871333826	32577.08176237348	1175.1328735924221	73.56482139766267	349.4566028645694
442	72.9620966542472	32650.043859027755	1177.5971309132658	73.55272772862972	351.32371731042616
443	76.25866741230753	32726.302526440057	1183.3659427888163	73.56244085164023	352.46833219179007
444	76.38459728361346	32802.687123723656	1190.0171207166206	73.5675852784896	350.2436897609255
445	73.11432619306674	32875.80144991674	1192.9258058265195	73.5852399802458	350.3905422770043
446	74.07488885255981	32949.876338769296	1196.1858015236853	73.59528203307337	350.89263548626406
447	72.60239233316236	33022.478731102456	1198.064589911504	73.61133802916714	351.29988762386523
448	71.95296501621254	33094.43169611866	1198.95627613056	73.58680229765473	350.31841447376536
449	70.6261402387093	33165.05783635736	1197.8508981872658	73.55932306971903	351.41462198827264
450	72.57340513940916	33237.63124149679	1199.6742880568388	73.56906851655123	351.13208807044816
451	76.66492582901762	33314.29616732579	1206.0787818215995	73.59914609173697	355.5305229845842
452	75.35941408386124	33389.65558140966	1210.4960894052033	73.60339255360093	355.38581544001414
453	73.21980395667379	33462.87538536633	1212.2072595878535	73.60512019081835	358.3182546168288
454	76.05970146029257	33538.93508682663	1217.0138994911158	73.62248782924405	358.537525781807
455	72.67113773360647	33611.60622456021	1217.204195460502	73.60031864008226	357.7272386615369
456	74.19866476930369	33685.804889329534	1220.3948115663823	73.62296252064937	358.01457069023894
457	70.29285690402693	33756.097746233565	1219.7449654493284	73.59621676035724	356.9786666732152
458	72.36517450156055	33828.46292073512	1221.7214836124365	73.55779039218464	356.65320076078655
459	73.9315608949312	33902.39448163009	1224.1898340905207	73.58374344169255	357.1607335414304
460	73.31834165732747	33975.71282328737	1225.9884675427243	73.58924302755689	360.3360183506738
461	75.25792659330509	34050.97074988068	1231.1741826673988	73.58800922470863	361.5113734980295
462	72.30082240780601	34123.27157228848	1233.1789938201848	73.56205322476654	361.48949377470797
463	72.93027629023507	34196.201848578734	1234.8403732590991	73.5743627235218	360.30018674329307
464	70.98716003243253	34267.18900861115	1234.9612531696591	73.53705306804949	360.7651484094766
465	74.24683392525829	34341.435842536426	1236.826027928014	73.54433600768968	360.23148555631695
466	77.62105008619307	34419.056892622604	1244.167344940482	73.57956124460169	362.43189964115356
467	74.44478537625545	34493.50167799888	1246.9160709880814	73.58911479265733	364.0029590454645
468	72.92568464486905	34566.427362643735	1248.554393311234	73.55090026688727	362.6084197861654
469	75.76646079668937	34642.19382344044	1253.6173095155036	73.60448109811716	364.71615804875256
470	75.2796970078614	34717.47352044829	1257.76571725814	73.6179625740303	361.4529707470966
471	73.37160395934657	34790.84512440764	1260.4679658230698	73.63692709702288	361.2179747733614
472	72.78399185056915	34863.6291162582	1262.7613787514688	73.63279309859644	359.8980358380545
473	77.6331766990909	34941.262292957304	1269.1181799038372	73.67162896891267	360.47145880189294
474	74.46803799555786	35015.73033095285	1272.8165944850873	73.69282757939132	359.413904747041
475	72.02149960724587	35087.7518305601	1275.4797260223268	73.68929349674471	358.6244023136116
476	72.95019976035296	35160.702030320455	1277.9985555133885	73.6622147085471	358.0056315751823
477	72.64832562014004	35233.3503559406	1278.9882959224121	73.64756997057553	356.3624457371556
478	76.9201747601063	35310.270530700705	1284.1492108124048	73.67728339826687	363.56894898519374
479	71.87727069056673	35382.14780139125	1284.9935564996454	73.67266083216555	363.936870813086
480	72.35086913797001	35454.498670529254	1287.3457738198197	73.6626110344347	364.3828860622293
481	74.44327837037306	35528.94194889962	1291.8489275634222	73.63489856223782	363.8014289572079
482	74.94189210792362	35603.88384100753	1296.0571282414096	73.6399132125301	366.63485969630915
483	74.11372895747749	35677.997569964995	1297.970117473348	73.66270164589695	368.08125946107486
484	73.03858367498995	35751.03615364001	1300.11678937699	73.65236666739187	368.3947342219817
485	78.66198073088388	35829.69813437089	1308.755296779548	73.67663639841112	368.6346191320867
486	74.85576901726458	35904.55390338815	1312.7886029021568	73.69020362842639	368.8540538474781
487	73.70805237185826	35978.26195576001	1315.9882182006738	73.67732317342465	371.1549815173786
488	74.91522209368894	36053.17717785369	1319.2286811083486	73.7084661549338	371.9790649944234
489	72.58119171372554	36125.758369567426	1321.5682372030901	73.70194443538757	373.2335086146157
490	74.80520801395573	36200.56357758138	1326.2699832165038	73.68310371320271	374.02548044237557
491	73.98959402413664	36274.55317160551	1328.745018210742	73.67256009666245	374.55759311063815
492	74.5408589732677	36349.09403057878	1333.0879843032785	73.68912883886908	375.0167900292175
493	76.58272254976961	36425.67675312856	1338.3482122980754	73.72298608493651	375.5509218923326
494	73.06473028898289	36498.74148341753	1339.5604447912801	73.71271520124965	376.16093777154384
495	76.07800162910594	36574.81948504664	1345.2255573875475	73.74234833524885	377.9652616807057
496	73.87361190221505	36648.69309694884	1347.1553299332008	73.75283997674076	379.88309296873985
497	76.50588967771151	36725.19898662657	1351.488871019957	73.79355015190696	380.56233462744774
498	78.55350837683378	36803.752495003406	1359.1301776805944	73.85835392380845	384.76441352372694
499	75.03688685354878	36878.78938185693	1361.177013883442	73.89198033878361	383.8018776500061
500	71.09425374642802	36949.883635603364	1360.6467323877132	73.88123772038763	383.7990823664415
501	74.18407685356703	37024.06771245694	1363.9751707042933	73.85824316131212	387.2548992422333
502	75.23697562181418	37099.30468807877	1368.5430153500815	73.89610052859999	385.77580177080677
503	71.24113566581696	37170.545823744586	1369.3352862389431	73.8876124071304	385.7292525843491
504	70.83662036331616	37241.38244410788	1369.3352862389431	73.8876124071304	384.2359701364614
