task	reward	total_reward	total_regret	relative	total_reward_dev	joules
0	53.54949595363817	53.54949595363817	9.372569853193916	0.0	35.2389278127141	53.54949595363817
1	69.90349190749689	123.45298786113503	34.33528434556982	0.0	48.924686028647706	69.90349190749689
2	71.84705385149172	195.3000417126267	58.68273729433278	0.0	60.72790406633343	71.84705385149172
3	57.204233303993576	252.50427501662017	70.57331464962385	0.0	66.9956986835628	57.204233303993576
4	80.17499197064286	332.67926698726313	105.7355734536222	0.0	69.6473236286858	80.17499197064286
5	77.07376466112028	409.75303164838317	136.1175095141365	0.0	75.52697151674212	77.07376466112028
6	69.03771059373476	478.7907422421182	160.57065615720336	0.0	83.17865704284304	69.03771059373476
7	68.387518102627	547.1782603447449	184.9723226747511	0.0	88.84744921846941	68.387518102627
8	73.0268076954539	620.2050680401986	213.77871464828885	0.0	92.72986944927459	73.0268076954539
9	75.00003000900234	695.2050980492011	242.54953104024855	0.0	100.49502726442984	75.00003000900234
10	71.94465438442508	767.1497524336265	272.08305434389945	0.0	106.78313335407063	71.94465438442508
11	70.75287595963424	837.9026283932607	298.056732200846	0.0	111.15361617074267	70.75287595963424
12	68.48347558905216	906.3861039823132	322.53517635361527	0.0	113.12870718000254	68.48347558905216
13	69.8811670729509	976.2672710552636	347.42352079723963	0.0	121.09015504654266	69.8811670729509
14	75.0228749160857	1051.2901459713494	376.49932750861643	0.0	126.60741045555662	75.0228749160857
15	75.64652898176085	1126.9366749531096	405.681318839571	0.0	132.01963027626437	75.64652898176085
16	70.59745191852508	1197.5341268716347	431.26191422457254	0.0	136.18024137559865	70.59745191852508
17	74.32587965584504	1271.8600065274793	461.63267847009314	0.0	140.87597313917047	74.32587965584504
18	66.9574485228539	1338.8174550503331	482.571768200916	0.0	139.88257363275886	66.9574485228539
19	71.68317289326649	1410.5006279436004	506.72035800232464	0.0	143.51083079510298	71.68317289326649
20	72.74851420037604	1483.2491421439765	533.4105758974382	0.0	148.25772471774152	72.74851420037604
21	67.01587671248276	1550.2650188564592	558.2934641867647	0.0	151.8268846416724	67.01587671248276
22	71.44101889774504	1621.7060377542045	584.3647555321559	0.0	148.85047192480482	71.44101889774504
23	71.89703106310411	1693.6030688173078	610.5261849336435	0.0	149.10646322916722	71.89703106310411
24	67.32034659740631	1760.9234154147146	632.659329906466	0.0	152.4877137034276	67.32034659740631
25	66.93614664035722	1827.8595620550723	654.0850301230377	0.0	160.48115515247892	66.93614664035722
26	71.3146930456779	1899.1742551007492	679.4155029884552	0.0	165.1901880843139	71.3146930456779
27	66.42252694126695	1965.596782042017	703.2952124282845	0.0	169.66203935613657	66.42252694126695
28	65.10347007820619	2030.700252120223	722.8223344544061	0.0	173.73283485338408	65.10347007820619
29	65.10671133263695	2095.806963452861	741.4701720706461	0.0	175.19729693094916	65.10671133263695
30	70.83442614282511	2166.6413895956844	767.4602166712524	0.0	187.08054400072552	70.83442614282511
31	69.49586485966095	2236.1372544553456	791.8300166037588	0.0	191.77328407800954	69.49586485966095
32	77.4343517531244	2313.5716062084703	824.6487797672937	0.0	198.11748835116902	77.4343517531244
33	66.96157739317749	2380.5331836016467	846.1053622576068	0.0	206.46024336553077	66.96157739317749
34	67.60658924154872	2448.139772843197	868.9633991558994	0.0	214.2907237065735	67.60658924154872
35	67.87661193353318	2516.0163847767303	893.4345789131786	0.0	221.58338619109813	67.87661193353318
36	64.28028000783289	2580.296664784562	912.7952486432908	0.0	224.4307084549941	64.28028000783289
37	62.381879482493304	2642.6785442670553	932.2386862332467	0.0	228.45800874232955	62.381879482493304
38	67.84231199014543	2710.5208562571997	952.2170932592187	0.0	233.24124436516507	67.84231199014543
39	67.14155541997272	2777.662411677173	970.077466669417	0.0	235.00052489332808	67.14155541997272
40	69.12825916593097	2846.790670843104	993.4529559166475	0.0	234.9075068035758	69.12825916593097
41	66.97737547841669	2913.768046321522	1015.4979927037589	0.0	230.38877149297764	66.97737547841669
42	69.21666434896981	2982.9847106704915	1042.074335091714	0.0	233.9653053211615	69.21666434896981
43	72.06010725826906	3055.044817928759	1069.4368311527228	0.0	229.97630731225286	72.06010725826906
44	67.31090110608666	3122.3557190348465	1092.8070752775325	0.0	234.30617651988518	67.31090110608666
45	72.18278915366345	3194.5385081885092	1119.0680767979836	0.0	238.01069282226015	72.18278915366345
46	65.70938891545808	3260.2478971039673	1139.5874100693202	0.0	239.7415664858746	65.70938891545808
47	63.68874565779128	3323.9366427617583	1157.2477314594685	0.0	242.89178933518696	63.68874565779128
48	60.40310615090844	3384.339748912668	1173.3984059315126	0.0	245.46154409593058	60.40310615090844
49	68.32340173568116	3452.663150648348	1199.110458779557	0.0	247.41183941309416	68.32340173568116
50	68.89585258984295	3521.559003238192	1223.496287147149	0.0	247.31983299686152	68.89585258984295
51	76.03073031498604	3597.5897335531786	1254.4609682800885	0.0	248.09493296161344	76.03073031498604
52	66.03322165582401	3663.6229552090017	1274.806018064538	0.0	251.22146305042614	66.03322165582401
53	69.2705946672349	3732.893549876238	1299.1113631082108	0.0	257.57000751595933	69.2705946672349
54	65.54394621413807	3798.4374960903738	1318.9906452685316	0.0	262.12805104060277	65.54394621413807
55	67.30739687451735	3865.7448929648917	1337.8497608252305	0.0	266.5519235437041	67.30739687451735
56	68.09817140535677	3933.843064370247	1362.624098389944	0.0	272.7518551014715	68.09817140535677
57	66.94445804973365	4000.7875224199815	1388.5672036263018	0.0	279.4741127828987	66.94445804973365
58	72.99731215030205	4073.784834570285	1416.9709920047485	0.0	293.1624702237697	72.99731215030205
59	69.95547018160374	4143.740304751886	1442.2725214762738	0.0	292.06465416725524	69.95547018160374
60	67.91837838508323	4211.658683136971	1465.0164893371557	0.0	295.41916577663886	67.91837838508323
61	62.738844121153406	4274.397527258125	1480.0955809182417	0.0	296.9768784553594	62.738844121153406
62	63.66264028495288	4338.060167543077	1498.8559418105879	0.0	297.90001026877405	63.66264028495288
63	69.10879168837586	4407.1689592314515	1519.9522261036761	0.0	301.3125423963731	69.10879168837586
64	69.44370423891861	4476.612663470372	1542.2724034288146	0.0	304.9283442062711	69.44370423891861
65	64.67409969197551	4541.286763162348	1562.381549791322	0.0	307.91357780442814	64.67409969197551
66	72.07181402615367	4613.3585771885	1588.5044282955694	0.0	307.2843830768735	72.07181402615367
67	79.54512758704672	4692.903704775548	1619.7465486993005	0.0	305.5519735405996	79.54512758704672
68	71.21222194589933	4764.115926721448	1643.7235257386303	0.0	311.0568878942331	71.21222194589933
69	65.51624455356139	4829.6321712750105	1662.5881184032157	0.0	308.16576581786035	65.51624455356139
70	71.10409829857373	4900.736269573582	1687.6267813244128	0.0	313.1921885192824	71.10409829857373
71	72.66433740102056	4973.400606974604	1715.7452039719312	0.0	320.300008592889	72.66433740102056
72	70.28169366142828	5043.682300636032	1742.1991127737408	0.0	321.5422757082379	70.28169366142828
73	67.58036513122471	5111.262665767255	1762.0690081082273	0.0	329.5598239940628	67.58036513122471
74	68.65362669619273	5179.916292463448	1785.7209622940138	0.0	331.14521408768803	68.65362669619273
75	65.90431327024345	5245.820605733694	1808.6571039711123	0.0	329.0930034198577	65.90431327024345
76	68.7478561716629	5314.568461905357	1833.0291402893492	0.0	333.0132878713133	68.7478561716629
77	63.90441944009267	5378.472881345448	1850.0733542784658	0.0	337.61906877893404	63.90441944009267
78	63.87074251475619	5442.343623860203	1870.9307223136102	0.0	338.4364982658405	63.87074251475619
79	67.27606785937469	5509.61969171958	1892.350740897526	0.0	339.1095207083334	67.27606785937469
80	63.604013120077845	5573.223704839655	1909.6553259608481	0.0	337.75395635904476	63.604013120077845
81	75.75363149949581	5648.977336339152	1941.0908976381234	0.0	342.6006778070181	75.75363149949581
82	71.53844298896081	5720.515779328114	1967.5447971730225	0.0	344.3144006909126	71.53844298896081
83	68.76763954122825	5789.283418869343	1992.1363080658507	0.0	344.37758660123745	68.76763954122825
84	67.27416109047748	5856.557579959818	2014.0323818792015	0.0	346.7730962220107	67.27416109047748
85	64.61311917083303	5921.170699130654	2036.0205996974462	0.0	350.98619627934113	64.61311917083303
86	66.24666815700218	5987.417367287652	2060.0660453347314	0.0	359.15865402353546	66.24666815700218
87	70.51736009437259	6057.934727382024	2085.230818309957	0.0	366.2985434105924	70.51736009437259
88	70.87556770412365	6128.810295086153	2110.9381624464777	0.0	367.822604140651	70.87556770412365
89	70.39060074983902	6199.20089583599	2136.4168358524075	0.0	366.07092582243206	70.39060074983902
90	65.61520996386943	6264.816105799858	2156.048127239215	0.0	368.6505077579623	65.61520996386943
91	63.504280670223814	6328.320386470083	2174.0645492831177	0.0	373.363752498634	63.504280670223814
92	65.4980468514682	6393.818433321552	2195.4102331733616	0.0	377.0369241744546	65.4980468514682
93	67.2441057251423	6461.062539046694	2215.3437848868216	0.0	384.13793098536354	67.2441057251423
94	64.99438421128721	6526.056923257984	2234.7115619458073	0.0	382.8739024590282	64.99438421128721
95	64.766033973641	6590.822957231622	2251.1183653316684	0.0	384.9285784772114	64.766033973641
96	62.97158855946631	6653.794545791086	2269.751408244381	0.0	390.8247670970611	62.97158855946631
97	72.31809679115227	6726.112642582241	2296.3901212423407	0.0	387.10516504730674	72.31809679115227
98	65.20344808138587	6791.316090663629	2317.379465786799	0.0	392.5449300423419	65.20344808138587
99	70.05633673002711	6861.372427393654	2343.1923444966906	0.0	391.910229567525	70.05633673002711
100	74.46511765994956	6935.837545053605	2372.758802597921	0.0	384.0644158276515	74.46511765994956
101	65.91636960578074	7001.753914659386	2392.709136889948	0.0	380.4744016465738	65.91636960578074
102	73.74474707178551	7075.498661731169	2423.917409922456	0.0	390.4786568974988	73.74474707178551
103	70.01871878873095	7145.5173805199	2446.5748356077484	0.0	393.33563127045244	70.01871878873095
104	69.4008172427136	7214.918197762617	2470.2094048531885	0.0	391.95136146471077	69.4008172427136
105	69.93487610520523	7284.853073867824	2493.1419045672847	0.0	393.0302912569668	69.93487610520523
106	68.08607015469791	7352.939144022514	2514.6375332305033	0.0	399.34386443334836	68.08607015469791
107	60.49028630011789	7413.429430322638	2528.6169491056844	0.0	402.32476287283293	60.49028630011789
108	71.82369065889304	7485.253120981531	2554.496461084362	0.0	413.93648984767236	71.82369065889304
109	70.28741059565348	7555.540531577182	2578.6791985604923	0.0	416.5476955363497	70.28741059565348
110	66.29775422524266	7621.83828580243	2598.7097007831285	0.0	420.60347771472505	66.29775422524266
111	66.06337457040573	7687.9016603728305	2619.2383778390713	0.0	419.124089345984	66.06337457040573
112	66.15288287993516	7754.054543252768	2641.0927468452737	0.0	422.53095896475986	66.15288287993516
113	67.87786995401973	7821.9324132067895	2664.0685534180766	0.0	423.39564842472276	67.87786995401973
114	69.70689386104152	7891.639307067825	2691.019597219503	0.0	420.44466734369934	69.70689386104152
115	65.2788614052408	7956.918168473068	2709.6800124918286	0.0	426.8762781251609	65.2788614052408
116	77.45067383855196	8034.36884231162	2740.780542177814	0.0	428.26385964906194	77.45067383855196
117	61.927309619221305	8096.296151930847	2757.5086798994894	0.0	429.17080644839166	61.927309619221305
118	70.238916500702	8166.53506843154	2783.0418268002018	0.0	432.779871957351	70.238916500702
119	69.10897854073377	8235.644046972278	2807.8595125065285	0.0	428.0574892637666	69.10897854073377
120	62.984108876462	8298.62815584874	2823.6846737226333	0.0	423.5636503679056	62.984108876462
121	58.27948998734474	8356.90764583608	2840.0000018093706	0.0	426.48259220651823	58.27948998734474
122	63.47708695451583	8420.3847327906	2856.2289492319915	0.0	430.4559889896362	63.47708695451583
123	69.15280315567662	8489.537535946276	2879.4844728584976	0.0	430.17452592937093	69.15280315567662
124	71.89530582072602	8561.432841766997	2907.8873437914344	0.0	432.953340943392	71.89530582072602
125	70.13261353297236	8631.565455299975	2930.2075834914094	0.0	434.6450926944432	70.13261353297236
126	65.95996895625132	8697.525424256228	2950.9614987869254	0.0	436.9922375465263	65.95996895625132
127	75.96158366824584	8773.48700792447	2982.257351821713	0.0	450.4231130584377	75.96158366824584
128	62.20933984176936	8835.69634776624	3000.408976237552	0.0	449.7918495187675	62.20933984176936
129	68.40096494060182	8904.097312706841	3024.74369956966	0.0	458.7741898805447	68.40096494060182
130	68.97427724014727	8973.071589946985	3047.2147955070204	0.0	461.8483509287288	68.97427724014727
131	68.42138533791878	9041.492975284908	3071.9778504544624	0.0	465.91208615487716	68.42138533791878
132	66.82090788956408	9108.31388317447	3092.2733969002643	0.0	463.78478185069815	66.82090788956408
133	70.41961204737413	9178.733495221848	3118.185110078387	0.0	461.50486111058996	70.41961204737413
134	74.01583782097283	9252.749333042815	3146.4217895170623	0.0	461.6018537532327	74.01583782097283
135	59.89185309191851	9312.641186134733	3161.296863646113	0.0	460.9371623622832	59.89185309191851
136	71.68112413296991	9384.322310267708	3188.268286610324	0.0	463.2640804800098	71.68112413296991
137	64.01999858769048	9448.342308855395	3207.9301965250465	0.0	465.10316991461724	64.01999858769048
138	67.24111288465346	9515.58342174005	3232.497578419824	0.0	466.0509953188024	67.24111288465346
139	71.47482685190505	9587.058248591959	3259.5977141798303	0.0	466.85424875204654	71.47482685190505
140	63.54332331285484	9650.601571904806	3277.641929074423	0.0	474.28941537034393	63.54332331285484
141	66.71521345388388	9717.316785358697	3302.473064967173	0.0	474.83571529330425	66.71521345388388
142	68.18859781694465	9785.505383175641	3321.7921611381194	0.0	473.22763242186664	68.18859781694465
143	57.672458409386245	9843.177841585024	3332.5282593083393	0.0	475.04634206470587	57.672458409386245
144	60.91655354307258	9904.094395128099	3347.6883930107288	0.0	480.5832993276774	60.91655354307258
145	65.53503866894215	9969.629433797038	3365.2992091058572	0.0	481.40672466263345	65.53503866894215
146	63.36449789788476	10032.993931694922	3380.800067723263	0.0	482.9196074990495	63.36449789788476
147	65.19369388519458	10098.18762558012	3402.0512198122533	0.0	481.15987597323476	65.19369388519458
148	65.1215198279328	10163.309145408048	3420.6449554859414	0.0	485.1647213211464	65.1215198279328
149	64.04537250289243	10227.354517910942	3437.050364258968	0.0	488.02632738906607	64.04537250289243
150	63.11060974253009	10290.465127653473	3451.132776370513	0.0	485.2483258402343	63.11060974253009
151	69.93256291858194	10360.397690572054	3477.321051133017	0.0	493.20344539241665	69.93256291858194
152	69.47425870961632	10429.87194928167	3501.180952639625	0.0	496.63113181615586	69.47425870961632
153	65.87848126887646	10495.750430550544	3523.203262118095	0.0	501.30150475756506	65.87848126887646
154	61.17683155365985	10556.927262104207	3540.254986528134	0.0	505.26513760110225	61.17683155365985
155	64.95854587211639	10621.885807976329	3559.819868112447	0.0	506.4665258415888	64.95854587211639
156	67.41605093821322	10689.301858914534	3584.4093076371432	0.0	507.9818354712436	67.41605093821322
157	62.7442618104653	10752.046120725001	3600.10040675978	0.0	506.9485798280924	62.7442618104653
158	74.56142826084063	10826.607548985847	3629.870266518634	0.0	505.71566469986163	74.56142826084063
159	65.5510084108764	10892.158557396722	3649.3371012834527	0.0	510.92686045494435	65.5510084108764
160	64.43820906133375	10956.59676645805	3668.8517211996113	0.0	504.7143557069601	64.43820906133375
161	63.04608166776577	11019.642848125817	3686.8109010216094	0.0	507.0136363209099	63.04608166776577
162	65.12570293097953	11084.768551056799	3709.2994693444884	0.0	511.6436531028732	65.12570293097953
163	63.05640728099141	11147.82495833779	3725.6914919241135	0.0	513.4200746746565	63.05640728099141
164	64.5958432381072	11212.420801575894	3744.546697349612	0.0	516.9715214065526	64.5958432381072
165	70.30256130935868	11282.723362885248	3769.8380637119553	0.0	524.5909852822014	70.30256130935868
166	71.0548790860436	11353.7782419713	3795.9644697715166	0.0	526.7181448909436	71.0548790860436
167	68.13805550774275	11421.916297479042	3817.5745391392143	0.0	527.2571116203653	68.13805550774275
168	55.882520089881474	11477.798817568922	3828.771218090009	0.0	526.4881114886135	55.882520089881474
169	71.43323403616047	11549.232051605079	3851.6375638281734	0.0	526.5923120037503	71.43323403616047
170	71.90256273231532	11621.1346143374	3877.6552642347747	0.0	527.8058877224537	71.90256273231532
171	64.83000812844543	11685.96462246585	3898.478243070203	0.0	531.295091498153	64.83000812844543
172	65.13988479980306	11751.104507265645	3917.4672169570167	0.0	538.7682216124974	65.13988479980306
173	66.28387191879591	11817.388379184438	3937.2017563191835	0.0	537.5162791399509	66.28387191879591
174	70.77414610014198	11888.162525284579	3961.128309815838	0.0	544.0946034546562	70.77414610014198
175	65.56153027790653	11953.724055562485	3983.485341737053	0.0	547.8256681894081	65.56153027790653
176	62.827924097093465	12016.551979659582	4000.9782182468416	0.0	548.9593853596829	62.827924097093465
177	58.80213930473984	12075.354118964317	4015.471328980011	0.0	545.647763793884	58.80213930473984
178	62.336929734528724	12137.69104869885	4033.425677794701	0.0	552.5388168172285	62.336929734528724
179	61.41194904076923	12199.102997739617	4049.4135351783934	0.0	555.3566883079347	61.41194904076923
180	68.87443019974279	12267.977427939362	4072.7738654241157	0.0	556.1115523408788	68.87443019974279
181	67.50485319565183	12335.482281135019	4093.887978045815	0.0	562.2747120071738	67.50485319565183
182	67.19132178787838	12402.673602922896	4116.33398765079	0.0	567.9747275524252	67.19132178787838
183	65.07789052385414	12467.75149344674	4133.596492050202	0.0	572.9793579121601	65.07789052385414
184	56.221709821874846	12523.973203268617	4142.363391894906	0.0	574.9346011519325	56.221709821874846
185	63.93207083209088	12587.905274100707	4160.530921539937	0.0	576.0175448579631	63.93207083209088
186	65.71797731048511	12653.62325141119	4177.294393340143	0.0	579.4780373520216	65.71797731048511
187	63.929531575853204	12717.552782987052	4194.295310596348	0.0	577.7625819758356	63.929531575853204
188	67.95686475026942	12785.509647737326	4216.397976014594	0.0	583.5339633190638	67.95686475026942
189	61.11484735311029	12846.624495090427	4229.7980924027215	0.0	578.3689995474939	61.11484735311029
190	57.59838519571025	12904.222880286141	4243.6375939924255	0.0	583.0265556346694	57.59838519571025
191	62.75596439643786	12966.978844682575	4261.107085784649	0.0	584.3307338789466	62.75596439643786
192	66.60167078926956	13033.580515471842	4284.073430276641	0.0	585.441691301831	66.60167078926956
193	68.59176095320639	13102.172276425053	4308.223230971898	0.0	589.0464997028116	68.59176095320639
194	67.04952453977225	13169.221800964826	4329.104426411396	0.0	593.1243574692985	67.04952453977225
195	69.98384855021439	13239.205649515046	4352.6024904722035	0.0	586.9408032869245	69.98384855021439
196	69.82677952746371	13309.032429042498	4375.776052486469	0.0	585.6894942145551	69.82677952746371
197	62.95083572514366	13371.98326476764	4394.392830012244	0.0	584.1845950742522	62.95083572514366
198	64.80811934393353	13436.79138411158	4413.825459759621	0.0	584.9612706906228	64.80811934393353
199	65.78174246362722	13502.573126575206	4434.015229956975	0.0	586.4449257848332	65.78174246362722
200	67.92582681167596	13570.498953386883	4456.188294911542	0.0	587.2126697536004	67.92582681167596
201	63.32100755849316	13633.819960945371	4471.74467526915	0.0	589.3702932664321	63.32100755849316
202	62.81264178455145	13696.632602729927	4491.710579303631	0.0	587.9654118796459	62.81264178455145
203	66.55889969021507	13763.191502420133	4512.436055590056	0.0	587.238142949769	66.55889969021507
204	63.02707533034625	13826.218577750487	4529.291542490011	0.0	588.4764916951373	63.02707533034625
205	63.094785614342854	13889.31336336483	4548.200373561819	0.0	590.8462420287036	63.094785614342854
206	68.63989364816625	13957.953257012996	4570.693023326563	0.0	601.9240211046481	68.63989364816625
207	73.35361866255849	14031.306875675551	4598.310391366658	0.0	607.4337755080423	73.35361866255849
208	62.43428260544568	14093.741158280998	4614.60853735774	0.0	614.5038243246088	62.43428260544568
209	62.8102064861083	14156.551364767105	4633.342601820457	0.0	620.8451692852626	62.8102064861083
210	64.57096811416054	14221.12233288127	4653.054865795535	0.0	628.470269242342	64.57096811416054
211	61.23875612445532	14282.361089005723	4668.022364985712	0.0	632.0040578039211	61.23875612445532
212	66.78847489982431	14349.149563905548	4686.096395230244	0.0	629.2574318912698	66.78847489982431
213	60.09029281935711	14409.239856724902	4702.24352838751	0.0	626.890600544502	60.09029281935711
214	61.738033316922554	14470.977890041826	4717.387620699329	0.0	629.7757594356389	61.738033316922554
215	64.24418908233476	14535.222079124162	4733.899949884567	0.0	626.9993536510041	64.24418908233476
216	62.676759177502156	14597.898838301664	4751.986296650345	0.0	626.3082802463426	62.676759177502156
217	64.39525194297558	14662.294090244643	4769.7641379779625	0.0	635.6800979699783	64.39525194297558
218	62.530535199957846	14724.8246254446	4786.34700333706	0.0	639.7636588195485	62.530535199957846
219	63.22955408273788	14788.054179527333	4803.635358990195	0.0	640.5538649012511	63.22955408273788
220	62.76466512744859	14850.81884465478	4823.114113321398	0.0	638.9051995420673	62.76466512744859
221	61.0668455720419	14911.885690226816	4839.05684644365	0.0	642.6667803070756	61.0668455720419
222	62.073443471106636	14973.959133697934	4857.355908352747	0.0	641.8250196100837	62.073443471106636
223	66.44258867515106	15040.40172237308	4880.334347502696	0.0	647.255249632338	66.44258867515106
224	63.269451824142216	15103.671174197232	4897.980406361706	0.0	643.6090707248525	63.269451824142216
225	60.55609534965508	15164.227269546891	4913.506727843177	0.0	648.5645998456405	60.55609534965508
226	60.69608664971818	15224.923356196596	4928.085820959025	0.0	653.8347564805059	60.69608664971818
227	63.914399831975125	15288.837756028572	4945.297769939097	0.0	654.592383965336	63.914399831975125
228	63.15809039686434	15351.995846425438	4963.552260835658	0.0	657.5696123395375	63.15809039686434
229	62.40477684220193	15414.40062326764	4980.414733759355	0.0	661.1912005833061	62.40477684220193
230	58.763453562230254	15473.164076829875	4994.914766397294	0.0	663.8248990533016	58.763453562230254
231	61.295378632212326	15534.459455462089	5011.087317665653	0.0	665.7134909695669	61.295378632212326
232	60.82536434580161	15595.284819807885	5025.116323272432	0.0	661.4756732936291	60.82536434580161
233	63.504240200742395	15658.789060008636	5045.027380377145	0.0	659.2713562297128	63.504240200742395
234	57.94865790051018	15716.737717909129	5061.260874648969	0.0	659.7083341636686	57.94865790051018
235	62.13463260695526	15778.872350516094	5078.441009020065	0.0	659.5611408763091	62.13463260695526
236	60.26773133001854	15839.140081846112	5092.468143325148	0.0	659.0707505742947	60.26773133001854
237	61.62087830421569	15900.760960150326	5110.227875866606	0.0	658.6494863742685	61.62087830421569
238	72.21422066653653	15972.975180816862	5135.845748606041	0.0	657.8571605200152	72.21422066653653
239	61.07493813989907	16034.050118956757	5149.511132159153	0.0	664.5188099210212	61.07493813989907
240	63.97066841005207	16098.020787366808	5170.087417348724	0.0	670.2934560224552	63.97066841005207
241	62.408598365036696	16160.429385731844	5184.911915735261	0.0	670.864204402896	62.408598365036696
242	60.23249724951634	16220.661882981361	5199.183478960189	0.0	674.9408644014052	60.23249724951634
243	64.39927720866534	16285.061160190025	5215.540275512744	0.0	682.296340509263	64.39927720866534
244	64.68709479108779	16349.748254981117	5238.567031373791	0.0	680.2704791513155	64.68709479108779
245	55.51956851303378	16405.26782349416	5247.8998854126785	0.0	686.2889288874075	55.51956851303378
246	64.36128304110522	16469.629106535253	5266.152898035052	0.0	679.0406021814823	64.36128304110522
247	61.9362716217481	16531.565378157	5284.512090383825	0.0	683.04264695171	61.9362716217481
248	66.99916622452275	16598.564544381523	5307.116043919666	0.0	684.5441355199284	66.99916622452275
249	59.96399215041733	16658.528536531947	5320.164166926653	0.0	693.0454771574055	59.96399215041733
250	64.97127099224103	16723.49980752418	5341.0993207867	0.0	695.5821352311021	64.97127099224103
251	62.677620914927296	16786.177428439107	5357.783985768012	0.0	700.6327394480733	62.677620914927296
252	63.76428028108646	16849.941708720205	5375.907742822463	0.0	705.4524995210062	63.76428028108646
253	58.8953791381309	16908.837087858326	5389.634149762318	0.0	704.2353237146917	58.8953791381309
254	65.62136205004225	16974.45844990837	5410.9756936885215	0.0	706.4757689069245	65.62136205004225
255	65.36435938857834	17039.822809296944	5429.458223106796	0.0	702.4567709282263	65.36435938857834
256	71.27902695795692	17111.101836254908	5454.974306144588	0.0	704.8236084764177	71.27902695795692
257	70.17820900183303	17181.280045256743	5480.947294522092	0.0	708.0690152413348	70.17820900183303
258	65.96251624143605	17247.24256149817	5500.6191322509885	0.0	699.7018409512236	65.96251624143605
259	61.742968681473236	17308.98553017965	5515.556709349791	0.0	703.5306732845694	61.742968681473236
260	60.076808903282114	17369.062339082928	5530.9653613405735	0.0	706.3488185473152	60.076808903282114
261	65.18838118328739	17434.250720266224	5549.09689613251	0.0	708.4816940808531	65.18838118328739
262	62.97854188400251	17497.229262150227	5564.814315241621	0.0	713.8133026305127	62.97854188400251
263	60.679275483750345	17557.90853763397	5579.245211779265	0.0	722.0481584488555	60.679275483750345
264	57.87848283987267	17615.787020473843	5591.281900467209	0.0	721.5435195096978	57.87848283987267
265	66.28328204157764	17682.07030251543	5614.0569571422075	0.0	723.3419524980084	66.28328204157764
266	66.41595269484809	17748.486255210264	5635.267553214652	0.0	725.7499642693105	66.41595269484809
267	66.08658105598035	17814.57283626624	5655.278661726617	0.0	727.189967967396	66.08658105598035
268	60.74048105685024	17875.3133173231	5668.599209960643	0.0	726.7079190124806	60.74048105685024
269	70.59289481044333	17945.906212133545	5693.183936445077	0.0	722.8975946588179	70.59289481044333
270	64.41317424612352	18010.319386379655	5712.86120826017	0.0	730.1910791495346	64.41317424612352
271	62.88966022884244	18073.2090466085	5732.44109318562	0.0	729.7056977897217	62.88966022884244
272	56.75062638423418	18129.959672992743	5746.668219917458	0.0	732.5381262352979	56.75062638423418
273	58.90122573614339	18188.86089872889	5758.9303384909545	0.0	728.2115783251005	58.90122573614339
274	54.91090007136197	18243.77179880024	5768.130005865638	0.0	732.6631679897843	54.91090007136197
275	59.81181905849569	18303.58361785875	5784.797845636177	0.0	739.8671509411712	59.81181905849569
276	65.60474507691804	18369.18836293566	5808.908304434691	0.0	736.6758463396901	65.60474507691804
277	73.31305162935001	18442.501414565006	5837.023153315098	0.0	736.9870513568202	73.31305162935001
278	68.07945719755972	18510.58087176257	5858.594561482502	0.0	738.2540971333372	68.07945719755972
279	65.39432070670996	18575.97519246929	5879.057360533438	0.0	741.875874205285	65.39432070670996
280	67.89470153005288	18643.869893999326	5900.432421589287	0.0	745.8498702263287	67.89470153005288
281	65.41607793524558	18709.285971934572	5917.514875344405	0.0	748.3140892540107	65.41607793524558
282	62.47621893433387	18771.762190868907	5932.608022482051	0.0	753.5703522097583	62.47621893433387
283	68.82568898264135	18840.58787985156	5955.4006257389965	0.0	759.2410886967259	68.82568898264135
284	61.86146451300699	18902.44934436456	5971.136518813827	0.0	764.5311007927073	61.86146451300699
285	65.81437854065675	18968.26372290522	5995.171785430383	0.0	765.2681482133919	65.81437854065675
286	56.67761908154241	19024.941341986763	6003.371055282955	0.0	771.2701607950512	56.67761908154241
287	59.47998329435293	19084.42132528111	6018.870025161537	0.0	776.435399232047	59.47998329435293
288	61.15213329405097	19145.57345857516	6036.06178719099	0.0	772.396107405333	61.15213329405097
289	62.65950726558582	19208.23296584075	6053.173654562313	0.0	773.6084525113233	62.65950726558582
290	66.2181221861888	19274.451088026923	6073.326914281144	0.0	776.5597961421126	66.2181221861888
291	65.78431442399926	19340.235402450933	6093.314775548531	0.0	772.1192458425248	65.78431442399926
292	66.04683299126619	19406.282235442202	6111.566954420081	0.0	774.5518622772989	66.04683299126619
293	61.22191307427557	19467.504148516466	6124.043391568606	0.0	780.8262953264554	61.22191307427557
294	64.43424496564613	19531.938393482127	6144.917646519647	0.0	775.4653264460151	64.43424496564613
295	58.897512468054856	19590.83590595018	6158.9641348218265	0.0	773.2342749336126	58.897512468054856
296	65.99839057218746	19656.834296522364	6180.2816135662115	0.0	776.4144590541684	65.99839057218746
297	56.71723593138231	19713.551532453745	6191.579897038494	0.0	776.0090381711043	56.71723593138231
298	56.4712665310746	19770.02279898482	6199.888697048498	0.0	774.2118135338397	56.4712665310746
299	61.82571764043417	19831.848516625258	6217.121173044582	0.0	775.4815805265937	61.82571764043417
300	63.868008890233796	19895.71652551549	6231.357748784461	0.0	773.9240147113877	63.868008890233796
301	58.153179652616224	19953.869705168105	6245.6989326305975	0.0	776.6438141989335	58.153179652616224
302	69.45233594571933	20023.322041113825	6268.169964310131	0.0	783.5877736697654	69.45233594571933
303	65.11068220887537	20088.432723322698	6286.50556468305	0.0	779.9151886704813	65.11068220887537
304	68.43183423067619	20156.864557553377	6310.220995368948	0.0	792.814001556042	68.43183423067619
305	58.738389747800575	20215.602947301173	6324.483766440324	0.0	795.224798517733	58.738389747800575
306	62.37070632111625	20277.973653622295	6342.394023067396	0.0	802.2782229830588	62.37070632111625
307	56.205098680817876	20334.1787523031	6351.3453945562105	0.0	804.53856460263	56.205098680817876
308	61.549871121495656	20395.72862342461	6366.467246514907	0.0	802.190599784571	61.549871121495656
309	65.43324606638582	20461.16186949099	6384.8014480630545	0.0	802.2977392250223	65.43324606638582
310	68.07740675974298	20529.239276250744	6405.141294527458	0.0	804.3624598538854	68.07740675974298
311	68.52506469911025	20597.76434094985	6429.611716114799	0.0	803.8007514085971	68.52506469911025
312	60.02302926736589	20657.78737021721	6442.65501082341	0.0	798.73651950754	60.02302926736589
313	64.2912587695544	20722.07862898677	6460.9757036975925	0.0	794.1820920105152	64.2912587695544
314	61.82519983660807	20783.90382882338	6479.6937528801545	0.0	798.1425468156472	61.82519983660807
315	64.85955901191011	20848.76338783527	6494.651030092001	0.0	800.658732511251	64.85955901191011
316	64.05842672240199	20912.821814557687	6510.520701437994	0.0	809.4945488349017	64.05842672240199
317	62.74297857982847	20975.564793137517	6526.35320956776	0.0	810.8952623035212	62.74297857982847
318	58.15618901359085	21033.720982151106	6540.668488407217	0.0	811.7634323089472	58.15618901359085
319	60.865535981533284	21094.586518132637	6556.32740690432	0.0	813.3731287057508	60.865535981533284
320	60.63136681671839	21155.217884949358	6570.369784848927	0.0	813.7705878087177	60.63136681671839
321	63.43368064853533	21218.651565597887	6590.209118607812	0.0	814.3451732653607	63.43368064853533
322	61.138252072593815	21279.78981767048	6607.80693199933	0.0	816.4813303118714	61.138252072593815
323	61.534420897820546	21341.32423856831	6624.928211874311	0.0	818.4480320043573	61.534420897820546
324	63.78276410661198	21405.10700267493	6644.940824804527	0.0	821.3479333259421	63.78276410661198
325	68.92719358783606	21474.034196262757	6669.735886344707	0.0	828.108384210442	68.92719358783606
326	67.38621219680859	21541.42040845955	6691.795924045405	0.0	826.2078997841498	67.38621219680859
327	66.56880748257694	21607.989215942132	6710.303481076127	0.0	827.0549194008414	66.56880748257694
328	62.08005577709183	21670.069271719232	6730.2202691505245	0.0	823.3680547638056	62.08005577709183
329	63.506333974569806	21733.57560569381	6747.998711424533	0.0	824.877373600315	63.506333974569806
330	57.68373461744448	21791.259340311237	6758.808196039237	0.0	825.1933235273948	57.68373461744448
331	61.60890300704269	21852.868243318288	6774.814347207643	0.0	821.8288040049049	61.60890300704269
332	62.095624331985654	21914.96386765027	6793.540552608739	0.0	825.7262312785522	62.095624331985654
333	62.18753139898939	21977.151399049264	6811.408875405091	0.0	828.6977821385425	62.18753139898939
334	54.96993337423311	22032.121332423492	6819.579783875365	0.0	828.3101712311454	54.96993337423311
335	61.416040270959186	22093.537372694445	6836.299142565251	0.0	824.8213024072079	61.416040270959186
336	56.61595734273581	22150.153330037192	6844.1770160748265	0.0	828.7371574734535	56.61595734273581
337	63.441540851634755	22213.594870888825	6865.085849175634	0.0	829.0255743575074	63.441540851634755
338	64.29890143944917	22277.893772328272	6886.858544898844	0.0	826.3622816014337	64.29890143944917
339	67.81902792809863	22345.712800256362	6911.05242710787	0.0	826.8378911617194	67.81902792809863
340	61.973805318521045	22407.686605574883	6929.51809926464	0.0	832.5576277050986	61.973805318521045
341	67.56879037657818	22475.25539595147	6953.39407776934	0.0	835.3966790172942	67.56879037657818
342	61.05392202950341	22536.309317980977	6967.62487500082	0.0	840.2439922977276	61.05392202950341
343	68.23486876610447	22604.544186747084	6990.853663001337	0.0	834.8881036220794	68.23486876610447
344	69.12640985027151	22673.670596597345	7012.689025516598	0.0	837.6525275513089	69.12640985027151
345	59.56164505673143	22733.232241654085	7025.508934283292	0.0	836.0469404535079	59.56164505673143
346	56.52445346055422	22789.756695114636	7036.889485588448	0.0	839.8123466687744	56.52445346055422
347	59.52111940232071	22849.277814516947	7050.272184925712	0.0	844.1962632921393	59.52111940232071
348	64.26829597916145	22913.546110496125	7070.9977182770535	0.0	848.9921546032648	64.26829597916145
349	59.35402464085696	22972.900135136973	7085.208960479653	0.0	849.5113496767202	59.35402464085696
350	63.16666842289953	23036.06680355988	7103.291035010425	0.0	848.2720064941728	63.16666842289953
351	63.486168595820736	23099.552972155692	7121.07043205133	0.0	854.9654516340212	63.486168595820736
352	62.74847703279755	23162.301449188482	7136.662194097162	0.0	851.1405983840281	62.74847703279755
353	66.79590053380754	23229.097349722302	7159.958002959105	0.0	846.370560149923	66.79590053380754
354	59.11497632768503	23288.21232604999	7174.613915187157	0.0	846.2138638908058	59.11497632768503
355	57.24087042539738	23345.45319647537	7186.510507779142	0.0	842.4248767973539	57.24087042539738
356	57.58885121205228	23403.042047687428	7199.047965697013	0.0	847.7146941323196	57.58885121205228
357	64.20348742000337	23467.245535107446	7217.483266459836	0.0	846.1143759588391	64.20348742000337
358	68.67276415217914	23535.918299259607	7242.481289554395	0.0	840.1309763476497	68.67276415217914
359	58.42905491224191	23594.347354171863	7254.82548813318	0.0	844.8530843065228	58.42905491224191
360	60.56419320893662	23654.911547380783	7268.284640949286	0.0	846.1031588303631	60.56419320893662
361	56.88751192560876	23711.79905930639	7279.295898351856	0.0	847.1828286648522	56.88751192560876
362	66.384559486467	23778.183618792867	7299.681789489924	0.0	845.7464420382594	66.384559486467
363	60.660865150297866	23838.844483943172	7312.506017814145	0.0	846.7136927917624	60.660865150297866
364	63.992617773625106	23902.837101716792	7330.164902250947	0.0	850.6500238003986	63.992617773625106
365	60.14914564587402	23962.986247362664	7344.785838366306	0.0	848.0850653175443	60.14914564587402
366	62.34613066425065	24025.332378026924	7363.957294749236	0.0	846.1285235088685	62.34613066425065
367	58.065265197734426	24083.39764322465	7377.505546182976	0.0	839.6452072917846	58.065265197734426
368	62.36510579309842	24145.76274901775	7394.957937234407	0.0	838.0834101317703	62.36510579309842
369	59.13260117910064	24204.895350196846	7407.923491428909	0.0	841.2699404924276	59.13260117910064
370	59.99279839155747	24264.888148588405	7419.020441418668	0.0	841.2061870699478	59.99279839155747
371	66.85316754174585	24331.741316130137	7439.094036099932	0.0	844.623147045674	66.85316754174585
372	65.03167318570128	24396.772989315847	7458.065859692802	0.0	839.8106162104302	65.03167318570128
373	58.64768238475488	24455.420671700616	7471.707215209908	0.0	843.3185886736069	58.64768238475488
374	63.48539004581742	24518.906061746417	7487.557617369803	0.0	841.3914689386874	63.48539004581742
375	66.68122042234651	24585.587282168766	7509.699559247749	0.0	843.1896620150297	66.68122042234651
376	64.77615083662837	24650.3634330054	7530.476263309446	0.0	842.4036155502239	64.77615083662837
377	60.60787260587713	24710.971305611278	7546.548515256328	0.0	845.3888113178168	60.60787260587713
378	62.839144242875975	24773.810449854143	7563.607886971597	0.0	845.4810061880512	62.839144242875975
379	63.3708658323958	24837.181315686554	7580.392269310335	0.0	845.4385202833708	63.3708658323958
380	65.13250327005869	24902.313818956613	7600.752380439558	0.0	847.5768630289191	65.13250327005869
381	63.17183364080633	24965.485652597403	7617.77660735618	0.0	848.431823835338	63.17183364080633
382	59.83471506982021	25025.32036766722	7632.644684585249	0.0	844.6830310428679	59.83471506982021
383	65.18636822043533	25090.506735887677	7653.337927581519	0.0	845.9337061131267	65.18636822043533
384	57.00925304945774	25147.515988937113	7666.645975315586	0.0	847.0282643274095	57.00925304945774
385	64.28530893281548	25211.801297869944	7687.228774083512	0.0	848.0856827437618	64.28530893281548
386	63.745270912880535	25275.54656878282	7708.287129701016	0.0	844.5453067944961	63.745270912880535
387	59.742386017388384	25335.2889548002	7723.138600107394	0.0	837.6515266323232	59.742386017388384
388	56.86156411773167	25392.150518917948	7735.25426543432	0.0	842.406231222504	56.86156411773167
389	60.83208427124189	25452.98260318919	7751.775730570265	0.0	839.996662279574	60.83208427124189
390	56.30002214605665	25509.282625335236	7764.919300583459	0.0	833.4031868640238	56.30002214605665
391	59.921580393476845	25569.204205728718	7780.494257186812	0.0	839.3029993851391	59.921580393476845
392	65.04896823265935	25634.253173961366	7799.39852139884	0.0	836.8143398292099	65.04896823265935
393	63.45606584716723	25697.70923980854	7817.848179937685	0.0	835.61845551639	63.45606584716723
394	61.827242677498205	25759.53648248604	7834.701390029691	0.0	837.1497530929855	61.827242677498205
395	60.68058190933348	25820.21706439537	7848.149271752455	0.0	841.3745298243782	60.68058190933348
396	63.33739865117623	25883.554463046537	7865.764375718255	0.0	842.6537843948047	63.33739865117623
397	60.46469677664056	25944.01915982319	7879.630641772438	0.0	841.2210806222707	60.46469677664056
398	69.31016554851149	26013.329325371717	7904.160742442926	0.0	831.851495235833	69.31016554851149
399	60.48514017695172	26073.814465548658	7918.307022050518	0.0	838.3857131061656	60.48514017695172
400	62.41887545840222	26136.233341007046	7934.262154687742	0.0	841.826085732502	62.41887545840222
401	65.41774689230968	26201.651087899365	7955.912396516045	0.0	845.8374324822508	65.41774689230968
402	66.35027570254276	26268.001363601903	7978.640499698947	0.0	844.7559446150915	66.35027570254276
403	61.12984806453274	26329.131211666434	7992.097776929082	0.0	845.8282880176664	61.12984806453274
404	60.865861863367876	26389.997073529816	8006.175437281382	0.0	848.0389921252948	60.865861863367876
405	58.83952380719799	26448.836597336995	8020.738141709951	0.0	853.0259802956183	58.83952380719799
406	60.666043774407456	26509.502641111412	8037.261660388801	0.0	848.5609797947866	60.666043774407456
407	69.79859995845048	26579.301241069854	8061.580830185	0.0	846.1789916270435	69.79859995845048
408	64.30854665274643	26643.609787722613	8080.502047885829	0.0	847.5079255594824	64.30854665274643
409	66.44285984840266	26710.05264757101	8101.549925676981	0.0	854.4160619092452	66.44285984840266
410	57.148211749733285	26767.20085932076	8114.152239516061	0.0	852.5672877926727	57.148211749733285
411	69.87939947309351	26837.080258793834	8138.49785802291	0.0	859.9020365554014	69.87939947309351
412	59.62644126270155	26896.706700056555	8151.064586094821	0.0	863.9140291295627	59.62644126270155
413	61.259596808042446	26957.96629686458	8169.993038447861	0.0	869.0099821046308	61.259596808042446
414	60.33285425930299	27018.299151123887	8184.002460282333	0.0	874.8133464970309	60.33285425930299
415	66.54905210054427	27084.848203224417	8205.721076041933	0.0	881.5859121637022	66.54905210054427
416	62.087089571379344	27146.935292795795	8222.147122540482	0.0	887.4384245975335	62.087089571379344
417	72.42492656161805	27219.360219357437	8247.801525416777	0.0	894.9163058138633	72.42492656161805
418	55.02036942581208	27274.380588783253	8257.018754968774	0.0	894.5872256123084	55.02036942581208
419	60.15853654227541	27334.53912532552	8269.192255598156	0.0	893.6753409280727	60.15853654227541
420	68.40704390598029	27402.946169231487	8290.272287593509	0.0	898.1771566768969	68.40704390598029
421	60.23452038017252	27463.18068961166	8302.814830917117	0.0	896.2460223983093	60.23452038017252
422	60.558444064608196	27523.73913367627	8317.614915503711	0.0	897.503623258366	60.558444064608196
423	70.72874362193579	27594.467877298215	8344.761328606033	0.0	906.5007095558042	70.72874362193579
424	65.31916681352985	27659.787044111752	8363.011255728881	0.0	908.2929174192313	65.31916681352985
425	64.34124328538906	27724.12828739712	8380.782300968114	0.0	905.6739660598288	64.34124328538906
426	59.88530286947437	27784.0135902666	8394.098805933128	0.0	907.9453173592756	59.88530286947437
427	63.13249332597922	27847.146083592586	8410.26495911086	0.0	902.6832896924082	63.13249332597922
428	67.79942945320643	27914.945513045786	8433.200518401258	0.0	903.5412219852685	67.79942945320643
429	66.1407684345449	27981.086281480333	8455.86337471074	0.0	898.1952251545881	66.1407684345449
430	60.25249492759793	28041.338776407945	8472.427206333652	0.0	899.0404352893041	60.25249492759793
431	62.119916957854294	28103.458693365785	8487.735104184987	0.0	902.8424549174812	62.119916957854294
432	67.98015835745737	28171.438851723247	8512.288386981654	0.0	900.3087580206939	67.98015835745737
433	62.50404105697348	28233.942892780215	8528.031481444685	0.0	900.340131089057	62.50404105697348
434	66.63967142782204	28300.582564208027	8549.596523630047	0.0	907.3131463361777	66.63967142782204
435	60.261791178100914	28360.844355386133	8562.511557090322	0.0	910.5897190106291	60.261791178100914
436	64.44216010653088	28425.286515492666	8581.598655147376	0.0	908.06337180918	64.44216010653088
437	67.56047938533936	28492.84699487799	8601.20883913429	0.0	908.807264343065	67.56047938533936
438	65.90094315119069	28558.7479380292	8621.263934404862	0.0	905.6336280396577	65.90094315119069
439	68.23904184658072	28626.98697987576	8644.211593422759	0.0	902.061892500855	68.23904184658072
440	66.9308613218457	28693.917841197617	8665.718648723145	0.0	903.6322988691883	66.9308613218457
441	64.1618692461692	28758.079710443788	8683.866910118666	0.0	913.4535841902504	64.1618692461692
442	63.54723829520848	28821.626948738987	8701.608281883231	0.0	918.1964180299217	63.54723829520848
443	56.96935023137435	28878.596298970384	8716.155014773314	0.0	919.656461812376	56.96935023137435
444	65.43712382547062	28944.033422795834	8736.572493266814	0.0	925.1059540291077	65.43712382547062
445	61.39589696048776	29005.42931975634	8752.09098244292	0.0	929.6706633132754	61.39589696048776
446	66.45298631225643	29071.88230606859	8774.668019680881	0.0	924.5055989779077	66.45298631225643
447	64.37745318955055	29136.25975925814	8792.850896319342	0.0	923.06811963044	64.37745318955055
448	62.77605053317549	29199.03580979132	8811.016406378581	0.0	930.683025594504	62.77605053317549
449	64.99123380551755	29264.027043596827	8830.345991984816	0.0	933.7569416699887	64.99123380551755
450	64.35528019357034	29328.382323790396	8848.973571007366	0.0	930.4019618163763	64.35528019357034
451	61.315406200406535	29389.697729990807	8866.323031760909	0.0	932.3583017763845	61.315406200406535
452	64.70745466507054	29454.405184655872	8885.64762278326	0.0	927.8767506247101	64.70745466507054
453	64.34849564511386	29518.753680300986	8903.808621774955	0.0	938.1573910913283	64.34849564511386
454	61.69867981080254	29580.452360111798	8918.81815793388	0.0	935.3769767172078	61.69867981080254
455	59.59305709400518	29640.045417205798	8932.735583370175	0.0	935.5467846342052	59.59305709400518
456	60.10968649185416	29700.15510369766	8947.151689885544	0.0	935.4799886146556	60.10968649185416
457	65.08206065128103	29765.237164348946	8964.969088724076	0.0	941.4227050716185	65.08206065128103
458	56.98097734095274	29822.218141689886	8976.220332593835	0.0	944.2167491928888	56.98097734095274
459	61.89453015401442	29884.112671843908	8991.810653045914	0.0	944.4354097510976	61.89453015401442
460	59.4604447504493	29943.573116594347	9005.379525598586	0.0	941.0942412182569	59.4604447504493
461	55.287980922779695	29998.861097517118	9016.10905588682	0.0	942.2335263888693	55.287980922779695
462	69.11150315521265	30067.97260067235	9037.68378213706	0.0	934.8757051974864	69.11150315521265
463	66.90937741008759	30134.881978082438	9058.969056725682	0.0	936.0905281917296	66.90937741008759
464	67.36370171269691	30202.245679795138	9081.817394823258	0.0	935.1006072184564	67.36370171269691
465	59.683608530846065	30261.92928832597	9098.31008581288	0.0	941.0348004824158	59.683608530846065
466	61.356316233152036	30323.285604559114	9115.297970646972	0.0	939.0150896840715	61.356316233152036
467	60.18007243991323	30383.465676999032	9131.238779897465	0.0	940.083076981483	60.18007243991323
468	57.68570712450371	30441.151384123532	9142.392269033708	0.0	947.5639410891439	57.68570712450371
469	63.21640647849172	30504.36779060202	9157.608925248374	0.0	949.0307626152494	63.21640647849172
470	60.93730966338603	30565.30510026541	9172.565188568586	0.0	949.662345147605	60.93730966338603
471	57.30647189727937	30622.611572162696	9181.468397016115	0.0	953.2460495789577	57.30647189727937
472	56.67662343610586	30679.288195598805	9193.390862496755	0.0	960.4777728087771	56.67662343610586
473	66.24759084517704	30745.53578644399	9216.640590100891	0.0	960.5238942302203	66.24759084517704
474	59.863189433438585	30805.398975877408	9232.532577677292	0.0	964.1423043041012	59.863189433438585
475	63.18806544156524	30868.58704131898	9247.029156761473	0.0	959.9855947650719	63.18806544156524
476	66.01202448642667	30934.599065805425	9268.8192825443	0.0	959.5389401454433	66.01202448642667
477	62.49138708559023	30997.09045289101	9286.150274591133	0.0	959.8051308287297	62.49138708559023
478	62.290155509789855	31059.380608400792	9300.40556032151	0.0	961.0744646112363	62.290155509789855
479	65.70824353892347	31125.08885193972	9319.334768485636	0.0	958.473871624124	65.70824353892347
480	58.633437290468066	31183.72228923018	9330.472446996426	0.0	961.991380165128	58.633437290468066
481	58.972304031704844	31242.6945932619	9342.219664807695	0.0	963.7495868401041	58.972304031704844
482	64.63810602040527	31307.3326992823	9362.204411049808	0.0	961.9626931704213	64.63810602040527
483	58.474566147147996	31365.807265429426	9374.305660077962	0.0	959.8322124759243	58.474566147147996
484	58.443380745995135	31424.250646175435	9385.5608983315	0.0	963.5541997332832	58.443380745995135
485	68.57529095503719	31492.825937130474	9405.812054114993	0.0	958.5604683372651	68.57529095503719
486	57.240686984604054	31550.06662411509	9416.991533045144	0.0	956.1412783866348	57.240686984604054
487	67.03476979550406	31617.101393910576	9438.913492757714	0.0	954.9498073087726	67.03476979550406
488	60.53007204478195	31677.63146595539	9451.814942851754	0.0	952.3028543217952	60.53007204478195
489	69.37760235029367	31747.009068305655	9479.049653260745	0.0	951.3841816676454	69.37760235029367
490	62.16447638177523	31809.17354468742	9492.642956830456	0.0	951.319539353503	62.16447638177523
491	59.105666229967504	31868.279210917397	9508.462923817779	0.0	952.3302265588047	59.105666229967504
492	60.046264061638155	31928.32547497905	9523.789086845281	0.0	953.3800809841762	60.046264061638155
493	67.64515660046351	31995.970631579483	9546.30581795834	0.0	962.2512937226638	67.64515660046351
494	60.072354432273485	32056.04298601176	9561.643555647828	0.0	967.0052325416075	60.072354432273485
495	66.94817604576501	32122.991162057544	9582.983735000473	0.0	963.0966552028934	66.94817604576501
496	58.81481031312033	32181.80597237065	9596.38684081572	0.0	963.9199997391714	58.81481031312033
497	63.90075157510118	32245.70672394577	9613.96951600251	0.0	974.2565771188544	63.90075157510118
498	55.722481497216286	32301.42920544298	9624.244910424355	0.0	973.0249647359464	55.722481497216286
499	59.314665623670834	32360.743871066654	9636.295562574154	0.0	969.8432293846273	59.314665623670834
500	61.627520016424775	32422.371391083085	9653.11482846404	0.0	968.6662561568935	61.627520016424775
501	62.31232928085505	32484.68372036392	9672.122169432749	0.0	969.231499406102	62.31232928085505
502	59.34631770842365	32544.030038072364	9686.96853440783	0.0	971.5976087787363	59.34631770842365
503	66.72541089239002	32610.75544896473	9706.90797881051	0.0	968.8074083566778	66.72541089239002
504	64.05106001826366	32674.806508982998	9724.265067975566	0.0	969.3199954115128	64.05106001826366
505	62.48926880018906	32737.29577778319	9742.20990869474	0.0	968.2276481266429	62.48926880018906
506	64.43805626862255	32801.7338340518	9742.20990869474	0.0	977.7708283703837	64.43805626862255
