task	reward	total_reward	total_regret	relative	total_reward_dev	joules
0	49.728396968250166	49.728396968250166	-0.2131461875212131	0.0	21.71520000498595	49.728396968250166
1	51.22200878332333	100.95040575157353	2.9386196535474864	0.0	33.098328412760644	51.22200878332333
2	74.37822659569889	175.32863234727247	29.80012349062945	0.0	37.36632680013621	74.37822659569889
3	72.83932773721192	248.16796008448438	54.725476827260024	0.0	38.04485694943572	72.83932773721192
4	54.10119352262504	302.2691536071092	59.30195336216843	0.0	43.78248694131529	54.10119352262504
5	49.36201330198637	351.6311669090954	58.896980266660414	0.0	53.786288916781515	49.36201330198637
6	53.80707337782633	405.4382402869221	64.87810089139425	0.0	59.699486229553465	53.80707337782633
7	56.0324406684691	461.470680955391	72.65781787366399	0.0	67.563163063274	56.0324406684691
8	55.52254344018593	516.9932243955772	78.88583933971556	0.0	74.73336129753048	55.52254344018593
9	50.673087213128404	567.6663116087053	78.2846932117305	0.0	79.89804838133708	50.673087213128404
10	54.73813323825554	622.4044448469609	86.04550930575729	0.0	87.00593193125529	54.73813323825554
11	51.24576751553498	673.650212362496	89.82146706298664	0.0	90.81762041912714	51.24576751553498
12	51.34353022056729	724.9937425830633	92.13554639421733	0.0	95.83113336324108	51.34353022056729
13	51.497537321507394	776.4912799045709	95.1196718017394	0.0	99.90468623973229	51.497537321507394
14	51.97961569973655	828.470895604307	100.52888861011081	0.0	109.04933224327529	51.97961569973655
15	52.71355602512172	881.1844516294286	104.97566422367866	0.0	114.117851847143	52.71355602512172
16	53.44485651216174	934.6293081415913	109.0030620659137	0.0	119.62743509596145	53.44485651216174
17	53.45863137286113	988.0879395144517	112.91706688793005	0.0	121.86708867523534	53.45863137286113
18	54.41537566789501	1042.5033151823468	116.68682163668052	0.0	131.97007185017117	54.41537566789501
19	51.491648840161254	1093.9949640225075	119.22064209129576	0.0	135.86291348657008	51.491648840161254
20	52.34288677199106	1146.3378507944992	120.96368446827641	0.0	139.0895847400563	52.34288677199106
21	53.05486754202748	1199.3927183365265	125.50964482108678	0.0	144.45889274424965	53.05486754202748
22	56.443047123995065	1255.8357654605213	133.02373572663927	0.0	151.64689536701266	56.443047123995065
23	55.7839820452457	1311.6197475057672	140.07365264710134	0.0	159.12672618265208	55.7839820452457
24	54.7841698292728	1366.4039173350402	143.7486097454898	0.0	169.8662377723713	54.7841698292728
25	53.30362229177095	1419.7075396268106	147.53047044793527	0.0	172.00280044910457	53.30362229177095
26	55.857300454592576	1475.5648400814034	153.14988177683597	0.0	176.30413499149455	55.857300454592576
27	56.23700377985477	1531.801843861259	162.49335804544452	0.0	182.43088294636433	56.23700377985477
28	54.96367369479106	1586.7655175560494	170.40283896727797	0.0	187.03277860043212	54.96367369479106
29	51.551164029083374	1638.3166815851325	174.71577682484062	0.0	192.37828227933562	51.551164029083374
30	53.67389426529712	1691.99057585043	177.87707952667125	0.0	200.2230348756732	53.67389426529712
31	56.420874817328816	1748.4114506677586	185.6132421941476	0.0	204.05101098231663	56.420874817328816
32	57.52875461876778	1805.9402052865264	192.9518520681426	0.0	207.61395809468792	57.52875461876778
33	52.27096670442506	1858.2111719909517	197.04561793810953	0.0	213.31318268178245	52.27096670442506
34	51.568097773211804	1909.7792697641637	200.37822632098775	0.0	216.93377473577976	51.568097773211804
35	55.56816510277572	1965.3474348669404	208.3848947213604	0.0	219.6074458275804	55.56816510277572
36	49.84032873187808	2015.1877635988174	209.1806531212837	0.0	223.4816076730084	49.84032873187808
37	52.95824109853956	2068.1460046973575	215.5655495363458	0.0	227.77408551363533	52.95824109853956
38	59.57029970208322	2127.7163043994387	225.72550924133841	0.0	229.0141506137378	59.57029970208322
39	51.450715533863274	2179.1670199333025	228.51238772265347	0.0	234.54223714853376	51.450715533863274
40	53.064834434087246	2232.2318543673896	230.93312654485973	0.0	243.48899844474735	53.064834434087246
41	50.122427419306526	2282.3542817866974	230.45563267304277	0.0	249.87466461817226	50.122427419306526
42	52.03999163556657	2334.3942734222637	233.3683856857885	0.0	253.67351030299784	52.03999163556657
43	54.630374609805045	2389.0246480320675	236.6097710529928	0.0	256.1057609165601	54.630374609805045
44	53.066382364563445	2442.091030396632	241.89368578511375	0.0	265.2369635292469	53.066382364563445
45	54.63553519167301	2496.726565588304	247.50823860858497	0.0	269.9410385854109	54.63553519167301
46	53.4978087992625	2550.224374387569	253.1937005060803	0.0	275.1738153917942	53.4978087992625
47	52.01243516353354	2602.2368095511	255.0797099427122	0.0	281.07827231787843	52.01243516353354
48	51.90743799771673	2654.144247548817	255.6752164106481	0.0	286.31276568388205	51.90743799771673
49	52.65172674036298	2706.7959742891812	261.38989254086187	0.0	291.7461558209293	52.65172674036298
50	52.34200494725292	2759.1379792364332	267.35270762706773	0.0	298.6502661273063	52.34200494725292
51	54.33043573393193	2813.4684149703658	276.20395990482535	0.0	304.0789040703359	54.33043573393193
52	54.07762944434857	2867.546044414714	280.56183929199767	0.0	309.81544355115915	54.07762944434857
53	54.21401150839777	2921.7600559231114	287.6976207510797	0.0	313.6427790900321	54.21401150839777
54	49.748287787577326	2971.5083437106905	288.37636938149177	0.0	315.8380047028824	49.748287787577326
55	54.75800883780529	3026.266352548493	294.5739296624295	0.0	320.838782536279	54.75800883780529
56	49.594040447056884	3075.8603929955525	296.91567822252256	0.0	327.74187507633457	49.594040447056884
57	54.58945742570492	3130.449850421255	303.47449376722494	0.0	332.9541191787913	54.58945742570492
58	56.03594091134434	3186.4857913326005	310.21288698699084	0.0	333.6148748198478	56.03594091134434
59	50.30428902097533	3236.7900803535777	313.54294714066464	0.0	340.42120669514486	50.30428902097533
60	52.80038112499005	3289.5904614785663	317.27002617662197	0.0	343.71252261967925	52.80038112499005
61	53.17720766681908	3342.767669145386	320.1093766916137	0.0	351.1658436328723	53.17720766681908
62	54.08431364778074	3396.8519827931655	325.34431094507187	0.0	356.85735906595346	54.08431364778074
63	50.6031096502314	3447.455092443398	326.2467554885301	0.0	361.10401751229807	50.6031096502314
64	57.650245691536576	3505.1053381349357	336.14965131144106	0.0	365.2580949760778	57.650245691536576
65	52.768883582544106	3557.874221717476	341.93084873726445	0.0	369.28612271759016	52.768883582544106
66	52.20875744289369	3610.082979160371	343.60221123606954	0.0	373.47291984764456	52.20875744289369
67	53.45742667358964	3663.54040583396	349.35565330279167	0.0	380.3962297634774	53.45742667358964
68	57.528351866996246	3721.0687577009576	357.6494041551756	0.0	385.2173322351564	57.528351866996246
69	55.098916544923824	3776.167674245882	363.2412147601364	0.0	393.20217088701486	55.098916544923824
70	51.453667810392965	3827.6213420562754	367.2647617245755	0.0	397.1853007285944	51.453667810392965
71	55.66358194083352	3883.2849239971106	374.938578174272	0.0	400.8700879836765	55.66358194083352
72	51.6837390898125	3934.968663086921	376.73181188467504	0.0	406.78809648297346	51.6837390898125
73	56.43600416332532	3991.4046672502463	385.11436933209205	0.0	410.4406866170683	56.43600416332532
74	55.989637475332344	4047.394304725578	391.0474707867537	0.0	415.12555844616946	55.989637475332344
75	52.85654308070243	4100.250847806282	393.7485483545404	0.0	419.70272058268046	52.85654308070243
76	54.30185072558257	4154.552698531865	397.6103338988262	0.0	423.21585776688516	54.30185072558257
77	54.728041589726516	4209.280740121589	403.500455422235	0.0	427.7067678032642	54.728041589726516
78	51.86919243179598	4261.149932553385	408.34106034616957	0.0	435.8442149764706	51.86919243179598
79	56.683403582762715	4317.8333361361465	415.927080133951	0.0	441.93985438556285	56.683403582762715
80	55.87141773208903	4373.704753868236	420.02233820237916	0.0	447.45769217878836	55.87141773208903
81	52.556802565753976	4426.261556433991	425.5024691202923	0.0	452.70365006137695	52.556802565753976
82	53.03560531212348	4479.297161746115	431.29674601312416	0.0	457.8097406826977	53.03560531212348
83	53.25293721494443	4532.550098961059	437.3652178474587	0.0	460.65766682442654	53.25293721494443
84	53.44728685575739	4585.997385816818	440.67643848031383	0.0	464.53267685154765	53.44728685575739
85	49.69546171399867	4635.692847530817	442.78657915450117	0.0	468.82463091921676	49.69546171399867
86	51.10162860031785	4686.794476131134	444.053656069454	0.0	474.3616717866232	51.10162860031785
87	52.86503160292109	4739.659507734054	446.92534891077065	0.0	480.1980249799167	52.86503160292109
88	51.30722852970741	4790.966736263763	451.92059176612025	0.0	484.81999748348835	51.30722852970741
89	55.47412873210562	4846.440864995867	460.4483993817368	0.0	489.3455368878801	55.47412873210562
90	52.17931250999549	4898.6201775058635	464.12404389384136	0.0	492.99200679619975	52.17931250999549
91	51.73969183920539	4950.3598693450695	467.2233767279658	0.0	499.2067171994357	51.73969183920539
92	52.8699545612988	5003.229823906366	471.8760524396166	0.0	501.67530204918086	52.8699545612988
93	50.85790099659718	5054.087724902962	472.56425855109313	0.0	506.50401710548215	50.85790099659718
94	51.05655574074919	5105.144280643713	476.03761141724596	0.0	511.04759740861533	51.05655574074919
95	52.001404843470546	5157.145685487185	476.95866875924514	0.0	516.7861841173178	52.001404843470546
96	50.769313820058834	5207.914999307242	479.42417060258464	0.0	519.2142576061094	50.769313820058834
97	52.51769748816963	5260.432696795416	481.75923501549397	0.0	523.4938629700395	52.51769748816963
98	54.480798441664064	5314.913495237077	488.713467759227	0.0	529.2144482427143	54.480798441664064
99	58.047338910510916	5372.960834147589	499.0089728622823	0.0	534.7620983631273	58.047338910510916
100	53.37285002110057	5426.33368416869	504.02295659378876	0.0	539.1951366864364	53.37285002110057
101	54.35583205718624	5480.6895162258725	510.3005581873004	0.0	541.0340009011752	54.35583205718624
102	53.55687736508113	5534.246393590956	515.5266563917	0.0	544.6320298026689	53.55687736508113
103	51.73766924764859	5585.984062838605	516.7425655411564	0.0	546.7515099996726	51.73766924764859
104	55.17211063332567	5641.156173471928	521.7474883048118	0.0	551.25119134368	55.17211063332567
105	54.349136291260464	5695.505309763191	525.7877992446741	0.0	554.871812259804	54.349136291260464
106	56.2723863033657	5751.777696066556	532.3690086259436	0.0	566.4818698622167	56.2723863033657
107	54.67177272462396	5806.449468791178	539.4717528255428	0.0	570.4362634138513	54.67177272462396
108	55.94270795225929	5862.3921767434385	547.6114765221403	0.0	579.1097981615227	55.94270795225929
109	52.820414586146875	5915.212591329585	550.2647762890658	0.0	583.8127926153459	52.820414586146875
110	52.040778789953436	5967.253370119538	554.1183046273567	0.0	587.0115648103083	52.040778789953436
111	50.31998686518366	6017.573356984727	553.6938548853279	0.0	589.1731137222708	50.31998686518366
112	58.33824530509566	6075.911602289819	565.309310120122	0.0	590.7759246705264	58.33824530509566
113	53.722791204579096	6129.634393494399	571.3477483701928	0.0	599.1511422602424	53.722791204579096
114	58.130748779333814	6187.765142273731	580.0564565553095	0.0	605.7662991277957	58.130748779333814
115	52.65165354998293	6240.416795823714	584.6241579742848	0.0	610.1505844990477	52.65165354998293
116	52.73030224765222	6293.147098071369	590.0800490180031	0.0	613.4320673955328	52.73030224765222
117	54.3687238723474	6347.515821943716	596.1321213296221	0.0	617.6615647592658	54.3687238723474
118	51.08240683780924	6398.598228781527	598.6545161333258	0.0	621.68488580939	51.08240683780924
119	53.236932786772286	6451.835161568294	604.5757457638953	0.0	628.6741079021498	53.236932786772286
120	52.45935340673717	6504.294514975033	610.7643837721238	0.0	636.2398532886681	52.45935340673717
121	51.30236580178887	6555.596880776821	612.7507879190149	0.0	641.311072654744	51.30236580178887
122	51.265750858624976	6606.862631635446	614.0395533617635	0.0	646.2083440935749	51.265750858624976
123	52.41925600699219	6659.28188764244	616.6903128493486	0.0	649.2613005654897	52.41925600699219
124	56.13631775814917	6715.418205400589	624.0588432929807	0.0	653.5932424415984	56.13631775814917
125	51.10775244436452	6766.525957844955	626.5403714258626	0.0	656.9932962291515	51.10775244436452
126	55.831664291306225	6822.357622136261	633.8682353498355	0.0	660.7510309480346	55.831664291306225
127	53.419749416766905	6875.7773715530275	637.1046842735573	0.0	667.5575362998758	53.419749416766905
128	53.88623315362051	6929.663604706641	643.7637131792108	0.0	670.0748462154936	53.88623315362051
129	53.65569984775909	6983.319304554407	648.9573964537109	0.0	673.4450249242434	53.65569984775909
130	58.94321203534903	7042.262516589753	661.5093749959133	0.0	677.6676606340716	58.94321203534903
131	57.164804139354835	7099.4273207291135	670.8996914572979	0.0	684.0359438293654	57.164804139354835
132	52.87299064004371	7152.300311369155	673.7771606339332	0.0	687.1758119266068	52.87299064004371
133	57.31972022989879	7209.620031599051	683.1190564678892	0.0	695.3994826809488	57.31972022989879
134	59.141420786649036	7268.761452385704	693.5191550216041	0.0	698.9821788405219	59.141420786649036
135	51.61736474458806	7320.37881713029	697.385793230947	0.0	706.519012563987	51.61736474458806
136	55.07082171193718	7375.449638842228	705.135878686924	0.0	708.8286079062107	55.07082171193718
137	51.00609386272514	7426.455732704955	707.0665825712263	0.0	718.950544215621	51.00609386272514
138	54.303907141432504	7480.759639846382	711.8735918148165	0.0	722.6101318277097	54.303907141432504
139	51.90078146964774	7532.660421316031	712.3067423214463	0.0	726.7533675535508	51.90078146964774
140	50.838657129734344	7583.499078445766	714.0234018493082	0.0	732.3381420160733	50.838657129734344
141	53.32052835573795	7636.819606801503	719.2893711561201	0.0	736.1433689613533	53.32052835573795
142	48.524246981783044	7685.34385378329	718.1195677954294	0.0	742.4509042590192	48.524246981783044
143	52.26313507408256	7737.60698885737	718.6937134522066	0.0	746.3522788280691	52.26313507408256
144	52.80635315454608	7790.413342011913	721.628722757931	0.0	752.529285792973	52.80635315454608
145	57.2028489104171	7847.616190922331	729.2453880431844	0.0	758.2042042166189	57.2028489104171
146	52.996042793889536	7900.6122337162205	734.5108053760652	0.0	762.6408501135886	52.996042793889536
147	51.879285880459236	7952.491519596685	738.4815048266601	0.0	766.377571785455	51.879285880459236
148	57.35580045701723	8009.847320053702	748.7261341269374	0.0	770.4016332353896	57.35580045701723
149	51.58462954095736	8061.4319495946565	752.1352902680545	0.0	775.2565975550444	51.58462954095736
150	51.013340582084545	8112.445290176739	755.1648422691089	0.0	781.4692371025802	51.013340582084545
151	52.64040558610612	8165.085695762844	759.2188933004369	0.0	788.0007962623753	52.64040558610612
152	52.88560586415787	8217.971301627005	764.3118493528035	0.0	792.1801220280104	52.88560586415787
153	51.200692929588584	8269.171994556595	763.1736575710846	0.0	796.6154123124304	51.200692929588584
154	55.78245965658985	8324.954454213183	768.4151947348383	0.0	801.2097194993098	55.78245965658985
155	54.55610017434098	8379.510554387527	772.6303055361925	0.0	806.8666708477065	54.55610017434098
156	51.18025547146604	8430.690809858992	772.1825678708894	0.0	812.7823858021248	51.18025547146604
157	50.728811371679704	8481.419621230669	775.9514358056116	0.0	822.1209414246011	50.728811371679704
158	55.81421903652729	8537.233840267201	783.9079848449323	0.0	826.3377463319126	55.81421903652729
159	53.81186132606256	8591.04570159326	790.0445233192775	0.0	830.6635985162084	53.81186132606256
160	54.67056461225971	8645.716266205525	797.3924257283493	0.0	836.6460991762522	54.67056461225971
161	55.14836867174117	8700.86463487726	805.1233499275268	0.0	844.3130971611805	55.14836867174117
162	50.441032323075795	8751.305667200335	806.7160537937687	0.0	846.6095389828082	50.441032323075795
163	49.20518580535337	8800.510853005691	807.2864067908548	0.0	850.4345893298371	49.20518580535337
164	52.87712292992147	8853.387975935606	809.6521307890127	0.0	855.6070771433734	52.87712292992147
165	53.89162728444604	8907.279603220059	815.638248600543	0.0	860.9942786281719	53.89162728444604
166	55.95049491032821	8963.230098130387	824.7634100479108	0.0	864.3817398320433	55.95049491032821
167	50.90217254889979	9014.132270679283	827.1683330875909	0.0	868.9683438485829	50.90217254889979
168	51.860552173714325	9065.992822852999	830.1083822670771	0.0	873.5645990967818	51.860552173714325
169	52.5907755314565	9118.58359838446	833.0421782170081	0.0	878.2888410027858	52.5907755314565
170	51.77671447331993	9170.360312857778	836.2037410879809	0.0	880.6436836911342	51.77671447331993
171	56.406421966132484	9226.76673482391	842.9634027082955	0.0	882.6148643270866	56.406421966132484
172	54.13247671226278	9280.899211536173	848.6384853776519	0.0	884.6230606714099	54.13247671226278
173	56.788707329061666	9337.687918865233	857.2274895215775	0.0	889.567203892871	56.788707329061666
174	57.485627470916604	9395.173546336151	866.4079538413505	0.0	893.1675894483426	57.485627470916604
175	51.8510596922571	9447.024606028406	867.229017876071	0.0	897.6690349905716	51.8510596922571
176	50.70424504594008	9497.728851074351	869.4791484847758	0.0	900.9935949464133	50.70424504594008
177	49.1982600786595	9546.927111153007	872.5229688713329	0.0	908.1064722427357	49.1982600786595
178	51.1377187201175	9598.064829873121	876.2134318537969	0.0	911.1195724994769	51.1377187201175
179	52.36744628243913	9650.43227615556	879.7721033361009	0.0	915.0645688561397	52.36744628243913
180	55.727919225268636	9706.160195380833	888.3363352554015	0.0	919.5619440570883	55.727919225268636
181	51.12636436211448	9757.286559742946	889.676596374448	0.0	930.9659008597664	51.12636436211448
182	50.23881016902958	9807.525369911977	890.2833405514192	0.0	936.4930807812786	50.23881016902958
183	55.169800228365766	9862.695170140347	897.8993352761676	0.0	941.0167785117791	55.169800228365766
184	52.69446731215314	9915.389637452494	902.3902622028909	0.0	945.6182355503429	52.69446731215314
185	53.24675146626272	9968.636388918754	908.0050147426571	0.0	951.4921198168595	53.24675146626272
186	53.29150481170571	10021.927893730463	913.4684144784095	0.0	956.6452391007535	53.29150481170571
187	52.9389113225596	10074.866805053023	918.142124829923	0.0	959.265180916174	52.9389113225596
188	57.90653996156286	10132.773345014582	927.8461914049564	0.0	963.597056662929	57.90653996156286
189	54.227723286863586	10187.001068301448	934.8939294448887	0.0	972.0264455923426	54.227723286863586
190	52.501946546737436	10239.503014848187	937.2134432036672	0.0	977.1720361218721	52.501946546737436
191	51.30950047743557	10290.81251532562	941.0951556231573	0.0	980.7145770647749	51.30950047743557
192	51.53421818588571	10342.346733511507	947.4924099088444	0.0	985.3679874332782	51.53421818588571
193	53.50296134235932	10395.849694853867	952.4666274570169	0.0	989.0020668241882	53.50296134235932
194	53.61105006063404	10449.4607449145	954.9292663990188	0.0	993.0389382625262	53.61105006063404
195	54.045833250359664	10503.50657816486	960.6007357680559	0.0	994.8585478373706	54.045833250359664
196	53.08866526829351	10556.59524343315	966.2946774845008	0.0	1002.30097313208	53.08866526829351
197	54.62351224997847	10611.21875568313	970.7315374902604	0.0	1005.5784050488828	54.62351224997847
198	50.81670631750473	10662.035462000638	973.2590944045297	0.0	1017.57009132659	50.81670631750473
199	55.01608909624678	10717.051551096887	979.9464553045674	0.0	1020.5196832501335	55.01608909624678
200	50.66621066242409	10767.717761759308	983.0189748463589	0.0	1023.3862927156837	50.66621066242409
201	50.39701188567852	10818.114773644991	985.2858985658058	0.0	1029.8259820527644	50.39701188567852
202	49.21207470850098	10867.326848353485	987.2576429151014	0.0	1034.90875029981	49.21207470850098
203	54.92640977651424	10922.253258130004	993.2534544036778	0.0	1042.0354193755927	54.92640977651424
204	49.62667278434645	10971.879930914347	994.0842738583099	0.0	1046.3708477165046	49.62667278434645
205	55.380488530625506	11027.260419444972	1002.380657853462	0.0	1056.326399150236	55.380488530625506
206	55.09026280829105	11082.350682253265	1008.3323065065265	0.0	1063.9337748015084	55.09026280829105
207	52.600214481531346	11134.950896734797	1012.4416512881438	0.0	1068.637612560222	52.600214481531346
208	52.99868027583505	11187.949577010628	1016.262066379057	0.0	1076.811953090751	52.99868027583505
209	50.955495217760244	11238.90507222839	1016.9321433484226	0.0	1079.9526816063512	50.955495217760244
210	51.9315550297374	11290.836627258128	1020.4243370018266	0.0	1082.7646253654098	51.9315550297374
211	56.63018331669843	11347.466810574822	1027.1281658662756	0.0	1083.9825781183692	56.63018331669843
212	51.62104258032446	11399.087853155148	1030.9729084146006	0.0	1088.982482867384	51.62104258032446
213	51.041000777469726	11450.128853932623	1034.2742427765788	0.0	1095.9696648680824	51.041000777469726
214	52.731164914419715	11502.860018847045	1037.3335621381761	0.0	1099.8103729004986	52.731164914419715
215	56.24240690719177	11559.102425754238	1047.3774473775666	0.0	1104.9447235904283	56.24240690719177
216	53.34312839517431	11612.4455541494	1051.096976061303	0.0	1108.1709211894408	53.34312839517431
217	55.387292601477846	11667.832846750887	1057.9519613154846	0.0	1111.2940374727725	55.387292601477846
218	53.66711450482703	11721.499961255715	1063.314408409939	0.0	1117.1405367252544	53.66711450482703
219	50.85704745766888	11772.357008713383	1064.8169795774809	0.0	1121.558797161933	50.85704745766888
220	53.231145320950766	11825.588154034329	1070.222139615124	0.0	1127.590129896816	53.231145320950766
221	53.37939552690116	11878.967549561234	1075.0009736671211	0.0	1131.6036491500809	53.37939552690116
222	51.35601422231937	11930.323563783551	1076.7899274864035	0.0	1137.5784146271017	51.35601422231937
223	50.62063753753443	11980.944201321085	1077.637944052941	0.0	1140.5917387358802	50.62063753753443
224	50.20078371286705	12031.144985033947	1079.8756886802157	0.0	1144.6340048689356	50.20078371286705
225	52.401560458945454	12083.5465454929	1082.2577375775104	0.0	1153.0951024508324	52.401560458945454
226	55.161674741396155	12138.708220234288	1089.0788024215951	0.0	1154.981368593452	55.161674741396155
227	53.93854726889227	12192.646767503185	1092.9745652987187	0.0	1158.228040088883	53.93854726889227
228	52.386620406949994	12245.033387910133	1095.1056976359607	0.0	1161.243817009413	52.386620406949994
229	55.32140173849563	12300.354789648636	1101.5072425749458	0.0	1165.9191015678116	55.32140173849563
230	50.2934154379815	12350.648205086607	1103.4248431391434	0.0	1171.1247070755035	50.2934154379815
231	54.815792799305754	12405.463997885918	1109.4217255960366	0.0	1178.1338579852281	54.815792799305754
232	50.3745707225068	12455.838568608426	1112.313207216627	0.0	1181.796541241872	50.3745707225068
233	50.27749083407723	12506.116059442495	1112.0894799415444	0.0	1186.680186535777	50.27749083407723
234	52.44535957048417	12558.561419012993	1115.6370270823784	0.0	1192.8021145006467	52.44535957048417
235	58.60715481067824	12617.168573823667	1127.4571487709486	0.0	1197.13423426579	58.60715481067824
236	54.06770088945279	12671.236274713125	1132.724248258766	0.0	1202.3893590207972	54.06770088945279
237	56.760002035498054	12727.996276748616	1140.5031788563865	0.0	1206.8097814089049	56.760002035498054
238	54.75556799735142	12782.751844745968	1145.3476123878054	0.0	1210.4108673532633	54.75556799735142
239	56.62165329364798	12839.373498039613	1153.592473045871	0.0	1215.1960531074449	56.62165329364798
240	53.59643491916814	12892.969932958786	1159.4540181081788	0.0	1219.525735913467	53.59643491916814
241	54.231839732968574	12947.201772691751	1165.080169081178	0.0	1225.1106938009352	54.231839732968574
242	56.79892418470439	13004.00069687646	1174.29715691524	0.0	1227.638835023045	56.79892418470439
243	52.97924652538488	13056.979943401835	1178.849590746416	0.0	1231.4280036240084	52.97924652538488
244	50.808473228538844	13107.78841663038	1182.890419543361	0.0	1237.1329887015822	50.808473228538844
245	55.96974320867301	13163.75815983905	1190.3373074245774	0.0	1243.252679603939	55.96974320867301
246	51.701521945442565	13215.4596817845	1194.1868727760868	0.0	1248.0936320696353	51.701521945442565
247	55.84361801211123	13271.303299796598	1202.2960147443293	0.0	1251.9570013315963	55.84361801211123
248	51.29968272242608	13322.602982519034	1205.5154414664564	0.0	1255.9781100449109	51.29968272242608
249	54.5939376844776	13377.196920203502	1210.1168194989302	0.0	1258.8220541522226	54.5939376844776
250	54.68500476377276	13431.881924967282	1215.6866292713632	0.0	1261.1303041444733	54.68500476377276
251	56.307979410296895	13488.189904377587	1225.327737213925	0.0	1266.9057003578612	56.307979410296895
252	53.16772004529954	13541.35762442288	1228.9287655480703	0.0	1275.9177543813055	53.16772004529954
253	51.93153345237582	13593.289157875255	1231.6810344134906	0.0	1279.3523494354586	51.93153345237582
254	51.03766448081231	13644.326822356072	1232.2340496754475	0.0	1284.13012627701	51.03766448081231
255	52.71960900329482	13697.046431359362	1234.8567517571917	0.0	1290.1961337376174	52.71960900329482
256	55.532706489459294	13752.579137848817	1243.7363885065758	0.0	1294.2832634271178	55.532706489459294
257	59.559509176558116	13812.138647025376	1253.718555231398	0.0	1303.4362326689418	59.559509176558116
258	56.25037664045255	13868.389023665835	1263.0952628169148	0.0	1306.8286356368344	56.25037664045255
259	57.97086311423761	13926.359886780068	1273.1060578243726	0.0	1311.7078893403711	57.97086311423761
260	51.79841973002074	13978.158306510088	1276.2681316424244	0.0	1314.5079148241425	51.79841973002074
261	56.60689978732227	14034.765206297412	1283.1961605070128	0.0	1320.7477782427595	56.60689978732227
262	53.3448460082556	14088.110052305672	1286.3700273294714	0.0	1323.5122900000902	53.3448460082556
263	53.75473891721204	14141.86479122288	1291.84304687997	0.0	1326.9007136002763	53.75473891721204
264	55.93124603528605	14197.796037258173	1298.3029563939779	0.0	1330.9579321911972	55.93124603528605
265	54.00592701121169	14251.80196426938	1304.756293696449	0.0	1335.8274972980826	54.00592701121169
266	57.6739525994213	14309.4759168688	1314.187808140135	0.0	1341.7755562911236	57.6739525994213
267	55.58448314054021	14365.06040000934	1321.3169478007342	0.0	1348.4695010771027	55.58448314054021
268	53.6733446149478	14418.733744624293	1326.5870678275592	0.0	1352.7016286756902	53.6733446149478
269	53.63515528376377	14472.368899908057	1333.255946606756	0.0	1357.351128858734	53.63515528376377
270	52.17919832728863	14524.54809823534	1336.9318114628113	0.0	1361.0511687861974	52.17919832728863
271	53.14015309868914	14577.688251334028	1341.3210047940386	0.0	1364.2228958000082	53.14015309868914
272	50.199791256310775	14627.888042590337	1340.6278709734156	0.0	1369.6297715351134	50.199791256310775
273	52.97173492958139	14680.859777519918	1345.6565052639635	0.0	1373.49657238617	52.97173492958139
274	54.79207577813157	14735.651853298046	1350.5741152142652	0.0	1377.582829569376	54.79207577813157
275	51.0567919472666	14786.70864524532	1350.7931431509942	0.0	1382.7329570212776	51.0567919472666
276	52.17387368071145	14838.88251892603	1356.6994784849978	0.0	1386.758094737384	52.17387368071145
277	56.83871652310997	14895.72123544914	1363.7517688583662	0.0	1390.548682711612	56.83871652310997
278	56.533843561001966	14952.25507901015	1371.772784814519	0.0	1391.6467698561632	56.533843561001966
279	56.326197571827144	15008.58127658197	1379.6666028615398	0.0	1393.5774022511105	56.326197571827144
280	50.623566814769255	15059.204843396736	1382.546675733062	0.0	1398.775536480347	50.623566814769255
281	55.82275872109758	15115.027602117836	1388.8419090129487	0.0	1401.9800076071722	55.82275872109758
282	50.25434942801362	15165.281951545845	1391.1856829112753	0.0	1406.9543971277174	50.25434942801362
283	56.67371593652147	15221.955667482367	1397.64316483673	0.0	1410.583868268334	56.67371593652147
284	53.454186238000666	15275.409853720374	1401.6868980865574	0.0	1418.035707470151	53.454186238000666
285	58.33769508776846	15333.747548808138	1411.1449263634463	0.0	1420.4548505340124	58.33769508776846
286	52.82899396703951	15386.57654277518	1416.641058745498	0.0	1427.802121343301	52.82899396703951
287	49.44813150586226	15436.024674281045	1417.3090332258646	0.0	1431.899267199262	49.44813150586226
288	51.70831208927356	15487.732986370313	1419.6350985922102	0.0	1436.0857671349029	51.70831208927356
289	52.378269533991826	15540.111255904309	1424.066675292531	0.0	1439.0270346789816	52.378269533991826
290	53.630488559708866	15593.741744464021	1428.1735285398793	0.0	1444.1080532435499	53.630488559708866
291	53.980071679637874	15647.721816143652	1432.4311917028003	0.0	1448.056842963855	53.980071679637874
292	54.03167984967678	15701.753495993325	1437.6184253039924	0.0	1451.8832899700865	54.03167984967678
293	55.26036134108706	15757.013857334414	1444.4694355430818	0.0	1456.874082082532	55.26036134108706
294	50.39899166874735	15807.412849003165	1445.3479859391318	0.0	1460.3397183379368	50.39899166874735
295	52.264443179463676	15859.677292182636	1447.1002981432798	0.0	1465.2204422238224	52.264443179463676
296	51.79589831595805	15911.473190498597	1451.865171355157	0.0	1471.824184972647	51.79589831595805
297	52.208707869249864	15963.681898367831	1455.8027018340715	0.0	1475.7453676855741	52.208707869249864
298	60.37136159957024	16024.053259967397	1467.7999193375463	0.0	1477.9890540124857	60.37136159957024
299	54.135703909740826	16078.188963877144	1471.5340397751306	0.0	1481.4575973688475	54.135703909740826
300	52.883434691714314	16131.072398568867	1477.360316781383	0.0	1486.1910303767393	52.883434691714314
301	52.306383025315235	16183.378781594178	1483.0651969816004	0.0	1491.0179642648116	52.306383025315235
302	47.67500038788422	16231.053781982062	1480.5974063144683	0.0	1495.8620781706195	47.67500038788422
303	50.70259791763248	16281.756379899694	1482.844154704355	0.0	1502.4966104766959	50.70259791763248
304	52.90591543505511	16334.662295334754	1488.5571760949988	0.0	1506.338407020933	52.90591543505511
305	53.37648497717214	16388.038780311923	1495.036381739861	0.0	1510.9694331375038	53.37648497717214
306	53.969314983606175	16442.00809529552	1498.56965541057	0.0	1514.8341635535403	53.969314983606175
307	53.54012233734294	16495.54821763287	1502.5070548882802	0.0	1523.018367329303	53.54012233734294
308	52.281773811685426	16547.829991444552	1504.0472088051777	0.0	1527.83379019557	52.281773811685426
309	53.76051318041397	16601.59050462497	1509.8870437210626	0.0	1533.5920011711264	53.76051318041397
310	54.34205953094273	16655.932564155908	1514.8994633121204	0.0	1538.893807971259	54.34205953094273
311	53.112981302278655	16709.045545458197	1518.635125182193	0.0	1543.3338152126416	53.112981302278655
312	50.68391101194162	16759.729456470137	1522.0047504868205	0.0	1548.2409570677978	50.68391101194162
313	53.18296390378675	16812.912420373923	1526.6831040265952	0.0	1552.9904309786348	53.18296390378675
314	55.2037364501155	16868.116156824028	1532.421752502575	0.0	1559.0724937247	55.2037364501155
315	55.51123878275755	16923.627395606793	1536.1102504865567	0.0	1566.3440409735686	55.51123878275755
316	56.011590327119364	16979.638985933907	1543.36397698518	0.0	1570.8079301047562	56.011590327119364
317	52.461648068612675	17032.100634002527	1545.7311621233496	0.0	1574.9201055592882	52.461648068612675
318	52.382293477242484	17084.482927479763	1548.0622238901633	0.0	1578.1656213685326	52.382293477242484
319	52.846081597234615	17137.329009077	1553.0521520972914	0.0	1583.2967581330201	52.846081597234615
320	54.97707759968668	17192.30608667669	1557.9196047471878	0.0	1587.4390896535992	54.97707759968668
321	53.98012897026592	17246.286215646953	1563.0934521997583	0.0	1591.6062845745512	53.98012897026592
322	52.00322182540706	17298.289437472362	1567.654907215716	0.0	1595.876072321406	52.00322182540706
323	54.537532597115714	17352.826970069473	1573.7064574674234	0.0	1602.827887979194	54.537532597115714
324	53.40742055298872	17406.234390622456	1579.6493119276308	0.0	1605.2709059696977	53.40742055298872
325	55.78517192740732	17462.019562549875	1586.5164931776644	0.0	1607.1854059690038	55.78517192740732
326	55.02576066004556	17517.04532320991	1593.6396157928075	0.0	1609.9439654568473	55.02576066004556
327	58.53181521041928	17575.577138420344	1605.7798811595392	0.0	1615.3741868318098	58.53181521041928
328	54.566311783944656	17630.14345020428	1609.6486074262993	0.0	1619.3196723219546	54.566311783944656
329	50.295826285072124	17680.43927648936	1612.1536062373661	0.0	1622.4652760757192	50.295826285072124
330	58.603763849485276	17739.043040338842	1621.9367911849997	0.0	1631.5637960978654	58.603763849485276
331	53.31167205443331	17792.35471239328	1627.33499487007	0.0	1635.1437766657712	53.31167205443331
332	51.669476886463	17844.02418927973	1629.8634078846778	0.0	1639.2993045692776	51.669476886463
333	55.6230583405759	17899.647247620313	1638.0826441715556	0.0	1641.3266251487423	55.6230583405759
334	52.69807880133301	17952.345326421644	1639.1216629209114	0.0	1650.3033115389774	52.69807880133301
335	52.3851833020463	18004.730509723697	1644.4031129965092	0.0	1655.4697879437829	52.3851833020463
336	54.955864698794684	18059.68637442248	1649.0347441780345	0.0	1663.0431251109153	54.955864698794684
337	50.42665939212653	18110.11303381461	1649.2676432671349	0.0	1669.5152445665808	50.42665939212653
338	52.51826853029719	18162.631302344904	1650.9676326769834	0.0	1673.687840900911	52.51826853029719
339	53.080030622529264	18215.711332967432	1656.1147680675285	0.0	1679.5450195046299	53.080030622529264
340	52.233397241974316	18267.94473020941	1659.698981491542	0.0	1682.4060973077023	52.233397241974316
341	55.07047705189958	18323.015207261313	1666.6591417639052	0.0	1688.1257444146274	55.07047705189958
342	52.947796657960765	18375.96300391928	1672.2774627377994	0.0	1692.3455468754926	52.947796657960765
343	51.51341092739755	18427.47641484668	1676.0687174467262	0.0	1706.379095860164	51.51341092739755
344	51.25493240966925	18478.731347256336	1678.726197101099	0.0	1711.2787992646918	51.25493240966925
345	49.38512102273347	18528.11646827907	1678.9321420525519	0.0	1715.5371911043576	49.38512102273347
346	47.60663864102607	18575.723106920104	1673.5815056076397	0.0	1722.1456069276314	47.60663864102607
347	50.59640049920924	18626.319507419306	1676.47352031395	0.0	1730.1754154540276	50.59640049920924
348	51.05093317641083	18677.37044059572	1680.718175427448	0.0	1734.6964330043118	51.05093317641083
349	51.812067840180795	18729.182508435904	1683.5975861729955	0.0	1738.2195649835114	51.812067840180795
350	52.459320829296736	18781.64182926519	1687.8776508008239	0.0	1742.5066868238493	52.459320829296736
351	53.71173994415264	18835.353569209346	1693.6658254544466	0.0	1746.3084052864128	53.71173994415264
352	52.87107089585525	18888.224640105214	1696.4851490566816	0.0	1751.7802563498174	52.87107089585525
353	55.18327022411602	18943.407910329326	1701.785763980456	0.0	1757.6677807572485	55.18327022411602
354	53.39007245749458	18996.79798278682	1705.7222524509898	0.0	1762.6898064317634	53.39007245749458
355	55.56690023036894	19052.364883017188	1711.8996684023805	0.0	1765.8404265276292	55.56690023036894
356	52.6185379102726	19104.983420927452	1715.7183340316897	0.0	1770.5416083659516	52.6185379102726
357	53.990492698972254	19158.97391362642	1722.2915432181526	0.0	1773.917091512534	53.990492698972254
358	47.63028520475044	19206.60419883117	1721.823067773758	0.0	1783.3917829971717	47.63028520475044
359	54.10145761565778	19260.705656446833	1725.629315137779	0.0	1787.241524857037	54.10145761565778
360	54.90527227471801	19315.610928721548	1729.4560695236532	0.0	1790.038810156198	54.90527227471801
361	51.10223383644674	19366.713162558008	1732.0485688216518	0.0	1795.6815314482308	51.10223383644674
362	53.36534094049466	19420.078503498495	1737.8931763416217	0.0	1799.4741057537517	53.36534094049466
363	50.89850475855093	19470.977008257043	1738.410042247455	0.0	1803.7672041679396	50.89850475855093
364	55.29372572749414	19526.27073398454	1743.740369246302	0.0	1807.4259877726788	55.29372572749414
365	54.98845219563623	19581.259186180174	1748.6507764965122	0.0	1816.07576873284	54.98845219563623
366	53.44182912285997	19634.70101530303	1755.4705990083487	0.0	1820.8645573361755	53.44182912285997
367	53.44508039311033	19688.146095696153	1756.26854526799	0.0	1825.404686524828	53.44508039311033
368	56.397629565619454	19744.54372526177	1764.1444786119328	0.0	1827.4412480395854	56.397629565619454
369	49.74978048577123	19794.293505747537	1766.6108092691616	0.0	1833.1996018695702	49.74978048577123
370	49.9518810006118	19844.245386748153	1765.8107140355007	0.0	1838.4452263024125	49.9518810006118
371	55.5586773145739	19899.80406406273	1771.4409516230382	0.0	1848.127795325703	55.5586773145739
372	58.75683187075989	19958.560895933482	1781.2537167792113	0.0	1852.7076075350813	58.75683187075989
373	55.2705183436303	20013.831414277112	1786.4922526840155	0.0	1856.282196191261	55.2705183436303
374	55.04992518240087	20068.88133945951	1791.1972834407063	0.0	1861.3266818243105	55.04992518240087
375	52.653222027327786	20121.534561486835	1796.780591847226	0.0	1864.1005739913094	52.653222027327786
376	53.71714070487672	20175.251702191723	1801.2385384858703	0.0	1868.2553726935605	53.71714070487672
377	54.37195689292913	20229.62365908465	1806.97505792685	0.0	1873.1209317940443	54.37195689292913
378	53.48548006238602	20283.10913914704	1811.8203243925432	0.0	1877.625552051162	53.48548006238602
379	49.486314276911344	20332.595453423935	1813.2137578626564	0.0	1880.7497732181846	49.486314276911344
380	53.760525305375296	20386.355978729323	1819.2273755735316	0.0	1888.7786123716842	53.760525305375296
381	55.22192876587978	20441.577907495204	1828.0933096939254	0.0	1892.6536754965784	55.22192876587978
382	54.21878862310803	20495.796696118305	1831.9961648704275	0.0	1895.780191657275	54.21878862310803
383	53.20054341899104	20548.9972395373	1836.6096342383087	0.0	1898.9875559906777	53.20054341899104
384	51.18929315526023	20600.18653269256	1837.9760976888624	0.0	1904.836988868887	51.18929315526023
385	53.60543544874907	20653.791968141315	1844.6624343427738	0.0	1910.060937676167	53.60543544874907
386	50.92809932526088	20704.72006746657	1847.9411503691206	0.0	1912.8318338087392	50.92809932526088
387	50.49533718859866	20755.215404655177	1850.1485828246007	0.0	1918.2989200414195	50.49533718859866
388	51.17749321935216	20806.39289787452	1855.1032038074086	0.0	1922.391352703376	51.17749321935216
389	51.726293923033694	20858.119191797552	1858.1642443283968	0.0	1925.7619301848301	51.726293923033694
390	55.19931720964767	20913.3185090072	1865.589128170093	0.0	1928.068733167364	55.19931720964767
391	53.12608925808611	20966.44459826529	1870.3293145279358	0.0	1933.000599970081	53.12608925808611
392	53.19607093057476	21019.640669195865	1875.1864008342498	0.0	1937.3257505958834	53.19607093057476
393	51.00208445656052	21070.642753652424	1877.0921465568258	0.0	1942.9483562362636	51.00208445656052
394	57.764419055040236	21128.407172707455	1886.9470065531787	0.0	1951.7249617306877	57.764419055040236
395	55.08466916027896	21183.491841867733	1892.0356322184743	0.0	1957.0365469322464	55.08466916027896
396	55.40957152025964	21238.90141338799	1897.0150529020593	0.0	1960.0184752913467	55.40957152025964
397	54.904590742415714	21293.80600413042	1901.5735487519362	0.0	1963.624484161919	54.904590742415714
398	48.54267425930039	21342.348678389713	1903.2424958366516	0.0	1969.079774357136	48.54267425930039
399	53.19071118931233	21395.539389579022	1907.6326801766845	0.0	1973.5054381683915	53.19071118931233
400	53.43610200996558	21448.97549158899	1912.005017490314	0.0	1977.2331184999746	53.43610200996558
401	53.83692806926833	21502.812419658265	1917.2898445386038	0.0	1981.785061216257	53.83692806926833
402	53.79958747460426	21556.61200713287	1920.8162535450485	0.0	1985.4057658853214	53.79958747460426
403	53.49364040574781	21610.10564753861	1924.643845729766	0.0	1989.9114970614974	53.49364040574781
404	53.27343630232694	21663.37908384094	1929.6684697401768	0.0	1992.7491786107341	53.27343630232694
405	48.22106864509562	21711.60015248604	1930.8027199162548	0.0	1995.7293726112853	48.22106864509562
406	57.329555264837715	21768.929707750875	1941.0413387998387	0.0	2003.5171998429162	57.329555264837715
407	51.5590712656161	21820.488779016487	1941.6437125418583	0.0	2007.6564110485651	51.5590712656161
408	50.634066081608026	21871.122845098096	1943.0528170636844	0.0	2012.7056047890076	50.634066081608026
409	50.78767163618841	21921.910516734282	1944.1479732666935	0.0	2019.2998353205078	50.78767163618841
410	50.862778518423895	21972.773295252704	1945.9079182890732	0.0	2024.8468161728072	50.862778518423895
411	52.26042840391828	22025.033723656637	1950.2165698548663	0.0	2029.0134004703334	52.26042840391828
412	52.01871287946717	22077.052436536098	1953.0924178441894	0.0	2032.531424115778	52.01871287946717
413	52.064468265118556	22129.11690480121	1957.06301699065	0.0	2036.975452454567	52.064468265118556
414	53.242043601690355	22182.358948402907	1962.5362499330774	0.0	2041.3795543410308	53.242043601690355
415	51.4016870223933	22233.76063542529	1965.513093418133	0.0	2043.721278916434	51.4016870223933
416	53.31069888350046	22287.071334308785	1970.0833743746991	0.0	2049.6905193162343	53.31069888350046
417	55.265336253934876	22342.33667056273	1976.2919810143535	0.0	2053.364679997188	55.265336253934876
418	54.121107778944044	22396.457778341683	1979.5522208709942	0.0	2056.9371486539176	54.121107778944044
419	55.81666669641875	22452.27444503811	1986.1559098735722	0.0	2059.1632570738343	55.81666669641875
420	52.575021353563734	22504.84946639166	1991.3499251908784	0.0	2064.741335045395	52.575021353563734
421	55.2956931003795	22560.14515949204	1996.3610840107299	0.0	2069.773352399838	55.2956931003795
422	55.37905570899411	22615.524215201036	2003.922395472053	0.0	2073.901623599489	55.37905570899411
423	50.11900988680947	22665.643225087835	2008.062884682483	0.0	2078.534693323474	50.11900988680947
424	57.5799900976587	22723.223215185502	2017.1794581161055	0.0	2082.299131921929	57.5799900976587
425	51.390774556455675	22774.613989741953	2020.7976713009793	0.0	2086.5200019461095	51.390774556455675
426	52.495202250214426	22827.109191992175	2025.5455343716865	0.0	2090.7327357317195	52.495202250214426
427	54.92654927867219	22882.035741270847	2031.980736740348	0.0	2093.5375872945538	54.92654927867219
428	52.79978096112259	22934.835522231962	2036.5074168278786	0.0	2097.531127228647	52.79978096112259
429	56.63787388557386	22991.473396117537	2045.270664103462	0.0	2101.234629266305	56.63787388557386
430	50.57879320893237	23042.052189326474	2048.3624136170693	0.0	2105.7981807208103	50.57879320893237
431	50.23845112254965	23092.29064044903	2049.480237246796	0.0	2112.0187554052322	50.23845112254965
432	53.218620351775954	23145.5092608008	2053.567822304032	0.0	2115.3063383724398	53.218620351775954
433	51.322082377981204	23196.831343178783	2054.368371675831	0.0	2120.0400368724404	51.322082377981204
434	53.24291742497065	23250.07426060375	2057.1269805895076	0.0	2125.064535660232	53.24291742497065
435	52.010543268058164	23302.084803871807	2059.4512961022706	0.0	2131.989459986662	52.010543268058164
436	54.1454809308497	23356.230284802663	2063.878271569558	0.0	2135.639023714058	54.1454809308497
437	52.687993881629126	23408.918278684287	2067.087650898197	0.0	2140.5860527431178	52.687993881629126
438	52.12147305660041	23461.039751740886	2073.001733457531	0.0	2145.028921576559	52.12147305660041
439	53.30954672766813	23514.349298468558	2078.8388911409043	0.0	2150.3817280759963	53.30954672766813
440	51.160640526889395	23565.509938995438	2081.50032261696	0.0	2155.947123546199	51.160640526889395
441	53.175925534172286	23618.68586452961	2088.738939967529	0.0	2158.31916290701	53.175925534172286
442	48.1304163130273	23666.81628084264	2086.7405246388353	0.0	2161.8915645733578	48.1304163130273
443	54.875236814705616	23721.691517657346	2093.1651914785166	0.0	2170.171420833393	54.875236814705616
444	54.14597485574752	23775.8374925131	2095.9718259894325	0.0	2179.2680064033366	54.14597485574752
445	54.548269842668994	23830.38576235577	2102.1147660432744	0.0	2183.812962409201	54.548269842668994
446	55.01314902666897	23885.39891138244	2110.4043958732786	0.0	2189.0119675575093	55.01314902666897
447	54.96704290267463	23940.36595428511	2117.769307731499	0.0	2192.2581909410446	54.96704290267463
448	52.61691364926043	23992.98286793436	2121.527710891652	0.0	2201.1696748422205	52.61691364926043
449	53.73979363347657	24046.72266156784	2127.806036419834	0.0	2205.5491878262665	53.73979363347657
450	54.83524649363321	24101.55790806148	2134.9439015786547	0.0	2213.7615728748706	54.83524649363321
451	53.198470835688994	24154.756378897167	2137.1466579289768	0.0	2217.910751934641	53.198470835688994
452	53.688090731636464	24208.444469628805	2141.694537318686	0.0	2220.2944597444275	53.688090731636464
453	54.34591156131049	24262.790381190112	2147.6195921335557	0.0	2222.7788522626515	54.34591156131049
454	52.20338173605017	24314.99376292617	2152.6289925180154	0.0	2226.808816008293	52.20338173605017
455	57.27923909986202	24372.27300202603	2162.0580837986677	0.0	2238.681695557714	57.27923909986202
456	54.022689649664315	24426.295691675707	2169.5381910245023	0.0	2240.8726463734024	54.022689649664315
457	53.14572386086499	24479.441415536552	2172.9203522963853	0.0	2244.0741726152073	53.14572386086499
458	51.8387213841788	24531.280136920734	2173.7397940882697	0.0	2248.679415570806	51.8387213841788
459	54.95253707783424	24586.232673998573	2179.7748204440954	0.0	2251.7854889771725	54.95253707783424
460	53.80487685673967	24640.03755085531	2183.5358414367306	0.0	2254.91140754668	53.80487685673967
461	50.64716543317917	24690.684716288488	2182.3451709312903	0.0	2263.46773965316	50.64716543317917
462	54.58762100335711	24745.27233729184	2188.3035546697097	0.0	2267.334746593782	54.58762100335711
463	54.973747231782355	24800.24608452363	2197.1917359175523	0.0	2272.0996872371857	54.973747231782355
464	55.50769292621277	24855.753777449838	2203.942700863919	0.0	2276.0480784507204	55.50769292621277
465	53.24574854831449	24908.99952599815	2208.6408418474043	0.0	2282.2171110552385	53.24574854831449
466	53.619097919463485	24962.618623917628	2213.551594381448	0.0	2290.9916690805935	53.619097919463485
467	50.516763610428164	25013.135387528062	2216.396034969726	0.0	2296.405426560531	50.516763610428164
468	53.93342099022424	25067.06880851828	2221.302384225843	0.0	2300.2778411154873	53.93342099022424
469	52.41613556919904	25119.484944087475	2226.2373650424993	0.0	2303.5299549687907	52.41613556919904
470	50.942282608589764	25170.42722669605	2227.3351612997417	0.0	2307.053963423768	50.942282608589764
471	53.58375810296008	25224.010984799013	2232.955894570947	0.0	2310.5361262971364	53.58375810296008
472	56.405280326959925	25280.416265125972	2242.6196640603102	0.0	2313.918989151134	56.405280326959925
473	53.982626702433855	25334.39889182842	2247.6746175198405	0.0	2318.923511710068	53.982626702433855
474	54.65825085643863	25389.057142684847	2254.059175329189	0.0	2323.71795195461	54.65825085643863
475	51.38290381480175	25440.440046499654	2254.5964271036005	0.0	2328.921283841885	51.38290381480175
476	53.072501026503026	25493.51254752616	2258.558260942555	0.0	2333.691563218337	53.072501026503026
477	55.33192136143329	25548.84446888759	2266.7799934094205	0.0	2339.37878891883	55.33192136143329
478	51.78935172988131	25600.633820617466	2268.9700429577906	0.0	2343.3061792252524	51.78935172988131
479	51.43848383279314	25652.07230445027	2271.8289781927474	0.0	2348.36568011102	51.43848383279314
480	50.3795088379008	25702.451813288168	2272.7931674498186	0.0	2356.1339587948287	50.3795088379008
481	59.74391808827724	25762.195731376447	2282.366607781593	0.0	2364.7886190856343	59.74391808827724
482	54.46735183903165	25816.663083215466	2286.1555285156282	0.0	2370.059548684882	54.46735183903165
483	51.884244727836816	25868.547327943306	2290.1122793443947	0.0	2374.9424170626476	51.884244727836816
484	51.118938676722365	25919.66626662003	2292.754583834716	0.0	2379.894827570446	51.118938676722365
485	54.80618145245784	25974.47244807248	2298.1736652324767	0.0	2383.955110881168	54.80618145245784
486	50.07195159143918	26024.544399663922	2299.6674353043845	0.0	2389.7739186104855	50.07195159143918
487	51.166790648962554	26075.711190312904	2301.308007179274	0.0	2393.0151012313813	51.166790648962554
488	53.664443843850776	26129.37563415674	2309.5092949878	0.0	2393.803226613262	53.664443843850776
489	52.34233851080864	26181.717972667557	2312.173610584941	0.0	2397.748817158006	52.34233851080864
490	50.63480448683022	26232.352777154374	2315.796500930271	0.0	2401.063882069543	50.63480448683022
491	53.215987543212115	26285.56876469761	2321.1070361553197	0.0	2410.93100513178	53.215987543212115
492	53.05047922877807	26338.619243926365	2325.4688823634765	0.0	2414.755880099286	53.05047922877807
493	51.885918257442455	26390.505162183807	2327.041111122761	0.0	2417.9678874879933	51.885918257442455
494	52.19226883576959	26442.697431019573	2330.264180964589	0.0	2421.9245602986366	52.19226883576959
495	51.54794224621894	26494.245373265818	2333.3051557824256	0.0	2425.7869808471596	51.54794224621894
496	55.28836004634403	26549.53373331214	2341.71399994615	0.0	2434.721676834301	55.28836004634403
497	53.1711824920837	26602.704915804225	2344.847656123255	0.0	2438.8258139110435	53.1711824920837
498	50.49866385709377	26653.20357966133	2347.921220161606	0.0	2443.723716005038	50.49866385709377
499	51.87504456725914	26705.078624228587	2350.187143442996	0.0	2448.2703467866704	51.87504456725914
500	55.81958420291939	26760.898208431514	2356.059775013248	0.0	2452.2643578008588	55.81958420291939
501	50.475846955564236	26811.374055387074	2357.457949428639	0.0	2455.184108653893	50.475846955564236
502	53.11679343872115	26864.490848825793	2361.69961649688	0.0	2459.8021937309954	53.11679343872115
503	50.42475795244404	26914.91560677823	2363.2783988345705	0.0	2464.6757772511496	50.42475795244404
504	57.19626207542621	26972.111868853648	2363.2783988345705	0.0	2469.62873298676	57.19626207542621
