task	reward	total_reward	total_regret	relative	total_reward_dev	joules
0	45.606673198328274	45.606673198328274	1.7848053429569593	0.0	21.697033065590553	45.606673198328274
1	58.320761172218866	103.92743437054715	14.101931519741335	0.0	32.064750465261426	58.320761172218866
2	61.28400359476395	165.21143796531112	31.416351837739036	0.0	39.149558896906946	61.28400359476395
3	49.692081055850466	214.90351902116154	36.69332419440773	0.0	41.49979976258837	49.692081055850466
4	74.7119631563556	289.6154821775171	66.08471980111962	0.0	44.24140789303548	74.7119631563556
5	79.30530120719614	368.92078338471316	100.49062952959177	0.0	52.860849917474454	79.30530120719614
6	52.564493729712396	421.4852771144254	107.18103310114302	0.0	56.553438072095325	52.564493729712396
7	55.523721822859876	477.0089989372854	119.66124195723037	0.0	63.09020037296958	55.523721822859876
8	51.41611970050862	528.425118637794	126.78609733895456	0.0	66.92858101441743	51.41611970050862
9	52.861097307492656	581.2862159452864	135.44722830922922	0.0	73.52194276269167	52.861097307492656
10	52.76118765424092	634.0474035995277	143.77081306807645	0.0	74.35260053601215	52.76118765424092
11	50.39070658750116	684.4381101870291	150.06079892424734	0.0	78.6970626576954	50.39070658750116
12	50.677730936934424	735.1158411239637	156.76947317654458	0.0	84.41909894561394	50.677730936934424
13	55.26469124628697	790.3805323702505	165.20429745245823	0.0	85.66840110409807	55.26469124628697
14	52.63173402207144	843.0122663923216	171.2593847582781	0.0	87.17338297803087	52.63173402207144
15	49.02809612923741	892.0403625215587	171.7863438461309	0.0	91.21534996678785	49.02809612923741
16	52.83944151333208	944.879804034891	179.4051449226643	0.0	94.92052756707238	52.83944151333208
17	53.11047859864581	997.9902826335372	185.31651594593183	0.0	96.1345594353666	53.11047859864581
18	50.42918571141448	1048.4194683449516	191.75128836494414	0.0	101.49882869976778	50.42918571141448
19	50.33860493116196	1098.7580732761132	195.31533537490816	0.0	105.37441770130515	50.33860493116196
20	51.281289212919646	1150.0393624890337	201.96166007492565	0.0	107.67860986065473	51.281289212919646
21	59.0282271296864	1209.067589618719	216.513204603168	0.0	112.1023679157276	59.0282271296864
22	51.39288041001634	1260.460470028736	221.5503070997108	0.0	110.46583457228324	51.39288041001634
23	53.896262392995226	1314.356732421731	228.7578116517242	0.0	116.05295041786565	53.896262392995226
24	52.86965438500625	1367.2263868067373	233.9665197897944	0.0	121.76343210866042	52.86965438500625
25	53.072972175373586	1420.2993589821115	240.326544425977	0.0	121.25552579004194	53.072972175373586
26	53.56794365244642	1473.8673026345575	250.1866629797128	0.0	128.26325844138225	53.56794365244642
27	49.77678683477637	1523.6440894693337	251.4246999567162	0.0	127.16742218562126	49.77678683477637
28	53.54967730759447	1577.1937667769275	259.00950232935645	0.0	131.67057579375032	53.54967730759447
29	52.34448735660262	1629.5382541335314	267.6589030445372	0.0	135.9501518938965	52.34448735660262
30	55.7692742468262	1685.3075283803576	278.21114168078134	0.0	138.92020817879947	55.7692742468262
31	51.55051347921381	1736.8580418595711	282.4620497173117	0.0	141.90014286372565	51.55051347921381
32	51.29009408746011	1788.1481359470313	289.272322066232	0.0	142.5324514444897	51.29009408746011
33	51.42625169845908	1839.5743876454899	296.0290173652816	0.0	141.5068759446657	51.42625169845908
34	51.292939461326185	1890.8673271068164	303.35231079783284	0.0	142.92839501425092	51.292939461326185
35	53.31155339404415	1944.1788805008598	313.12362403950567	0.0	146.94415082569915	53.31155339404415
36	54.30543376805944	1998.48431426892	323.0122087039488	0.0	148.3026891400262	54.30543376805944
37	55.24706298191836	2053.731377250838	331.79142657649726	0.0	153.28091214824417	55.24706298191836
38	54.88813871247385	2108.619515963312	342.7086448122918	0.0	156.99051204679458	54.88813871247385
39	49.72851339378512	2158.348029357097	347.816834505259	0.0	161.10455566703294	49.72851339378512
40	52.74892076411824	2211.0969501212157	354.1875879532355	0.0	163.3744386334689	52.74892076411824
41	54.3202709096979	2265.4172210309143	361.8137088911002	0.0	168.31461967478876	54.3202709096979
42	51.83843603157876	2317.255657062492	367.5271968439855	0.0	174.78472280164223	51.83843603157876
43	52.12501213730648	2369.3806691997984	372.95018402995476	0.0	175.01144539859087	52.12501213730648
44	54.118430227040506	2423.4990994268383	383.1515873915738	0.0	178.5872543254383	54.118430227040506
45	55.24130612552371	2478.740405552363	390.72907232715045	0.0	179.24097670843767	55.24130612552371
46	53.22603771789539	2531.9664432702575	396.78970352152317	0.0	184.75827132282762	53.22603771789539
47	56.42894509342951	2588.395388363687	405.5840438111098	0.0	191.24471241239553	56.42894509342951
48	52.911251970079064	2641.306640333766	410.81957858202	0.0	197.65851183283056	52.911251970079064
49	50.56315224112518	2691.869792574891	416.8360375535516	0.0	200.31958254849144	50.56315224112518
50	51.483439148130344	2743.3532317230215	422.0327976727069	0.0	201.08430992828758	51.483439148130344
51	49.18027249222174	2792.5335042152437	426.95618740322584	0.0	204.82618330600593	49.18027249222174
52	52.51507920628524	2845.0485834215297	434.75599405986947	0.0	208.25515495526426	52.51507920628524
53	52.1380671067646	2897.186650528294	442.3310913272787	0.0	209.43238997535025	52.1380671067646
54	50.03850542540399	2947.2251559536985	445.89758222433977	0.0	210.45129013341636	50.03850542540399
55	53.61932842505426	3000.8444843787524	456.0663134836431	0.0	216.79549281276857	53.61932842505426
56	53.46338866314987	3054.3078730419015	466.26131357670494	0.0	217.13688742503348	53.46338866314987
57	52.334207297072524	3106.6420803389747	475.5543508791865	0.0	221.1001426660179	52.334207297072524
58	50.27994920878131	3156.9220295477553	480.0989279725702	0.0	222.1961128532017	50.27994920878131
59	51.40151017599204	3208.323539723748	484.8690151580051	0.0	225.1469520658133	51.40151017599204
60	52.22209802788503	3260.545637751632	490.29449662123443	0.0	226.97172819195993	52.22209802788503
61	56.765129577813035	3317.310767329446	503.9278902983787	0.0	226.08860585645868	56.765129577813035
62	51.39874499382166	3368.7095123232675	509.77946408281883	0.0	225.24140915720045	51.39874499382166
63	49.08389505871413	3417.7934073819797	513.6351748668231	0.0	228.49842843572327	49.08389505871413
64	56.55734000457156	3474.350747386553	525.7327731751415	0.0	229.31754321016632	56.55734000457156
65	49.959166729689386	3524.3099141162443	530.111659111275	0.0	231.55926099174332	49.959166729689386
66	49.85498565451631	3574.164899770759	531.4261461537773	0.0	232.93365655148872	49.85498565451631
67	50.65174343297678	3624.816643203736	537.134845570469	0.0	233.24832186129535	50.65174343297678
68	52.99591679503565	3677.8125599987725	545.2903784134934	0.0	239.31633781498516	52.99591679503565
69	49.033529788712414	3726.846089787484	548.3286368775454	0.0	239.1621093505295	49.033529788712414
70	51.19990382452227	3778.0459936120064	554.7832649586412	0.0	239.28854281073328	51.19990382452227
71	54.137942765087516	3832.183936377093	563.4824103825449	0.0	238.6145939197417	54.137942765087516
72	51.20630002843444	3883.3902364055284	566.9260213542577	0.0	238.77585327194802	51.20630002843444
73	54.58369955259706	3937.9739359581245	577.2759877500649	0.0	243.360096577003	54.58369955259706
74	50.77047301953658	3988.7444089776604	584.166078368458	0.0	244.27368676307648	50.77047301953658
75	50.82251197793777	4039.566920955597	586.4282672653906	0.0	244.22067438705596	50.82251197793777
76	49.54156239698496	4089.108483352584	592.2029883062418	0.0	249.0942840851196	49.54156239698496
77	54.03338409332632	4143.14186744591	600.1552018497879	0.0	252.58092208798521	54.03338409332632
78	53.6617669164159	4196.803634362328	607.3945069501802	0.0	260.682705617228	53.6617669164159
79	52.981133068911376	4249.784767431238	613.4841183006879	0.0	265.91660546251023	52.981133068911376
80	49.3461504032617	4299.130917834501	617.6887402806143	0.0	267.48612297570014	49.3461504032617
81	54.69556409367987	4353.826481928181	626.2699225412912	0.0	269.45807960555726	54.69556409367987
82	50.443295856007126	4404.269777784187	633.4605577631918	0.0	270.8552474792035	50.443295856007126
83	53.78118226728345	4458.05096005147	639.5291014494848	0.0	271.8959851705265	53.78118226728345
84	47.962039728649636	4506.012999780118	641.5679505872118	0.0	273.4307818390651	47.962039728649636
85	54.51855955530004	4560.531559335419	652.143998453825	0.0	272.19655158552604	54.51855955530004
86	50.22908457906405	4610.760643914483	654.5204927087128	0.0	277.40570944859763	50.22908457906405
87	50.65264852299285	4661.413292437474	658.7323909131338	0.0	279.7104942416216	50.65264852299285
88	53.29605618901247	4714.709348626489	668.4661162719794	0.0	282.9164940797947	53.29605618901247
89	52.644438232606674	4767.353786859096	674.2733813843457	0.0	287.3194803041997	52.644438232606674
90	52.63484556848679	4819.988632427581	681.9905744763205	0.0	292.1480553107949	52.63484556848679
91	52.139448094909206	4872.128080522493	687.4451136440643	0.0	292.12178985969655	52.139448094909206
92	51.831942744054665	4923.960023266547	694.0451412377823	0.0	292.44935440316357	51.831942744054665
93	53.166537356600955	4977.126560623148	702.9288592475065	0.0	294.03852317953925	53.166537356600955
94	55.58913243339489	5032.7156930565425	713.8209046847752	0.0	292.0999784854253	55.58913243339489
95	49.74130669193154	5082.456999748474	720.0270807519346	0.0	293.0732661930478	49.74130669193154
96	52.92068176362048	5135.377681512094	725.9577983907884	0.0	294.9674919643454	52.92068176362048
97	52.32250859982186	5187.700190111917	730.6400330251224	0.0	293.5325075881075	52.32250859982186
98	54.73597641238073	5242.436166524298	739.5866462531023	0.0	300.1995551986442	54.73597641238073
99	55.792122833880796	5298.228289358177	750.3694891843193	0.0	300.3590015602557	55.792122833880796
100	53.37235887462049	5351.600648232798	760.1794792250201	0.0	303.67330538800115	53.37235887462049
101	48.01606150762128	5399.616709740418	763.410390494599	0.0	309.0786808204201	48.01606150762128
102	56.99980598881299	5456.616515729231	772.9003161670764	0.0	308.6854912028334	56.99980598881299
103	54.01090634919953	5510.627422078433	778.2089176596487	0.0	310.74692432923706	54.01090634919953
104	52.40073877596844	5563.028160854401	786.3923553031724	0.0	310.00276578255597	52.40073877596844
105	54.627417308810266	5617.655578163212	794.9135052432046	0.0	313.72861409565036	54.627417308810266
106	56.2259264097747	5673.881504572983	806.0759122592272	0.0	312.8564142476207	56.2259264097747
107	49.96064911552253	5723.842153688506	810.8789917835976	0.0	314.16165811823305	49.96064911552253
108	54.28895810475109	5778.13111179326	820.303314898704	0.0	316.2890631888412	54.28895810475109
109	51.88733976292682	5830.018451556186	824.0976951235992	0.0	316.0267704213163	51.88733976292682
110	53.60600098679242	5883.6244525429765	832.5404659995118	0.0	314.93578666496177	53.60600098679242
111	47.820483108629176	5931.444935651605	836.0188673523801	0.0	316.8493054122698	47.820483108629176
112	51.15707349827286	5982.602009149879	841.9103695313325	0.0	316.5097679211539	51.15707349827286
113	50.59900273462469	6033.2010118845055	848.9409312010744	0.0	318.10129050653774	50.59900273462469
114	52.78072258503374	6085.98173446954	859.1918859339203	0.0	321.9761710486298	52.78072258503374
115	52.823382873673246	6138.805117343211	866.79965049475	0.0	323.35808560792475	52.823382873673246
116	51.34463792970169	6190.149755272915	871.6529689478702	0.0	324.3802167015238	51.34463792970169
117	49.25472997434092	6239.404485247255	876.6068175874171	0.0	329.09061425664066	49.25472997434092
118	50.45390420562973	6289.858389452885	881.3022267749252	0.0	330.6113505214011	50.45390420562973
119	52.87715794640775	6342.735547399291	886.692938168554	0.0	334.77130362181487	52.87715794640775
120	53.31235079026953	6396.047898189561	896.0719343840767	0.0	331.1994065013831	53.31235079026953
121	54.44098044844321	6450.488878638004	905.4912379262008	0.0	329.66866741355705	54.44098044844321
122	52.08549037436658	6502.574369012371	912.4785963905613	0.0	330.2952439736523	52.08549037436658
123	51.64538376282084	6554.2197527751905	918.2008071231992	0.0	332.34474429578313	51.64538376282084
124	49.33132121558629	6603.551073990779	923.8865742592393	0.0	336.58487558951975	49.33132121558629
125	48.08217594850054	6651.633249939281	926.9762968542921	0.0	339.15084412496435	48.08217594850054
126	52.27939147519356	6703.912641414473	932.0024968523742	0.0	340.5523907328459	52.27939147519356
127	49.567735557682646	6753.480376972156	937.0315602093491	0.0	341.31531561011735	49.567735557682646
128	48.752139328936735	6802.232516301089	941.2589592064019	0.0	340.68457634401244	48.752139328936735
129	57.151409037230835	6859.383925338322	953.3581859763592	0.0	341.70936474472404	57.151409037230835
130	48.6544184135264	6908.038343751846	960.5822038272162	0.0	342.66974923446713	48.6544184135264
131	50.503057542872504	6958.541401294721	965.5477056429488	0.0	347.12975949863113	50.503057542872504
132	51.35160426839959	7009.893005563122	970.403516678649	0.0	351.29862966218826	51.35160426839959
133	50.86040685934609	7060.753412422466	977.9862173793969	0.0	352.55764546179336	50.86040685934609
134	50.80253277480557	7111.555945197273	982.9513790011272	0.0	357.1178368365476	50.80253277480557
135	52.19798667369511	7163.75393187097	989.8212608312787	0.0	358.92142344241	52.19798667369511
136	56.47265704764072	7220.226588918606	1002.2398675453675	0.0	361.14479448990204	56.47265704764072
137	50.7681772761588	7270.994766194765	1009.0376242514322	0.0	364.27390040442464	50.7681772761588
138	54.69999334086881	7325.694759535636	1018.1870144440193	0.0	362.83084559902437	54.69999334086881
139	56.36724789466903	7382.062007430306	1030.5342618559664	0.0	367.63499802665666	56.36724789466903
140	53.676154635252885	7435.738162065558	1037.6159687795507	0.0	370.2165910581993	53.676154635252885
141	52.75456612407263	7488.492728189634	1046.8933232753418	0.0	371.4121036777667	52.75456612407263
142	48.68261791120763	7537.175346100836	1050.8317312609697	0.0	371.22914812633394	48.68261791120763
143	53.236711580574436	7590.412057681414	1059.6589962490743	0.0	372.50820525751385	53.236711580574436
144	51.319847880849004	7641.731905562263	1068.0111006258483	0.0	371.86207273577566	51.319847880849004
145	54.21567346651679	7695.947579028778	1076.435259336694	0.0	376.1883431101224	54.21567346651679
146	53.65657450550261	7749.604153534285	1084.723209955324	0.0	380.3577670621216	53.65657450550261
147	49.44412375549992	7799.048277289784	1087.2873731399582	0.0	384.50693472070355	49.44412375549992
148	51.16732832175268	7850.2156056115355	1093.8107388653696	0.0	385.745959237216	51.16732832175268
149	51.51545938243512	7901.73106499397	1099.5954249451527	0.0	384.9749247518039	51.51545938243512
150	53.83217013174919	7955.563235125716	1109.739574325238	0.0	384.1512552553205	53.83217013174919
151	51.67511061193298	8007.238345737652	1115.2672396954038	0.0	384.791835757979	51.67511061193298
152	48.02042231976969	8055.2587680574225	1115.3496048659354	0.0	384.9512226875424	48.02042231976969
153	48.971396830582826	8104.230164887999	1121.1446468661818	0.0	386.4818971950008	48.971396830582826
154	51.70470811084254	8155.934872998851	1128.3167153125773	0.0	386.9290819616809	51.70470811084254
155	53.62533870386067	8209.56021170271	1138.236361323591	0.0	388.32764102622156	53.62533870386067
156	52.69525341144264	8262.255465114147	1145.8282651414181	0.0	390.47710184666465	52.69525341144264
157	54.55785975781273	8316.81332487196	1156.4059893336134	0.0	392.7953449094726	54.55785975781273
158	51.847620426495304	8368.660945298456	1161.80652213887	0.0	390.33810700667345	51.847620426495304
159	49.66510614201823	8418.32605144048	1164.6989846234305	0.0	389.77990548920235	49.66510614201823
160	51.85850991678577	8470.184561357262	1170.755292932613	0.0	391.7461014286761	51.85850991678577
161	48.9564456661943	8519.141007023454	1175.1502336198398	0.0	391.6699661427578	48.9564456661943
162	47.16323010881708	8566.304237132274	1175.933501098587	0.0	391.2536373529481	47.16323010881708
163	51.05054222816725	8617.354779360438	1178.7003188393992	0.0	391.67847580709486	51.05054222816725
164	49.798392614708085	8667.15317197515	1182.8826586432917	0.0	395.01819142510703	49.798392614708085
165	47.91123376730333	8715.064405742454	1188.0165558451047	0.0	398.274345976806	47.91123376730333
166	48.899007160630724	8763.963412903082	1192.9290786649067	0.0	401.0123741439049	48.899007160630724
167	51.784394318705765	8815.747807221782	1197.3389811102943	0.0	403.12138452198855	51.784394318705765
168	53.052741714626855	8868.800548936413	1206.3011902782457	0.0	407.90749449437635	53.052741714626855
169	50.6114950770615	8919.412044013476	1212.994490552906	0.0	407.56384563334854	50.6114950770615
170	53.56008119424304	8972.972125207722	1222.0690761309809	0.0	413.4279619047375	53.56008119424304
171	56.010868467460234	9028.982993675181	1231.0382095544346	0.0	409.86956085723375	56.010868467460234
172	50.64776033477298	9079.630754009953	1235.7952257632567	0.0	411.90438696791836	50.64776033477298
173	51.62350412709111	9131.254258137042	1242.5762861224193	0.0	416.1405007344109	51.62350412709111
174	50.53469418235848	9181.788952319403	1249.4848777807974	0.0	414.7307423757665	50.53469418235848
175	53.05629379519963	9234.8452461146	1256.4240616845805	0.0	418.34876717478085	53.05629379519963
176	49.89084061592568	9284.736086730527	1262.2035729227202	0.0	420.8930174421833	49.89084061592568
177	50.557257633706584	9335.293344364234	1267.1328070430004	0.0	424.94848639835584	50.557257633706584
178	52.393966516670915	9387.687310880907	1274.3958365677545	0.0	423.32409865544287	52.393966516670915
179	52.00611325576284	9439.693424136665	1280.41272948154	0.0	426.8842480202179	52.00611325576284
180	51.64566936612317	9491.339093502791	1285.956248524856	0.0	430.3018792261238	51.64566936612317
181	52.8242244356219	9544.163317938413	1293.4174894485998	0.0	432.8113687549516	52.8242244356219
182	51.62212999786954	9595.785447936283	1299.3164793717967	0.0	436.8539779147485	51.62212999786954
183	52.27994795763551	9648.06539589392	1305.0863496173158	0.0	435.0615759682844	52.27994795763551
184	52.66131186633389	9700.726707760252	1310.7120230362875	0.0	436.8078794817168	52.66131186633389
185	50.95041462999689	9751.677122390249	1316.587855179764	0.0	439.59228915948074	50.95041462999689
186	52.778668652635304	9804.455791042888	1325.0758312853004	0.0	438.71764985740236	52.778668652635304
187	51.84609931094662	9856.30189035383	1330.31866749019	0.0	440.0919606376522	51.84609931094662
188	51.85981281386141	9908.161703167696	1336.9388859070068	0.0	445.2156936536731	51.85981281386141
189	50.70557894155607	9958.867282109246	1340.6744388398847	0.0	449.0684083750965	50.70557894155607
190	52.20332247529266	10011.070604584542	1346.7934032805213	0.0	455.22219335917765	52.20332247529266
191	48.82200363733689	10059.892608221879	1352.4701510091782	0.0	458.5974339878373	48.82200363733689
192	49.88838480315991	10109.78099302504	1356.2360347622152	0.0	459.0266969750995	49.88838480315991
193	50.682164860611486	10160.463157885652	1363.0954996802236	0.0	463.5152117733591	50.682164860611486
194	50.654698078119466	10211.11785596377	1368.081756656235	0.0	468.36544860490153	50.654698078119466
195	48.551248211956775	10259.669104175724	1370.4928343780175	0.0	469.2134813393014	48.551248211956775
196	53.47852485406166	10313.147629029783	1379.757669632719	0.0	473.7923849852273	53.47852485406166
197	50.39315620029256	10363.540785230078	1384.0225953662707	0.0	478.444178404747	50.39315620029256
198	58.58877326253566	10422.129558492616	1396.6669413097584	0.0	480.1507095850129	58.58877326253566
199	50.779851565870175	10472.909410058484	1403.449553873571	0.0	482.6678279435523	50.779851565870175
200	51.598015935704055	10524.507425994188	1410.8628779884925	0.0	488.8565557602163	51.598015935704055
201	50.89899511492584	10575.406421109112	1416.4248776506752	0.0	489.6271682340597	50.89899511492584
202	52.07628865719335	10627.48270976631	1424.0295304124963	0.0	489.5626715615104	52.07628865719335
203	53.95892791888802	10681.441637685195	1432.6158562768737	0.0	491.5045551978133	53.95892791888802
204	50.619869295484186	10732.06150698068	1438.6625178435133	0.0	494.3367811128837	50.619869295484186
205	50.75052273795136	10782.81202971863	1442.006700845304	0.0	496.329858243771	50.75052273795136
206	51.436052146194505	10834.248081864824	1446.51319453845	0.0	498.74748975742676	51.436052146194505
207	52.24494845553672	10886.49303032036	1453.6489528563557	0.0	500.831580999258	52.24494845553672
208	52.08281235305396	10938.575842673414	1457.5242798507745	0.0	499.3451143467133	52.08281235305396
209	48.71914880838047	10987.294991481795	1460.312288104618	0.0	498.566402098309	48.71914880838047
210	54.85740907532795	11042.152400557125	1470.0168897416138	0.0	494.826908167246	54.85740907532795
211	51.46864725389357	11093.621047811024	1476.589191704626	0.0	495.95115488884994	51.46864725389357
212	51.3377178323316	11144.95876564335	1483.038789985628	0.0	495.69075619255966	51.3377178323316
213	51.06915015569352	11196.027915799043	1490.2710857135253	0.0	498.46411967214897	51.06915015569352
214	52.27392898979886	11248.30184478885	1495.9283796752136	0.0	501.7924270452145	52.27392898979886
215	51.32822938121542	11299.630074170052	1502.0488563384802	0.0	505.7991009319115	51.32822938121542
216	46.76026855458129	11346.39034272464	1503.926865834172	0.0	507.05611509776355	46.76026855458129
217	48.62158718074005	11395.011929905382	1505.692880008724	0.0	509.2330868790328	48.62158718074005
218	49.616635353219365	11444.628565258603	1510.478360744656	0.0	509.90819179413916	49.616635353219365
219	51.97745224770401	11496.606017506301	1519.4297982251148	0.0	511.0943262049295	51.97745224770401
220	46.810791101110205	11543.416808607413	1519.6327907520324	0.0	514.0061831109279	46.810791101110205
221	55.76845374573496	11599.18526235315	1529.6921961723353	0.0	520.068425069003	55.76845374573496
222	52.690576875078	11651.875839228225	1535.4284310805297	0.0	518.842170367402	52.690576875078
223	50.4414111524934	11702.317250380718	1539.4276017659233	0.0	522.671822101743	50.4414111524934
224	53.387012249562424	11755.704262630285	1549.1342624913168	0.0	524.0489939850903	53.387012249562424
225	54.21513506139202	11809.919397691678	1558.1251475534536	0.0	526.6486623131015	54.21513506139202
226	53.4345388476793	11863.353936539355	1566.6528837517753	0.0	531.1924302564463	53.4345388476793
227	49.85484492259948	11913.208781461948	1570.2428818751196	0.0	539.2412902734541	49.85484492259948
228	47.11783674481185	11960.326618206764	1571.9446479302712	0.0	538.9980945505787	47.11783674481185
229	50.841110119954735	12011.167728326718	1579.4867792140735	0.0	542.229554120745	50.841110119954735
230	48.38176803951882	12059.549496366244	1582.3502669882166	0.0	544.4628372946091	48.38176803951882
231	48.9586593717755	12108.508155738014	1585.7122629691708	0.0	547.2294655304061	48.9586593717755
232	56.165667434638245	12164.673823172656	1595.7699513755342	0.0	545.6355947540192	56.165667434638245
233	49.543719424032005	12214.21754259669	1598.4477525690431	0.0	548.9320216074956	49.543719424032005
234	49.17853838862983	12263.396080985318	1600.8399232216002	0.0	548.5522654567629	49.17853838862983
235	50.90866537841783	12314.304746363734	1606.1189406249673	0.0	554.8737164152787	50.90866537841783
236	50.76584338859739	12365.070589752328	1611.7063244438475	0.0	559.3958494348265	50.76584338859739
237	47.91928208370472	12412.989871836027	1613.3199489687468	0.0	564.5164986000816	47.91928208370472
238	52.08048852619966	12465.070360362233	1621.605514880987	0.0	566.6194103956028	52.08048852619966
239	53.17978355315679	12518.250143915391	1628.2744794988334	0.0	572.0440000628557	53.17978355315679
240	54.88720843724208	12573.13735235263	1639.0833633382842	0.0	569.6115315076195	54.88720843724208
241	52.78207039328923	12625.91942274592	1647.962593261984	0.0	568.6627986206906	52.78207039328923
242	48.25960423931107	12674.179026985235	1650.3480825309236	0.0	568.5278975838372	48.25960423931107
243	54.59478766656074	12728.773814651793	1658.2052751251206	0.0	567.1392330540588	54.59478766656074
244	52.32548630281853	12781.099300954613	1663.2533365008585	0.0	574.5111025303819	52.32548630281853
245	51.68390795119753	12832.783208905805	1666.847051002745	0.0	577.2652567908723	51.68390795119753
246	47.957803637589414	12880.741012543398	1669.4546437618378	0.0	580.994620481892	47.957803637589414
247	50.55391702154615	12931.294929564945	1674.3571432517335	0.0	583.8460298013865	50.55391702154615
248	53.83271757673428	12985.127647141682	1682.6584200621012	0.0	581.2265422487897	53.83271757673428
249	53.16163268024903	13038.289279821922	1689.9970291533286	0.0	588.6275383243354	53.16163268024903
250	52.53563799811759	13090.824917820042	1696.5909295930949	0.0	592.4883433750289	52.53563799811759
251	49.963982249018144	13140.788900069067	1698.1459536898951	0.0	594.3839914139678	49.963982249018144
252	54.72172599845842	13195.510626067518	1706.93309821519	0.0	594.0062453380797	54.72172599845842
253	52.756131443948235	13248.266757511468	1711.7557568167547	0.0	594.8084330537778	52.756131443948235
254	51.75939771382388	13300.02615522529	1715.975274027945	0.0	598.0792515084012	51.75939771382388
255	51.38925748486024	13351.415412710163	1722.8691770562225	0.0	599.8528755841421	51.38925748486024
256	50.304134821453935	13401.719547531604	1727.2844116329468	0.0	603.7174019715924	50.304134821453935
257	54.48263049486961	13456.202178026482	1738.3349747503921	0.0	603.2773134552901	54.48263049486961
258	48.24384831377913	13504.446026340258	1741.5258567541282	0.0	603.885732167498	48.24384831377913
259	49.086004506409225	13553.532030846667	1747.4013485190362	0.0	605.7191640482646	49.086004506409225
260	51.78638497166534	13605.318415818334	1755.4360062196936	0.0	610.7122482240296	51.78638497166534
261	48.38870261923177	13653.707118437562	1758.3575603006009	0.0	612.3787370284542	48.38870261923177
262	48.4394094926849	13702.146527930245	1760.2850770561947	0.0	613.0432621863968	48.4394094926849
263	53.17935933175097	13755.325887262	1769.2241386273367	0.0	613.8121381317376	53.17935933175097
264	57.38553750191512	13812.711424763907	1781.2927500887488	0.0	611.6803072269774	57.38553750191512
265	50.522366496940265	13863.23379126085	1786.422064597398	0.0	612.706483184106	50.522366496940265
266	52.98514102802155	13916.218932288868	1792.6471477978444	0.0	612.8234048612466	52.98514102802155
267	51.26524121698563	13967.48417350586	1798.0571837293144	0.0	615.0575950170886	51.26524121698563
268	48.08299911247043	14015.567172618332	1803.1541172800642	0.0	613.4859779436966	48.08299911247043
269	49.35883098981993	14064.926003608156	1806.3260610535006	0.0	614.7457567237398	49.35883098981993
270	51.94943390116811	14116.875437509316	1814.6697066341894	0.0	622.8678608192346	51.94943390116811
271	50.282596419022845	14167.158033928343	1820.5842765282225	0.0	624.0304096673391	50.282596419022845
272	50.567788807926945	14217.725822736267	1822.6183341725762	0.0	627.179092171157	50.567788807926945
273	50.92825789123797	14268.654080627504	1826.7262068426658	0.0	624.693360416246	50.92825789123797
274	52.66847166255602	14321.322552290065	1833.29146889547	0.0	628.4683040939055	52.66847166255602
275	52.6614822770333	14373.984034567098	1840.9655440916988	0.0	627.3440780956441	52.6614822770333
276	50.62956603676116	14424.61360060386	1842.6849212531172	0.0	628.7459001338102	50.62956603676116
277	55.05000859503718	14479.663609198893	1851.7925131438587	0.0	624.4378472607505	55.05000859503718
278	50.81511954669344	14530.478728745591	1856.583660394123	0.0	625.54924262053	50.81511954669344
279	50.552698421229834	14581.031427166814	1861.873891398798	0.0	627.3727576869699	50.552698421229834
280	50.135714387203734	14631.16714155402	1868.4397966409995	0.0	626.825755007515	50.135714387203734
281	48.60437331597375	14679.771514869992	1871.7605957837857	0.0	628.2967094851917	48.60437331597375
282	50.411776213304044	14730.183291083302	1876.8190979338062	0.0	631.2997680063875	50.411776213304044
283	52.6455480345257	14782.82883911782	1884.0314624830103	0.0	633.4636081956132	52.6455480345257
284	50.41415903235469	14833.24299815018	1888.1057003966719	0.0	638.7419533778492	50.41415903235469
285	48.60226357653944	14881.84526172672	1888.9686455814353	0.0	637.731733328631	48.60226357653944
286	52.60313150441043	14934.448393231136	1893.7872910736362	0.0	639.0549277880074	52.60313150441043
287	49.85637283464273	14984.304766065767	1895.911214334455	0.0	639.4186123811231	49.85637283464273
288	50.74806490491369	15035.052830970682	1900.7404714885788	0.0	639.7416668751223	50.74806490491369
289	48.19245630108149	15083.245287271771	1901.8253242512417	0.0	639.6209937928833	48.19245630108149
290	53.76400918621314	15137.009296457982	1909.8460581359861	0.0	642.5036734180394	53.76400918621314
291	49.38025325227116	15186.389549710242	1913.4080612047494	0.0	643.8046695603045	49.38025325227116
292	48.799233276697585	15235.188782986957	1916.2141299180864	0.0	645.1661062646999	48.799233276697585
293	54.16181984761966	15289.350602834567	1923.8563090153052	0.0	654.4933285452539	54.16181984761966
294	50.23961351092433	15339.590216345496	1927.8809929253882	0.0	659.3771440367484	50.23961351092433
295	52.01368001162414	15391.60389635711	1937.4890672109145	0.0	661.2257143125491	52.01368001162414
296	48.587495193440894	15440.191391550563	1941.5550637673834	0.0	662.6060247900624	48.587495193440894
297	49.02557009074192	15489.2169616413	1945.236207883115	0.0	666.3404871006583	49.02557009074192
298	53.45127552802315	15542.668237169324	1952.5174422801456	0.0	668.6695734268355	53.45127552802315
299	51.7101614985394	15594.378398667854	1955.689577011083	0.0	671.4561369601679	51.7101614985394
300	50.83820020395066	15645.216598871813	1958.1119191420958	0.0	673.4221509832481	50.83820020395066
301	48.469028118079315	15693.685626989893	1960.8792567721105	0.0	673.9320810198013	48.469028118079315
302	50.757060854116716	15744.442687843999	1966.473852619901	0.0	676.3398693118679	50.757060854116716
303	53.73552158504501	15798.178209429056	1973.994766943856	0.0	679.1457286218033	53.73552158504501
304	50.271507173824375	15848.449716602874	1981.1755820910153	0.0	679.1012950731248	50.271507173824375
305	52.173387710125255	15900.623104313003	1984.1984596032357	0.0	684.1148361341307	52.173387710125255
306	48.1056591163178	15948.72876342932	1988.8488068770573	0.0	688.2740997797148	48.1056591163178
307	48.04788577843202	15996.776649207752	1990.0920348485317	0.0	688.510956424552	48.04788577843202
308	48.08709793779147	16044.86374714554	1994.004427543647	0.0	688.2883368532546	48.08709793779147
309	49.11733356980212	16093.981080715348	1997.462189987485	0.0	691.2689953475196	49.11733356980212
310	50.10860443673886	16144.089685152087	2001.928230608477	0.0	692.9445471251471	50.10860443673886
311	52.184915862817135	16196.274601014902	2012.455138392816	0.0	694.6386540382391	52.184915862817135
312	49.40388025789626	16245.678481272795	2015.3700295713209	0.0	695.2853174891633	49.40388025789626
313	50.172143795868514	16295.85062506867	2020.9685177402234	0.0	694.5028566094002	50.172143795868514
314	51.68472768315748	16347.535352751827	2029.2083018077	0.0	696.7662480243067	51.68472768315748
315	49.38839504965679	16396.92374780148	2034.046476543168	0.0	699.3596280685068	49.38839504965679
316	50.427043920827636	16447.350791722314	2040.196593256068	0.0	700.7459868627955	50.427043920827636
317	50.698721269136605	16498.049512991434	2045.1907747543485	0.0	701.2598363232464	50.698721269136605
318	51.40068664123642	16549.45019963269	2048.422649585227	0.0	703.6447113292948	51.40068664123642
319	50.83503096345884	16600.285230596146	2053.6370403236365	0.0	705.5380248643916	50.83503096345884
320	53.099197876051115	16653.384428472185	2060.3208351722305	0.0	706.4523092207735	53.099197876051115
321	53.49131899157682	16706.875747463768	2068.8350678902752	0.0	709.4212346139905	53.49131899157682
322	51.124102849090086	16757.99985031286	2074.8716523773332	0.0	710.823878852997	51.124102849090086
323	48.91093986808337	16806.910790180944	2078.8800765817773	0.0	711.066191540587	48.91093986808337
324	51.85543670132518	16858.766226882268	2086.6463540359227	0.0	716.1688671787178	51.85543670132518
325	49.64268171496461	16908.408908597234	2092.878619004982	0.0	719.0631265064742	49.64268171496461
326	52.04843675600292	16960.457345353243	2101.5621072438644	0.0	721.2637118139594	52.04843675600292
327	53.925869132052554	17014.383214485293	2109.3627832242905	0.0	717.207101456551	53.925869132052554
328	47.04350444339743	17061.426718928687	2111.665420184808	0.0	717.3930318584117	47.04350444339743
329	53.67796040070341	17115.104679329394	2120.633531316983	0.0	716.2870298122899	53.67796040070341
330	52.57388262807162	17167.678561957466	2127.0723235700702	0.0	718.40702244766	52.57388262807162
331	53.46910011494567	17221.147662072406	2133.5887414441318	0.0	716.4619202788587	53.46910011494567
332	51.51991339565126	17272.667575468065	2139.710548353545	0.0	718.7605036373077	51.51991339565126
333	50.97090571501736	17323.638481183087	2147.952741543703	0.0	717.4457341660382	50.97090571501736
334	48.58704602711162	17372.225527210187	2148.9439895791675	0.0	718.8175241625455	48.58704602711162
335	53.98506660185777	17426.210593812055	2157.367420839701	0.0	715.2430367563303	53.98506660185777
336	46.4336712044321	17472.64426501648	2160.394687491789	0.0	718.3443545690224	46.4336712044321
337	53.96725333936626	17526.611518355836	2168.6406621117403	0.0	721.926647243458	53.96725333936626
338	49.03998324103852	17575.651501596876	2171.0909279247307	0.0	724.6126021904331	49.03998324103852
339	48.736063067810456	17624.387564664685	2172.922785105806	0.0	724.2975739845695	48.736063067810456
340	52.656576102650554	17677.044140767342	2180.0553964569863	0.0	729.0461933464644	52.656576102650554
341	49.128888076356255	17726.17302884369	2185.778545423581	0.0	728.9931401966383	49.128888076356255
342	51.99558841752526	17778.16861726122	2190.770510566834	0.0	728.1123834811169	51.99558841752526
343	50.425057031493964	17828.593674292715	2195.211981806941	0.0	730.6458459871441	50.425057031493964
344	50.334154943876136	17878.927829236593	2198.629871056155	0.0	730.9322474080647	50.334154943876136
345	52.2837567628158	17931.211585999405	2203.549124767146	0.0	733.204029612886	52.2837567628158
346	52.78497488044379	17983.996560879852	2210.7256321592286	0.0	736.4818463616191	52.78497488044379
347	49.461442241152184	18033.458003121006	2216.382333675135	0.0	737.4568123789077	49.461442241152184
348	52.43351787514568	18085.891520996156	2222.6546646741353	0.0	736.954026191832	52.43351787514568
349	49.31048960298523	18135.202010599143	2227.4021929564356	0.0	738.6361705721307	49.31048960298523
350	49.752219120164206	18184.9542297193	2229.810561314262	0.0	741.1627984737896	49.752219120164206
351	48.8331092679775	18233.787338987277	2234.04849332958	0.0	741.2966826324548	48.8331092679775
352	52.87273390514429	18286.660072892424	2244.04990666025	0.0	741.1161517871959	52.87273390514429
353	55.5766639618093	18342.236736854233	2255.014731021243	0.0	737.3174865426378	55.5766639618093
354	50.55340348009541	18392.79014033433	2260.432605766293	0.0	737.6664324207953	50.55340348009541
355	51.307649137018586	18444.09778947135	2266.261467919998	0.0	738.7296943544599	51.307649137018586
356	52.71353871854812	18496.811328189888	2271.833105194296	0.0	739.2211067550447	52.71353871854812
357	51.860684648937465	18548.672012838837	2279.6786010839605	0.0	742.0529628119194	51.860684648937465
358	51.3695009724584	18600.041513811288	2283.652683256948	0.0	743.5886837143167	51.3695009724584
359	51.489989970930786	18651.531503782222	2289.9518900140674	0.0	745.064600866355	51.489989970930786
360	50.89148785205771	18702.422991634285	2297.4690799206955	0.0	744.8950067365629	50.89148785205771
361	46.83767861653613	18749.26067025081	2297.2745581830986	0.0	750.2312963190753	46.83767861653613
362	48.58732235657431	18797.84799260739	2300.369249004544	0.0	750.4486310606932	48.58732235657431
363	52.47209664623438	18850.320089253622	2308.0234604767074	0.0	752.6112053255727	52.47209664623438
364	49.10852172200064	18899.42861097562	2310.8883106328667	0.0	755.2074469835304	49.10852172200064
365	51.37683284976252	18950.80544382538	2318.849313571773	0.0	755.105340196658	51.37683284976252
366	49.81628954339126	19000.62173336878	2323.4644600930656	0.0	753.8070334709064	49.81628954339126
367	52.48418495173326	19053.1059183205	2330.6475389868924	0.0	754.4189831699922	52.48418495173326
368	48.836971850672825	19101.942890171187	2334.0594701462337	0.0	757.4575450623289	48.836971850672825
369	49.58995817825814	19151.532848349438	2337.84523282083	0.0	758.4448293570781	49.58995817825814
370	50.724333699311266	19202.257182048757	2345.5471767179233	0.0	763.1803637662516	50.724333699311266
371	54.236580653746806	19256.4937627025	2355.353994308962	0.0	766.2066959567999	54.236580653746806
372	52.9262840008648	19309.420046703362	2360.65657066427	0.0	771.2966285928744	52.9262840008648
373	51.546344772806876	19360.966391476177	2365.9650929100676	0.0	771.4242621633211	51.546344772806876
374	53.472572694517545	19414.438964170684	2374.051227344293	0.0	770.2438893393827	53.472572694517545
375	55.129778200450325	19469.568742371128	2382.8531827868283	0.0	773.6900583065292	55.129778200450325
376	50.87543985064799	19520.444182221774	2388.27278920252	0.0	772.7070093117533	50.87543985064799
377	54.46385464390061	19574.90803686569	2398.1923089108473	0.0	773.4602474339001	54.46385464390061
378	50.438789121211705	19625.3468259869	2405.2605014451924	0.0	776.3858501589025	50.438789121211705
379	52.32106334159532	19677.667889328495	2414.3343208971655	0.0	778.1255972337145	52.32106334159532
380	54.51132180871487	19732.179211137212	2422.0497806635376	0.0	773.5586809966024	54.51132180871487
381	54.33008469584529	19786.50929583305	2428.813521640485	0.0	772.5192268880396	54.33008469584529
382	51.14520755335292	19837.65450338641	2432.416660181001	0.0	771.9798738008985	51.14520755335292
383	50.61487236986747	19888.26937575627	2439.0320040717033	0.0	774.7700255918159	50.61487236986747
384	49.40921188967408	19937.678587645943	2444.6997719907185	0.0	774.739880860304	49.40921188967408
385	52.138830901262224	19989.8174185472	2453.0992688100364	0.0	778.5183587847227	52.138830901262224
386	51.78967107941699	20041.607089626632	2461.6323594385917	0.0	784.0288505305995	51.78967107941699
387	51.0652020505016	20092.672291677132	2467.326012870064	0.0	783.7206053578903	51.0652020505016
388	50.5665055882465	20143.23879726538	2469.9759171035976	0.0	786.2951380719377	50.5665055882465
389	47.66623333558439	20190.90503060096	2472.7655186507686	0.0	784.8676253362802	47.66623333558439
390	51.87165535572851	20242.77668595669	2476.216103588705	0.0	786.9083210257346	51.87165535572851
391	51.2463192445168	20294.02300520121	2480.9460569304742	0.0	787.4863047712915	51.2463192445168
392	52.28569501304167	20346.308700214246	2488.832555509652	0.0	790.2939467661071	52.28569501304167
393	52.397891751537244	20398.706591965783	2496.142773995558	0.0	790.1783034506709	52.397891751537244
394	49.67786980808432	20448.384461773872	2498.8570852115577	0.0	788.044587476272	49.67786980808432
395	51.149292228480725	20499.533754002347	2503.237540215615	0.0	791.6941099452797	51.149292228480725
396	51.308614794233854	20550.842368796584	2510.774576603659	0.0	791.4147414596398	51.308614794233854
397	49.75494249791855	20600.597311294503	2516.206287914415	0.0	793.138878251839	49.75494249791855
398	50.72270029915883	20651.320011593652	2523.0929141344955	0.0	793.645845707904	50.72270029915883
399	49.636616091790735	20700.956627685457	2524.547769891951	0.0	795.764504161236	49.636616091790735
400	49.92248339108577	20750.879111076538	2529.4343820654058	0.0	798.9994298402393	49.92248339108577
401	51.05050590945839	20801.929616986003	2533.2993438568083	0.0	798.8478841247103	51.05050590945839
402	51.75510048178759	20853.684717467775	2540.2296879390087	0.0	795.5655149234951	51.75510048178759
403	47.59499623298272	20901.27971370076	2542.9372966431106	0.0	796.1298140664784	47.59499623298272
404	53.66661341169164	20954.946327112466	2550.95828123115	0.0	799.5763837392526	53.66661341169164
405	49.928758244446115	21004.8750853569	2557.2008990165614	0.0	800.8425309136824	49.928758244446115
406	54.59283220840121	21059.46791756531	2564.1124416783173	0.0	803.845958841725	54.59283220840121
407	49.33126132291425	21108.79917888821	2565.585599339528	0.0	806.6802197026799	49.33126132291425
408	52.037887078784934	21160.837065966996	2572.4152527305555	0.0	808.3305178468902	52.037887078784934
409	48.75839818609964	21209.5954641531	2575.973278522959	0.0	808.5258855198363	48.75839818609964
410	52.847702790084305	21262.443166943187	2585.229800003763	0.0	807.630847109616	52.847702790084305
411	51.19879465642715	21313.641961599606	2592.7998819172662	0.0	811.290495108035	51.19879465642715
412	50.688531244762636	21364.330492844383	2597.928505485088	0.0	817.4193364092139	50.688531244762636
413	52.157530451362746	21416.488023295744	2604.532198305789	0.0	814.92035383364	52.157530451362746
414	52.66262363704788	21469.150646932787	2610.979055788176	0.0	820.0394530646994	52.66262363704788
415	54.24271182949064	21523.393358762274	2621.154281464494	0.0	816.8893888272563	54.24271182949064
416	50.31129405213031	21573.704652814406	2625.8242966472862	0.0	816.7327489028924	50.31129405213031
417	49.50881404642522	21623.21346686083	2629.7749620302156	0.0	820.2382515414328	49.50881404642522
418	47.465633925549774	21670.679100786383	2632.7189769083507	0.0	821.5291836181615	47.465633925549774
419	49.05231972683045	21719.73142051321	2634.0866903958813	0.0	822.3320458619625	49.05231972683045
420	52.30421342727355	21772.035633940493	2641.8627328689226	0.0	820.5418445663511	52.30421342727355
421	51.77081149703427	21823.806445437527	2649.3827200352407	0.0	821.5707442627483	51.77081149703427
422	55.49488065182918	21879.30132608936	2661.2514801185725	0.0	824.9305062287784	55.49488065182918
423	56.180231888409224	21935.481557977768	2671.5288520981053	0.0	826.2009831603834	56.180231888409224
424	50.93346454878707	21986.415022526548	2679.359415706318	0.0	829.3304820858207	50.93346454878707
425	50.45929000956794	22036.874312536107	2683.0364520386447	0.0	836.6494803542639	50.45929000956794
426	50.864869906209336	22087.739182442325	2689.2191831714676	0.0	840.4387098118622	50.864869906209336
427	46.17864505207663	22133.917827494395	2689.4772982341256	0.0	841.7554306122188	46.17864505207663
428	53.133664114085775	22187.051491608494	2698.6412806211633	0.0	843.1258777633387	53.133664114085775
429	51.60874987347497	22238.66024148195	2704.725763788364	0.0	846.7862175217001	51.60874987347497
430	52.24400121899241	22290.904242700948	2710.8313717531455	0.0	848.2561281320351	52.24400121899241
431	54.85080906179918	22345.755051762746	2722.4514088274377	0.0	853.1008629910209	54.85080906179918
432	54.26073871696374	22400.01579047971	2732.9785787191145	0.0	857.6348353714509	54.26073871696374
433	54.767775363890635	22454.783565843598	2742.263981111	0.0	857.9257338520133	54.767775363890635
434	55.903845265231105	22510.687411108836	2751.703687730433	0.0	860.1880484088659	55.903845265231105
435	47.92262801421708	22558.61003912304	2753.396603333666	0.0	860.1761065755686	47.92262801421708
436	54.72452172143139	22613.33456084447	2761.516488411082	0.0	864.6784116284495	54.72452172143139
437	50.311890736531105	22663.64645158102	2765.2864201331367	0.0	871.1477304490832	50.311890736531105
438	46.669209994544005	22710.31566157556	2765.067038118991	0.0	871.2354398591908	46.669209994544005
439	52.20243125438901	22762.51809282995	2774.304195374511	0.0	870.6196857352069	52.20243125438901
440	54.3963812076691	22816.914474037625	2786.2236312688065	0.0	869.5566345128642	54.3963812076691
441	48.39669731418669	22865.311171351812	2789.527109581162	0.0	874.7959735051144	48.39669731418669
442	53.07350339350644	22918.38467474531	2799.004090017089	0.0	878.1547300022941	53.07350339350644
443	51.07401096040392	22969.458685705726	2803.5635643327596	0.0	876.6397095847368	51.07401096040392
444	51.47427510060924	23020.932960806327	2807.9701989460323	0.0	878.2732949999569	51.47427510060924
445	51.078540695505325	23072.01150150183	2812.3510481516064	0.0	880.5462670373606	51.078540695505325
446	49.14640949284682	23121.157910994676	2815.5750532690636	0.0	881.5287420444491	49.14640949284682
447	50.38999238953349	23171.54790338422	2820.981342203719	0.0	887.3844656570685	50.38999238953349
448	50.21210953079338	23221.760012915005	2824.503254816035	0.0	890.8700399581536	50.21210953079338
449	50.755438752391996	23272.5154516674	2826.372633974847	0.0	894.873036083584	50.755438752391996
450	48.45077430687351	23320.966225974273	2830.1023150338397	0.0	899.7297512867183	48.45077430687351
451	53.05051918394991	23374.016745158217	2838.906346465273	0.0	897.9329732162583	53.05051918394991
452	47.83759348000406	23421.854338638208	2842.535506818377	0.0	898.9610314461597	47.83759348000406
453	49.67811667817558	23471.532455316395	2847.677263369753	0.0	898.6587784455767	49.67811667817558
454	49.89175930335413	23521.42421461976	2853.1346767102305	0.0	901.5715609864731	49.89175930335413
455	51.68213063759179	23573.10634525734	2860.4220878355222	0.0	901.9259646360233	51.68213063759179
456	50.65462719062273	23623.76097244796	2866.4219092805183	0.0	904.4881268086427	50.65462719062273
457	53.1883455159857	23676.949317963947	2872.529824432528	0.0	906.7440349954021	53.1883455159857
458	53.315285027354136	23730.264602991316	2880.779398116471	0.0	909.4693779115515	53.315285027354136
459	54.13144294901961	23784.396045940313	2887.0897801172705	0.0	911.6417622941409	54.13144294901961
460	51.708823182032226	23836.10486912237	2892.6213344778307	0.0	917.4380227005691	51.708823182032226
461	51.34518121091411	23887.450050333282	2899.846116681562	0.0	921.8891644137519	51.34518121091411
462	52.96378847831258	23940.41383881158	2904.5203804110142	0.0	918.6461671241399	52.96378847831258
463	49.628863040970685	23990.042701852544	2909.9689439030603	0.0	923.8705531515012	49.628863040970685
464	52.18140990288865	24042.224111755444	2917.3923293505686	0.0	926.4982095757581	52.18140990288865
465	48.950670052931855	24091.174781808382	2921.913399289024	0.0	929.2749018011834	48.950670052931855
466	54.3363375017701	24145.511119310147	2929.842171922868	0.0	925.2931293713528	54.3363375017701
467	52.355666695551456	24197.866786005703	2938.453133418799	0.0	924.8162678401683	52.355666695551456
468	53.54155921202388	24251.408345217736	2944.9283456336866	0.0	927.7970376531869	53.54155921202388
469	55.57783413561844	24306.986179353342	2956.4653912322356	0.0	927.7288613260289	55.57783413561844
470	56.57272936620122	24363.558908719537	2969.802630761165	0.0	936.7750118736457	56.57272936620122
471	53.18770097054352	24416.746609690097	2978.433162017318	0.0	933.0529202201757	53.18770097054352
472	47.104346622816145	24463.850956312894	2983.3383275056376	0.0	933.2014305184334	47.104346622816145
473	46.77589195625355	24510.626848269156	2984.179791403945	0.0	932.2221813719835	46.77589195625355
474	52.05323475449782	24562.68008302365	2989.8075738446337	0.0	931.3754419671226	52.05323475449782
475	48.892806424256385	24611.572889447925	2996.2689725747605	0.0	931.827942587555	48.892806424256385
476	53.62439028538984	24665.197279733307	3004.1990371397837	0.0	935.3469323242531	53.62439028538984
477	52.57628296199982	24717.773562695293	3011.2565122218384	0.0	937.8859289725275	52.57628296199982
478	52.56041304691245	24770.33397574221	3017.7790020321763	0.0	937.5036550186574	52.56041304691245
479	49.67960876415625	24820.013584506367	3026.887590542829	0.0	937.4984463390571	49.67960876415625
480	48.5680450851052	24868.581629591463	3027.125986992518	0.0	939.1044936823146	48.5680450851052
481	51.184820880317304	24919.766450471783	3030.35818581047	0.0	943.6405083121083	51.184820880317304
482	51.458247715821386	24971.224698187616	3038.3817314862945	0.0	946.0142661669429	51.458247715821386
483	48.52690639756335	25019.751604585173	3042.145582495256	0.0	945.5263594240575	48.52690639756335
484	46.209209350370074	25065.96081393556	3042.926448337566	0.0	947.0252846618519	46.209209350370074
485	53.66706817464303	25119.62788211019	3052.039729598833	0.0	949.2448020374234	53.66706817464303
486	53.8769349501562	25173.504817060348	3060.7395043140427	0.0	951.1135097470516	53.8769349501562
487	49.520562337484044	25223.02537939784	3064.7981209718296	0.0	950.1053469103595	49.520562337484044
488	53.98539549747576	25277.010774895294	3071.300441405556	0.0	951.0978057047763	53.98539549747576
489	52.9989805709713	25330.00975546628	3078.7305586354287	0.0	954.8297030440223	52.9989805709713
490	50.74396783222843	25380.753723298494	3082.982221553224	0.0	955.4497837925553	50.74396783222843
491	50.78361423895156	25431.53733753746	3085.959049783406	0.0	958.5481856647831	50.78361423895156
492	52.34083708225164	25483.87817461972	3093.4652828868916	0.0	954.2695509310511	52.34083708225164
493	53.81597594859977	25537.694150568306	3099.40724854187	0.0	957.3873934217979	53.81597594859977
494	48.73730572832415	25586.431456296636	3101.518142265112	0.0	960.0780212168315	48.73730572832415
495	52.187824674062966	25638.619280970684	3108.754558946048	0.0	962.0908373963425	52.187824674062966
496	51.313783004168755	25689.93306397486	3114.7541097332405	0.0	963.8561613918478	51.313783004168755
497	51.35431358765405	25741.28737756251	3121.5514173885504	0.0	967.9053158171678	51.35431358765405
498	52.38829388941541	25793.675671451925	3130.706168125199	0.0	967.5412814762916	52.38829388941541
499	53.066925991004965	25846.742597442924	3138.466166414784	0.0	968.175992375288	53.066925991004965
500	48.49673616714265	25895.239333610087	3142.4463450475746	0.0	971.6990174004234	48.49673616714265
501	57.59609621658742	25952.83542982667	3154.1167105422037	0.0	965.4342972126593	57.59609621658742
502	50.3948108124617	26003.230240639135	3158.7052180625715	0.0	965.6134906513157	50.3948108124617
503	47.163470863978176	26050.39371150311	3161.551636207174	0.0	965.6846140533404	47.163470863978176
504	52.227075527221	26102.620787030315	3167.571091885625	0.0	969.7266701675849	52.227075527221
505	49.02642509995681	26151.647212130287	3174.113089096356	0.0	972.9460841563764	49.02642509995681
506	52.521238047032845	26204.16845017732	3174.113089096356	0.0	975.2279644484976	52.521238047032845
