task	reward	total_reward	total_regret	relative	total_reward_dev	joules
0	75.75819563799882	75.75819563799882	37.84647973172458	0.0	19.686067444771368	75.75819563799882
1	72.58989315475897	148.34808879275784	72.29881733202397	0.0	26.80570663242443	72.58989315475897
2	76.1277194314926	224.47580822425027	111.3940608869816	0.0	34.5914830215171	76.1277194314926
3	73.99947642431047	298.4752846485608	145.61054575151624	0.0	37.03831694752087	73.99947642431047
4	76.87892694550864	375.3542115940695	184.75292362562442	0.0	40.26790040485593	76.87892694550864
5	75.31974037109877	450.67395196516816	222.73411350703284	0.0	44.84385192670097	75.31974037109877
6	78.20711544285169	528.8810674080198	263.36578626389854	0.0	55.505810790978025	78.20711544285169
7	78.18220091855216	607.0632683265719	303.02952742198147	0.0	62.24756272703515	78.18220091855216
8	75.75445125092894	682.8177195775008	339.85251660967776	0.0	65.70241723371663	75.75445125092894
9	76.9342806734348	759.7520002509357	377.5059311147036	0.0	69.45121286145948	76.9342806734348
10	77.13182400898071	836.8838242599165	417.80050183874823	0.0	75.40818496400185	77.13182400898071
11	72.4261226023113	909.3099468622275	452.36055212666975	0.0	74.32188863318068	72.4261226023113
12	79.41276365683125	988.7227105190586	493.5112422358176	0.0	78.76618385276251	79.41276365683125
13	72.06325566634165	1060.7859661854006	527.9234236858588	0.0	80.27294586459196	72.06325566634165
14	77.04786570328605	1137.8338318886863	566.753998436222	0.0	85.331685360967	77.04786570328605
15	77.63070910874976	1215.4645409974362	607.626669179643	0.0	89.54411673960999	77.63070910874976
16	78.89076469825345	1294.35530569569	647.7699065594288	0.0	101.12720062937842	78.89076469825345
17	77.22456211839207	1371.5798678140816	687.5830556988324	0.0	106.6245650204066	77.22456211839207
18	76.72158655463053	1448.3014543687125	728.1890510222752	0.0	106.1107032852038	76.72158655463053
19	73.09484553192186	1521.3962999006335	764.3270316612328	0.0	106.68680496011129	73.09484553192186
20	58.43642888412267	1579.8327287847562	783.9808870299335	0.0	115.27498278573836	58.43642888412267
21	57.0802346756359	1636.9129634603928	802.9907243959037	0.0	120.80480609489369	57.0802346756359
22	53.17233546832881	1690.0852989287212	818.2643223805275	0.0	124.98776030776928	53.17233546832881
23	52.87642296101513	1742.9617218897363	833.5117111602017	0.0	128.3432768126866	52.87642296101513
24	57.41254107353111	1800.374262963267	853.6788851133239	0.0	129.78769536017603	57.41254107353111
25	52.802815625784746	1853.1770785890528	867.6450465133677	0.0	132.54657588325273	52.802815625784746
26	54.28650227391375	1907.4635808629664	884.3714619448167	0.0	135.78339376631587	54.28650227391375
27	52.30219607501219	1959.7657769379791	898.3670546859274	0.0	141.18939579271853	52.30219607501219
28	53.9105350278964	2013.6763119658763	915.2108667082135	0.0	147.6428922318739	53.9105350278964
29	53.28574596664731	2066.962057932522	930.8493021407718	0.0	145.83566323592643	53.28574596664731
30	65.08644531489577	2132.0485032474166	957.6729823481468	0.0	150.13726816568203	65.08644531489577
31	66.09664697203058	2198.1451502194486	987.2083525849766	0.0	149.4649435356505	66.09664697203058
32	64.87137199424126	2263.0165222136893	1012.3311720452516	0.0	151.31583698837483	64.87137199424126
33	63.62821767854759	2326.6447398922373	1038.3219642868828	0.0	157.67061871119998	63.62821767854759
34	61.23007119770574	2387.8748110899423	1060.7896186014832	0.0	161.95967317476266	61.23007119770574
35	67.00610232856428	2454.880913418507	1088.7718454171938	0.0	160.1436809723843	67.00610232856428
36	63.03322554543793	2517.9141389639453	1116.449100024579	0.0	163.92119474225564	63.03322554543793
37	65.9382086988664	2583.852347662812	1145.0726311780513	0.0	163.4063655730051	65.9382086988664
38	66.83579847934277	2650.6881461421544	1172.3124110253652	0.0	164.42710439504896	66.83579847934277
39	65.2419084429213	2715.930054585075	1199.170815664699	0.0	167.77888014281558	65.2419084429213
40	66.40463059893492	2782.33468518401	1228.5311061796208	0.0	163.87205313588458	66.40463059893492
41	62.6130285417777	2844.947713725788	1252.1754709507875	0.0	163.93634611609573	62.6130285417777
42	63.32713223122178	2908.2748459570093	1275.7184323702822	0.0	169.05654997503873	63.32713223122178
43	66.02921678522281	2974.30406274223	1305.4246423398035	0.0	170.60919215362935	66.02921678522281
44	61.555206099331315	3035.859268841564	1330.310603808869	0.0	170.36562286182885	61.555206099331315
45	71.20479667517723	3107.0640655167413	1364.402735461347	0.0	173.7454456227262	71.20479667517723
46	62.753990058819284	3169.818055575561	1389.3436428932607	0.0	178.1075073495974	62.753990058819284
47	62.456395041989545	3232.2744506175495	1414.4329546210627	0.0	178.19599371125184	62.456395041989545
48	57.589648131943434	3289.8640987494928	1434.1587978196615	0.0	178.14972914328715	57.589648131943434
49	64.12505560177115	3353.9891543512645	1460.4106197185135	0.0	177.37635377263322	64.12505560177115
50	55.71862593271033	3409.707780283974	1478.1177003741893	0.0	182.11819483843817	55.71862593271033
51	51.909639280884484	3461.6174195648596	1491.087800709324	0.0	182.45803460213952	51.909639280884484
52	49.39531720857907	3511.01273677344	1502.013558992279	0.0	185.33328235236033	49.39531720857907
53	51.596109713343694	3562.608846486781	1516.4666078475948	0.0	190.60020637780974	51.596109713343694
54	49.3134914316262	3611.9223379184077	1528.935219515672	0.0	194.80478302058816	49.3134914316262
55	56.48984203997039	3668.412179958378	1547.2602270227205	0.0	201.86670903433313	56.48984203997039
56	53.941884143678514	3722.354064102058	1562.3403719433961	0.0	204.53071030655806	53.941884143678514
57	53.19769248321973	3775.5517565852765	1578.325072947695	0.0	206.42389177601265	53.19769248321973
58	52.11899843934047	3827.6707550246165	1592.2153126583496	0.0	207.14977329089564	52.11899843934047
59	48.24634892149798	3875.917103946115	1603.8292517051666	0.0	211.03049813417545	48.24634892149798
60	57.2634991729669	3933.1806031190827	1623.0094143736092	0.0	210.8127928334017	57.2634991729669
61	57.55188505088199	3990.732488169964	1643.5810207073307	0.0	211.89544316664558	57.55188505088199
62	61.56363016935886	4052.296118339324	1667.0768911791506	0.0	219.60106166080087	61.56363016935886
63	59.00830317947064	4111.304421518795	1689.0526090909684	0.0	221.551050688413	59.00830317947064
64	57.770247005070594	4169.074668523865	1711.5358679592007	0.0	226.2914544071187	57.770247005070594
65	61.51246520183605	4230.5871337257	1737.0578537836045	0.0	229.26767494463994	61.51246520183605
66	60.019666321447005	4290.606800047145	1758.7342113214543	0.0	231.93050577107076	60.019666321447005
67	54.44304166448583	4345.049841711635	1776.254198145162	0.0	229.05022151998804	54.44304166448583
68	61.46564646062155	4406.515488172256	1801.5760536975288	0.0	227.8134450166414	61.46564646062155
69	60.46280035534271	4466.978288527599	1825.107420017772	0.0	230.83021960082195	60.46280035534271
70	61.284477669990295	4528.262766197588	1848.5358336502427	0.0	235.84145325968248	61.284477669990295
71	60.33579681977832	4588.598563017365	1870.458800101906	0.0	239.20663697500112	60.33579681977832
72	56.607784948106655	4645.206347965474	1888.762539876628	0.0	242.00937309070423	56.607784948106655
73	58.078892862568374	4703.285240828041	1909.1227019367589	0.0	243.33342254444864	58.078892862568374
74	54.46580353155449	4757.751044359596	1925.4946150406095	0.0	241.288565029201	54.46580353155449
75	59.396441209884834	4817.147485569478	1945.5987908820853	0.0	250.27543468103232	59.396441209884834
76	53.37879436002995	4870.526279929511	1960.2579349009843	0.0	255.94612244576527	53.37879436002995
77	55.641389779311694	4926.1676697088205	1977.7783629727076	0.0	259.17260512042253	55.641389779311694
78	57.76359727110723	4983.931266979929	1997.6198781580467	0.0	262.01717097079415	57.76359727110723
79	55.77570300717689	5039.706969987104	2016.8479993055805	0.0	262.5825430346158	55.77570300717689
80	48.344508288409386	5088.0514782755145	2026.7022240520912	0.0	264.89034450917694	48.344508288409386
81	55.162150748801736	5143.213629024316	2044.2855956214958	0.0	266.5483116551341	55.162150748801736
82	45.20853649598719	5188.4221655203055	2052.2965791489587	0.0	268.31105628885086	45.20853649598719
83	48.4311462655968	5236.853311785902	2062.5225928111763	0.0	267.3851840609417	48.4311462655968
84	45.350662221853874	5282.2039740077535	2070.4242751282723	0.0	266.8821763832819	45.350662221853874
85	50.62403456278629	5332.828008570542	2084.255400541346	0.0	264.6911678203508	50.62403456278629
86	44.50309918059057	5377.331107751131	2090.471919302188	0.0	264.5383094465114	44.50309918059057
87	49.7411373894215	5427.072245140553	2100.4518725265284	0.0	268.0618622134244	49.7411373894215
88	50.0176546820126	5477.0898998225675	2112.3318899027927	0.0	266.6004242912607	50.0176546820126
89	43.47354359984798	5520.563443422413	2118.198118923375	0.0	272.2335476030804	43.47354359984798
90	54.49900085561165	5575.062444278028	2133.918561811613	0.0	271.7391513173896	54.49900085561165
91	59.19508327956754	5634.257527557594	2156.0752442169196	0.0	282.9102840661281	59.19508327956754
92	59.25324713801584	5693.51077469561	2175.10365705592	0.0	281.47591240001276	59.25324713801584
93	58.518087402655674	5752.028862098268	2195.2684864556522	0.0	275.78473819771517	58.518087402655674
94	54.78396107675455	5806.812823175021	2212.297121458703	0.0	274.6151991207733	54.78396107675455
95	56.37709950579438	5863.189922680814	2231.640275237737	0.0	273.8654977695383	56.37709950579438
96	56.99584511516944	5920.185767795985	2251.88738227684	0.0	277.8791974677362	56.99584511516944
97	54.055514283270476	5974.241282079256	2268.7366158816412	0.0	278.3106058971635	54.055514283270476
98	52.879779369950285	6027.121061449206	2281.507440341511	0.0	278.9150681574091	52.879779369950285
99	48.75521943441517	6075.876280883617	2291.328011971341	0.0	275.2883406001739	48.75521943441517
100	51.98308260998206	6127.8593634936005	2304.4441003297693	0.0	271.86304078519544	51.98308260998206
101	50.12070017335821	6177.980063666961	2316.584516528641	0.0	277.69049145160983	50.12070017335821
102	53.99864796527362	6231.978711632235	2332.6201259207387	0.0	281.93676858109893	53.99864796527362
103	50.50810116506814	6282.486812797304	2344.1801596495266	0.0	285.73432993030457	50.50810116506814
104	57.80492847037037	6340.291741267671	2364.0188329567563	0.0	288.5116270287194	57.80492847037037
105	51.020114345574356	6391.311855613247	2377.287863147038	0.0	294.56313841864966	51.020114345574356
106	59.088929263785914	6450.400784877033	2399.1556214896264	0.0	294.62253207413363	59.088929263785914
107	57.20061221499728	6507.60139709203	2417.7750210190197	0.0	300.3501857177865	57.20061221499728
108	54.43492841751661	6562.036325509547	2435.0020340921055	0.0	298.9430013881691	54.43492841751661
109	52.71675307980214	6614.753078589348	2450.5167232752715	0.0	303.8691799096858	52.71675307980214
110	50.48140272663294	6665.234481315982	2463.2203409172325	0.0	307.0200591984106	50.48140272663294
111	45.49620142972332	6710.730682745709	2472.230835062972	0.0	306.5233824209203	45.49620142972332
112	44.902260874506794	6755.632943620219	2478.670601965517	0.0	307.35613442338934	44.902260874506794
113	45.697523141402506	6801.3304667616185	2485.2410548492526	0.0	308.7662305883806	45.697523141402506
114	45.99390748409626	6847.324374245705	2494.364030631808	0.0	312.2977336697796	45.99390748409626
115	45.5195570604325	6892.843931306143	2502.801636849479	0.0	314.39052714897184	45.5195570604325
116	42.68233435427172	6935.526265660414	2508.4021774228277	0.0	313.2407587254032	42.68233435427172
117	40.82835356420254	6976.354619224621	2510.807062575052	0.0	314.32753876086673	40.82835356420254
118	45.708253686436585	7022.062872911055	2519.3476540572765	0.0	317.5983798010612	45.708253686436585
119	48.33246670316793	7070.39533961422	2530.5456994667484	0.0	320.1387990951764	48.33246670316793
120	52.18506921455404	7122.580408828777	2545.9293978496808	0.0	322.0786100912375	52.18506921455404
121	51.864288957729244	7174.444697786505	2561.2048387482164	0.0	328.4066412821819	51.864288957729244
122	42.4907834813485	7216.935481267854	2564.9702785861496	0.0	330.12819904386885	42.4907834813485
123	46.469106938383746	7263.404588206238	2574.422164152959	0.0	331.46031439651995	46.469106938383746
124	48.38005367182372	7311.784641878063	2585.014378063436	0.0	328.4497132022142	48.38005367182372
125	50.5514335707247	7362.336075448791	2597.3887062819554	0.0	331.30316584859366	50.5514335707247
126	48.64171600327748	7410.977791452066	2609.043042920077	0.0	334.12654244001953	48.64171600327748
127	49.05226034137737	7460.030051793443	2619.744830602002	0.0	330.1345677981458	49.05226034137737
128	49.86266256506721	7509.892714358506	2633.4574974372263	0.0	332.4102687085931	49.86266256506721
129	49.8753630094192	7559.7680773679285	2645.6095207244157	0.0	332.68582129626157	49.8753630094192
130	57.716981374329954	7617.485058742256	2665.941392726047	0.0	334.0915839757862	57.716981374329954
131	48.08103607492805	7665.566094817185	2676.0077198208846	0.0	335.9114745617458	48.08103607492805
132	52.45488540376652	7718.020980220952	2691.744458215458	0.0	338.378212182096	52.45488540376652
133	48.00138695456967	7766.022367175526	2702.782818091638	0.0	337.82826754013456	48.00138695456967
134	50.63295781782216	7816.655324993347	2714.6016770812334	0.0	335.00422936358007	50.63295781782216
135	49.626469317399106	7866.281794310744	2726.721127374622	0.0	336.2725327337806	49.626469317399106
136	48.22116853323612	7914.502962843982	2738.753625606461	0.0	342.1147145814756	48.22116853323612
137	52.152983157550096	7966.655946001532	2752.0943392721015	0.0	339.734137610112	52.152983157550096
138	48.32642491530844	8014.982370916839	2763.2576393326167	0.0	342.484886264857	48.32642491530844
139	45.52276021462632	8060.505131131459	2772.604230851228	0.0	343.4246680952793	45.52276021462632
140	49.47664618000193	8109.9817773114655	2785.298346924069	0.0	345.0665397217042	49.47664618000193
141	50.24994102393332	8160.231718335401	2795.4586304955897	0.0	343.4618607419139	50.24994102393332
142	48.530416767538235	8208.76213510294	2806.7118189620587	0.0	342.7433043232787	48.530416767538235
143	52.34736649403912	8261.109501596979	2822.2073959183517	0.0	341.3744961144744	52.34736649403912
144	46.859965122708665	8307.969466719687	2830.6912851941684	0.0	348.39863867475725	46.859965122708665
145	49.8362207769685	8357.805687496657	2841.948681000722	0.0	350.8901625004732	49.8362207769685
146	47.16034285229961	8404.966030348953	2849.8338469574433	0.0	351.7980151936442	47.16034285229961
147	47.167493115513295	8452.133523464468	2860.0448949659203	0.0	357.72278601775247	47.167493115513295
148	50.42901047990631	8502.56253394438	2872.029204203679	0.0	362.89166046326176	50.42901047990631
149	51.88661897722704	8554.449152921601	2885.2739299575433	0.0	360.8071775212905	51.88661897722704
150	48.16539036982255	8602.614543291425	2894.9449600060266	0.0	362.17010451728146	48.16539036982255
151	50.45886468971698	8653.073407981137	2908.4166655872414	0.0	366.00200285257415	50.45886468971698
152	49.757288184087855	8702.830696165227	2920.36536361485	0.0	371.7978055138694	49.757288184087855
153	48.757738031612355	8751.588434196843	2931.1374750489563	0.0	374.9989432493156	48.757738031612355
154	48.85525553421621	8800.443689731055	2941.300465617765	0.0	383.65551439620407	48.85525553421621
155	46.81445040804686	8847.258140139102	2951.664201824253	0.0	388.6012798765144	46.81445040804686
156	46.24193489625291	8893.50007503536	2960.3952217668784	0.0	393.9682054146467	46.24193489625291
157	50.6558907571044	8944.15596579246	2973.0731180553385	0.0	399.01070664310345	50.6558907571044
158	54.98343186808675	8999.139397660545	2990.200512988068	0.0	400.8660293536927	54.98343186808675
159	50.021789119664554	9049.161186780213	3001.7875933188507	0.0	406.37110957717	50.021789119664554
160	50.86329437658255	9100.02448115679	3014.899273711277	0.0	412.20826509419084	50.86329437658255
161	46.96357532041973	9146.988056477212	3022.7840663214424	0.0	412.5489515015532	46.96357532041973
162	47.703027356725805	9194.691083833943	3034.0644428021683	0.0	414.86039925229665	47.703027356725805
163	59.309755978757565	9254.000839812696	3053.433002550193	0.0	419.86735638346556	59.309755978757565
164	50.91112657183868	9304.911966384534	3067.2775749301036	0.0	420.44823474573866	50.91112657183868
165	43.79434788890636	9348.70631427344	3071.9938928045526	0.0	422.91593347906144	43.79434788890636
166	50.64869911801208	9399.355013391461	3084.780323785641	0.0	428.62562454170654	50.64869911801208
167	54.76878404842571	9454.123797439875	3101.9052424705405	0.0	434.88941703666507	54.76878404842571
168	50.22470398085108	9504.348501420733	3114.018612113579	0.0	436.163068511761	50.22470398085108
169	50.08692203585932	9554.435423456593	3126.637047219528	0.0	438.88913596685717	50.08692203585932
170	50.68233839578207	9605.11776185237	3138.3061866666	0.0	443.90088042061393	50.68233839578207
171	45.04455825087261	9650.162320103242	3146.628462637084	0.0	450.1730601741745	45.04455825087261
172	50.41381077718978	9700.576130880434	3158.61656437967	0.0	460.7236029802508	50.41381077718978
173	49.39364355729175	9749.969774437726	3170.5119781686794	0.0	464.13945040027744	49.39364355729175
174	50.170100796799936	9800.139875234527	3184.5526778728354	0.0	466.4179317420657	50.170100796799936
175	54.4846666249995	9854.624541859523	3201.643263606634	0.0	476.1809805814445	54.4846666249995
176	47.60698167729315	9902.231523536817	3211.6418596240983	0.0	480.9825390225739	47.60698167729315
177	48.74849226758198	9950.980015804398	3222.071895600694	0.0	486.68927353504137	48.74849226758198
178	55.84486059815867	10006.824876402557	3240.164314729999	0.0	491.85770836199225	55.84486059815867
179	49.22165996975722	10056.046536372312	3251.069094366718	0.0	491.3897849923216	49.22165996975722
180	46.39424563267627	10102.440782004991	3259.8832064006883	0.0	488.4857876599182	46.39424563267627
181	50.58422252578198	10153.025004530775	3273.2488748840196	0.0	492.8729720090896	50.58422252578198
182	51.10498363759026	10204.129988168366	3286.934619671461	0.0	497.9852271755179	51.10498363759026
183	47.18037975097191	10251.310367919337	3295.3085882066875	0.0	504.1339106599549	47.18037975097191
184	49.73011858276097	10301.040486502094	3307.531849321336	0.0	506.6705833644952	49.73011858276097
185	49.53114832259373	10350.571634824688	3319.789095994403	0.0	511.4791043599245	49.53114832259373
186	47.263121149427604	10397.834755974121	3327.9588356726867	0.0	515.314085815307	47.263121149427604
187	50.113119756871065	10447.94787573099	3339.847353933335	0.0	521.8595223740551	50.113119756871065
188	51.21186936920667	10499.159745100194	3353.737589160949	0.0	528.7069933728204	51.21186936920667
189	50.649202535984685	10549.808947636178	3365.9105855580965	0.0	532.5704084299829	50.649202535984685
190	48.49078331497873	10598.29973095116	3376.6554609896075	0.0	532.0220502177223	48.49078331497873
191	51.0081478612846	10649.307878812448	3390.143364797038	0.0	535.3035214786685	51.0081478612846
192	44.75979535200626	10694.06767416445	3395.9525885878124	0.0	540.8062656717947	44.75979535200626
193	50.80498501076064	10744.872659175213	3406.7652475131595	0.0	546.0724650616323	50.80498501076064
194	48.573844483406326	10793.446503658615	3417.5497280278023	0.0	549.5711129257428	48.573844483406326
195	52.480316186590386	10845.926819845212	3431.4789021596553	0.0	549.9192599334536	52.480316186590386
196	50.63478923734773	10896.561609082555	3443.141198586394	0.0	552.2345160243268	50.63478923734773
197	50.19419751794405	10946.755806600499	3456.5774713682663	0.0	548.8898522973473	50.19419751794405
198	48.87922390972758	10995.63503051023	3469.0105436918266	0.0	547.389097645301	48.87922390972758
199	47.31333958258269	11042.948370092809	3479.7619309521992	0.0	555.2452792303553	47.31333958258269
200	47.11924764550192	11090.067617738312	3488.594672928863	0.0	557.9967293497851	47.11924764550192
201	53.68554916889217	11143.753166907201	3503.3412967695085	0.0	563.5583186766239	53.68554916889217
202	51.41517061238376	11195.168337519583	3518.3876591105736	0.0	566.9292046436393	51.41517061238376
203	43.43492011502628	11238.603257634617	3522.818033040597	0.0	571.0344244078713	43.43492011502628
204	46.411280368148965	11285.01453800276	3533.262948298399	0.0	581.0833739685626	46.411280368148965
205	52.028424376829335	11337.042962379594	3548.324994311978	0.0	583.3791954900904	52.028424376829335
206	52.05796969652266	11389.100932076115	3560.9298337104433	0.0	587.3175910823344	52.05796969652266
207	52.01306659472908	11441.113998670846	3575.805011368375	0.0	593.5762616494966	52.01306659472908
208	49.343171866680926	11490.457170537526	3588.4553131121256	0.0	596.3874239579602	49.343171866680926
209	50.62040146998737	11541.077572007507	3601.891630869509	0.0	602.2963214010157	50.62040146998737
210	49.355835071670505	11590.433407079177	3614.211734969672	0.0	603.2322308259104	49.355835071670505
211	53.261959450043804	11643.69536652923	3629.56526446984	0.0	604.1200138430114	53.261959450043804
212	48.779941891375884	11692.475308420608	3640.442452976205	0.0	606.9433860047196	48.779941891375884
213	50.78699510109099	11743.26230352169	3653.6290545327643	0.0	605.8565789972965	50.78699510109099
214	57.80640300944226	11801.068706531138	3673.7700223595525	0.0	607.1022718093999	57.80640300944226
215	48.44453006633044	11849.513236597462	3684.5601538158994	0.0	616.7269242291251	48.44453006633044
216	52.81282795580991	11902.326064553277	3700.906907232859	0.0	623.6856480733452	52.81282795580991
217	45.010895289306916	11947.336959842578	3708.416446412373	0.0	631.3119134761516	45.010895289306916
218	46.680846484044395	11994.017806326621	3716.196451598719	0.0	639.0941548960741	46.680846484044395
219	48.43099944717935	12042.448805773805	3726.433218782642	0.0	640.2335532748614	48.43099944717935
220	49.17451069120921	12091.623316465013	3736.5845908425686	0.0	642.3031144007888	49.17451069120921
221	47.399925454577776	12139.02324191959	3747.041797896219	0.0	645.9521891670877	47.399925454577776
222	49.43528928793943	12188.458531207532	3759.117266783603	0.0	649.7161100181487	49.43528928793943
223	47.14559502962755	12235.604126237158	3769.0790946821203	0.0	650.9709714270406	47.14559502962755
224	52.35831348196108	12287.962439719116	3784.386752081164	0.0	660.9208801292336	52.35831348196108
225	49.89730537725285	12337.859745096372	3795.895000717199	0.0	666.6563262979611	49.89730537725285
226	49.7773153215224	12387.637060417892	3808.0480604903673	0.0	665.8938379266451	49.7773153215224
227	50.60591215640884	12438.242972574299	3819.86290987479	0.0	666.781704212563	50.60591215640884
228	49.743297837402835	12487.986270411704	3831.8568813754473	0.0	670.887779889132	49.743297837402835
229	45.66478865708807	12533.651059068783	3839.570781899126	0.0	679.4647959482814	45.66478865708807
230	50.631237847322154	12584.28229691612	3852.886501615084	0.0	678.3645026447507	50.631237847322154
231	43.86900096199574	12628.151297878114	3859.172786231354	0.0	680.2919079690885	43.86900096199574
232	46.38756064390843	12674.538858522015	3867.4645318979806	0.0	687.8967600061478	46.38756064390843
233	50.13322763875791	12724.672086160783	3880.5264269089494	0.0	689.2041591860957	50.13322763875791
234	47.49294472345232	12772.165030884233	3891.3486465074425	0.0	694.6851818157171	47.49294472345232
235	43.24234043633588	12815.407371320565	3898.898470655949	0.0	699.0587139831922	43.24234043633588
236	46.12872435170526	12861.53609567227	3908.416585741489	0.0	701.290102867126	46.12872435170526
237	42.75002331469955	12904.286118986969	3913.9079622568624	0.0	702.8619503633735	42.75002331469955
238	44.61881615136522	12948.904935138335	3921.9064655813413	0.0	707.6581389681885	44.61881615136522
239	53.546949217834964	13002.451884356171	3939.4677750988753	0.0	711.7087498974648	53.546949217834964
240	46.35814980489674	13048.810034161073	3948.1295772552694	0.0	712.7251431429675	46.35814980489674
241	50.12830498962701	13098.938339150694	3959.2403438802617	0.0	711.3433639109501	50.12830498962701
242	48.42755038919121	13147.365889539891	3969.168055268764	0.0	719.4181199127837	48.42755038919121
243	53.46423730599118	13200.830126845874	3985.1374486391924	0.0	732.2500252262239	53.46423730599118
244	52.29204474563657	13253.122171591504	3999.957442651261	0.0	732.8101937724754	52.29204474563657
245	50.253593021087156	13303.375764612598	4011.152572726566	0.0	738.1020421679463	50.253593021087156
246	54.16421196910065	13357.5399765817	4027.622343522831	0.0	733.2211908392103	54.16421196910065
247	51.780041569894784	13409.32001815159	4043.331760743485	0.0	735.5062894223632	51.780041569894784
248	48.65368068278001	13457.973698834376	4052.9036610525345	0.0	738.5270563614929	48.65368068278001
249	51.44357389527731	13509.417272729655	4067.605154080734	0.0	745.4216198968173	51.44357389527731
250	46.875047704914	13556.292320434564	4076.255154517757	0.0	750.6620075507243	46.875047704914
251	50.76802191061792	13607.06034234519	4088.9384291344277	0.0	748.5582147866858	50.76802191061792
252	51.56809143881245	13658.628433784004	4102.948792832639	0.0	751.9376897484294	51.56809143881245
253	49.83209920991899	13708.460532993917	4115.237291372502	0.0	750.7975140231209	49.83209920991899
254	47.307020193288565	13755.767553187201	4123.894489178234	0.0	754.0159007782704	47.307020193288565
255	46.63143262877965	13802.398985815986	4133.807864703721	0.0	757.1665458671624	46.63143262877965
256	51.5824919367518	13853.981477752737	4147.060806582708	0.0	761.5719141501817	51.5824919367518
257	49.57528632002943	13903.556764072757	4158.664358908622	0.0	767.6431276271984	49.57528632002943
258	50.66491868199023	13954.221682754762	4171.0538574122265	0.0	772.0356997495171	50.66491868199023
259	47.4949636412193	14001.716646395975	4182.100951974961	0.0	773.9666005532262	47.4949636412193
260	50.23038341471537	14051.947029810695	4195.481344439735	0.0	773.0969476535118	50.23038341471537
261	48.3343811677125	14100.2814109784	4206.002754080958	0.0	773.928601767665	48.3343811677125
262	50.6603027506113	14150.941713729015	4219.496942886978	0.0	777.4056620913503	50.6603027506113
263	45.265573385703355	14196.207287114721	4226.935103747277	0.0	783.3456940167403	45.265573385703355
264	50.6840307750174	14246.891317889736	4239.6944476804165	0.0	790.063393293174	50.6840307750174
265	54.24729860724869	14301.138616496979	4255.859490104515	0.0	795.7291781091419	54.24729860724869
266	48.85033394744278	14349.988950444425	4266.3869198045395	0.0	799.5076047232209	48.85033394744278
267	49.34822226462019	14399.337172709049	4280.153046536198	0.0	802.2862685029745	49.34822226462019
268	46.457625643453376	14445.794798352495	4288.458063313	0.0	806.8355962247795	46.457625643453376
269	50.38496495484188	14496.179763307344	4301.867561384868	0.0	810.5792192203801	50.38496495484188
270	54.1151487561489	14550.294912063484	4318.894018826072	0.0	812.1715832873232	54.1151487561489
271	49.9530179795023	14600.247930042995	4331.520806489671	0.0	814.2703806148484	49.9530179795023
272	50.61391988366257	14650.861849926654	4344.441116663623	0.0	822.3356928404049	50.61391988366257
273	53.76029030386293	14704.622140230518	4360.052042172905	0.0	829.8668852542609	53.76029030386293
274	46.717368407710545	14751.339508638228	4370.708319220164	0.0	837.7162664771619	46.717368407710545
275	49.52963753085517	14800.869146169081	4383.577727605137	0.0	845.6004499912527	49.52963753085517
276	47.60574709711723	14848.4748932662	4393.440651283418	0.0	846.1553286464055	47.60574709711723
277	48.24622133143028	14896.721114597627	4403.377136672785	0.0	852.0483676769949	48.24622133143028
278	46.122569962013486	14942.843684559637	4411.529147577799	0.0	860.6591097498338	46.122569962013486
279	48.097639870715696	14990.941324430352	4421.249536508714	0.0	860.5626891869446	48.097639870715696
280	47.97651206321889	15038.917836493581	4431.101725361904	0.0	864.1977702975499	47.97651206321889
281	48.20797744677157	15087.125813940347	4440.891407051928	0.0	867.787015659637	48.20797744677157
282	50.97936710510225	15138.105181045448	4453.767068435015	0.0	870.7655529195124	50.97936710510225
283	48.1624640364951	15186.267645081945	4463.592558051009	0.0	874.7419823610996	48.1624640364951
284	46.787062267805105	15233.054707349753	4472.050764595033	0.0	883.3824197138176	46.787062267805105
285	49.0554740443571	15282.11018139411	4483.321177346329	0.0	885.9277363160757	49.0554740443571
286	52.616577754551926	15334.726759148663	4498.298667056749	0.0	890.4819128305155	52.616577754551926
287	45.088897227561056	15379.81565637622	4506.306332355559	0.0	891.7527196230318	45.088897227561056
288	54.848340302411586	15434.663996678642	4523.2863791064565	0.0	895.9161218939688	54.848340302411586
289	49.93339287832218	15484.59738955695	4534.784472604575	0.0	897.2444614638331	49.93339287832218
290	53.864596029651096	15538.461985586602	4551.506871607243	0.0	897.702081571235	53.864596029651096
291	46.087693247841145	15584.54967883444	4560.3930675048705	0.0	899.1342821526323	46.087693247841145
292	46.337719749960705	15630.887398584398	4569.976501914247	0.0	901.6623442016297	46.337719749960705
293	56.10287452887438	15686.990273113282	4587.540091054733	0.0	907.7569925629525	56.10287452887438
294	48.9031257533848	15735.893398866663	4599.02808938566	0.0	910.9171540434331	48.9031257533848
295	46.41804784803871	15782.311446714704	4606.940051663094	0.0	917.5051650301299	46.41804784803871
296	47.71137208622264	15830.022818800928	4617.060292099129	0.0	918.5230097993801	47.71137208622264
297	56.354141526912564	15886.376960327838	4635.061378367581	0.0	922.6762607387242	56.354141526912564
298	52.62036858690662	15938.997328914746	4650.962655928135	0.0	924.6247917687076	52.62036858690662
299	46.154395502886416	15985.15172441763	4660.516375712265	0.0	919.4671709775712	46.154395502886416
300	45.37891572508442	16030.53064014272	4670.430780558451	0.0	922.5578689704104	45.37891572508442
301	47.26255616702107	16077.793196309734	4679.97078551332	0.0	927.6005769619229	47.26255616702107
302	50.41346381939878	16128.206660129137	4693.371213804954	0.0	933.5267576984273	50.41346381939878
303	47.926172112384755	16176.132832241521	4703.525607163414	0.0	933.2174979749578	47.926172112384755
304	49.44045823998065	16225.573290481509	4715.411389858154	0.0	942.6174538424916	49.44045823998065
305	53.20848902252667	16278.781779504032	4728.701815289166	0.0	944.0883998178688	53.20848902252667
306	46.537905534213586	16325.319685038248	4736.441668795192	0.0	946.8597952331866	46.537905534213586
307	50.14081528852138	16375.460500326764	4747.569295487748	0.0	949.7922774487216	50.14081528852138
308	50.77879492788851	16426.23929525465	4759.357161818763	0.0	952.1418402461906	50.77879492788851
309	46.52414060129572	16472.76343585595	4769.891061858489	0.0	955.251285098787	46.52414060129572
310	46.814084475902725	16519.57752033185	4780.112160478357	0.0	957.954917079728	46.814084475902725
311	48.82738808844894	16568.404908420303	4791.914777607554	0.0	962.9284662320406	48.82738808844894
312	53.27186464183838	16621.676773062136	4808.120906918291	0.0	970.5149317709938	53.27186464183838
313	46.82054062583591	16668.497313687978	4815.825915488571	0.0	976.6643111911408	46.82054062583591
314	50.825612690029175	16719.322926378005	4830.091252186112	0.0	975.869780508061	50.825612690029175
315	51.26637832240324	16770.589304700403	4843.723270385633	0.0	980.2569805928132	51.26637832240324
316	51.82305109732813	16822.41235579774	4858.954603342974	0.0	987.1538725627488	51.82305109732813
317	48.28758621962168	16870.699942017352	4870.408878688406	0.0	988.6148527848741	48.28758621962168
318	47.055406198649116	16917.755348216007	4879.905233778507	0.0	991.457338353893	47.055406198649116
319	50.742506987634236	16968.497855203645	4891.333370627344	0.0	989.3338477215226	50.742506987634236
320	50.08345671825863	17018.581311921902	4903.538095274571	0.0	991.2820645594227	50.08345671825863
321	48.15135346357848	17066.732665385473	4912.52208805825	0.0	991.9027483166607	48.15135346357848
322	52.21580458914238	17118.948469974624	4925.65776917402	0.0	993.2102088242923	52.21580458914238
323	48.68086532935861	17167.629335303976	4936.519167243375	0.0	995.7776776558719	48.68086532935861
324	46.922101823797576	17214.551437127775	4945.391698988863	0.0	999.1536912635794	46.922101823797576
325	52.704070848420045	17267.255507976195	4959.039662719506	0.0	1007.6108738504213	52.704070848420045
326	51.02815527150918	17318.28366324771	4971.137707037866	0.0	1011.2062390731476	51.02815527150918
327	48.22918771525685	17366.512850962965	4980.658994670714	0.0	1013.3694429639106	48.22918771525685
328	46.86623938203769	17413.37909034501	4990.909312142991	0.0	1022.0349583300421	46.86623938203769
329	48.71897648435161	17462.098066829352	5003.439966237315	0.0	1027.9459607214376	48.71897648435161
330	52.60496021169002	17514.70302704104	5016.943908766992	0.0	1028.6908193073948	52.60496021169002
331	52.61587804093025	17567.31890508198	5031.3521405002675	0.0	1036.3493222878453	52.61587804093025
332	53.2075957126965	17620.526500794655	5047.283354003388	0.0	1038.4074990781812	53.2075957126965
333	47.57145503934039	17668.09795583401	5058.107054559445	0.0	1044.2359414864404	47.57145503934039
334	46.61994343060087	17714.717899264604	5067.820267070813	0.0	1045.0101518634149	46.61994343060087
335	49.67335181391743	17764.391251078527	5081.461510497171	0.0	1047.6641178965772	49.67335181391743
336	50.63041628705783	17815.021667365596	5094.654430090803	0.0	1045.3697312026852	50.63041628705783
337	50.95928282468588	17865.980950190267	5109.417690477855	0.0	1046.3371720859811	50.95928282468588
338	52.151448240812904	17918.13239843108	5122.639668521003	0.0	1048.7863557379458	52.151448240812904
339	42.53876106213511	17960.67115949322	5126.236166777306	0.0	1049.2701362629655	42.53876106213511
340	47.63978519033677	18008.310944683555	5135.795755384478	0.0	1057.1716090500925	47.63978519033677
341	49.40491914227441	18057.715863825822	5147.63315597091	0.0	1059.9186359243693	49.40491914227441
342	54.17847193382367	18111.894335759647	5164.760421624283	0.0	1064.727630898252	54.17847193382367
343	48.69392036192514	18160.588256121573	5175.934577114033	0.0	1067.2565724089604	48.69392036192514
344	44.531282073190134	18205.119538194773	5183.468874014069	0.0	1068.5947891374385	44.531282073190134
345	53.58316747750091	18258.702705672265	5200.219715907293	0.0	1068.7082031478901	53.58316747750091
346	42.83283472751913	18301.535540399786	5206.563009556932	0.0	1073.690183547578	42.83283472751913
347	50.13462955215177	18351.670169951933	5219.00734035597	0.0	1078.276921889268	50.13462955215177
348	50.79840769950271	18402.468577651434	5233.007787196288	0.0	1079.6742048448496	50.79840769950271
349	48.83617769503634	18451.304755346486	5245.230018894093	0.0	1080.8230984457855	48.83617769503634
350	45.9585876904909	18497.263343036964	5255.310375721231	0.0	1084.0792171763712	45.9585876904909
351	49.42296385961813	18546.686306896583	5264.687820354442	0.0	1090.3378300985698	49.42296385961813
352	51.36875124781165	18598.055058144397	5277.8061042930085	0.0	1097.2499311406048	51.36875124781165
353	48.89844883744861	18646.95350698184	5287.766631934925	0.0	1102.0607125255087	48.89844883744861
354	43.25458877376461	18690.208095755614	5295.1853508942495	0.0	1103.3507207298883	43.25458877376461
355	48.85232898647424	18739.060424742092	5308.014928358316	0.0	1110.8677350747316	48.85232898647424
356	52.00888253437768	18791.069307276466	5321.404241704857	0.0	1114.6564157225187	52.00888253437768
357	48.72595302597145	18839.795260302435	5333.510216967489	0.0	1116.1701009201615	48.72595302597145
358	53.0529780032537	18892.848238305687	5348.182090056642	0.0	1118.1246235778306	53.0529780032537
359	51.1717836034334	18944.02002190912	5362.366658646151	0.0	1119.1881170890417	51.1717836034334
360	49.08713705162115	18993.107158960745	5375.514917655836	0.0	1124.292986796598	49.08713705162115
361	48.49927171698388	19041.606430677723	5386.776921073801	0.0	1126.9124282352268	48.49927171698388
362	52.78301201000955	19094.38944268774	5401.411399693163	0.0	1133.8049013040593	52.78301201000955
363	46.659375115883066	19141.04881780362	5409.818723339451	0.0	1136.4779289937392	46.659375115883066
364	48.46981449316975	19189.518632296793	5421.6152831644395	0.0	1138.684443016752	48.46981449316975
365	54.56576686461768	19244.0843991614	5437.511759678055	0.0	1138.132177595777	54.56576686461768
366	51.87767510056697	19295.96207426197	5451.931765970545	0.0	1139.441161257247	51.87767510056697
367	54.15031891454588	19350.112393176514	5468.849818302992	0.0	1149.4294971226172	54.15031891454588
368	46.06579660902597	19396.178189785544	5476.8828098644935	0.0	1154.4388644337535	46.06579660902597
369	60.76944092720669	19456.94763071275	5497.63965090037	0.0	1165.4353095155666	60.76944092720669
370	49.93728055455622	19506.88491126731	5510.32838115153	0.0	1169.6436757866852	49.93728055455622
371	50.85802748057807	19557.742938747884	5524.3811622482635	0.0	1173.2813993639772	50.85802748057807
372	46.736090595285425	19604.479029343183	5534.71819205294	0.0	1176.4278222612593	46.736090595285425
373	51.23726273363631	19655.71629207682	5547.557623294793	0.0	1180.6833726769414	51.23726273363631
374	45.883023921803435	19701.599315998606	5555.581839118121	0.0	1182.360803348185	45.883023921803435
375	47.71592589834716	19749.31524189695	5566.1665428750575	0.0	1188.3306437568222	47.71592589834716
376	49.40182694642493	19798.717068843376	5577.700114894444	0.0	1190.9117719535677	49.40182694642493
377	50.35343476987596	19849.070503613257	5589.824937479152	0.0	1196.0613621038258	50.35343476987596
378	48.13722171750409	19897.20772533077	5598.66136628267	0.0	1197.4050898377927	48.13722171750409
379	52.62420536054979	19949.831930691307	5613.855552776599	0.0	1208.403248716537	52.62420536054979
380	49.06512629488605	19998.8970569862	5625.389597835515	0.0	1209.3746620572256	49.06512629488605
381	51.17820653382726	20050.075263520026	5639.015364327294	0.0	1215.6538646667357	51.17820653382726
382	50.76395670562104	20100.83922022564	5652.4910451459245	0.0	1225.7143775438105	50.76395670562104
383	47.800963625171136	20148.64018385081	5663.152387706195	0.0	1225.4601261371577	47.800963625171136
384	47.090440904316836	20195.730624755135	5672.690797778032	0.0	1225.5953148376996	47.090440904316836
385	47.53958003888477	20243.270204794022	5683.925345935245	0.0	1229.5591657046075	47.53958003888477
386	50.85464614514054	20294.124850939155	5696.15903478598	0.0	1235.027756839686	50.85464614514054
387	46.65882633272895	20340.78367727189	5703.875734182465	0.0	1237.571760785938	46.65882633272895
388	47.62049918147188	20388.404176453358	5713.418140876787	0.0	1240.941994285245	47.62049918147188
389	50.91064622962221	20439.314822682987	5726.861946407069	0.0	1247.5555563090766	50.91064622962221
390	49.608503067216354	20488.92332575019	5740.125880155725	0.0	1250.6873265448503	49.608503067216354
391	48.853589932237895	20537.776915682443	5751.16745804525	0.0	1255.2953138917546	48.853589932237895
392	44.647182806087365	20582.42409848852	5758.655428084462	0.0	1258.738186386879	44.647182806087365
393	50.59533325356187	20633.019431742072	5771.7687545593	0.0	1262.8898350989405	50.59533325356187
394	51.62819006214152	20684.64762180422	5784.7952449365785	0.0	1264.4948021588766	51.62819006214152
395	49.18655470182545	20733.834176506054	5796.670718640321	0.0	1266.8043376772532	49.18655470182545
396	49.42697636200643	20783.26115286806	5809.377554436843	0.0	1273.8991549971684	49.42697636200643
397	58.5085569196485	20841.76970978771	5829.287915299306	0.0	1272.2096403569994	58.5085569196485
398	49.461270527616236	20891.23098031533	5839.4504048211875	0.0	1275.7310328789763	49.461270527616236
399	50.14752113320226	20941.378501448533	5852.129875316606	0.0	1275.9072644122673	50.14752113320226
400	46.22646861274434	20987.604970061268	5859.337348827091	0.0	1279.797758053988	46.22646861274434
401	48.22188054829576	21035.82685060957	5870.642255021978	0.0	1285.5437814432316	48.22188054829576
402	50.37617024540947	21086.20302085498	5882.723886858314	0.0	1289.6961311716525	50.37617024540947
403	49.775665264247316	21135.978686119226	5895.031404208962	0.0	1291.5164777679718	49.775665264247316
404	46.4539802601075	21182.432666379333	5905.071662002098	0.0	1296.2490365502974	46.4539802601075
405	51.88732206926001	21234.319988448588	5919.4055486885345	0.0	1302.0356491054065	51.88732206926001
406	48.5617464116993	21282.881734860293	5928.013089339104	0.0	1310.9301634424662	48.5617464116993
407	51.36390115984882	21334.24563602014	5942.071747700635	0.0	1319.4946605557632	51.36390115984882
408	54.993276668071076	21389.23891268822	5958.522413685527	0.0	1324.8045337525132	54.993276668071076
409	46.45599239357415	21435.694905081793	5966.631468112403	0.0	1322.7391790580682	46.45599239357415
410	55.57536924071164	21491.270274322498	5986.0358328161765	0.0	1326.9980896211896	55.57536924071164
411	53.557780359049524	21544.82805468155	6001.599655176499	0.0	1328.6007472411716	53.557780359049524
412	47.64605619584306	21592.474110877396	6011.885697579998	0.0	1332.4475857984316	47.64605619584306
413	50.947087562314806	21643.4211984397	6023.104531240736	0.0	1331.5346844795695	50.947087562314806
414	46.3110169201944	21689.7322153599	6033.525371093977	0.0	1336.0061596340313	46.3110169201944
415	47.74265483718467	21737.474870197082	6044.191917593771	0.0	1342.6379107684077	47.74265483718467
416	50.295337238421226	21787.770207435507	6055.132772403613	0.0	1349.8418297910762	50.295337238421226
417	49.006090285647254	21836.776297721146	6067.5757992620165	0.0	1356.3830644777345	49.006090285647254
418	46.25168658248404	21883.027984303633	6076.374153510243	0.0	1359.3297176339531	46.25168658248404
419	49.084305596039606	21932.112289899665	6088.473633369348	0.0	1367.253969503702	49.084305596039606
420	48.38926113888735	21980.501551038564	6101.348382596159	0.0	1373.7102422589376	48.38926113888735
421	48.78455282277905	22029.286103861334	6110.628991426373	0.0	1381.8745047085974	48.78455282277905
422	48.629352634195726	22077.91545649553	6122.154132756553	0.0	1382.7269344891515	48.629352634195726
423	49.22400241698707	22127.13945891253	6133.011487056044	0.0	1389.4101646773547	49.22400241698707
424	48.820085831693824	22175.959544744223	6143.492262112857	0.0	1395.1392451389224	48.820085831693824
425	51.74267358247863	22227.702218326704	6156.889304301667	0.0	1401.6299294477851	51.74267358247863
426	51.694920285067056	22279.397138611766	6169.590966384733	0.0	1402.9815502133924	51.694920285067056
427	48.19902716777535	22327.59616577954	6181.908977768393	0.0	1413.468040064551	48.19902716777535
428	48.34587457318592	22375.942040352715	6192.001676344137	0.0	1417.9541858219038	48.34587457318592
429	54.008517910116915	22429.95055826284	6208.219315030372	0.0	1424.2293433333327	54.008517910116915
430	45.54695488002271	22475.49751314285	6215.788973231801	0.0	1428.7688360543013	45.54695488002271
431	50.81961747021806	22526.317130613075	6228.786336996479	0.0	1434.1111450591227	50.81961747021806
432	46.07980666525802	22572.396937278336	6235.291180782336	0.0	1437.8929480420397	46.07980666525802
433	46.40330349562655	22618.80024077397	6244.783505962564	0.0	1440.5859764947545	46.40330349562655
434	44.66064845434163	22663.460889228307	6252.149670181048	0.0	1441.4087699509937	44.66064845434163
435	56.72383245671183	22720.18472168501	6271.490177944796	0.0	1446.040615165572	56.72383245671183
436	47.02296028758117	22767.207681972613	6281.521176219383	0.0	1446.7881088697075	47.02296028758117
437	42.67331454846662	22809.880996521075	6285.1483493319565	0.0	1449.906615399966	42.67331454846662
438	53.38183131203769	22863.262827833118	6300.030954399299	0.0	1453.927383431035	53.38183131203769
439	47.228140967653786	22910.490968800754	6308.887020187432	0.0	1461.1638330445928	47.228140967653786
440	44.528518539322306	22955.019487340076	6316.051995428712	0.0	1464.4807820814126	44.528518539322306
441	54.290953645763196	23009.310440985846	6332.808872183873	0.0	1473.9506515162443	54.290953645763196
442	47.98779786327167	23057.298238849115	6343.282774126931	0.0	1486.0424003092007	47.98779786327167
443	43.862972325364325	23101.16121117448	6349.891476351339	0.0	1490.0259204219353	43.862972325364325
444	49.73173959680097	23150.892950771282	6361.400410984377	0.0	1494.6524568658708	49.73173959680097
445	46.10681037907767	23196.999761150357	6370.323346340379	0.0	1500.5395533841383	46.10681037907767
446	48.49775221401812	23245.497513364375	6379.945051358178	0.0	1503.6762318311326	48.49775221401812
447	45.4997484614978	23290.997261825876	6387.410935826716	0.0	1508.2415852265444	45.4997484614978
448	43.773685825265936	23334.770947651145	6391.854107838127	0.0	1510.9171794845272	43.773685825265936
449	51.24578896165785	23386.0167366128	6405.840565963137	0.0	1516.1663905451192	51.24578896165785
450	43.24979078697909	23429.266527399785	6411.67083761563	0.0	1520.8295460728955	43.24979078697909
451	49.89236901784056	23479.15889641762	6422.821845811908	0.0	1524.3562983696877	49.89236901784056
452	43.665844354439976	23522.824740772066	6428.583786625251	0.0	1529.5855867366313	43.665844354439976
453	50.004167295684084	23572.828908067735	6439.987803295143	0.0	1527.2161599939807	50.004167295684084
454	49.13232182795903	23621.961229895696	6452.098320517218	0.0	1530.4339836849292	49.13232182795903
455	50.80611221644086	23672.767342112144	6464.789718765367	0.0	1534.636722287335	50.80611221644086
456	49.17783882686607	23721.945180938998	6475.904202068599	0.0	1538.6658854117434	49.17783882686607
457	46.842651945222244	23768.787832884234	6486.203219520955	0.0	1539.4778777695149	46.842651945222244
458	44.30607508430857	23813.093907968538	6492.83164030193	0.0	1545.3119426618105	44.30607508430857
459	48.65368407270122	23861.74759204124	6502.564576885497	0.0	1548.632157402921	48.65368407270122
460	51.70633449115329	23913.453926532395	6514.8038020171425	0.0	1558.9023575771032	51.70633449115329
461	53.506881163580275	23966.96080769598	6530.165246079658	0.0	1557.8241396649398	53.506881163580275
462	50.887036096412956	24017.847843792384	6543.506203792948	0.0	1557.4321185224794	50.887036096412956
463	47.300747026387	24065.148590818768	6551.690019951914	0.0	1559.4312232456164	47.300747026387
464	48.37448431527014	24113.52307513405	6562.573063328791	0.0	1571.5974131468156	48.37448431527014
465	51.933479507416884	24165.456554641452	6578.789834654466	0.0	1576.7771788872576	51.933479507416884
466	47.20990880694968	24212.666463448404	6589.351402705453	0.0	1581.9540933654444	47.20990880694968
467	48.781605774987355	24261.4480692234	6600.460347781471	0.0	1585.7738669179105	48.781605774987355
468	50.06121487195798	24311.509284095344	6613.8717224085085	0.0	1591.8159507574692	50.06121487195798
469	53.33081557189646	24364.840099667246	6627.6899940972835	0.0	1597.281449105693	53.33081557189646
470	55.665254856937906	24420.50535452418	6645.945104345144	0.0	1595.954762269807	55.665254856937906
471	52.37549365659251	24472.880848180772	6659.526199143808	0.0	1597.1541949494213	52.37549365659251
472	46.16649527024129	24519.047343451013	6669.0980521770625	0.0	1606.1647998546814	46.16649527024129
473	46.71734900015927	24565.76469245119	6677.7684130686075	0.0	1609.7599468589367	46.71734900015927
474	52.6508281652122	24618.415520616385	6693.579362435248	0.0	1614.5543298960392	52.6508281652122
475	47.90929356175723	24666.324814178166	6705.326350468876	0.0	1616.8213347104668	47.90929356175723
476	45.59728770006962	24711.922101878215	6713.421755841604	0.0	1621.8561675504966	45.59728770006962
477	50.36965215009648	24762.29175402831	6725.104020025745	0.0	1626.4205545435038	50.36965215009648
478	50.188851969843164	24812.48060599817	6736.742031470884	0.0	1628.4118985020868	50.188851969843164
479	47.27334560896425	24859.753951607123	6746.9237061255735	0.0	1634.3595766474987	47.27334560896425
480	51.37235179170865	24911.12630339883	6760.693510884573	0.0	1639.565399725866	51.37235179170865
481	53.23373970676081	24964.3600431056	6775.082531949371	0.0	1648.41923138487	53.23373970676081
482	48.61174951303236	25012.97179261863	6785.94706800605	0.0	1653.414747427193	48.61174951303236
483	48.61443643685142	25061.586229055483	6795.996553347558	0.0	1655.8606355438717	48.61443643685142
484	47.15345608860398	25108.739685144086	6806.4603811620655	0.0	1655.4769409798168	47.15345608860398
485	49.00483428044588	25157.74451942452	6818.244977326191	0.0	1664.1772870532507	49.00483428044588
486	49.647833929606904	25207.392353354135	6829.215585356386	0.0	1670.5747323980706	49.647833929606904
487	55.798700157594254	25263.19105351174	6846.179437568069	0.0	1674.0350304209687	55.798700157594254
488	52.90987723838326	25316.10093075012	6862.284558238873	0.0	1675.6701453886703	52.90987723838326
489	51.73557719040375	25367.836507940527	6875.58308341483	0.0	1678.9747360828208	51.73557719040375
490	51.79647425534193	25419.632982195842	6889.585169603815	0.0	1682.4664398116447	51.79647425534193
491	49.646237372640286	25469.279219568496	6900.427342209397	0.0	1690.1176300476404	49.646237372640286
492	55.78711077588022	25525.066330344373	6920.529317015778	0.0	1694.1581436493213	55.78711077588022
493	52.15901103387835	25577.22534137826	6934.512243635648	0.0	1698.4845066706903	52.15901103387835
494	46.71606243560165	25623.94140381386	6942.748105459889	0.0	1704.4380667791359	46.71606243560165
495	50.67329653950205	25674.61470035335	6955.543857259945	0.0	1712.8556129070892	50.67329653950205
496	50.26673477555295	25724.881435128915	6968.526992409336	0.0	1716.3859931654001	50.26673477555295
497	51.61886205696419	25776.500297185863	6982.15706293697	0.0	1719.4950007854327	51.61886205696419
498	42.163154894970305	25818.66345208085	6985.820072630214	0.0	1725.974599194155	42.163154894970305
499	47.39450175652658	25866.057953837375	6996.284305816632	0.0	1732.2563013387742	47.39450175652658
500	50.09307057770132	25916.15102441507	7008.82691194171	0.0	1738.9897288366687	50.09307057770132
501	54.4817867583831	25970.63281117346	7024.247826132789	0.0	1740.888228662115	54.4817867583831
502	50.67716188164447	26021.309973055104	7036.011157692642	0.0	1744.7889563676279	50.67716188164447
503	46.788470234196176	26068.0984432893	7044.67744758849	0.0	1745.9316286751825	46.788470234196176
504	57.51938612894745	26125.617829418243	7065.553981620662	0.0	1744.1391634760841	57.51938612894745
505	48.09113494642371	26173.70896436467	7077.853074904893	0.0	1747.5066310797436	48.09113494642371
506	53.303851633025005	26227.012815997692	7094.47821267273	0.0	1750.2652415014031	53.303851633025005
507	46.15386725870016	26273.166683256382	7103.247570383601	0.0	1756.6566030854283	46.15386725870016
508	46.239512506742415	26319.40619576312	7111.576357380466	0.0	1759.1958012010657	46.239512506742415
509	48.916129768628196	26368.322325531753	7121.644406701664	0.0	1762.7878250701626	48.916129768628196
510	51.153095201846035	26419.475420733615	7135.932071743081	0.0	1768.46901481308	51.153095201846035
511	50.58349419574901	26470.058914929366	7148.1215306605945	0.0	1778.4965729335022	50.58349419574901
512	48.614655196336514	26518.673570125684	7159.043326834586	0.0	1779.3091595090827	48.614655196336514
513	54.2567095454079	26572.930279671113	7173.137850839912	0.0	1781.29106603133	54.2567095454079
514	50.70213567481482	26623.63241534592	7187.810173355032	0.0	1789.860050555476	50.70213567481482
515	46.20739815398837	26669.839813499897	7195.910505234218	0.0	1794.4218484626415	46.20739815398837
516	56.486291580105764	26726.326105080007	7213.976786465836	0.0	1798.729666589091	56.486291580105764
517	50.77237271516626	26777.098477795174	7227.230529533607	0.0	1802.261198244394	50.77237271516626
518	48.89108475860426	26825.989562553772	7237.5207382580675	0.0	1803.6326817554766	48.89108475860426
519	48.66398706065772	26874.653549614442	7247.7019351645295	0.0	1806.3668181546632	48.66398706065772
520	48.56257376629645	26923.216123380735	7257.09535546751	0.0	1815.6427233636073	48.56257376629645
521	49.85383766027234	26973.069961040997	7270.32314980531	0.0	1822.8907347276624	49.85383766027234
522	42.00019797416657	27015.070159015173	7275.488611784956	0.0	1822.4356018527535	42.00019797416657
523	46.08284552008941	27061.15300453526	7282.983485443026	0.0	1824.4701622509206	46.08284552008941
524	47.78188164328114	27108.934886178562	7293.738476978402	0.0	1824.7225991831533	47.78188164328114
525	51.58997014937846	27160.52485632792	7309.570831093597	0.0	1828.5755766239224	51.58997014937846
526	52.946866797262956	27213.471723125185	7324.346796244908	0.0	1837.2175187568432	52.946866797262956
527	46.51842478750853	27259.990147912704	7332.579360499875	0.0	1839.2695910438047	46.51842478750853
528	45.6356482325275	27305.62579614523	7340.1828275905145	0.0	1844.8334439281803	45.6356482325275
529	49.1234753821431	27354.749271527366	7350.790702951462	0.0	1848.773237777196	49.1234753821431
530	43.944491787532854	27398.6937633149	7355.964206752857	0.0	1852.8102383764542	43.944491787532854
531	52.24123263759171	27450.934995952495	7370.922476186946	0.0	1857.086467451484	52.24123263759171
532	48.120036262442085	27499.055032214943	7379.880396442937	0.0	1863.6119463266741	48.120036262442085
533	52.80209356295157	27551.857125777868	7394.5743008089985	0.0	1866.7389349752211	52.80209356295157
534	51.54431546175809	27603.40144123964	7408.437851891051	0.0	1872.3358234299637	51.54431546175809
535	53.47140828365219	27656.8728495233	7425.563126643334	0.0	1875.942023328133	53.47140828365219
536	48.27077531819002	27705.14362484148	7435.674103973692	0.0	1882.4597935420998	48.27077531819002
537	47.01098075142731	27752.154605592918	7443.855301935826	0.0	1884.2713632351704	47.01098075142731
538	47.112110776568805	27799.266716369464	7452.578732371554	0.0	1888.5012872637267	47.112110776568805
539	47.667255441363785	27846.933971810842	7462.4840137076335	0.0	1894.0269619990527	47.667255441363785
540	49.288311833112814	27896.222283643958	7475.489540302394	0.0	1903.3370076017097	49.288311833112814
541	45.63173233839095	27941.85401598235	7483.015181782299	0.0	1907.1534363783258	45.63173233839095
542	49.8548826906471	27991.708898672994	7496.2167193229	0.0	1914.9408141684685	49.8548826906471
543	50.43314028001884	28042.14203895302	7508.67784541703	0.0	1913.998470589943	50.43314028001884
544	52.26668340119831	28094.408722354205	7522.090558865782	0.0	1924.7605637902464	52.26668340119831
545	46.0232543266468	28140.431976680866	7529.940135690258	0.0	1932.919449035619	46.0232543266468
546	49.870288365406175	28190.302265046266	7541.63305925132	0.0	1938.0547221274687	49.870288365406175
547	51.37014447873571	28241.672409525007	7555.129848728544	0.0	1937.1612645134107	51.37014447873571
548	49.73164235323451	28291.404051878228	7566.827827613189	0.0	1946.6215432600713	49.73164235323451
549	48.377046498651	28339.781098376887	7578.956459638957	0.0	1947.888802425266	48.377046498651
550	50.65512867862042	28390.43622705548	7591.971343910435	0.0	1955.6287937717248	50.65512867862042
551	52.99389264591718	28443.430119701425	7606.111132742026	0.0	1962.961120616798	52.99389264591718
552	53.662713667224516	28497.092833368653	7621.541323344881	0.0	1969.6935893772861	53.662713667224516
553	51.993557135756745	28549.086390504384	7635.092067867908	0.0	1970.0583434498992	51.993557135756745
554	45.91856469474392	28595.004955199132	7643.799585923977	0.0	1972.4644053997924	45.91856469474392
555	56.58824818069417	28651.593203379845	7663.65674105615	0.0	1973.110424912354	56.58824818069417
556	51.423705920378644	28703.016909300215	7678.0326332190625	0.0	1975.6187855857556	51.423705920378644
557	50.06424317780362	28753.08115247803	7689.695261529211	0.0	1980.1917210777842	50.06424317780362
558	45.087374177254354	28798.168526655274	7697.277786159404	0.0	1984.090852254037	45.087374177254354
559	45.19767107108406	28843.36619772636	7705.086008500504	0.0	1989.4802615842423	45.19767107108406
560	53.204479658116945	28896.57067738448	7721.297103604959	0.0	1995.7140537958005	53.204479658116945
561	47.892239345696225	28944.462916730183	7731.05770898946	0.0	2002.7905126102862	47.892239345696225
562	48.48092353974535	28992.94384026992	7742.410702625683	0.0	2006.3267306229227	48.48092353974535
563	49.43210439854245	29042.37594466846	7754.853393070046	0.0	2008.1616191393628	49.43210439854245
564	51.82118113038678	29094.197125798826	7769.756399902238	0.0	2010.1339737779588	51.82118113038678
565	51.6378786064356	29145.8350044053	7785.31291974686	0.0	2013.8682270727622	51.6378786064356
566	53.41662677800369	29199.251631183288	7801.500134627625	0.0	2021.1777247189746	53.41662677800369
567	47.73316052349629	29246.98479170677	7810.389560144104	0.0	2026.8637493044225	47.73316052349629
568	54.30661247911482	29301.291404185897	7825.675607815567	0.0	2038.9228975447504	54.30661247911482
569	51.91687281374159	29353.208276999652	7840.564933417025	0.0	2046.4659593643942	51.91687281374159
570	50.534177538669695	29403.742454538307	7853.716849858582	0.0	2048.527634363206	50.534177538669695
571	51.22711202425783	29454.969566562562	7868.299636561918	0.0	2053.9486166445245	51.22711202425783
572	47.60787221263486	29502.577438775188	7877.966761192782	0.0	2057.5927955258667	47.60787221263486
573	42.42438421761547	29545.001822992806	7883.02448579825	0.0	2060.964377083123	42.42438421761547
574	47.85636160044062	29592.85818459326	7895.40084149109	0.0	2070.2556470676477	47.85636160044062
575	51.967546391937624	29644.825730985183	7910.226860585408	0.0	2076.900252350854	51.967546391937624
576	45.034626911314966	29689.860357896523	7917.276888915508	0.0	2081.482928470068	45.034626911314966
577	48.439491573334266	29738.299849469833	7927.775832982498	0.0	2083.567446494318	48.439491573334266
578	49.627825794304655	29787.92767526414	7939.10337385004	0.0	2086.676575416377	49.627825794304655
579	46.49027376590562	29834.41794903006	7946.7919980290935	0.0	2089.2957580502693	46.49027376590562
580	51.016338460083716	29885.434287490134	7961.918459787054	0.0	2092.6256963548926	51.016338460083716
581	52.98037555187943	29938.414663042022	7976.6510535064845	0.0	2092.85920380699	52.98037555187943
582	47.88000859653459	29986.294671638567	7985.825394865046	0.0	2096.033734033851	47.88000859653459
583	46.051058811758374	30032.345730450335	7993.3278771376135	0.0	2107.0759693715777	46.051058811758374
584	48.93019440076358	30081.275924851092	8004.270246078386	0.0	2112.976014137548	48.93019440076358
585	46.273831769627996	30127.54975662071	8011.801213095642	0.0	2117.004368666427	46.273831769627996
586	46.482035700469595	30174.03179232117	8020.265014555356	0.0	2120.83387970109	46.482035700469595
587	49.923685887832654	30223.955478208998	8032.0732011700575	0.0	2126.604993450631	49.923685887832654
588	48.326004018068325	30272.281482227063	8043.245782470837	0.0	2131.2540082307764	48.326004018068325
589	45.66877886920536	30317.950261096303	8050.764627493416	0.0	2134.8029242769926	45.66877886920536
590	53.317992765017834	30371.268253861297	8065.813721701536	0.0	2138.9072201540916	53.317992765017834
591	45.12442912531488	30416.39268298662	8071.127718269073	0.0	2144.8830622840073	45.12442912531488
592	47.398869195769024	30463.791552182374	8080.400345119894	0.0	2151.192500368194	47.398869195769024
593	48.88203400127717	30512.673586183657	8091.219832126414	0.0	2161.6594620256897	48.88203400127717
594	49.91097646158292	30562.584562645232	8103.409432067528	0.0	2167.8191113955245	49.91097646158292
595	51.451751751637275	30614.03631439687	8116.9311610228615	0.0	2171.7344726338715	51.451751751637275
596	48.1773227352809	30662.213637132165	8126.792352820731	0.0	2175.766935198947	48.1773227352809
597	52.31456448416602	30714.528201616333	8141.171998491109	0.0	2180.758973261061	52.31456448416602
598	40.059444290579485	30754.587645906908	8143.885994259198	0.0	2185.498251240252	40.059444290579485
599	47.9286058455439	30802.516251752455	8153.159450078627	0.0	2188.8849474930016	47.9286058455439
600	54.10030243603504	30856.61655418849	8170.47184393918	0.0	2191.1052473918103	54.10030243603504
601	48.964505020806875	30905.5810592093	8181.734248199032	0.0	2195.3943415844833	48.964505020806875
602	50.68569953937273	30956.26675874866	8194.27545576586	0.0	2204.77418845683	50.68569953937273
603	49.069839963570004	31005.33659871222	8205.87140863636	0.0	2209.7426823707165	49.069839963570004
604	45.08415166591645	31050.42075037816	8212.113354659812	0.0	2210.7533853015493	45.08415166591645
605	48.27296816451531	31098.693718542665	8222.7362998551	0.0	2212.7830774061995	48.27296816451531
606	52.5874189193755	31151.28113746205	8237.329324614342	0.0	2211.8241555471755	52.5874189193755
607	53.212608474418076	31204.493745936463	8254.584527293599	0.0	2214.2347059895387	53.212608474418076
608	45.04513238618304	31249.538878322648	8262.255783148217	0.0	2220.536971967122	45.04513238618304
609	48.5750536562179	31298.113931978874	8273.765165739636	0.0	2226.515398408667	48.5750536562179
610	48.748087688646194	31346.86201966752	8285.547863932014	0.0	2229.6106435220863	48.748087688646194
611	48.400475128711214	31395.262494796225	8295.962654491403	0.0	2229.257118364851	48.400475128711214
612	50.77079839166483	31446.033293187895	8310.346957381855	0.0	2226.899066945528	50.77079839166483
613	46.111458453237304	31492.144751641117	8318.640036624076	0.0	2228.3093756277262	46.111458453237304
614	50.391565944865576	31542.536317586004	8332.44067635032	0.0	2229.100119797774	50.391565944865576
615	51.65493830141363	31594.191255887392	8344.522111062832	0.0	2237.054127827046	51.65493830141363
616	54.11357807444828	31648.30483396184	8360.296860186407	0.0	2245.201399695348	54.11357807444828
617	53.59337789791936	31701.898211859763	8376.193505550758	0.0	2249.994318262717	53.59337789791936
618	51.58942146961382	31753.487633329394	8390.30192855801	0.0	2257.948141961082	51.58942146961382
619	50.88455934847077	31804.372192677856	8404.497773998344	0.0	2264.254865870352	50.88455934847077
620	47.795370481768195	31852.16756315963	8404.497773998344	0.0	2270.300845102203	47.795370481768195
