task	reward	total_reward	total_regret	relative	total_reward_dev	joules
0	56.98082479693573	56.98082479693573	19.462128749060547	0.0	43.109558959296265	56.98082479693573
1	61.92060099893034	118.90142579586615	41.9471042097463	0.0	56.73748319206225	61.92060099893034
2	66.8070933148051	185.70851911067115	71.52973510896213	0.0	73.38645589991883	66.8070933148051
3	62.61299363193101	248.3215127426021	98.15783809816197	0.0	83.58329927375652	62.61299363193101
4	57.97408728599773	306.2956000285999	117.50545628966472	0.0	90.49467875106964	57.97408728599773
5	64.91405431938075	371.2096543479805	145.6798174229869	0.0	97.79327034184095	64.91405431938075
6	54.35888739252143	425.56854174050227	161.51081639591166	0.0	107.87033372298762	54.35888739252143
7	71.29768680989169	496.8662285503939	194.5719660714438	0.0	112.65207087724433	71.29768680989169
8	72.81693576511695	569.6831643155108	227.92361961841306	0.0	120.96467213526924	72.81693576511695
9	62.95550719183459	632.6386715073454	254.30728751581174	0.0	126.17935586473295	62.95550719183459
10	85.18975805724587	717.8284295645908	302.07065644375706	0.0	129.18649375863995	85.18975805724587
11	78.93808434651285	796.7665139111041	344.1176100287263	0.0	128.3896408642908	78.93808434651285
12	60.389411918146415	857.1559258292505	365.6602588390945	0.0	131.98571858133576	60.389411918146415
13	67.26466437273122	924.4205902019816	396.36124757984226	0.0	134.27173933047362	67.26466437273122
14	62.52942451379084	986.950014715772	420.413331893315	0.0	138.5961464763474	62.52942451379084
15	63.75368765965797	1050.7037023754303	445.97351624620285	0.0	137.45543692267339	63.75368765965797
16	60.15960509368766	1110.8633074691184	468.28536434524875	0.0	142.10334137773089	60.15960509368766
17	65.8453463181627	1176.7086537872806	498.44364938294717	0.0	145.2704683330886	65.8453463181627
18	68.6063778223258	1245.315031609606	528.6010994838215	0.0	157.31209211493862	68.6063778223258
19	61.85245926549706	1307.1674908751029	552.8236658165099	0.0	159.2900422486096	61.85245926549706
20	66.09459216407745	1373.2620830391804	582.0417013086856	0.0	164.0152233495834	66.09459216407745
21	68.06019607797457	1441.3222791171552	610.8364753191211	0.0	164.98948189817048	68.06019607797457
22	62.59109621288627	1503.913375330041	635.1115912466934	0.0	166.87587316545432	62.59109621288627
23	64.58570151996224	1568.4990768500036	662.3093234365061	0.0	174.24825595173755	64.58570151996224
24	66.77917257341585	1635.2782494234198	692.151386075593	0.0	180.7146209301264	66.77917257341585
25	65.55447213358657	1700.8327215570055	721.6454460337889	0.0	189.33013004381888	65.55447213358657
26	69.89921998988812	1770.7319415468946	754.743379902932	0.0	189.76697130442844	69.89921998988812
27	66.34698232859286	1837.0789238754878	783.0688969666974	0.0	198.79311610344166	66.34698232859286
28	54.88239105121758	1891.9613149267054	802.2218095386232	0.0	205.39105566480515	54.88239105121758
29	62.49875623393252	1954.460071160637	826.2227368855705	0.0	202.7448007329027	62.49875623393252
30	63.497706184863155	2017.9577773455003	852.8488536561615	0.0	203.4356431097048	63.497706184863155
31	64.83420736325137	2082.7919847087514	882.1633384256612	0.0	198.15899048072978	64.83420736325137
32	71.35323457178559	2154.1452192805373	915.7494380647727	0.0	195.38400061135772	71.35323457178559
33	64.33568747051073	2218.4809067510478	944.2601831938239	0.0	202.160868696435	64.33568747051073
34	63.44383348632547	2281.924740237374	970.6759003494342	0.0	198.07478467296832	63.44383348632547
35	62.85098993459088	2344.775730171964	993.9997162770692	0.0	196.59316031806054	62.85098993459088
36	59.39030056796274	2404.166030739926	1017.3053499179483	0.0	197.43216967754236	59.39030056796274
37	64.11065857463873	2468.276689314565	1042.8045029988184	0.0	198.9428596030732	64.11065857463873
38	69.68664776001825	2537.9633370745837	1075.1693076796835	0.0	201.02415560596623	69.68664776001825
39	62.103503330888714	2600.0668404054727	1098.6501415261494	0.0	199.53355027434787	62.103503330888714
40	70.91973626908924	2670.9865766745606	1132.1100585275847	0.0	205.47614987443325	70.91973626908924
41	71.90699545265174	2742.893572127214	1167.6959840834895	0.0	201.78700100800253	71.90699545265174
42	64.31110356872264	2807.2046756959357	1193.3801661041307	0.0	206.4326536608026	64.31110356872264
43	70.30651498803384	2877.511190683971	1226.511268569642	0.0	211.77075046598964	70.30651498803384
44	58.54285194295454	2936.054042626923	1245.6051953900264	0.0	222.69287375778413	58.54285194295454
45	60.764051032345925	2996.8180936592703	1269.011872053495	0.0	226.64971309519495	60.764051032345925
46	67.5707059349936	3064.3887995942623	1298.8087774034566	0.0	224.12007350174915	67.5707059349936
47	70.54045056710734	3134.92925016137	1332.4909024897504	0.0	231.04603649073252	70.54045056710734
48	68.89500013381026	3203.8242502951803	1364.0525496498824	0.0	224.8571137777512	68.89500013381026
49	66.65233388001343	3270.4765841751946	1392.9972834164867	0.0	233.14927696094648	66.65233388001343
50	66.98698858709672	3337.463572762291	1422.6174929453505	0.0	238.2844144133862	66.98698858709672
51	67.25447134152915	3404.718044103819	1452.7087490153497	0.0	240.3052591277115	67.25447134152915
52	71.77333371627195	3476.4913778200907	1487.920045336085	0.0	240.49372124655127	71.77333371627195
53	56.4221817153909	3532.9135595354846	1505.5973940146127	0.0	239.0327605094342	56.4221817153909
54	64.90631665557784	3597.8198761910626	1532.4748590630663	0.0	242.4408840720573	64.90631665557784
55	62.63104560836725	3660.450921799429	1555.9941538357325	0.0	242.02792274365933	62.63104560836725
56	63.96488744458078	3724.4158092440075	1582.0296515004393	0.0	247.1313320220461	63.96488744458078
57	63.50661296800915	3787.9224222120192	1608.4355945761972	0.0	251.74944549247027	63.50661296800915
58	68.57787419202239	3856.500296404041	1639.2954737162072	0.0	259.95767059687336	68.57787419202239
59	61.9906576543915	3918.4909540584317	1664.94383389741	0.0	259.5658992039995	61.9906576543915
60	63.6811364797745	3982.1720905382062	1689.7598303523068	0.0	259.0721944272344	63.6811364797745
61	59.21188464855966	4041.383975186768	1712.3705358605418	0.0	263.6609549619262	59.21188464855966
62	67.46163908272086	4108.845614269488	1740.7277928866256	0.0	263.69273939366497	67.46163908272086
63	65.841054519696	4174.6866687891825	1768.3203948006994	0.0	271.3836943456356	65.841054519696
64	69.41313158826452	4244.099800377448	1800.0198363997508	0.0	274.6640308647711	69.41313158826452
65	64.72390748943313	4308.823707866881	1827.3731578706168	0.0	278.1655188722637	64.72390748943313
66	64.59492055269054	4373.41862841957	1854.3044128913616	0.0	280.8581960394338	64.59492055269054
67	65.3113574135441	4438.729985833115	1881.5626840361124	0.0	284.1364665777866	65.3113574135441
68	61.3935922211733	4500.123578054288	1904.955820542274	0.0	283.4865833244151	61.3935922211733
69	66.68993441552114	4566.813512469808	1933.0239191448918	0.0	285.50093414077037	66.68993441552114
70	56.2657444355016	4623.079256905311	1951.5152177005627	0.0	291.36476207840735	56.2657444355016
71	69.47642071521777	4692.5556776205285	1984.3346668324791	0.0	294.8108488762371	69.47642071521777
72	65.72326155948018	4758.278939180011	2012.218242965464	0.0	291.14548440885386	65.72326155948018
73	65.45792952535668	4823.736868705366	2039.3479515100005	0.0	294.7558481610607	65.45792952535668
74	57.869217761541925	4881.606086466905	2059.2669144561123	0.0	292.5406800570296	57.869217761541925
75	64.550891036691	4946.156977503598	2088.0793848094	0.0	298.46822428715603	64.550891036691
76	63.692945150396454	5009.849922653998	2114.096791552215	0.0	297.2009811443254	63.692945150396454
77	65.52485809402991	5075.374780748024	2140.081350394513	0.0	301.71350256217204	65.52485809402991
78	60.82894150856006	5136.203722256588	2162.835697902419	0.0	304.86224771898077	60.82894150856006
79	58.93171869478219	5195.135440951366	2184.982122950591	0.0	310.48072458134914	58.93171869478219
80	59.666709732828956	5254.802150684196	2205.801311221206	0.0	308.5362804784188	59.666709732828956
81	66.48303172521668	5321.285182409412	2233.369566123093	0.0	309.65596835369274	66.48303172521668
82	71.43578748680198	5392.720969896216	2266.748355468931	0.0	309.88174687057557	71.43578748680198
83	65.95274777282518	5458.673717669041	2294.7016751331057	0.0	316.8725219683772	65.95274777282518
84	66.82710350309198	5525.500821172134	2325.5140333590034	0.0	313.7095314345143	66.82710350309198
85	65.61718558680334	5591.118006758937	2354.4574447183	0.0	320.9236961898471	65.61718558680334
86	59.26179524593761	5650.379802004873	2375.415274550461	0.0	321.01265688737664	59.26179524593761
87	65.33780586601513	5715.71760787089	2402.4696508966454	0.0	319.0272193522521	65.33780586601513
88	61.63221976847588	5777.349827639365	2425.720875498987	0.0	323.36205476439966	61.63221976847588
89	66.5875669048156	5843.937394544182	2454.4336499430474	0.0	329.82777854656354	66.5875669048156
90	69.71921850966264	5913.656613053844	2487.101023354727	0.0	333.4222414169237	69.71921850966264
91	65.28057561745146	5978.937188671295	2513.6419732996806	0.0	338.78646129956445	65.28057561745146
92	62.77223739903696	6041.709426070331	2537.946017199425	0.0	341.2413984282481	62.77223739903696
93	61.24442267168842	6102.9538487420195	2563.5937193864193	0.0	348.9615808889342	61.24442267168842
94	61.04610422980432	6163.999952971823	2586.395411840287	0.0	352.36283902429705	61.04610422980432
95	60.6928619963405	6224.692814968168	2611.76332592972	0.0	356.4615794006923	60.6928619963405
96	61.24491251078506	6285.937727478952	2634.2823051364458	0.0	361.55860911255206	61.24491251078506
97	61.13104940549566	6347.0687768844455	2658.2314222218147	0.0	360.49628938521187	61.13104940549566
98	66.84470343587202	6413.913480320318	2686.030408961428	0.0	359.7003262444661	66.84470343587202
99	68.34583174364042	6482.259312063961	2715.646737996867	0.0	358.84024085982907	68.34583174364042
100	60.89088940293772	6543.150201466896	2737.976295014313	0.0	358.0232600356726	60.89088940293772
101	65.3373228157701	6608.487524282669	2765.3921294536144	0.0	363.41272351252735	65.3373228157701
102	63.73844405846895	6672.225968341131	2790.544050652632	0.0	364.1371448866681	63.73844405846895
103	61.27496781108084	6733.500936152219	2814.1664768613764	0.0	367.3523684998555	61.27496781108084
104	67.26232630120728	6800.763262453426	2842.839327147118	0.0	366.0879549640201	67.26232630120728
105	64.03507272776244	6864.798335181188	2869.1378395007755	0.0	366.9851547596173	64.03507272776244
106	65.66133797855115	6930.4596731597385	2898.934079938	0.0	366.1586113375979	65.66133797855115
107	63.043427002046485	6993.503100161789	2925.439113638615	0.0	370.65186340462355	63.043427002046485
108	64.90312075438398	7058.406220916167	2952.6794748679326	0.0	375.74052108102353	64.90312075438398
109	61.81542897645929	7120.221649892627	2976.0801658101223	0.0	378.6884646571545	61.81542897645929
110	70.87406193636289	7191.095711828991	3008.850247718196	0.0	381.3281645998172	70.87406193636289
111	62.35998601857529	7253.455697847564	3034.6833281045692	0.0	379.02207190579065	62.35998601857529
112	63.68873316342722	7317.144431010997	3060.7977813681755	0.0	384.3840740484415	63.68873316342722
113	71.08673095786628	7388.231161968859	3092.45726466669	0.0	389.00267817121033	71.08673095786628
114	59.74991403409492	7447.981076002957	3112.978182313299	0.0	383.89509052292334	59.74991403409492
115	61.30188041675218	7509.2829564197045	3135.16655924423	0.0	384.9412263738308	61.30188041675218
116	66.63149751347171	7575.914453933179	3164.0050670244823	0.0	387.4553179706356	66.63149751347171
117	69.32542115063215	7645.239875083813	3194.9558034008433	0.0	390.5850107088202	69.32542115063215
118	57.30157306279492	7702.541448146607	3214.605741887705	0.0	390.6558811961423	57.30157306279492
119	65.93413652541886	7768.475584672025	3243.620139808463	0.0	395.50539600995523	65.93413652541886
120	68.93155849550197	7837.407143167523	3276.8914923249567	0.0	398.7006347261607	68.93155849550197
121	72.15791821638946	7909.565061383921	3312.394488248174	0.0	397.083746494665	72.15791821638946
122	65.98196955932627	7975.547030943246	3341.666771893188	0.0	402.30538775782486	65.98196955932627
123	66.03704966526402	8041.584080608504	3371.9024779045126	0.0	399.4638471644793	66.03704966526402
124	64.62714279674493	8106.211223405254	3397.6368587358197	0.0	401.92206842389226	64.62714279674493
125	63.29229405934152	8169.503517464589	3422.2719781243836	0.0	404.60056651072773	63.29229405934152
126	57.22268514494183	8226.726202609534	3442.3879010763153	0.0	407.8513169604791	57.22268514494183
127	63.802028444768524	8290.528231054303	3467.054504011082	0.0	406.7451101019291	63.802028444768524
128	67.34920550639264	8357.877436560697	3495.773781378737	0.0	414.5675324279159	67.34920550639264
129	72.40278022582054	8430.280216786514	3530.468119867851	0.0	412.4870417863724	72.40278022582054
130	57.79648684609839	8488.076703632616	3550.462045650201	0.0	418.93801165459786	57.79648684609839
131	63.35507878002288	8551.43178241264	3577.0282314171	0.0	424.2285765150295	63.35507878002288
132	64.88876904974356	8616.320551462382	3603.765812907183	0.0	426.8096908474568	64.88876904974356
133	58.20352364551826	8674.5240751079	3625.70064046743	0.0	433.0834019883267	58.20352364551826
134	65.73149151576177	8740.25556662366	3654.3279094556515	0.0	438.4643641590732	65.73149151576177
135	59.2861045113718	8799.541671135034	3675.5900447940526	0.0	442.6461878399604	59.2861045113718
136	65.95885231753698	8865.500523452569	3703.808346598207	0.0	439.11323472486885	65.95885231753698
137	63.06056595411309	8928.561089406681	3729.8623005510285	0.0	445.9168703503738	63.06056595411309
138	57.473343226948046	8986.034432633627	3750.822325973277	0.0	444.1605300735476	57.473343226948046
139	60.6063394210926	9046.640772054725	3773.273618300318	0.0	439.4351248241421	60.6063394210926
140	63.64169714440898	9110.28246919913	3801.0298287089518	0.0	441.2966676050293	63.64169714440898
141	61.55718985666272	9171.839659055793	3825.458658868709	0.0	443.738777906827	61.55718985666272
142	66.6387580682544	9238.478417124052	3853.519504871805	0.0	451.5192765274751	66.6387580682544
143	61.594871733925004	9300.073288857977	3876.560074904709	0.0	453.76605379278067	61.594871733925004
144	57.73773180482154	9357.811020662797	3898.536881522306	0.0	459.0083273109892	57.73773180482154
145	61.8672413391736	9419.67826200197	3922.2298622255726	0.0	455.1542628155868	61.8672413391736
146	63.07333227445476	9482.751594276428	3947.8046574449636	0.0	459.5590466781652	63.07333227445476
147	57.85948301936068	9540.611077295784	3968.258234694525	0.0	460.9013822048849	57.85948301936068
148	61.53717415713455	9602.148251452914	3990.752011895458	0.0	459.5182092678353	61.53717415713455
149	64.25261390766069	9666.400865360576	4017.608055524599	0.0	460.0427057353935	64.25261390766069
150	67.83107231127508	9734.231937671857	4048.2887957906164	0.0	461.14120760005994	67.83107231127508
151	60.447331703284824	9794.679269375136	4069.8071998013284	0.0	465.7757054479431	60.447331703284824
152	60.82187277911999	9855.501142154259	4091.488021323526	0.0	470.35858047035515	60.82187277911999
153	66.01866713463804	9921.519809288899	4121.502508181074	0.0	473.70578104113775	66.01866713463804
154	65.89823929383968	9987.418048582733	4149.689937735312	0.0	464.007095226582	65.89823929383968
155	58.7733083316846	10046.19135691442	4169.5117712659485	0.0	464.94703355061307	58.7733083316846
156	59.933935843347	10106.125292757764	4192.494609002991	0.0	465.6390187030047	59.933935843347
157	60.831530436698905	10166.956823194463	4214.957946344988	0.0	465.69440167624316	60.831530436698905
158	58.66472544529054	10225.621548639758	4236.421645398309	0.0	467.4891138021194	58.66472544529054
159	62.05368138397881	10287.67523002374	4259.829195073334	0.0	469.44128395689347	62.05368138397881
160	58.245671105272265	10345.920901129004	4280.870868468964	0.0	470.49888780616044	58.245671105272265
161	60.2587334479072	10406.179634576913	4302.950443436392	0.0	467.9277196412926	60.2587334479072
162	62.054911468095526	10468.234546045009	4326.189972716903	0.0	471.82546535333137	62.054911468095526
163	70.70284355200116	10538.937389597011	4359.098776691037	0.0	469.17088761562906	70.70284355200116
164	64.80769188573315	10603.745081482739	4386.013281647612	0.0	474.27317183658585	64.80769188573315
165	67.1953678049467	10670.94044928769	4414.742847128205	0.0	471.4139780714424	67.1953678049467
166	63.68965679784814	10734.630106085537	4441.597709235447	0.0	478.7528843983322	63.68965679784814
167	64.86769231909184	10799.497798404629	4467.9199068670905	0.0	475.42957288478976	64.86769231909184
168	68.43167266027531	10867.929471064905	4498.471941756276	0.0	474.70134284491184	68.43167266027531
169	61.07579105727057	10929.005262122173	4521.543624487727	0.0	474.6570221554636	61.07579105727057
170	60.62422596643941	10989.629488088616	4543.324675892709	0.0	473.794113591824	60.62422596643941
171	60.85019252800985	11050.47968061663	4567.671268838429	0.0	480.57907244819586	60.85019252800985
172	62.657702543806636	11113.13738316043	4591.9207554454015	0.0	485.74517088985846	62.657702543806636
173	60.67932264822711	11173.816705808658	4614.6149681082725	0.0	484.9305073180774	60.67932264822711
174	61.74677119532927	11235.563477003989	4639.327050675245	0.0	485.55287332866544	61.74677119532927
175	65.95955416590765	11301.523031169892	4667.584096651469	0.0	484.1954565561604	65.95955416590765
176	67.58674586360968	11369.109777033498	4697.47038020603	0.0	482.47891493666816	67.58674586360968
177	66.23847756003438	11435.348254593544	4724.342796273349	0.0	493.1207334133257	66.23847756003438
178	68.03727734612816	11503.385531939672	4755.690662423159	0.0	490.8219780429506	68.03727734612816
179	59.22359179074068	11562.60912373041	4777.272817234365	0.0	488.4217162958783	59.22359179074068
180	63.66253348588568	11626.271657216294	4803.389172326642	0.0	488.8003568170648	63.66253348588568
181	67.67452980080607	11693.946187017102	4832.173296862589	0.0	483.92251223038096	67.67452980080607
182	60.597927112138606	11754.544114129236	4856.008010391954	0.0	477.42579077351303	60.597927112138606
183	66.85089593435148	11821.39501006359	4885.059144718701	0.0	477.92859050984845	66.85089593435148
184	68.56010574221489	11889.955115805798	4916.819786504664	0.0	481.41817831669124	68.56010574221489
185	61.65728294609272	11951.612398751893	4941.70985270854	0.0	484.33540663840506	61.65728294609272
186	58.34888290687721	12009.961281658767	4962.77177872736	0.0	489.2104738047187	58.34888290687721
187	63.432422532128555	12073.393704190907	4988.565072948862	0.0	490.9495119210994	63.432422532128555
188	61.91573365797254	12135.309437848877	5013.0907173301675	0.0	495.21798632252285	61.91573365797254
189	60.74605006447558	12196.055487913352	5034.7272054435825	0.0	497.0795024893211	60.74605006447558
190	56.206175863623024	12252.261663776972	5052.256465946644	0.0	495.6149668588896	56.206175863623024
191	63.34570022989172	12315.607364006864	5077.851623608096	0.0	494.8521397491173	63.34570022989172
192	59.23822672578517	12374.845590732644	5099.953179481243	0.0	495.7234649489812	59.23822672578517
193	63.188563701076106	12438.034154433726	5123.586662702552	0.0	497.09131704329036	63.188563701076106
194	59.73393462520967	12497.768089058925	5146.278063837349	0.0	497.6659506771874	59.73393462520967
195	63.59705596216172	12561.365145021091	5174.099652410518	0.0	503.10854119055807	63.59705596216172
196	63.3712339736377	12624.73637899473	5201.561994156049	0.0	501.38219869068973	63.3712339736377
197	61.4130087873162	12686.149387782047	5225.80044006074	0.0	502.8179111553433	61.4130087873162
198	71.44184638517882	12757.591234167228	5261.205668586776	0.0	500.472652130757	71.44184638517882
199	59.074365276402474	12816.665599443626	5280.917631162163	0.0	497.23578473980467	59.074365276402474
200	57.48890008961902	12874.154499533246	5300.127781965189	0.0	496.59574973793065	57.48890008961902
201	61.25329930353853	12935.407798836788	5324.0824826418075	0.0	493.1080858596108	61.25329930353853
202	55.88130458014039	12991.289103416932	5342.368223717678	0.0	493.623950896259	55.88130458014039
203	65.48310982123868	13056.772213238168	5370.708241235139	0.0	490.9945384828659	65.48310982123868
204	65.8076572876798	13122.579870525853	5398.369501048189	0.0	494.2321509917389	65.8076572876798
205	68.86406987863342	13191.44394040448	5429.699341570102	0.0	500.3301716311891	68.86406987863342
206	65.82067774828032	13257.26461815276	5458.524998850264	0.0	507.268198860937	65.82067774828032
207	66.70896186740731	13323.973580020158	5488.895348065556	0.0	516.0619722383551	66.70896186740731
208	60.42469542309359	13384.398275443262	5510.213729805393	0.0	516.3529312067025	60.42469542309359
209	65.902943630975	13450.301219074225	5538.765240289034	0.0	520.6378916020459	65.902943630975
210	62.62106751650857	13512.922286590743	5563.873369698601	0.0	518.3397870110559	62.62106751650857
211	60.980965966783344	13573.903252557528	5588.07480101274	0.0	528.2872348774088	60.980965966783344
212	61.8541025368887	13635.757355094416	5611.113684721445	0.0	532.960386573257	61.8541025368887
213	64.18996137397593	13699.947316468393	5637.810810814699	0.0	526.9048448127651	64.18996137397593
214	58.083388033416206	13758.030704501805	5658.524554475132	0.0	531.8038979995123	58.083388033416206
215	55.94260628780905	13813.973310789617	5676.107434329331	0.0	529.6560028204979	55.94260628780905
216	56.965533210506656	13870.938844000128	5695.342637677125	0.0	533.0628617891111	56.965533210506656
217	59.13918606546709	13930.078030065582	5716.508747162001	0.0	533.6190779579006	59.13918606546709
218	65.4119245323122	13995.489954597899	5744.52985791381	0.0	530.6633971145066	65.4119245323122
219	65.49886652751053	14060.988821125415	5772.8938211853965	0.0	530.3331201725572	65.49886652751053
220	60.7746821258465	14121.763503251259	5796.358345289985	0.0	532.1083050900569	60.7746821258465
221	59.071839882840706	14180.8353431341	5817.419784287045	0.0	538.2812288111423	59.071839882840706
222	57.77468723974931	14238.610030373851	5837.70801240331	0.0	541.3176365917226	57.77468723974931
223	57.919416480416295	14296.529446854267	5857.602733718147	0.0	548.0789094831086	57.919416480416295
224	56.79804052715125	14353.327487381417	5876.349239661852	0.0	548.6290370304883	56.79804052715125
225	56.626961103331766	14409.954448484757	5895.689885380891	0.0	547.1645254121926	56.626961103331766
226	58.66340333776521	14468.617851822512	5916.033432470933	0.0	550.7507443291485	58.66340333776521
227	60.038501287968856	14528.65635311049	5938.858940175933	0.0	561.3750767969563	60.038501287968856
228	62.9264567934547	14591.582809903939	5965.50852454745	0.0	563.8696500839684	62.9264567934547
229	58.13891626895863	14649.721726172902	5986.238393859644	0.0	562.6014346312444	58.13891626895863
230	60.68311135097692	14710.40483752387	6009.036839709913	0.0	564.1227142209482	60.68311135097692
231	68.67437868591557	14779.079216209786	6039.41908608918	0.0	570.3225612388934	68.67437868591557
232	56.501056974843394	14835.580273184627	6059.181727398552	0.0	570.1165984803022	56.501056974843394
233	62.72818883369765	14898.308462018329	6085.653948253591	0.0	569.514305750046	62.72818883369765
234	57.89393407497453	14956.202396093304	6105.730980580298	0.0	574.3745651169361	57.89393407497453
235	63.06823005900115	15019.270626152302	6130.861879196851	0.0	576.446002290757	63.06823005900115
236	63.987406456237856	15083.258032608535	6157.089751692181	0.0	579.8678002630211	63.987406456237856
237	62.31030339160124	15145.568336000133	6181.813836543036	0.0	579.8960817962433	62.31030339160124
238	61.378704814886724	15206.947040815028	6205.796227960403	0.0	579.8108362596447	61.378704814886724
239	60.07247630157366	15267.019517116607	6227.531214512488	0.0	583.0585775540254	60.07247630157366
240	62.23605044203702	15329.255567558645	6251.726863218092	0.0	587.0651964208085	62.23605044203702
241	60.275045766688834	15389.530613325325	6275.481106887037	0.0	593.1489652876273	60.275045766688834
242	65.07532203384967	15454.605935359175	6303.507866539339	0.0	591.5647828958867	65.07532203384967
243	60.11290393808966	15514.71883929727	6326.450721759337	0.0	595.650338107776	60.11290393808966
244	60.9999836708571	15575.718822968127	6351.0691387980505	0.0	603.9990177867642	60.9999836708571
245	63.95264429085904	15639.671467258971	6376.457071226049	0.0	608.472984655911	63.95264429085904
246	64.33239197823487	15704.003859237213	6402.26547872762	0.0	607.2914106908388	64.33239197823487
247	65.55789943291354	15769.561758670132	6430.152945611664	0.0	608.9905925112384	65.55789943291354
248	61.93615637546118	15831.49791504559	6454.079804729609	0.0	608.0897888098515	61.93615637546118
249	69.92485310130385	15901.4227681469	6488.006968044993	0.0	616.8836951800777	69.92485310130385
250	61.46461267726361	15962.887380824151	6511.513412978084	0.0	619.3399762286723	61.46461267726361
251	66.2295213798642	16029.116902204021	6540.844366821344	0.0	626.3338149092474	66.2295213798642
252	63.492373243142204	16092.609275447165	6566.862171102015	0.0	634.2803651938161	63.492373243142204
253	63.381020673118535	16155.990296120288	6593.589359437684	0.0	641.6878760815496	63.381020673118535
254	64.0353288045787	16220.025624924869	6619.732428973097	0.0	642.5881950204854	64.0353288045787
255	63.51955516647319	16283.545180091342	6644.690509622033	0.0	641.7984874745193	63.51955516647319
256	62.83247687262136	16346.377656963954	6671.63838752503	0.0	640.7496550596838	62.83247687262136
257	63.421493011565	16409.799149975526	6697.012591444247	0.0	638.5184841900733	63.421493011565
258	62.35545050973093	16472.15460048525	6722.204239415788	0.0	643.5249636998101	62.35545050973093
259	59.339325715922485	16531.49392620117	6743.317271099458	0.0	642.9329829337146	59.339325715922485
260	66.33485699851569	16597.828783199693	6771.632721827978	0.0	654.5816353093406	66.33485699851569
261	59.16269515936727	16656.99147835905	6793.2419391700705	0.0	663.7390307236948	59.16269515936727
262	63.3464889903103	16720.337967349373	6820.835852691929	0.0	660.3754952794106	63.3464889903103
263	57.51256756293027	16777.8505349123	6841.051259058864	0.0	659.5607866150981	57.51256756293027
264	59.6879041731165	16837.53843908542	6863.127727829071	0.0	663.7770640537101	59.6879041731165
265	63.789510780321386	16901.327949865743	6889.4794916656865	0.0	663.6955181213161	63.789510780321386
266	52.77757520763946	16954.105525073373	6903.087726363592	0.0	659.501702852925	52.77757520763946
267	63.01701234173479	17017.12253741511	6929.349735715224	0.0	663.0328876125765	63.01701234173479
268	58.95549150073194	17076.078028915843	6951.520199920886	0.0	666.3391945326418	58.95549150073194
269	60.60643914595334	17136.68446806179	6974.846028033938	0.0	677.1577914752944	60.60643914595334
270	61.478710916174165	17198.16317897798	6999.412933608629	0.0	681.563208853733	61.478710916174165
271	58.1116431287057	17256.27482210668	7018.706095233929	0.0	677.4235144423127	58.1116431287057
272	59.903792806767925	17316.17861491344	7039.585171177372	0.0	682.4302441345822	59.903792806767925
273	58.500108279875406	17374.678723193312	7060.093542922054	0.0	686.8697123167267	58.500108279875406
274	63.46284675150254	17438.14156994482	7085.570260040893	0.0	689.4155478667599	63.46284675150254
275	58.05333885724924	17496.194908802077	7105.952663058479	0.0	692.4530565121876	58.05333885724924
276	62.181129861743614	17558.37603866381	7130.862653914165	0.0	695.6325068558637	62.181129861743614
277	63.838847303858614	17622.21488596767	7156.577961681835	0.0	695.0317880083606	63.838847303858614
278	57.02919699940735	17679.24408296708	7175.38794634213	0.0	694.0485533373779	57.02919699940735
279	55.45999883023871	17734.704081797317	7193.889850185191	0.0	698.0062050828047	55.45999883023871
280	62.717515246261534	17797.421597043587	7219.503094946941	0.0	703.9296375427206	62.717515246261534
281	60.247131285735016	17857.66872832932	7241.8588938841895	0.0	711.7602066459217	60.247131285735016
282	55.68857418531889	17913.357302514632	7260.221621035522	0.0	711.2959282875244	55.68857418531889
283	61.59676729223767	17974.954069806874	7284.198094091914	0.0	713.6572278956754	61.59676729223767
284	61.84719614870395	18036.801265955575	7308.85570862584	0.0	713.5146963806086	61.84719614870395
285	61.598058927117634	18098.399324882685	7333.05360570204	0.0	723.8089293973692	61.598058927117634
286	58.034092092476016	18156.433416975156	7352.630240537011	0.0	723.0844345605653	58.034092092476016
287	64.7008960198583	18221.134312995022	7379.9224120681065	0.0	720.5889201961463	64.7008960198583
288	58.52247152137696	18279.656784516403	7400.211192909588	0.0	725.792896804396	58.52247152137696
289	62.05636427911418	18341.71314879552	7424.5293301799675	0.0	733.0785084140541	62.05636427911418
290	56.88465178898494	18398.597800584495	7444.658552916268	0.0	736.7310193361368	56.88465178898494
291	57.265598326737454	18455.863398911235	7463.766296130675	0.0	742.4772265059315	57.265598326737454
292	58.36923178013633	18514.23263069137	7484.383050792012	0.0	740.3056831270158	58.36923178013633
293	62.3428409340812	18576.575471625452	7507.727935576731	0.0	738.9080763009221	62.3428409340812
294	56.200565566387475	18632.77603719184	7525.711987993552	0.0	740.2003726610511	56.200565566387475
295	63.734786699027474	18696.51082389086	7551.667595699607	0.0	749.7428371480948	63.734786699027474
296	61.83130285288065	18758.34212674375	7575.196678600021	0.0	759.5237863860401	61.83130285288065
297	55.991076557035896	18814.333203300786	7592.694627615358	0.0	757.8819219336272	55.991076557035896
298	57.30095987507838	18871.634163175862	7613.130868942008	0.0	753.5676920988673	57.30095987507838
299	68.03751306172387	18939.671676237595	7642.499803281016	0.0	758.8666395228785	68.03751306172387
300	57.964819492214694	18997.636495729796	7662.461286715129	0.0	761.2519783588251	57.964819492214694
301	73.52630229379511	19071.162798023597	7698.324724306305	0.0	766.1478722461922	73.52630229379511
302	64.40424996279937	19135.56704798639	7724.386823604536	0.0	763.7599212080833	64.40424996279937
303	61.501033853916226	19197.068081840313	7750.6421283591235	0.0	763.6075709704573	61.501033853916226
304	62.07056545092873	19259.13864729124	7775.483901502488	0.0	769.4453927323078	62.07056545092873
305	58.287625518253726	19317.426272809502	7794.217813930987	0.0	770.9156872456452	58.287625518253726
306	59.40673454146125	19376.833007350953	7817.181311225948	0.0	771.1929938625674	59.40673454146125
307	57.718644483236154	19434.551651834186	7837.070231813789	0.0	777.3959486871172	57.718644483236154
308	62.19583906463855	19496.74749089883	7862.065049762775	0.0	779.8085371858301	62.19583906463855
309	55.60677851191842	19552.354269410745	7880.434115457593	0.0	787.5059834024987	55.60677851191842
310	57.879547035348985	19610.233816446093	7901.151164770463	0.0	786.2150753226078	57.879547035348985
311	60.80195305837992	19671.035769504466	7924.308109566167	0.0	792.7737935613422	60.80195305837992
312	61.68470120633347	19732.720470710814	7946.699425820881	0.0	796.869055942976	61.68470120633347
313	55.17538675970555	19787.895857470518	7962.945882264005	0.0	802.4185219538139	55.17538675970555
314	58.2558564918954	19846.151713962412	7983.450418406599	0.0	801.633200379807	58.2558564918954
315	63.78435732330985	19909.936071285727	8009.829938674478	0.0	803.777427830755	63.78435732330985
316	58.88508114146339	19968.821152427186	8030.190936605842	0.0	810.20074511388	58.88508114146339
317	65.70214490074689	20034.523297327924	8058.805466426469	0.0	808.9529828377883	65.70214490074689
318	56.98578724900517	20091.50908457694	8077.467982304141	0.0	812.8329639188662	56.98578724900517
319	58.087671444190455	20149.596756021117	8098.391232681648	0.0	819.6006401149813	58.087671444190455
320	62.36718378983464	20211.963939810958	8123.872935024465	0.0	816.3689700379063	62.36718378983464
321	67.65485536694855	20279.618795177914	8153.679590850715	0.0	820.3352646244364	67.65485536694855
322	60.721356873388	20340.340152051303	8176.442971468342	0.0	832.462149255252	60.721356873388
323	58.72265203083478	20399.062804082132	8197.730527462063	0.0	833.2099982848362	58.72265203083478
324	63.54827845206794	20462.6110825342	8223.57218196424	0.0	834.1417004887943	63.54827845206794
325	57.796513660435565	20520.40759619463	8245.363000761132	0.0	836.5197990579184	57.796513660435565
326	57.586365952948626	20577.993962147586	8263.83018721778	0.0	833.9070901062179	57.586365952948626
327	63.5921008015961	20641.58606294918	8290.6677274204	0.0	831.3961536087127	63.5921008015961
328	58.16543347745421	20699.751496426634	8309.591237039114	0.0	833.5945397497727	58.16543347745421
329	59.544097863835276	20759.295594290474	8331.125308975692	0.0	839.9866520195125	59.544097863835276
330	63.10581503419396	20822.401409324662	8355.22158887302	0.0	843.1968762332577	63.10581503419396
331	58.57453517071772	20880.975944495363	8376.080027332448	0.0	856.070262191027	58.57453517071772
332	52.169014873958396	20933.14495936934	8392.0348853656	0.0	861.7258569653283	52.169014873958396
333	56.93515994160798	20990.08011931094	8410.811894801529	0.0	863.7947607513526	56.93515994160798
334	65.13939946336085	21055.219518774305	8436.827619058127	0.0	872.5461627141603	65.13939946336085
335	65.21063722164804	21120.430155995953	8465.38841349297	0.0	871.9156785707971	65.21063722164804
336	59.07984639622031	21179.510002392173	8488.74757107115	0.0	878.346926657991	59.07984639622031
337	63.14514748113683	21242.655149873302	8514.063690314284	0.0	885.9593829449642	63.14514748113683
338	57.45987976249885	21300.11502963581	8533.310682207262	0.0	889.140760719766	57.45987976249885
339	63.09544665686046	21363.210476292676	8559.264321878663	0.0	900.2211452204341	63.09544665686046
340	70.44883584751972	21433.659312140186	8591.476555513833	0.0	902.3640811509849	70.44883584751972
341	65.07519526131077	21498.734507401503	8618.353005689805	0.0	910.2510455806084	65.07519526131077
342	65.00859283953493	21563.743100241038	8644.679630559118	0.0	905.2613098068019	65.00859283953493
343	61.76785192659725	21625.510952167628	8668.027244652772	0.0	913.56542858379	61.76785192659725
344	56.592635813489224	21682.103587981124	8687.001027258852	0.0	916.0653789462602	56.592635813489224
345	54.101426796010216	21736.205014777133	8702.183871378053	0.0	919.9927680287842	54.101426796010216
346	61.18689284014309	21797.39190761727	8724.28337361038	0.0	920.9405149942772	61.18689284014309
347	58.28585636063999	21855.677763977907	8745.37534192964	0.0	920.6364151130924	58.28585636063999
348	56.24041285640584	21911.918176834308	8763.79943936146	0.0	921.3063542772438	56.24041285640584
349	67.54926864040945	21979.467445474733	8793.871423405091	0.0	925.0651287135557	67.54926864040945
350	54.04518238777011	22033.512627862496	8809.216447678471	0.0	929.3713794966628	54.04518238777011
351	61.98086291564216	22095.493490778146	8832.288719459826	0.0	931.5818866968849	61.98086291564216
352	61.10158013190218	22156.59507091004	8857.317873566406	0.0	931.1959865899211	61.10158013190218
353	61.651200705712256	22218.246271615753	8882.087982858302	0.0	932.3551383616775	61.651200705712256
354	58.86386042849157	22277.110132044247	8903.178967193502	0.0	931.1878781451519	58.86386042849157
355	59.176017842205766	22336.286149886455	8926.488141012653	0.0	929.3094573236431	59.176017842205766
356	61.20778563427885	22397.49393552073	8949.35581343756	0.0	926.9421400437561	61.20778563427885
357	62.54977896475955	22460.043714485495	8973.330956626382	0.0	927.0699957707949	62.54977896475955
358	58.896118727450755	22518.939833212928	8995.557014048909	0.0	928.2713962686419	58.896118727450755
359	58.273821926563386	22577.213655139505	9014.91201213963	0.0	927.7414494442914	58.273821926563386
360	57.00701621577716	22634.22067135528	9035.875650933749	0.0	928.5861892719527	57.00701621577716
361	59.060500049948175	22693.281171405226	9056.400337858848	0.0	936.8134499369064	59.060500049948175
362	62.02325119670175	22755.304422601937	9080.911401172865	0.0	938.9273684479617	62.02325119670175
363	63.13443396399114	22818.43885656592	9107.056835524356	0.0	941.8461764831563	63.13443396399114
364	60.50383637083068	22878.94269293676	9130.250907049794	0.0	941.6383633942997	60.50383637083068
365	66.7737178565833	22945.716410793342	9157.431459169055	0.0	938.80153721979	66.7737178565833
366	58.89421762097744	23004.610628414306	9177.508962943515	0.0	941.6224164257882	58.89421762097744
367	59.75973707931257	23064.370365493625	9199.140206260197	0.0	940.0219679021757	59.75973707931257
368	57.92089195251248	23122.29125744613	9220.24953893774	0.0	940.9394062549711	57.92089195251248
369	60.20591210242671	23182.49716954856	9243.202964919725	0.0	943.3835886357944	60.20591210242671
370	69.4737527714421	23251.97092232	9274.561580691661	0.0	938.8037581168755	69.4737527714421
371	66.4704588953586	23318.44138121536	9303.932475674754	0.0	942.3070845265921	66.4704588953586
372	55.34887520267652	23373.79025641804	9320.787160153948	0.0	949.3303559228799	55.34887520267652
373	58.40077021559329	23432.191026633627	9340.807163457705	0.0	950.3151449575641	58.40077021559329
374	61.43643953917208	23493.627466172817	9362.977139223314	0.0	953.9029755996233	61.43643953917208
375	54.80493327072104	23548.43239944353	9379.62420556402	0.0	956.0611995397292	54.80493327072104
376	54.12792933608681	23602.560328779615	9398.627401100332	0.0	963.081069316002	54.12792933608681
377	54.06481972523456	23656.625148504845	9414.56754562633	0.0	958.9405313362292	54.06481972523456
378	58.70954858881135	23715.334697093665	9436.28068267804	0.0	964.5082351539716	58.70954858881135
379	56.3311187360436	23771.665815829703	9454.804748632894	0.0	965.5714302621574	56.3311187360436
380	61.07168920766093	23832.737505037352	9479.069258277594	0.0	963.672849994597	61.07168920766093
381	56.709482128552864	23889.44698716592	9498.338881069029	0.0	967.580031804687	56.709482128552864
382	61.875821841373536	23951.322809007284	9524.498155708958	0.0	969.5995039845743	61.875821841373536
383	53.765288673689874	24005.08809768098	9540.29941713903	0.0	973.1342753311449	53.765288673689874
384	57.371317931495824	24062.459415612473	9560.006707816618	0.0	975.1817944912156	57.371317931495824
385	60.26304287143701	24122.722458483902	9583.885754692825	0.0	985.2021635129532	60.26304287143701
386	56.251638536434974	24178.974097020342	9602.42311569748	0.0	985.1986568834833	56.251638536434974
387	61.90947214343123	24240.88356916378	9625.406341782445	0.0	987.6457768427259	61.90947214343123
388	62.523088605773125	24303.40665776955	9650.549757520737	0.0	992.4329522068822	62.523088605773125
389	63.66774505519626	24367.074402824743	9676.498353908897	0.0	998.564339932691	63.66774505519626
390	64.11693606198699	24431.191338886736	9703.015914236325	0.0	999.7876859069407	64.11693606198699
391	63.754674055991565	24494.94601294272	9730.634576142693	0.0	1006.0664040269211	63.754674055991565
392	54.54308222517834	24549.489095167894	9747.484403510014	0.0	1011.7841471827298	54.54308222517834
393	63.9568286702815	24613.445923838197	9772.924837741115	0.0	1012.9799371157203	63.9568286702815
394	63.807785460881824	24677.25370929906	9799.612298409567	0.0	1026.2047742842835	63.807785460881824
395	59.25313095884105	24736.506840257916	9819.541230225792	0.0	1031.495736781855	59.25313095884105
396	52.914668118269645	24789.42150837617	9834.952268066228	0.0	1034.33973784944	52.914668118269645
397	57.805104410225375	24847.2266127864	9855.677741134185	0.0	1034.7601228553622	57.805104410225375
398	57.77228734096213	24904.998900127353	9876.754897340947	0.0	1039.4264621968987	57.77228734096213
399	52.156976419841946	24957.1558765472	9888.018577639268	0.0	1045.8076052523036	52.156976419841946
400	59.351707813284314	25016.50758436049	9909.662554005197	0.0	1048.1191802740707	59.351707813284314
401	57.339331850286015	25073.846916210772	9928.620898647403	0.0	1056.1818218204323	57.339331850286015
402	68.32009393443596	25142.16701014521	9957.858289856571	0.0	1057.8500807810105	68.32009393443596
403	51.45422728675546	25193.621237431966	9972.602616437029	0.0	1056.5055688531374	51.45422728675546
404	61.79453559503223	25255.415773027005	9999.423389211423	0.0	1060.0045899215609	61.79453559503223
405	58.74378978988757	25314.159562816894	10022.239829067126	0.0	1061.5505917646474	58.74378978988757
406	58.31626533383084	25372.475828150717	10043.826468899144	0.0	1064.9960206802934	58.31626533383084
407	56.39215040896887	25428.86797855969	10062.974948860587	0.0	1065.7826273984535	56.39215040896887
408	61.62799967214373	25490.495978231822	10087.159071374483	0.0	1065.025708669317	61.62799967214373
409	55.841785859208294	25546.33776409104	10103.699897968727	0.0	1071.0766437965906	55.841785859208294
410	50.386726689661145	25596.7244907807	10116.376103634419	0.0	1074.2468324931556	50.386726689661145
411	58.77061536915214	25655.495106149858	10136.282326729737	0.0	1069.7241260170401	58.77061536915214
412	58.01433461729965	25713.50944076716	10157.04504259458	0.0	1075.613777037816	58.01433461729965
413	56.47312032778891	25769.982561094934	10177.051871847754	0.0	1079.371718304777	56.47312032778891
414	59.294069591792294	25829.27663068673	10201.151718682413	0.0	1082.31909698091	59.294069591792294
415	59.67776860346518	25888.954399290196	10222.641349764119	0.0	1088.8595132781086	59.67776860346518
416	59.51709063437472	25948.471489924585	10244.370198461693	0.0	1094.2728350062578	59.51709063437472
417	59.227954387684356	26007.699444312242	10266.039095817992	0.0	1098.7484953951314	59.227954387684356
418	54.97611747585307	26062.67556178811	10283.786848949494	0.0	1102.8341420400711	54.97611747585307
419	65.8100004731977	26128.48556226131	10312.738143235089	0.0	1104.7259874045615	65.8100004731977
420	55.34531862393578	26183.830880885234	10330.60628486435	0.0	1106.788085252577	55.34531862393578
421	57.71514126211541	26241.546022147355	10351.43553717941	0.0	1110.4282954932148	57.71514126211541
422	57.93961753698779	26299.48563968434	10370.625602416538	0.0	1112.6944453473352	57.93961753698779
423	58.633005557218205	26358.118645241568	10391.210330230535	0.0	1116.1905385658674	58.633005557218205
424	60.47396058841325	26418.592605829974	10412.03440612245	0.0	1120.6877928432853	60.47396058841325
425	63.36786353312332	26481.960469363097	10438.721450671837	0.0	1117.3107015104802	63.36786353312332
426	66.00663029172843	26547.967099654834	10468.130059428031	0.0	1127.5938741753455	66.00663029172843
427	60.45784391010648	26608.42494356492	10490.469002102012	0.0	1127.185844571746	60.45784391010648
428	58.06871959263196	26666.493663157573	10509.544910393663	0.0	1125.4678277831033	58.06871959263196
429	51.33554531431146	26717.829208471896	10523.295930080114	0.0	1130.4140720170992	51.33554531431146
430	63.03716876663736	26780.866377238523	10549.008355699552	0.0	1134.146773858615	63.03716876663736
431	59.4880804215974	26840.35445766011	10570.57041034436	0.0	1136.1168593282277	59.4880804215974
432	64.17422809168907	26904.528685751815	10596.276586595226	0.0	1140.028309294231	64.17422809168907
433	55.3619599767211	26959.89064572853	10613.213113180569	0.0	1145.1262372675294	55.3619599767211
434	54.02778069587734	27013.918426424392	10629.67650943905	0.0	1149.2277441570307	54.02778069587734
435	57.86410376096059	27071.78253018535	10648.844302257421	0.0	1153.172306891887	57.86410376096059
436	55.24756528759241	27127.030095472943	10665.34990242322	0.0	1148.5985704725576	55.24756528759241
437	57.80511087908117	27184.83520635204	10686.488842461717	0.0	1150.3111873600221	57.80511087908117
438	57.76454604421741	27242.599752396247	10707.186728179158	0.0	1149.6492189114115	57.76454604421741
439	55.464926854291626	27298.06467925055	10724.311540288503	0.0	1153.971601771784	55.464926854291626
440	62.16266098886853	27360.227340239406	10748.09464778811	0.0	1156.9731999160938	62.16266098886853
441	58.59362131980859	27418.820961559224	10770.44090311979	0.0	1161.0847386363162	58.59362131980859
442	57.58295791968724	27476.403919478907	10790.427006582075	0.0	1155.3576769976135	57.58295791968724
443	61.88655077993999	27538.290470258846	10813.554831697258	0.0	1161.2309695262115	61.88655077993999
444	66.27832837699816	27604.568798635843	10842.439413544696	0.0	1173.5880523682822	66.27832837699816
445	57.8061739264203	27662.37497256227	10864.41785396524	0.0	1178.167257301901	57.8061739264203
446	59.2176535706271	27721.592626132886	10886.631204795807	0.0	1178.790151437827	59.2176535706271
447	56.27097703454699	27777.86360316744	10903.31961959285	0.0	1184.8883586881104	56.27097703454699
448	60.26207372802301	27838.125676895463	10928.335454110047	0.0	1185.2874268483358	60.26207372802301
449	62.765675845300656	27900.89135274076	10953.648447429206	0.0	1183.2974289969266	62.765675845300656
450	54.75510887532716	27955.64646161609	10971.237311561717	0.0	1177.9164562294998	54.75510887532716
451	65.06954996159632	28020.71601157767	10997.590598658062	0.0	1186.1272551346303	65.06954996159632
452	59.6229347657892	28080.338946343483	11018.371108286008	0.0	1187.0719590286988	59.6229347657892
453	55.61727040479062	28135.956216748273	11036.38082916076	0.0	1191.5983332724143	55.61727040479062
454	60.223698795530794	28196.179915543795	11059.087289313373	0.0	1192.4673989911942	60.223698795530794
455	60.69883992640658	28256.878755470207	11081.639250924667	0.0	1191.6374268770312	60.69883992640658
456	61.71737411137241	28318.59612958158	11104.601463569905	0.0	1195.1894070209787	61.71737411137241
457	59.94658668576543	28378.542716267348	11126.227118175339	0.0	1199.568549932941	59.94658668576543
458	59.24280627089826	28437.78552253825	11148.081715081571	0.0	1203.128113311891	59.24280627089826
459	63.227359626237	28501.01288216449	11172.879704039326	0.0	1207.3282459332916	63.227359626237
460	60.45584415098039	28561.46872631545	11196.904929148206	0.0	1208.3605826681933	60.45584415098039
461	51.51034688711605	28612.97907320257	11212.379518394948	0.0	1214.1079374946637	51.51034688711605
462	58.43298609038716	28671.412059292958	11232.520277837148	0.0	1219.3804257413076	58.43298609038716
463	62.66639309536498	28734.078452388323	11255.927672623742	0.0	1214.880908616288	62.66639309536498
464	58.08149656857278	28792.159948956883	11276.213290381334	0.0	1216.747023643477	58.08149656857278
465	58.21294131988828	28850.372890276787	11296.009091842798	0.0	1218.6262766913658	58.21294131988828
466	58.200917930550396	28908.573808207337	11315.841086671353	0.0	1220.4407225161083	58.200917930550396
467	54.605543219930816	28963.179351427272	11332.844462883158	0.0	1222.787801910734	54.605543219930816
468	62.188942065194375	29025.368293492476	11358.612019799577	0.0	1225.9620191907413	62.188942065194375
469	55.91088674292071	29081.27918023535	11375.978545840624	0.0	1232.3335485746147	55.91088674292071
470	56.79370361447182	29138.072883849847	11394.67926634277	0.0	1240.7840760942847	56.79370361447182
471	59.32910154495703	29197.40198539482	11416.907432098247	0.0	1243.2521729988457	59.32910154495703
472	61.98170283256111	29259.38368822736	11441.019097006832	0.0	1249.496170075659	61.98170283256111
473	64.04604498294816	29323.42973321033	11467.872922812638	0.0	1251.3908556495999	64.04604498294816
474	58.535623293579974	29381.965356503893	11488.750942634104	0.0	1258.3894033195552	58.535623293579974
475	63.94042998456043	29445.905786488438	11515.511316402648	0.0	1266.175815868025	63.94042998456043
476	60.8265556159512	29506.732342104406	11539.507918285848	0.0	1272.962579825676	60.8265556159512
477	62.163540471407316	29568.895882575824	11562.403840387406	0.0	1279.5323931689054	62.163540471407316
478	55.40814278330456	29624.30402535912	11578.03483825093	0.0	1279.3601939526013	55.40814278330456
479	55.201308679113296	29679.50533403824	11596.2640898816	0.0	1277.4587742669398	55.201308679113296
480	62.22098151522819	29741.726315553467	11620.203616699668	0.0	1286.3816557193472	62.22098151522819
481	57.38956257385953	29799.115878127337	11640.364285669466	0.0	1284.2444922312877	57.38956257385953
482	50.53523707692226	29849.65111520424	11653.512050416255	0.0	1282.3484925556268	50.53523707692226
483	62.786964070163556	29912.438079274405	11679.060563381568	0.0	1286.1807476133188	62.786964070163556
484	62.52077309114295	29974.958852365548	11704.794338298014	0.0	1285.1279722534182	62.52077309114295
485	59.88213762175008	30034.840989987304	11727.510731397277	0.0	1289.066332106265	59.88213762175008
486	53.1228300574211	30087.963820044733	11742.275783734422	0.0	1291.2527649376557	53.1228300574211
487	60.06461316756548	30148.02843321227	11764.654127058755	0.0	1296.3730860540234	60.06461316756548
488	58.81969891758305	30206.848132129875	11785.223025999225	0.0	1299.6454799580463	58.81969891758305
489	61.636073490977196	30268.484205620833	11806.849178645618	0.0	1302.40402739434	61.636073490977196
490	55.29779492892284	30323.782000549767	11823.712595542112	0.0	1301.0451425412505	55.29779492892284
491	52.80920594085995	30376.591206490615	11840.312791377582	0.0	1302.003123694137	52.80920594085995
492	51.51405803642059	30428.105264527043	11854.64209725568	0.0	1299.996638655673	51.51405803642059
493	59.82118026040266	30487.926444787445	11876.915267611164	0.0	1297.9132382727296	59.82118026040266
494	63.47024400187334	30551.396688789315	11901.71175478659	0.0	1297.7605757249637	63.47024400187334
495	61.80676502801848	30613.20345381734	11926.818934332374	0.0	1297.7586245917742	61.80676502801848
496	61.82255064534193	30675.026004462685	11951.507519464569	0.0	1297.5818219099444	61.82255064534193
497	56.915237192400326	30731.941241655095	11969.891240399913	0.0	1299.3509295297538	56.915237192400326
498	59.01187070941105	30790.953112364492	11990.328798073466	0.0	1301.6649432974996	59.01187070941105
499	53.681916522820465	30844.63502888732	12006.880708312028	0.0	1306.1054981544632	53.681916522820465
500	59.86837725274849	30904.503406140055	12029.704740211782	0.0	1317.292858586126	59.86837725274849
501	49.34514082433189	30953.8485469644	12040.131680960809	0.0	1314.0567586562015	49.34514082433189
502	59.592115245442955	31013.44066220984	12063.242856324445	0.0	1314.0253413240507	59.592115245442955
503	57.86101519707726	31071.30167740692	12084.71605419377	0.0	1314.7275383576368	57.86101519707726
504	51.77733460538855	31123.07901201231	12099.45804736623	0.0	1320.1051272818563	51.77733460538855
505	54.96108708333615	31178.040099095637	12116.996481551447	0.0	1323.2723768087935	54.96108708333615
506	58.868463179985454	31236.908562275625	12138.464858571453	0.0	1324.609281566467	58.868463179985454
507	57.212081647005455	31294.12064392263	12159.535404210517	0.0	1319.6646011073378	57.212081647005455
508	61.00697232021335	31355.127616242844	12182.445815156616	0.0	1329.0529194415574	61.00697232021335
509	60.74881498529343	31415.87643122813	12204.965184691753	0.0	1335.1614852518455	60.74881498529343
510	59.97842630940672	31475.854857537535	12229.07243468002	0.0	1340.7082461117475	59.97842630940672
511	54.00559033020067	31529.860447867737	12246.069056401622	0.0	1350.7367459045122	54.00559033020067
512	64.17898713112363	31594.039434998864	12246.069056401622	0.0	1350.0741206889682	64.17898713112363
