task	reward	total_reward	total_regret	relative	total_reward_dev	joules
0	80.65519694238905	80.65519694238905	10.651805253579353	0.0	29.721227660210076	80.65519694238905
1	80.74451216283428	161.39970910522337	19.037443144151272	0.0	39.44271897893815	80.74451216283428
2	73.21036443127265	234.61007353649592	20.549549402107626	0.0	41.184317785888105	73.21036443127265
3	75.73735229012843	310.3474258266243	25.163350850842935	0.0	47.073342399609274	75.73735229012843
4	74.81567972919852	385.163105555823	29.539229463336643	0.0	53.77986889059518	74.81567972919852
5	79.9710072116472	465.1341127674699	38.234961474214124	0.0	59.59750772959734	79.9710072116472
6	73.22342051689866	538.3575332843687	40.702297932279265	0.0	60.780072357608255	73.22342051689866
7	75.03148244340207	613.3890157277707	44.488920010561195	0.0	67.75228312454749	75.03148244340207
8	73.25909993591532	686.6481156636862	45.68692314703346	0.0	69.86301175376839	73.25909993591532
9	74.23805836064399	760.8861740243302	47.91913201391097	0.0	76.01927680244039	74.23805836064399
10	72.01836009157138	832.904534115901	50.09267530066949	0.0	77.67221494901787	72.01836009157138
11	73.34563130809835	906.250165424	51.23408292086979	0.0	79.5048631630356	73.34563130809835
12	76.27740457784432	982.5275700018439	55.704007326696065	0.0	81.66479140572301	76.27740457784432
13	77.75004397435109	1060.2776139761952	62.5385801532448	0.0	86.20573470372126	77.75004397435109
14	75.74871866803369	1136.026332644229	67.21001317314695	0.0	88.17193818603502	75.74871866803369
15	75.75956109367971	1211.7858937379085	70.84347008334744	0.0	91.43905148797093	75.75956109367971
16	72.91097070476003	1284.6968644426684	72.32500793851048	0.0	95.50670772600586	72.91097070476003
17	78.03521602789573	1362.7320804705637	79.11925778386167	0.0	97.26124758533713	78.03521602789573
18	72.43935466833248	1435.1714351388966	80.48217281354353	0.0	98.06083875671725	72.43935466833248
19	79.09682073208015	1514.2682558709766	88.06318185964865	0.0	97.32601793672575	79.09682073208015
20	73.89375709770093	1588.1620129686771	91.22581541647942	0.0	97.5386626068795	73.89375709770093
21	79.07187137807081	1667.2338843467492	99.55182210280476	0.0	99.53550178986977	79.07187137807081
22	74.46101928621775	1741.694903632967	103.44512484998015	0.0	99.63767264510156	74.46101928621775
23	78.00383961804428	1819.69874325101	110.25562294380047	0.0	104.49297957246891	78.00383961804428
24	73.75659975037411	1893.4553430013848	112.75006085436024	0.0	105.24994539456216	73.75659975037411
25	73.18531627919818	1966.640659280583	115.43525549513225	0.0	108.86998497119072	73.18531627919818
26	73.2924603411188	2039.9331196217017	117.29266359480962	0.0	106.79239982638276	73.2924603411188
27	78.5963534073555	2118.5294730290566	124.02530325577227	0.0	113.77892265104407	78.5963534073555
28	74.92746861170276	2193.45694164076	126.71715019811617	0.0	114.82785320829879	74.92746861170276
29	71.20626100943304	2264.6632026501934	127.58805535751715	0.0	115.91204589377233	71.20626100943304
30	75.60718032593844	2340.2703829761313	132.539500271209	0.0	119.65659693403758	75.60718032593844
31	76.21906957723517	2416.489452553367	138.3726837863688	0.0	127.83731822090488	76.21906957723517
32	80.59781148047925	2497.087264033845	147.83225091323555	0.0	131.75588632352714	80.59781148047925
33	76.71401183419134	2573.801275868036	153.75955161096624	0.0	133.6292214901739	76.71401183419134
34	74.93982815259008	2648.741104020627	156.59073453235834	0.0	136.46845081141979	74.93982815259008
35	79.78035476947403	2728.521458790101	166.21185314580228	0.0	138.13751006885303	79.78035476947403
36	71.11397827144499	2799.635437061546	166.84009813196323	0.0	138.90787818696546	71.11397827144499
37	74.41491535664467	2874.0503524181904	170.07439988473757	0.0	138.18540988898602	74.41491535664467
38	76.92215315792447	2950.9725055761146	175.39161137450577	0.0	138.36252536936829	76.92215315792447
39	75.39939598022573	3026.37190155634	178.7267212099779	0.0	145.14428250295444	75.39939598022573
40	73.45837131775383	3099.830272874096	180.82512811514897	0.0	145.2705680325951	73.45837131775383
41	77.87379165297494	3177.70406452707	187.330474743496	0.0	151.91574314492257	77.87379165297494
42	75.3572307165615	3253.061295243631	191.25546859549286	0.0	152.38167784740997	75.3572307165615
43	74.71267640604447	3327.7739716496744	194.53822505657604	0.0	154.20115881558988	74.71267640604447
44	72.69174306375163	3400.465714713428	197.25731861306951	0.0	158.43519014128705	72.69174306375163
45	78.12152877155441	3478.587243484982	204.07363695984571	0.0	159.89950998438857	78.12152877155441
46	77.98256055797722	3556.569804042958	210.48627227584763	0.0	162.2441465577176	77.98256055797722
47	73.25090847985493	3629.820712522813	213.4738841566112	0.0	163.1321414569771	73.25090847985493
48	73.63966588202913	3703.460378404843	215.21644377639032	0.0	163.5827007754761	73.63966588202913
49	78.29176664133477	3781.752145046177	221.6296468270024	0.0	165.54860662945347	78.29176664133477
50	76.31192409747057	3858.064069143648	226.9274571635888	0.0	166.41551470031803	76.31192409747057
51	78.55217747256478	3936.6162466162114	234.31276966394566	0.0	168.73448353925608	78.55217747256478
52	76.6029924794073	4013.21923909562	239.39067468901715	0.0	164.7342906380592	76.6029924794073
53	78.3746060176783	4091.5938451132993	247.08900292723757	0.0	167.69891255009577	78.3746060176783
54	78.85597024863466	4170.449815361934	255.88221197661852	0.0	167.23320721748976	78.85597024863466
55	77.8583395752613	4248.308154937193	262.65058079296637	0.0	170.68017992414732	77.8583395752613
56	74.76601526863	4323.074170205823	266.3289101934449	0.0	171.4002042288305	74.76601526863
57	75.89221237399987	4398.966382579825	271.15365791450563	0.0	169.37118116239898	75.89221237399987
58	74.98773175447884	4473.954114334305	276.1606339197381	0.0	172.69718268914608	74.98773175447884
59	74.54401172319335	4548.498126057497	277.9242942158894	0.0	174.667024549115	74.54401172319335
60	74.64041930887562	4623.138545366373	282.50841363015275	0.0	177.9421380187178	74.64041930887562
61	74.95236688014326	4698.0909122465155	285.9986568750983	0.0	180.30909647148366	74.95236688014326
62	72.39545686268526	4770.4863691092005	287.7816172359169	0.0	182.5890838855536	72.39545686268526
63	73.35786000741962	4843.844229116619	290.5885978663062	0.0	181.05622684397702	73.35786000741962
64	77.49111744573794	4921.335346562359	296.73913329874455	0.0	183.43699911384192	77.49111744573794
65	74.15644026286125	4995.491786825221	299.1378281627895	0.0	181.54716048121998	74.15644026286125
66	77.74835749026028	5073.2401443154795	305.37160379917464	0.0	181.67566098054604	77.74835749026028
67	75.3666333438846	5148.606777659364	309.25501321511166	0.0	182.53246321450553	75.3666333438846
68	75.3888367685627	5223.995614427926	314.0646556606717	0.0	185.0894619777163	75.3888367685627
69	74.55819174428889	5298.553806172215	318.0052779270206	0.0	187.47686492048956	74.55819174428889
70	74.48576849393737	5373.0395746661525	322.2928476551786	0.0	188.97915312655005	74.48576849393737
71	72.81489502422247	5445.854469690376	323.39011380604865	0.0	189.09753652222392	72.81489502422247
72	75.84891240630827	5521.703382096685	327.62731048025836	0.0	192.3679921702168	75.84891240630827
73	74.07851815954702	5595.781900256229	330.69418235148646	0.0	192.97525579785332	74.07851815954702
74	78.53460192719997	5674.31650218343	337.4438087577663	0.0	193.6087582114641	78.53460192719997
75	75.04330932858589	5749.359811512018	341.13238576893417	0.0	193.74136673838566	75.04330932858589
76	78.76178562409953	5828.121597136114	349.73864843042793	0.0	193.81518466369303	78.76178562409953
77	76.16981487867938	5904.291412014794	355.51001694381404	0.0	195.0071160704524	76.16981487867938
78	75.17310226424343	5979.464514279042	358.8307605072031	0.0	197.4839805302807	75.17310226424343
79	74.4217269318744	6053.886241210913	362.4302775325665	0.0	197.2285639483626	74.4217269318744
80	76.44746040131005	6130.333701612223	367.76977811345625	0.0	198.4043301311661	76.44746040131005
81	73.49719012623636	6203.830891738458	369.78273124448896	0.0	203.46586286642017	73.49719012623636
82	76.86005736861954	6280.690949107084	374.77917824201825	0.0	199.67476580407444	76.86005736861954
83	76.01561995317793	6356.706569060258	379.599592273259	0.0	202.11793054992188	76.01561995317793
84	76.76172314838053	6433.468292208637	384.75854411191835	0.0	199.36197036058724	76.76172314838053
85	72.53162597820841	6505.999918186846	385.7833118493901	0.0	200.7670298223459	72.53162597820841
86	73.78519052983088	6579.785108716676	388.7624751932422	0.0	205.08632626108383	73.78519052983088
87	74.21851081378827	6654.003619530467	392.2451812801888	0.0	207.2204702166584	74.21851081378827
88	75.03021889625002	6729.033838426721	395.4973802253601	0.0	205.01483582987916	75.03021889625002
89	76.68539543550185	6805.719233862221	400.8399008900517	0.0	204.29841693380294	76.68539543550185
90	75.44156751328158	6881.160801375501	405.6778467926709	0.0	204.05904732375154	75.44156751328158
91	77.73302766251108	6958.893829038012	411.33196611702135	0.0	206.5637346780209	77.73302766251108
92	71.50061881483268	7030.394447852846	411.5560493979486	0.0	206.05947021572482	71.50061881483268
93	75.94072323129453	7106.335171084137	416.85584654604725	0.0	208.43000576838654	75.94072323129453
94	78.02701725292611	7184.362188337066	424.7828751339429	0.0	210.98153478515644	78.02701725292611
95	75.89358973255398	7260.25577806962	428.67151590990994	0.0	212.3039516219787	75.89358973255398
96	74.17544586456134	7334.4312239341825	432.40139154558267	0.0	213.75755413701958	74.17544586456134
97	73.0402469295721	7407.471470863753	435.21744259086864	0.0	216.40173434554936	73.0402469295721
98	76.16126408783448	7483.632734951581	439.8715456403124	0.0	216.34204912874316	76.16126408783448
99	75.07137376212802	7558.704108713714	444.1060993668793	0.0	215.80095204313443	75.07137376212802
100	74.00940058694779	7632.713509300665	447.3709749779197	0.0	217.93973203520125	74.00940058694779
101	75.65116464847247	7708.364673949135	452.11780340467203	0.0	218.29658790117236	75.65116464847247
102	74.47275381002494	7782.837427759159	455.3374664896128	0.0	220.2858764553768	74.47275381002494
103	78.12748735545607	7860.964915114619	463.2452597149858	0.0	225.46709680465577	78.12748735545607
104	73.40989524952562	7934.374810364144	464.9249175649295	0.0	226.66657227057703	73.40989524952562
105	75.57339934604285	8009.948209710186	470.31089686639245	0.0	226.90216995659452	75.57339934604285
106	73.01482595921465	8082.963035669398	472.25686333597764	0.0	228.22311965482575	73.01482595921465
107	74.4112831495184	8157.374318818919	475.4246292780891	0.0	228.51240637890533	74.4112831495184
108	72.67177743151642	8230.046096250435	476.6413649769856	0.0	230.09456624479418	72.67177743151642
109	76.02185176604418	8306.067948016478	481.0816783017397	0.0	231.57081089855248	76.02185176604418
110	78.45729753731577	8384.525245553794	488.2887105829424	0.0	234.00864328578484	78.45729753731577
111	76.87137482585001	8461.396620379644	496.08948692330546	0.0	233.30058518758688	76.87137482585001
112	73.81630620034048	8535.212926579983	498.640703206759	0.0	231.22374972929543	73.81630620034048
113	74.89836426822876	8610.111290848214	503.758075944458	0.0	231.12942527033886	74.89836426822876
114	77.04333994922312	8687.154630797439	509.66825023024984	0.0	232.77891901807445	77.04333994922312
115	77.15017378743964	8764.304804584874	515.4496870987928	0.0	234.1977489805339	77.15017378743964
116	79.14499906103997	8843.449803645915	522.0868376132432	0.0	232.61396431778513	79.14499906103997
117	75.76297897202443	8919.21278261794	527.3197459118098	0.0	231.71641073893377	75.76297897202443
118	73.48458292639526	8992.697365544333	529.1085588476315	0.0	235.52300502188365	73.48458292639526
119	74.05303307204444	9066.750398616377	533.1323229285136	0.0	235.5020426678839	74.05303307204444
120	76.22462462804246	9142.975023244422	538.2128004385546	0.0	238.01381379724143	76.22462462804246
121	74.90459002257964	9217.879613267003	540.7556714236941	0.0	237.25756738187883	74.90459002257964
122	73.7556764833675	9291.635289750371	544.8910916507597	0.0	235.67739482141667	73.7556764833675
123	71.58206946403783	9363.217359214403	545.0903870587595	0.0	236.41282255398696	71.58206946403783
124	74.7973715332612	9438.014730747667	548.8730826686121	0.0	235.96729274418973	74.7973715332612
125	75.85513833818834	9513.869869085856	552.8226305084803	0.0	239.54150070365117	75.85513833818834
126	74.07258521871152	9587.942454304568	556.7903053663003	0.0	239.49402041751367	74.07258521871152
127	76.63078720491762	9664.573241509479	562.7583966405931	0.0	240.56436964229223	76.63078720491762
128	72.28004964607179	9736.853291155554	563.7800662867787	0.0	239.32828859796768	72.28004964607179
129	76.32241810763922	9813.175709263192	569.8732572790714	0.0	245.51418334408925	76.32241810763922
130	74.89310443895909	9888.068813702155	574.4294707031447	0.0	245.55417149771228	74.89310443895909
131	75.58862977017758	9963.657443472335	579.7188632621875	0.0	242.87359239235172	75.58862977017758
132	72.34751609500749	10036.004959567339	581.5930609618498	0.0	245.24863247768545	72.34751609500749
133	75.59009131207526	10111.595050879412	585.470538344164	0.0	245.41328138553303	75.59009131207526
134	74.30689787346492	10185.901948752875	587.5994308180715	0.0	243.8030738146921	74.30689787346492
135	76.05946125751667	10261.9614100104	592.4047969685796	0.0	248.02962014415348	76.05946125751667
136	77.29119484304525	10339.252604853438	599.2111326502213	0.0	244.19112253493438	77.29119484304525
137	79.33577621633154	10418.588381069772	607.4346616486669	0.0	247.28415511609919	79.33577621633154
138	74.54738208087768	10493.135763150654	611.2581905135728	0.0	250.3323113703574	74.54738208087768
139	76.604752148405	10569.740515299052	616.5021029614296	0.0	252.08727543108031	76.604752148405
140	73.74214074016737	10643.482656039223	619.2300862652924	0.0	251.19583685732835	73.74214074016737
141	74.79026433808937	10718.27292037731	622.112110983659	0.0	254.71165415991976	74.79026433808937
142	73.79453672883572	10792.067457106145	622.6766517229413	0.0	258.1197947785695	73.79453672883572
143	76.47412897482992	10868.541586080968	628.0162576299111	0.0	259.5271918759531	76.47412897482992
144	74.09245576320774	10942.634041844187	632.145186788967	0.0	261.0656629249003	74.09245576320774
145	76.50521383114696	11019.13925567533	636.885655844527	0.0	257.620947867044	76.50521383114696
146	76.16513324446437	11095.304388919794	642.5840263012051	0.0	257.4437191034188	76.16513324446437
147	75.74721668787834	11171.051605607669	647.8503612391509	0.0	257.22900916427454	75.74721668787834
148	77.8176599022898	11248.869265509958	654.0883671662879	0.0	257.4392839559903	77.8176599022898
149	75.45088831276493	11324.320153822731	659.4486756185476	0.0	255.42033502025384	75.45088831276493
150	76.92463611449465	11401.244789937222	665.7837126492839	0.0	256.1569615453248	76.92463611449465
151	76.14065223292671	11477.385442170145	671.1137194358811	0.0	256.00311453349826	76.14065223292671
152	78.49402047600375	11555.879462646153	677.6556517207052	0.0	256.91603054657014	78.49402047600375
153	73.89467008352186	11629.774132729668	680.9059552713547	0.0	254.923572684567	73.89467008352186
154	74.13866414375772	11703.91279687344	683.7577614036447	0.0	254.08670849500234	74.13866414375772
155	77.03265602858305	11780.945452902011	688.4185116187739	0.0	253.15547690743725	77.03265602858305
156	73.9627740018591	11854.908226903883	691.5511780031765	0.0	252.9801478789377	73.9627740018591
157	72.8337293748676	11927.74195627874	692.6615240089569	0.0	249.6524264761847	72.8337293748676
158	73.65694343167033	12001.398899710419	696.8650737686082	0.0	249.33505026223773	73.65694343167033
159	75.26964158419742	12076.668541294615	701.1912832194081	0.0	250.20942463342126	75.26964158419742
160	75.24101515138224	12151.909556445997	705.7467187646438	0.0	250.27584689412143	75.24101515138224
161	75.10370314531036	12227.013259591302	710.6728776821475	0.0	250.86561284557814	75.10370314531036
162	74.06268600679763	12301.075945598104	713.7073172539433	0.0	250.91773227004035	74.06268600679763
163	70.32148177274408	12371.397427370846	713.574686735532	0.0	252.6815699960495	70.32148177274408
164	73.09195948357716	12444.489386854426	715.1604119854683	0.0	253.37889190630364	73.09195948357716
165	74.55782180446623	12519.047208658892	718.7458001279371	0.0	258.8299847803772	74.55782180446623
166	76.1103535574421	12595.15756221633	722.7563059935852	0.0	257.771635711345	76.1103535574421
167	75.8044106949462	12670.961972911276	728.0637324887814	0.0	258.4938791218484	75.8044106949462
168	74.11821099160424	12745.080183902879	730.6940549437194	0.0	259.2293549972505	74.11821099160424
169	77.00434147063702	12822.084525373517	736.48012056672	0.0	258.4199234638706	77.00434147063702
170	74.9512158187709	12897.035741192287	740.6025932785515	0.0	260.17492650885083	74.9512158187709
171	73.75336504617549	12970.78910623846	743.2778442408235	0.0	261.40748004233757	73.75336504617549
172	78.75128617612567	13049.540392414594	750.3518021929735	0.0	261.15165432254986	78.75128617612567
173	71.18011978693058	13120.720512201518	750.6754809435467	0.0	261.710811515666	71.18011978693058
174	75.46999662420073	13196.19050882572	755.9970323951477	0.0	259.72142004232086	75.46999662420073
175	75.32648833676043	13271.516997162478	760.3596760021372	0.0	259.71634807941183	75.32648833676043
176	78.81997554913363	13350.336972711615	769.9315981945143	0.0	257.27448228330206	78.81997554913363
177	72.46029708508873	13422.797269796702	772.3859106846312	0.0	259.02036377867023	72.46029708508873
178	74.05332772189722	13496.850597518602	775.477685264663	0.0	257.5442638998971	74.05332772189722
179	73.6569965128292	13570.507594031431	777.841905011261	0.0	258.03583329259857	73.6569965128292
180	73.0365707546012	13643.544164786035	780.4149136558472	0.0	258.78764298547634	73.0365707546012
181	78.97957802249992	13722.523742808538	788.7943547121031	0.0	256.4228499435311	78.97957802249992
182	75.8241955648826	13798.347938373416	794.0584581377153	0.0	257.0686843609441	75.8241955648826
183	76.86023663015965	13875.20817500358	799.0783710629777	0.0	256.3610308192148	76.86023663015965
184	75.17464082235642	13950.382815825928	803.9768314976766	0.0	255.61536265166842	75.17464082235642
185	74.83396002646322	14025.216775852394	806.7635055444603	0.0	255.1629317446806	74.83396002646322
186	74.74120253054163	14099.957978382938	810.0615160639155	0.0	257.0946789760259	74.74120253054163
187	77.08780054530315	14177.045778928239	816.1158397208548	0.0	262.01405689320137	77.08780054530315
188	77.04011149136521	14254.085890419601	821.6437730907294	0.0	263.3693019400519	77.04011149136521
189	76.2209353594805	14330.306825779078	827.9496596860575	0.0	266.19847996049634	76.2209353594805
190	77.4585141927928	14407.765339971878	833.6579351551127	0.0	264.89112428728646	77.4585141927928
191	75.89946626558947	14483.664806237468	837.5772169778976	0.0	264.902916751192	75.89946626558947
192	77.91466391940956	14561.579470156872	844.2835504449881	0.0	267.510846639569	77.91466391940956
193	75.30104829368724	14636.88051845056	849.5913828127943	0.0	269.0413948974492	75.30104829368724
194	74.82919707277631	14711.70971552334	853.6161210372114	0.0	268.68421929055773	74.82919707277631
195	74.60750673798555	14786.317222261328	856.3912193592554	0.0	270.7664610762234	74.60750673798555
196	75.54538893500687	14861.86261119633	859.9400518540261	0.0	274.36432784185916	75.54538893500687
197	77.13724765177327	14938.9998588481	864.19311768799	0.0	276.5511359182575	77.13724765177327
198	76.7203706907551	15015.720229538854	869.3486099810314	0.0	277.08609198356953	76.7203706907551
199	76.25330000210997	15091.973529540974	874.206483643875	0.0	277.3725961642504	76.25330000210997
200	75.44203374888336	15167.41556328985	878.6775701877114	0.0	278.2409250259666	75.44203374888336
201	75.16595734593464	15242.581520635784	882.2950228378232	0.0	278.0937652952633	75.16595734593464
202	76.82529395222983	15319.406814588012	888.1851448868524	0.0	278.45821220847273	76.82529395222983
203	77.58513478637276	15396.991949374391	894.3692581784568	0.0	278.8461371895213	77.58513478637276
204	71.87581196815633	15468.867761342544	895.2163717504076	0.0	279.33726626598394	71.87581196815633
205	77.6974908634151	15546.565252205964	903.4140131757669	0.0	282.4875922699181	77.6974908634151
206	74.76284764342796	15621.328099849383	905.5571643809537	0.0	280.5864067952973	74.76284764342796
207	76.45168464673813	15697.779784496117	911.4263246284204	0.0	282.45823636311286	76.45168464673813
208	76.04209583781534	15773.82188033394	916.6808251145869	0.0	281.8265740545665	76.04209583781534
209	75.41033732681706	15849.232217660756	920.4254173300523	0.0	282.3937403567788	75.41033732681706
210	71.66107238129453	15920.893290042048	920.5246103156398	0.0	282.8733244097421	71.66107238129453
211	80.23316309727596	16001.126453139335	929.9191500477158	0.0	291.052224314012	80.23316309727596
212	75.11746794415407	16076.243921083484	933.7433640225274	0.0	291.7282083925362	75.11746794415407
213	71.66879476026256	16147.912715843751	934.7253852734287	0.0	291.8798832108331	71.66879476026256
214	76.08022015940553	16223.992936003155	940.2786386161332	0.0	293.9825844006895	76.08022015940553
215	73.76580818817847	16297.75874419133	942.5810356738235	0.0	292.57250541904216	73.76580818817847
216	78.41628188610105	16376.175026077426	950.4248163324668	0.0	292.9026741436505	78.41628188610105
217	72.72823824536982	16448.90326432281	952.4030757011565	0.0	294.05648636479907	72.72823824536982
218	78.26487739875085	16527.168141721548	959.3831363521833	0.0	293.12898939881285	78.26487739875085
219	76.39007456697085	16603.558216288526	966.6396215849279	0.0	296.29946321952656	76.39007456697085
220	77.03929637608212	16680.597512664604	973.2250285425573	0.0	294.75037914509915	77.03929637608212
221	76.63446914746837	16757.23198181207	979.5676253423055	0.0	298.07541524317804	76.63446914746837
222	73.33127129000042	16830.56325310207	981.795843473719	0.0	297.3277471857433	73.33127129000042
223	80.79294846845856	16911.356201570532	991.4490713359569	0.0	295.68029440495326	80.79294846845856
224	77.34152470551749	16988.69772627605	996.6955818142918	0.0	299.5626079014548	77.34152470551749
225	74.29493245639632	17062.992658732455	999.4763282185033	0.0	298.8985276492046	74.29493245639632
226	73.38936325638221	17136.38202198883	1001.1797942426148	0.0	299.34724539907324	73.38936325638221
227	74.0832275444767	17210.46524953331	1003.8103028785719	0.0	300.43880568416193	74.0832275444767
228	77.01624317431208	17287.481492707608	1010.250786329102	0.0	302.61975190551107	77.01624317431208
229	74.81825287287009	17362.29974558048	1014.0034229521962	0.0	305.8628408993863	74.81825287287009
230	74.16672120238621	17436.466466782873	1017.6806525366483	0.0	309.3278591898824	74.16672120238621
231	76.73580138118987	17513.202268164063	1023.7068256223843	0.0	308.85132086448976	76.73580138118987
232	77.40745674695236	17590.609724911006	1030.2349214537048	0.0	309.2502979298106	77.40745674695236
233	78.10465975262224	17668.71438466363	1037.7308564981588	0.0	309.7071579026185	78.10465975262224
234	75.25861297748659	17743.97299764113	1041.4514643087825	0.0	308.4085897802815	75.25861297748659
235	75.46366495360984	17819.436662594737	1044.82949364045	0.0	307.5785509780672	75.46366495360984
236	75.43299985769434	17894.869662452435	1048.867155869445	0.0	307.446213957703	75.43299985769434
237	77.872044918087	17972.741707370507	1056.5073559046255	0.0	308.7409128016919	77.872044918087
238	76.61373096034391	18049.355438330862	1061.628142188974	0.0	309.1895297683453	76.61373096034391
239	75.89214889065485	18125.247587221504	1067.6086333279588	0.0	304.85712794693023	75.89214889065485
240	77.31751627076966	18202.56510349228	1073.9494061060307	0.0	303.9777757968087	77.31751627076966
241	75.9940764760022	18278.55917996828	1078.8042342157369	0.0	303.64620539305355	75.9940764760022
242	74.74758179529543	18353.306761763582	1082.989093219807	0.0	304.851720441806	74.74758179529543
243	78.17354454396934	18431.48030630754	1089.5652173367403	0.0	311.40707586133954	78.17354454396934
244	74.63548624680321	18506.115792554345	1092.7941942017683	0.0	310.75691909749474	74.63548624680321
245	74.55664703084665	18580.672439585196	1096.9400135908988	0.0	312.19214017000695	74.55664703084665
246	72.89215654984447	18653.564596135046	1099.0734135183304	0.0	314.25988766092587	72.89215654984447
247	75.81156844009675	18729.37616457514	1104.1733299042871	0.0	313.15608022195534	75.81156844009675
248	76.20091148973687	18805.577076064874	1110.126020239947	0.0	312.6393921982781	76.20091148973687
249	74.94970042468803	18880.526776489558	1113.0616555917516	0.0	312.5797263660193	74.94970042468803
250	72.77112841438367	18953.29790490395	1115.3801001682277	0.0	314.52614662093725	72.77112841438367
251	80.50564960366032	19033.803554507613	1125.6804219614721	0.0	314.9484396530924	80.50564960366032
252	76.81164697492969	19110.615201482542	1132.4569230636982	0.0	313.7862200956032	76.81164697492969
253	76.22467741522301	19186.839878897757	1136.9559257792382	0.0	312.3732313205744	76.22467741522301
254	78.60551815570848	19265.445397053474	1145.153788084158	0.0	312.0453557649057	78.60551815570848
255	74.71907252979467	19340.164469583262	1148.628292733714	0.0	311.1552785279598	74.71907252979467
256	74.94927478038817	19415.113744363658	1151.8795119098413	0.0	311.447775340485	74.94927478038817
257	75.95626572844398	19491.070010092088	1157.331767467539	0.0	315.17038773389936	75.95626572844398
258	75.20578098343022	19566.275791075524	1160.3052366730283	0.0	314.81411622508216	75.20578098343022
259	73.74147062723218	19640.01726170275	1162.8942695143235	0.0	315.43167207324154	73.74147062723218
260	73.26963084322153	19713.286892545984	1163.9474873015033	0.0	315.1902812437599	73.26963084322153
261	73.59870694977499	19786.88559949576	1165.8887138956445	0.0	319.2449283969939	73.59870694977499
262	78.0156888118916	19864.90128830765	1173.1849582830584	0.0	320.6054096525627	78.0156888118916
263	74.14821165841576	19939.04949996606	1177.3970356065242	0.0	317.81724641651846	74.14821165841576
264	73.18220572110978	20012.231705687176	1179.5370797032558	0.0	317.17497733822114	73.18220572110978
265	77.00736489986602	20089.239070587035	1186.6933611490274	0.0	318.32619976734117	77.00736489986602
266	77.40975662167513	20166.648827208715	1194.4363554247577	0.0	321.9660092561681	77.40975662167513
267	73.09669797913918	20239.745525187842	1195.7657767583785	0.0	319.9288225075775	73.09669797913918
268	76.75454220322312	20316.500067391073	1200.9585362214748	0.0	321.06958744829683	76.75454220322312
269	72.4875756335927	20388.987643024662	1201.4841337103112	0.0	320.78917837566024	72.4875756335927
270	73.81862744650029	20462.80627047117	1204.7806489775626	0.0	322.32087450281927	73.81862744650029
271	78.05357747191779	20540.859847943095	1211.5331146925737	0.0	324.3243508981495	78.05357747191779
272	70.01498190790831	20610.874829850993	1209.768300873634	0.0	323.40884689956386	70.01498190790831
273	74.6546422976565	20685.52947214865	1213.3400017049573	0.0	327.18346345786165	74.6546422976565
274	71.69227828420802	20757.221750432855	1213.9685742631555	0.0	326.40484684826305	71.69227828420802
275	72.24684908820315	20829.468599521057	1215.7885579858762	0.0	325.27548372118775	72.24684908820315
276	75.74291319001676	20905.21151271107	1219.9207664763646	0.0	328.0816617079664	75.74291319001676
277	73.53320207895486	20978.744714790028	1222.7995348256352	0.0	328.3930771378797	73.53320207895486
278	76.858234852542	21055.60294964256	1227.7422888809888	0.0	330.84628770149766	76.858234852542
279	74.65070990181992	21130.2536595444	1232.181849573303	0.0	333.5356931663116	74.65070990181992
280	75.11640753963273	21205.370067084026	1236.4964517087171	0.0	333.07686983096477	75.11640753963273
281	78.25626718586402	21283.62633426989	1244.091235600938	0.0	332.34002300954864	78.25626718586402
282	72.11894199711682	21355.745276267007	1245.1021807573086	0.0	332.0771798562086	72.11894199711682
283	73.53296187978113	21429.278238146788	1246.4034608143138	0.0	332.9092045578228	73.53296187978113
284	77.94068267256364	21507.218920819356	1252.8656345609859	0.0	335.7295430385255	77.94068267256364
285	73.17637059734763	21580.395291416702	1254.851339793428	0.0	334.97746081992494	73.17637059734763
286	76.07491396545146	21656.470205382146	1260.3028314409398	0.0	335.1872200539829	76.07491396545146
287	74.58508575618988	21731.055291138335	1263.6291493572191	0.0	337.1649416012493	74.58508575618988
288	78.12513306092286	21809.180424199272	1269.898347864841	0.0	338.1176290211831	78.12513306092286
289	79.08805716973022	21888.268481368985	1277.0456342617324	0.0	338.0454982953914	79.08805716973022
290	76.62054588808498	21964.889027257086	1281.649929725367	0.0	338.8952792691012	76.62054588808498
291	75.35638184747967	22040.245409104555	1285.2699304252808	0.0	338.63421671729435	75.35638184747967
292	72.68656611614458	22112.9319752207	1285.919374571055	0.0	336.4192277434556	72.68656611614458
293	75.69230379728354	22188.62427901798	1290.3636942672397	0.0	336.1601603737968	75.69230379728354
294	73.62172681470535	22262.2460058327	1293.657135711243	0.0	334.92628484591836	73.62172681470535
295	73.57779150748298	22335.823797340174	1295.9726620510578	0.0	336.666328713392	73.57779150748298
296	76.5036019999081	22412.327399340087	1301.616100752899	0.0	339.42854611425486	76.5036019999081
297	73.89949677710857	22486.22689611719	1304.5907293764822	0.0	339.54136787892406	73.89949677710857
298	75.1511312909286	22561.378027408115	1307.4100143880587	0.0	339.81314925932014	75.1511312909286
299	73.95451274759488	22635.332540155716	1310.5653230130038	0.0	341.494079034063	73.95451274759488
300	74.69094695383828	22710.023487109556	1314.5593002038543	0.0	342.7977671153592	74.69094695383828
301	75.3419901106509	22785.365477220206	1319.0123909413235	0.0	344.08222958410624	75.3419901106509
302	71.48561527809461	22856.851092498295	1319.4594783324035	0.0	342.4393424273988	71.48561527809461
303	75.53181130646085	22932.38290380475	1323.6156706861525	0.0	340.5106960879684	75.53181130646085
304	72.77353593690654	23005.15643974166	1326.1715391258872	0.0	341.5039285399453	72.77353593690654
305	76.3990677579409	23081.555507499605	1330.0370641704046	0.0	340.4114899959383	76.3990677579409
306	74.66194482547942	23156.217452325087	1333.6591819873138	0.0	345.21680435722334	74.66194482547942
307	74.88668579001498	23231.104138115104	1337.8623321573448	0.0	344.40296327863143	74.88668579001498
308	74.36870324293957	23305.472841358034	1341.0102970321907	0.0	344.26566409007506	74.36870324293957
309	79.66317632280585	23385.136017680838	1350.3271825934917	0.0	351.71577161573424	79.66317632280585
310	70.90580666396416	23456.041824344815	1350.8411873862651	0.0	351.6359504689545	70.90580666396416
311	75.8710205095545	23531.91284485436	1354.0897426933743	0.0	349.52837163066954	75.8710205095545
312	74.97888847011966	23606.891733324486	1357.9202410094697	0.0	347.77090784025614	74.97888847011966
313	75.28741585917027	23682.17914918366	1362.9918087578594	0.0	349.2727503055432	75.28741585917027
314	74.3456977386769	23756.524846922326	1366.8095223837072	0.0	351.09237886634855	74.3456977386769
315	77.98291329815717	23834.507760220506	1373.4766924267672	0.0	356.3123569321353	77.98291329815717
316	76.36879894887302	23910.876559169363	1378.9140269101463	0.0	356.16787709994054	76.36879894887302
317	72.56775497022463	23983.444314139575	1379.6379535023907	0.0	358.4216809649557	72.56775497022463
318	76.59025242994551	24060.03456656954	1384.727040888862	0.0	357.7662276351828	76.59025242994551
319	80.05948614408265	24140.09405271361	1393.0309323902175	0.0	356.0463914186267	80.05948614408265
320	78.28726952111236	24218.381322234723	1400.0273931769607	0.0	356.9438578186716	78.28726952111236
321	75.96291688800652	24294.344239122744	1404.13841252324	0.0	362.9834073700673	75.96291688800652
322	73.5680564901176	24367.91229561284	1406.5126523121796	0.0	363.7601893574238	73.5680564901176
323	77.11165241920338	24445.02394803205	1412.8548012699873	0.0	365.8785086526471	77.11165241920338
324	75.07853225092317	24520.102480282978	1416.9297893263436	0.0	368.83804183997603	75.07853225092317
325	76.18303505244081	24596.28551533541	1423.0264699018578	0.0	368.9239551003984	76.18303505244081
326	74.99596123663443	24671.28147657205	1427.7167108441533	0.0	370.3063163304602	74.99596123663443
327	75.74676992596076	24747.028246498005	1432.0577197379619	0.0	369.3658349073623	75.74676992596076
328	75.0887439174869	24822.1169904155	1436.03308588855	0.0	369.77208858961126	75.0887439174869
329	77.17587871843952	24899.292869133944	1442.4189752005916	0.0	368.9385945981848	77.17587871843952
330	76.47956830856873	24975.772437442512	1447.526180590111	0.0	369.94097953634986	76.47956830856873
331	77.2619179009355	25053.034355343436	1453.3093926191336	0.0	366.94664753841295	77.2619179009355
332	75.10591312041842	25128.14026846387	1457.507449331873	0.0	365.370565864585	75.10591312041842
333	77.24175219311387	25205.382020656984	1462.9383882042903	0.0	364.82721570549177	77.24175219311387
334	74.10206684111395	25279.48408749808	1466.5621760913016	0.0	363.6174749134886	74.10206684111395
335	73.39848182554272	25352.88256932362	1468.0977924153738	0.0	363.655146941112	73.39848182554272
336	75.3170006998431	25428.199570023487	1471.9497082002326	0.0	362.0004144695642	75.3170006998431
337	74.42623164491272	25502.625801668382	1476.5688874374068	0.0	360.2834834531138	74.42623164491272
338	76.83658768899362	25579.462389357377	1483.560519576482	0.0	361.7312784585912	76.83658768899362
339	75.41080482544011	25654.87319418283	1486.8664312250482	0.0	361.0008447879472	75.41080482544011
340	77.05685919098445	25731.930053373795	1494.5331844900697	0.0	366.2066831717774	77.05685919098445
341	76.82661683640762	25808.756670210223	1499.7931297087116	0.0	366.96340183237254	76.82661683640762
342	74.37725927648452	25883.13392948669	1502.8774157459602	0.0	366.54310082694985	74.37725927648452
343	72.9062073279904	25956.04013681468	1505.8800699516135	0.0	365.5046635315664	72.9062073279904
344	79.07145583018072	26035.111592644873	1514.4028399408846	0.0	369.1196077493646	79.07145583018072
345	72.63709570113696	26107.748688346008	1515.8972312913215	0.0	369.11641360968144	72.63709570113696
346	77.0678168678079	26184.816505213807	1521.0558010473792	0.0	368.193522790615	77.0678168678079
347	75.08182798442179	26259.89833319824	1524.3042170261406	0.0	367.63687698164483	75.08182798442179
348	76.73097991564457	26336.62931311388	1530.1735179858017	0.0	373.1305384664762	76.73097991564457
349	75.37657704392318	26412.005890157805	1533.7895035345964	0.0	374.09459275981	75.37657704392318
350	74.80424220854604	26486.810132366358	1538.2864520913947	0.0	374.1939383152913	74.80424220854604
351	75.89179407393881	26562.701926440284	1540.7878675671143	0.0	375.99914384020826	75.89179407393881
352	74.15193299460874	26636.853859434887	1543.6207928222561	0.0	379.79232867690473	74.15193299460874
353	76.61195860829505	26713.465818043198	1549.1912389703461	0.0	378.493087413922	76.61195860829505
354	73.07495385566928	26786.54077189886	1551.4823504132903	0.0	379.18966260798163	73.07495385566928
355	79.77560524781138	26866.316377146657	1560.1638033968466	0.0	375.3115525692297	79.77560524781138
356	74.49074541898362	26940.807122565657	1563.9934913785326	0.0	377.87104334552356	74.49074541898362
357	75.87824209571349	27016.685364661374	1569.115371156663	0.0	381.10266606886927	75.87824209571349
358	73.81952170198507	27090.504886363364	1570.6525246285778	0.0	377.6968165869259	73.81952170198507
359	76.3583819708847	27166.863268334248	1576.2733395067478	0.0	378.2410355279669	76.3583819708847
360	75.63319632205476	27242.496464656302	1580.5839452945074	0.0	377.4155143685624	75.63319632205476
361	78.04327908935699	27320.539743745656	1589.0151805262476	0.0	376.9110240476657	78.04327908935699
362	76.32873401426988	27396.868477759912	1594.9313609464796	0.0	379.12933879094317	76.32873401426988
363	75.77737714680745	27472.64585490671	1601.0192732142762	0.0	381.819748957362	75.77737714680745
364	77.5857583952225	27550.231613301956	1606.9434785289532	0.0	379.84952284015503	77.5857583952225
365	77.5451219951286	27627.776735297073	1612.981856417444	0.0	380.5562909861444	77.5451219951286
366	74.39036045209606	27702.167095749177	1615.7993043809056	0.0	377.505958705455	74.39036045209606
367	74.38495137512493	27776.552047124303	1618.9414311850553	0.0	376.0168876601594	74.38495137512493
368	77.10745959826582	27853.659506722557	1624.8785413905891	0.0	373.96729988099287	77.10745959826582
369	73.50967119859705	27927.169177921158	1628.2315645272633	0.0	374.65083053215653	73.50967119859705
370	73.87615270553073	28001.045330626686	1631.1817127976994	0.0	375.47476573134173	73.87615270553073
371	80.45236859028604	28081.497699216983	1641.0724998411447	0.0	375.92714289259726	80.45236859028604
372	75.07201014327504	28156.569709360254	1644.6556181000785	0.0	374.88948147401425	75.07201014327504
373	74.44501791210274	28231.014727272348	1649.0858785849105	0.0	375.48045222718105	74.44501791210274
374	72.1100866801595	28303.124813952527	1649.5135749714213	0.0	377.5082232661001	72.1100866801595
375	77.81704198835348	28380.94185594087	1655.8718878342613	0.0	379.28268137768805	77.81704198835348
376	78.2371270607669	28459.178983001642	1663.676625568008	0.0	381.38342234069404	78.2371270607669
377	76.10722793608528	28535.286210937713	1667.6505558395206	0.0	382.25040104786416	76.10722793608528
378	77.6515736742045	28612.93778461193	1672.9799539534683	0.0	377.6880963031297	77.6515736742045
379	73.93929046842918	28686.877075080356	1674.1313952216192	0.0	376.9502568041636	73.93929046842918
380	77.79355063417907	28764.670625714505	1681.9923390123952	0.0	378.2437262878921	77.79355063417907
381	72.56985216491438	28837.240477879444	1684.0876641703755	0.0	378.1582187141228	72.56985216491438
382	75.80980272453571	28913.050280603973	1689.1195417556282	0.0	373.2308070652805	75.80980272453571
383	74.61931287278766	28987.669593476774	1693.2159009816312	0.0	370.2312610016659	74.61931287278766
384	74.64171107625155	29062.31130455303	1697.769836515929	0.0	372.3194231036159	74.64171107625155
385	77.34227390380636	29139.65357845681	1703.2350410652764	0.0	377.4464188399153	77.34227390380636
386	76.21706410867797	29215.870642565504	1708.0544560717497	0.0	375.4750152042189	76.21706410867797
387	74.4226092776211	29290.293251843137	1710.1802800649973	0.0	374.2954261364714	74.4226092776211
388	79.9302218894432	29370.22347373256	1719.8362737079865	0.0	372.28736014256884	79.9302218894432
389	73.02498115957515	29443.24845489214	1721.333153890005	0.0	372.3294152212085	73.02498115957515
390	75.25822308279244	29518.506677974932	1725.5413057031983	0.0	371.06586544444224	75.25822308279244
391	74.75279420533872	29593.259472180278	1728.7874392732276	0.0	370.66142825727826	74.75279420533872
392	74.31223538782524	29667.571707568113	1731.9203786451978	0.0	369.24268359367727	74.31223538782524
393	74.29554911557665	29741.86725668368	1735.4715780845322	0.0	367.48193397551904	74.29554911557665
394	75.1097686917116	29816.9770253754	1738.8398385719402	0.0	368.3737130279538	75.1097686917116
395	77.24775227399475	29894.224777649368	1746.4408544980051	0.0	370.06644236166034	77.24775227399475
396	73.60616289837284	29967.830940547752	1749.7942183990815	0.0	371.58785731130706	73.60616289837284
397	75.54230026757261	30043.373240815312	1754.0581270564248	0.0	371.4625412524377	75.54230026757261
398	76.11663933566084	30119.489880150995	1758.6682789565536	0.0	370.7255050248303	76.11663933566084
399	76.80531295780408	30196.295193108803	1764.9317092189185	0.0	369.8928910058495	76.80531295780408
400	75.7491346737635	30272.044327782554	1769.6202009371834	0.0	372.8790314196436	75.7491346737635
401	73.53906711248884	30345.583394895046	1771.1974153364579	0.0	372.8778393172473	73.53906711248884
402	75.17367065087812	30420.75706554593	1775.1686891651782	0.0	370.4416066760188	75.17367065087812
403	73.72119046640658	30494.47825601233	1778.695522501921	0.0	372.2034215172091	73.72119046640658
404	78.11187238608008	30572.590128398406	1786.5674897114927	0.0	369.2068449327786	78.11187238608008
405	72.59759679649065	30645.187725194908	1786.8498670949596	0.0	370.86129748489066	72.59759679649065
406	79.89739622597102	30725.085121420878	1796.6542684392582	0.0	370.5055630486697	79.89739622597102
407	75.52715678535844	30800.612278206227	1800.709436240845	0.0	371.81708927213884	75.52715678535844
408	79.64762948904759	30880.25990769528	1809.406479121012	0.0	372.02130227006086	79.64762948904759
409	78.63551788326176	30958.89542557855	1816.6691407174658	0.0	369.6287886130542	78.63551788326176
410	77.09884212857175	31035.994267707127	1822.7571292461746	0.0	372.51705209430975	77.09884212857175
411	78.28139318197171	31114.275660889085	1830.5712510419073	0.0	376.09110150383816	78.28139318197171
412	75.96657191694104	31190.242232806013	1834.5379435148106	0.0	375.76742540627095	75.96657191694104
413	74.6134838974304	31264.85571670345	1839.2733411879776	0.0	379.16337618078904	74.6134838974304
414	77.22929903228288	31342.085015735727	1844.3721077929843	0.0	379.4780694473092	77.22929903228288
415	78.71133328788468	31420.796349023618	1850.760662258662	0.0	382.74763158941505	78.71133328788468
416	76.18239797358665	31496.978746997203	1855.5426218580374	0.0	383.78145973794756	76.18239797358665
417	80.29184285718628	31577.27058985439	1864.223997671995	0.0	383.3003271877442	80.29184285718628
418	75.55525473966871	31652.825844594063	1868.5663325462974	0.0	385.51493627453846	75.55525473966871
419	73.9362297885391	31726.762074382612	1872.4143570367698	0.0	385.6960557052504	73.9362297885391
420	76.86746558317348	31803.629539965783	1878.5587985444204	0.0	384.85638145355773	76.86746558317348
421	77.21611313501859	31880.845653100783	1884.554608843807	0.0	386.23117576507326	77.21611313501859
422	74.52994868179739	31955.375601782584	1888.157545455822	0.0	384.6152972049073	74.52994868179739
423	74.8341099285574	32030.20971171114	1890.9947020694237	0.0	382.91333021113854	74.8341099285574
424	76.08018860916013	32106.289900320317	1895.1662051190392	0.0	386.2160526878414	76.08018860916013
425	73.00045492313353	32179.290355243436	1897.5184237540016	0.0	388.16801064643084	73.00045492313353
426	71.77197046274038	32251.06232570619	1898.049643818238	0.0	390.09442784878365	71.77197046274038
427	79.6366382688125	32330.69896397498	1906.5163236828112	0.0	389.8079512580624	79.6366382688125
428	76.30865533184956	32407.00761930685	1911.860026020293	0.0	392.7018550794449	76.30865533184956
429	71.32001408004889	32478.327633386893	1911.2363863302694	0.0	392.0440703843215	71.32001408004889
430	75.80699688140992	32554.1346302683	1915.7089253511947	0.0	389.6768727816154	75.80699688140992
431	71.68703026179398	32625.82166053009	1916.390927822966	0.0	391.0084955192015	71.68703026179398
432	78.77211730260346	32704.593777832713	1924.546435674776	0.0	394.532414377043	78.77211730260346
433	79.70314122686001	32784.29691905955	1933.9129121244414	0.0	397.6149791723477	79.70314122686001
434	79.05388591599849	32863.35080497556	1941.6640005836366	0.0	401.38906847007166	79.05388591599849
435	73.2940122911848	32936.64481726675	1944.0306533097544	0.0	400.80844377572686	73.2940122911848
436	75.3687554926857	33012.01357275944	1948.2039851013315	0.0	402.1760563915263	75.3687554926857
437	75.61307395400476	33087.62664671345	1953.3297379672708	0.0	398.2566109409363	75.61307395400476
438	77.98773407014194	33165.614380783576	1960.1966742647949	0.0	396.76060411071546	77.98773407014194
439	74.62920228831506	33240.243583071904	1963.0012610746023	0.0	397.00948082066526	74.62920228831506
440	76.70626201722763	33316.94984508913	1968.5130194505193	0.0	397.08087045280416	76.70626201722763
441	73.55427829402997	33390.50412338316	1972.1507557382545	0.0	397.01369802802697	73.55427829402997
442	76.49177470666778	33466.995898089815	1977.8623287529344	0.0	396.70838971103984	76.49177470666778
443	75.29906105635163	33542.29495914617	1982.1436648552462	0.0	399.48571203056224	75.29906105635163
444	74.55926166830312	33616.85422081448	1986.1501262383695	0.0	399.03774759850427	74.55926166830312
445	77.32746578000994	33694.18168659448	1992.0875222837249	0.0	402.2222014966309	77.32746578000994
446	75.55974576711668	33769.74143236161	1996.1553230815177	0.0	402.3421541669109	75.55974576711668
447	77.19903951701396	33846.94047187862	2001.4512032944458	0.0	403.41983839411984	77.19903951701396
448	72.66802722556129	33919.60849910421	2002.554838041797	0.0	404.22675006385873	72.66802722556129
449	75.3272837533199	33994.935782857494	2006.3608203319784	0.0	404.5581565306374	75.3272837533199
450	79.24029525360459	34074.17607811111	2014.0731858435581	0.0	403.6924178532235	79.24029525360459
451	74.46415781354314	34148.64023592466	2017.4681762689277	0.0	405.46966981168885	74.46415781354314
452	75.79641284296605	34224.436648767616	2022.1012184670008	0.0	404.4939043890613	75.79641284296605
453	77.48357940724276	34301.92022817485	2028.25109896821	0.0	404.92517092425413	77.48357940724276
454	77.8621108764522	34379.78233905131	2035.2031087476132	0.0	405.0433546552469	77.8621108764522
455	80.2371636630694	34460.019502714385	2043.8849642077153	0.0	406.314141345353	80.2371636630694
456	74.17423334923656	34534.19373606361	2046.1388820599605	0.0	407.48935420489835	74.17423334923656
457	71.7061842023013	34605.89992026591	2047.3658171162099	0.0	406.64076815269476	71.7061842023013
458	75.04518787332252	34680.94510813923	2051.435210778926	0.0	407.401970342395	75.04518787332252
459	75.99367479687939	34756.93878293613	2056.198591692194	0.0	409.9208580348856	75.99367479687939
460	77.49277841106033	34834.431561347184	2062.8366222285626	0.0	413.4295418611419	77.49277841106033
461	75.53388346461774	34909.9654448118	2067.408349674595	0.0	416.2191008359297	75.53388346461774
462	75.11425819497003	34985.079703006755	2071.934242050265	0.0	415.1495353502893	75.11425819497003
463	73.10269658598595	35058.18239959275	2073.671457663837	0.0	415.3430192232136	73.10269658598595
464	74.63740352368234	35132.819803116436	2077.4829888898903	0.0	414.63647497227214	74.63740352368234
465	76.3131982086238	35209.13300132506	2082.535352324086	0.0	417.29788722972205	76.3131982086238
466	76.13537359835786	35285.268374923406	2087.3494136200998	0.0	420.26065505936975	76.13537359835786
467	74.60176243704213	35359.87013736045	2089.9659371680737	0.0	421.09904848723073	74.60176243704213
468	77.36374753973286	35437.2338849002	2096.988885163443	0.0	420.088202993082	77.36374753973286
469	72.79288545682495	35510.02677035702	2098.3608958256473	0.0	419.99072987716147	72.79288545682495
470	72.46870332218074	35582.4954736792	2101.0165720222185	0.0	421.29791050550614	72.46870332218074
471	79.33963398246772	35661.835107661675	2109.600872013939	0.0	420.61835152871305	79.33963398246772
472	77.00892922812083	35738.84403688979	2115.713544705596	0.0	418.23674003318365	77.00892922812083
473	76.31573607894322	35815.15977296874	2120.9081442775832	0.0	416.92180178303	76.31573607894322
474	75.00195916401391	35890.161732132736	2125.26798534329	0.0	420.27931883995757	75.00195916401391
475	77.98967435547898	35968.151406488236	2131.873208603758	0.0	417.189219680595	77.98967435547898
476	75.38185624176249	36043.53326273	2136.812496862876	0.0	418.7204746508309	75.38185624176249
477	77.23423351558837	36120.767496245586	2143.575216277788	0.0	420.9817287216896	77.23423351558837
478	78.11112967596992	36198.87862592155	2150.4024083059967	0.0	420.05951647345603	78.11112967596992
479	74.43762259488892	36273.316248516436	2153.5240978749443	0.0	421.43541377452874	74.43762259488892
480	77.72821378470597	36351.04446230114	2161.3975139026047	0.0	416.83557099494504	77.72821378470597
481	77.13755885202906	36428.18202115317	2167.0939740486333	0.0	417.2337100341811	77.13755885202906
482	75.71412710729379	36503.89614826046	2172.168986543701	0.0	419.11007339297936	75.71412710729379
483	75.07140127852726	36578.967549539004	2175.330091567218	0.0	419.8199959822685	75.07140127852726
484	73.35965465962687	36652.32720419861	2177.0654803957377	0.0	417.9730787506072	73.35965465962687
485	75.47870807946	36727.80591227807	2181.283105186417	0.0	422.094958983649	75.47870807946
486	77.03461805947512	36804.84053033756	2187.243806961682	0.0	423.9996568601252	77.03461805947512
487	73.78041002092509	36878.62094035848	2190.0571619041943	0.0	424.4420965839186	73.78041002092509
488	74.05199712800668	36952.672937486495	2193.3084002120677	0.0	428.2215694244325	74.05199712800668
489	73.3537963187483	37026.02673380522	2195.3280136597928	0.0	427.78192422241005	73.3537963187483
490	75.26675803869007	37101.293491843935	2199.886593638927	0.0	427.908890148307	75.26675803869007
491	73.74356381221678	37175.03705565615	2201.749352643262	0.0	428.43897589858	73.74356381221678
492	74.8747367815022	37249.911792437655	2207.094677429961	0.0	430.95701361659275	74.8747367815022
493	73.65920308223652	37323.570995519876	2209.836824655923	0.0	433.60684814926714	73.65920308223652
494	73.65528208290648	37397.22627760279	2212.194122145463	0.0	434.9616131804088	73.65528208290648
495	74.70059525765667	37471.92687286043	2217.6654902998107	0.0	436.3406502208351	74.70059525765667
496	73.75526232230413	37545.68213518276	2220.111257849582	0.0	435.52875384535025	73.75526232230413
497	74.15398702036495	37619.83612220311	2222.0466618504315	0.0	438.43036597770856	74.15398702036495
498	78.60531121345016	37698.44143341657	2228.820837863934	0.0	441.30640747847997	78.60531121345016
499	74.57045403568429	37773.01188745226	2233.0334571061762	0.0	440.34243386896054	74.57045403568429
500	75.5762043350507	37848.58809178729	2238.4223760284576	0.0	439.15216633789754	75.5762043350507
501	75.80945065834904	37924.39754244565	2242.4672716470677	0.0	438.58195647172704	75.80945065834904
502	77.67800395701215	38002.07554640266	2242.4672716470677	0.0	438.6512272381219	77.67800395701215
