task	reward	total_reward	total_regret	relative	total_reward_dev	joules
0	37.172995717541745	37.172995717541745	-0.4702740069638206	0.0	8.952480152514593	37.172995717541745
1	48.503590693740364	85.6765864112821	10.154781491347988	0.0	20.767742753456282	48.503590693740364
2	47.17360181114232	132.85018822242438	19.952360562430723	0.0	26.490737340451844	47.17360181114232
3	42.423890603382006	175.27407882580636	24.503067079738994	0.0	29.109040599569482	42.423890603382006
4	51.01228727918569	226.28636610499206	37.05642455503609	0.0	36.06736986904448	51.01228727918569
5	51.18051092976996	277.46687703476186	51.40454539747302	0.0	38.461778775016334	51.18051092976996
6	45.732120061536115	323.19899709629806	59.536762947058065	0.0	42.21202479311937	45.732120061536115
7	61.589685585217104	384.7886826815152	83.24000679065574	0.0	45.39975196605571	61.589685585217104
8	60.69970205315651	445.48838473467185	105.55957627884558	0.0	50.69266337547589	60.69970205315651
9	50.87732904639	496.3657137810618	118.02893519804735	0.0	51.411181565155886	50.87732904639
10	70.4736873828623	566.8394011639241	151.20661948024872	0.0	52.66178209460281	70.4736873828623
11	71.39057317991465	638.2299743438385	185.50870786805072	0.0	53.5520052936487	71.39057317991465
12	45.83265489668182	684.0626292405203	192.47825264057477	0.0	58.074626260638595	45.83265489668182
13	46.62721739012598	730.6898466306463	202.01108526826124	0.0	64.09452274193444	46.62721739012598
14	43.58050091449038	774.2703475451364	206.0899298496728	0.0	64.86597940056942	43.58050091449038
15	43.39844429724073	817.6687918423773	211.51435186504645	0.0	63.60050553602564	43.39844429724073
16	46.118289699832474	863.7870815422099	220.8924253502534	0.0	63.49999772596783	46.118289699832474
17	42.48289836105382	906.269979903264	224.7890807528428	0.0	66.20496600512251	42.48289836105382
18	40.449160811838475	946.7191407151024	226.9567349709847	0.0	66.66431942044512	40.449160811838475
19	41.44335715946495	988.1624978745673	229.56804488985964	0.0	66.5749985352575	41.44335715946495
20	44.71916000135485	1032.8816578759222	237.84037893756297	0.0	68.37107459125046	44.71916000135485
21	42.99778112660338	1075.8794390025255	243.32398453834958	0.0	70.13310270045221	42.99778112660338
22	41.946365998672654	1117.8258050011982	245.55692300614967	0.0	69.44040114319661	41.946365998672654
23	43.09979540589175	1160.9256004070896	250.2500703171224	0.0	71.51954050162621	43.09979540589175
24	39.17768179565391	1200.1032822027437	250.9390090934	0.0	73.14560944790288	39.17768179565391
25	41.09722404317577	1241.2005062459198	253.53359309928354	0.0	75.19118114685824	41.09722404317577
26	41.512597458349	1282.7131037042686	256.5992129889159	0.0	78.1174350815129	41.512597458349
27	41.99105671818672	1324.704160422455	261.5723643725121	0.0	80.22248029627941	41.99105671818672
28	39.98489234712872	1364.689052769584	262.28272604938377	0.0	83.41686431298719	39.98489234712872
29	41.57613755378849	1406.2651903233723	266.4680465632738	0.0	84.92294733830197	41.57613755378849
30	41.46717327137435	1447.7323635947466	270.1561723853082	0.0	83.54894713299956	41.46717327137435
31	41.20033591684112	1488.9326995115882	273.34916444538595	0.0	83.69527729176096	41.20033591684112
32	40.09704337054759	1529.0297428821348	274.86969236633394	0.0	85.45395685709711	40.09704337054759
33	41.324317554256176	1570.3540604363932	279.36093125449247	0.0	88.19223803715917	41.324317554256176
34	40.11873603838517	1610.4727964747772	281.32418937723605	0.0	90.65427682661816	40.11873603838517
35	41.78178631742958	1652.2545827922063	285.58292580468463	0.0	93.3657459160066	41.78178631742958
36	41.32522422827758	1693.579807020484	288.78238122002256	0.0	96.29307176105219	41.32522422827758
37	39.75663513995889	1733.3364421604426	290.6564087458466	0.0	97.94887420525755	39.75663513995889
38	41.56351838698056	1774.8999605474237	294.38861828345324	0.0	102.46112437297275	41.56351838698056
39	39.0495305876668	1813.9494911350898	295.17407514850714	0.0	102.6416025628058	39.0495305876668
40	40.2571773497571	1854.2066684848476	297.63278085640235	0.0	105.21950804956617	40.2571773497571
41	38.054708192145306	1892.2613766769928	298.5753813724572	0.0	106.72013988572598	38.054708192145306
42	39.81544575909047	1932.0768224360831	300.39607964943417	0.0	108.84414880298789	39.81544575909047
43	40.05890380195462	1972.1357262380386	302.20246529524576	0.0	112.29356518188968	40.05890380195462
44	39.4553802175208	2011.5911064555582	302.82728218519327	0.0	115.85284620714575	39.4553802175208
45	40.204325653943776	2051.795432109502	306.064556316244	0.0	118.93679786075026	40.204325653943776
46	41.26139619822642	2093.056828307728	309.5341155987615	0.0	120.15496073838652	41.26139619822642
47	41.90469389375309	2134.9615222014822	314.8636048683747	0.0	121.77423813544641	41.90469389375309
48	39.98574061005611	2174.9472628115373	315.6550115758441	0.0	123.8831548816811	39.98574061005611
49	39.382503808892004	2214.32976662043	316.3333885506188	0.0	126.29898370940992	39.382503808892004
50	39.477042423080334	2253.8068090435104	317.3095423935294	0.0	128.44535634372002	39.477042423080334
51	39.06689683715043	2292.87370588066	317.91948552848345	0.0	130.7247232297469	39.06689683715043
52	39.81249496148092	2332.6862008421426	319.70041397511307	0.0	133.71204536264813	39.81249496148092
53	39.287374425893155	2371.973575268035	321.1213959304486	0.0	134.44956462682043	39.287374425893155
54	40.382514249386915	2412.356089517422	324.4546889682363	0.0	136.7337644076317	40.382514249386915
55	42.44158283872564	2454.7976723561487	328.82270948408507	0.0	140.7026007838512	42.44158283872564
56	40.11881396422194	2494.9164863203696	330.7642175756044	0.0	143.40784250991967	40.11881396422194
57	40.94727897582775	2535.8637652961966	333.8256897513005	0.0	147.3359950666009	40.94727897582775
58	39.385973869775306	2575.2497391659713	335.7594620756488	0.0	149.34338787217638	39.385973869775306
59	40.913119808993926	2616.162858974965	337.7752154852753	0.0	152.57921452367205	40.913119808993926
60	39.69828192963408	2655.8611409046002	339.66988728827937	0.0	155.16900369252318	39.69828192963408
61	40.50629141422625	2696.3674323188275	343.0922736396655	0.0	161.35390251667454	40.50629141422625
62	38.78144806226631	2735.1488803810935	343.7986753700383	0.0	163.9286079988044	38.78144806226631
63	37.90823364109513	2773.057114022189	344.14321385574624	0.0	166.53619096696926	37.90823364109513
64	38.810454861840626	2811.8675688840285	343.50753252674497	0.0	168.79444028412095	38.810454861840626
65	38.11492446937461	2849.982493353404	343.38686781364333	0.0	172.8902153417206	38.11492446937461
66	36.74692929767375	2886.729422651078	342.29202575245904	0.0	173.88760228823753	36.74692929767375
67	41.62753273607246	2928.356955387149	345.65729646673003	0.0	178.97929067355574	41.62753273607246
68	37.93100778803524	2966.2879631751844	345.43397826854675	0.0	180.61289864444177	37.93100778803524
69	40.766599121649186	3007.0545622968343	348.0940040282735	0.0	181.98865712232399	40.766599121649186
70	40.580696470611876	3047.6352587674446	350.80313728078283	0.0	182.565944654854	40.580696470611876
71	38.66185866246436	3086.29711742991	351.8962479765329	0.0	183.4656767024658	38.66185866246436
72	40.598292470047845	3126.895409899959	354.69985275833824	0.0	187.63616956354122	40.598292470047845
73	40.527970123286984	3167.4233800232455	358.54409645889325	0.0	192.79918146247363	40.527970123286984
74	39.637317174716316	3207.0606971979623	360.1410849382382	0.0	195.56127830256378	39.637317174716316
75	42.3471882258897	3249.4078854238505	363.10952989522383	0.0	200.98323355722704	42.3471882258897
76	39.55507958820933	3288.962965012061	366.2099274880836	0.0	201.83552946206424	39.55507958820933
77	39.714553029537754	3328.6775180415984	368.74818358159047	0.0	205.1813680253148	39.714553029537754
78	40.868813672019215	3369.5463317136177	372.2479256779162	0.0	211.67738822054798	40.868813672019215
79	40.748524112793326	3410.294855826411	375.08713809100294	0.0	214.39256845260093	40.748524112793326
80	39.31829221793288	3449.6131480443432	375.7485817949458	0.0	217.40585642284708	39.31829221793288
81	39.80233902434079	3489.415487068684	377.37548392053816	0.0	219.55624837653448	39.80233902434079
82	39.36793656048614	3528.7834236291696	378.86037097467147	0.0	223.21313083740102	39.36793656048614
83	39.407535768239015	3568.1909593974087	382.6799601647971	0.0	225.4501131758375	39.407535768239015
84	37.32042573104585	3605.5113851284564	383.49357556864175	0.0	229.12186240893135	37.32042573104585
85	40.60759680238221	3646.1189819308365	385.99917625280096	0.0	233.60920570017115	40.60759680238221
86	39.73874951126529	3685.8577314421045	388.3083799495433	0.0	236.74142716205066	39.73874951126529
87	40.73551024137631	3726.593241683477	389.4165204094795	0.0	241.98530663583972	40.73551024137631
88	40.83010225991035	3767.4233439433888	390.70811860348056	0.0	243.0393544722833	40.83010225991035
89	39.05094740037213	3806.4742913437617	392.87471255745623	0.0	245.30659604117662	39.05094740037213
90	39.73622968646462	3846.2105210302257	394.85922957955006	0.0	249.10726219510562	39.73622968646462
91	40.7699860380235	3886.980507068249	396.5895003962564	0.0	252.89780496693908	40.7699860380235
92	37.705741333670694	3924.6862484019202	397.79613142443895	0.0	255.78487331645275	37.705741333670694
93	40.866064395231604	3965.552312797152	400.25063675889425	0.0	259.12183595245045	40.866064395231604
94	39.49943884974005	4005.0517516468926	403.3280414506921	0.0	262.4243038815755	39.49943884974005
95	39.03253565656705	4044.0842873034603	404.95676448276623	0.0	263.5854891407644	39.03253565656705
96	40.481818331662296	4084.5661056351223	405.8398027853278	0.0	266.348085839602	40.481818331662296
97	42.060859927119246	4126.626965562241	410.1510525022553	0.0	269.3357412678516	42.060859927119246
98	39.97123783514435	4166.598203397384	412.2361766692069	0.0	272.83223935678	39.97123783514435
99	38.50119311138376	4205.09939650877	412.9872755381101	0.0	275.6129755686438	38.50119311138376
100	38.24867710098875	4243.348073609756	413.8774160495829	0.0	277.4164051547551	38.24867710098875
101	39.039566728563685	4282.387640338321	415.7227618941039	0.0	279.39738511692735	39.039566728563685
102	40.13014196029038	4322.517782298612	417.36408405987373	0.0	283.3543155511187	40.13014196029038
103	39.36847977871797	4361.886262077329	419.2196720311841	0.0	286.5767582104153	39.36847977871797
104	39.39756279453711	4401.283824871868	420.41013218250407	0.0	289.90770149017806	39.39756279453711
105	41.59091184519408	4442.87473671706	425.20126544872096	0.0	294.8206499170203	41.59091184519408
106	38.70230326150624	4481.577039978569	426.63725991177637	0.0	297.9964688978933	38.70230326150624
107	41.00861872429321	4522.58565870286	429.53750186903403	0.0	301.9750607014727	41.00861872429321
108	38.37730590002147	4560.9629646028825	428.9192017187849	0.0	304.7707322237593	38.37730590002147
109	39.21067791880779	4600.1736425216895	429.9951112999276	0.0	307.4555754415737	39.21067791880779
110	39.310315033276254	4639.483957554967	431.05844640493603	0.0	309.9541347186361	39.310315033276254
111	39.77051025648992	4679.254467811454	433.8282417708587	0.0	311.9406024492242	39.77051025648992
112	38.19777439607749	4717.452242207533	436.49426474198344	0.0	313.93322565454184	38.19777439607749
113	38.91140127523213	4756.363643482766	438.6387889684715	0.0	317.56557222708466	38.91140127523213
114	38.538439425400604	4794.902082908167	440.26863925502454	0.0	320.31571143865244	38.538439425400604
115	39.959394108226824	4834.861477016393	440.7845687990976	0.0	323.9961517223053	39.959394108226824
116	37.86360447660537	4872.725081493	440.8666799385415	0.0	326.9585890878561	37.86360447660537
117	41.16846468424731	4913.893546177245	445.0422406905244	0.0	329.89527151300604	41.16846468424731
118	37.37424036395375	4951.2677865412	445.08231134689646	0.0	330.9975892053785	37.37424036395375
119	40.21684582493762	4991.484632366137	447.68257378926484	0.0	331.65717258721764	40.21684582493762
120	37.15673645578404	5028.641368821921	447.1353657373627	0.0	331.5657778155654	37.15673645578404
121	40.17410734059473	5068.815476162516	449.99928101720803	0.0	332.9614825891061	40.17410734059473
122	39.122868187334824	5107.938344349851	451.9301379822539	0.0	335.58966269537444	39.122868187334824
123	38.70755338712408	5146.645897736977	453.5647085418743	0.0	337.7743923233153	38.70755338712408
124	40.76677610565596	5187.412673842631	456.58952183703764	0.0	340.98048663307867	40.76677610565596
125	38.78802765546184	5226.200701498093	457.8295511337887	0.0	347.91662589730043	38.78802765546184
126	39.00725126306759	5265.20795276116	459.00440327681076	0.0	350.4037170880488	39.00725126306759
127	40.09627007002994	5305.3042228311915	460.35744600892684	0.0	353.98499624179635	40.09627007002994
128	38.792452081031755	5344.096674912223	460.7128823322805	0.0	357.575742832396	38.792452081031755
129	39.101142513000866	5383.19781742522	462.0416649520368	0.0	359.79931372624407	39.101142513000866
130	39.89410790524954	5423.091925330474	463.2535220747545	0.0	363.158252065246	39.89410790524954
131	40.35997919023208	5463.451904520702	466.1207095956372	0.0	365.7452960648494	40.35997919023208
132	38.80787692630081	5502.259781447007	465.6836950856231	0.0	366.56436549457527	38.80787692630081
133	39.24558094385066	5541.505362390856	467.1096794915791	0.0	372.2749462158215	39.24558094385066
134	39.49785264493655	5581.003215035794	469.6522920875174	0.0	374.9561159245158	39.49785264493655
135	38.595738254814904	5619.598953290605	470.6077569893712	0.0	375.92105835936417	38.595738254814904
136	38.59586621763865	5658.19481950825	471.5640914245571	0.0	379.0653844064991	38.59586621763865
137	39.21999818520608	5697.4148176934505	474.0109918648105	0.0	379.48447620728376	39.21999818520608
138	37.78344985431611	5735.198267547767	474.4175407912106	0.0	380.52686248514806	37.78344985431611
139	39.61471411740596	5774.812981665174	475.8858677674011	0.0	379.97729926447226	39.61471411740596
140	39.96661464480382	5814.779596309976	477.6616831892539	0.0	382.7292814942357	39.96661464480382
141	39.458768012256904	5854.238364322236	481.2602345013477	0.0	385.6603229681858	39.458768012256904
142	39.74570589756918	5893.984070219805	481.9837531122593	0.0	389.8324205972792	39.74570589756918
143	41.06570836275915	5935.049778582563	484.79394842917577	0.0	392.8279405589212	41.06570836275915
144	39.20904106168987	5974.258819644251	487.43925657297484	0.0	397.40056399951203	39.20904106168987
145	39.77856056903463	6014.037380213287	489.0761064799112	0.0	402.04513146751077	39.77856056903463
146	39.082120618969036	6053.1195008322575	490.5039239543837	0.0	403.79647845699765	39.082120618969036
147	38.251510862109846	6091.371011694365	491.14021042486934	0.0	405.98163657397475	38.251510862109846
148	40.04740389635863	6131.418415590725	494.9604520757606	0.0	408.23948252673324	40.04740389635863
149	41.624816371152846	6173.043231961876	497.9778894822994	0.0	414.4249707147667	41.624816371152846
150	40.55636792545741	6213.5995998873395	500.9824346562571	0.0	415.339493049446	40.55636792545741
151	38.37944155979702	6251.979041447131	500.9096870032782	0.0	416.00343232573414	38.37944155979702
152	40.25144430627611	6292.230485753413	503.14233196128356	0.0	419.3108742929245	40.25144430627611
153	37.98695239892373	6330.217438152335	504.0350452178452	0.0	420.7668105765982	37.98695239892373
154	39.04072837884541	6369.258166531177	504.54334841299953	0.0	424.7829226151292	39.04072837884541
155	39.21334728621818	6408.471513817396	506.02833074435347	0.0	427.0504175853692	39.21334728621818
156	39.384613631664735	6447.8561274490585	509.294077016699	0.0	430.08303713582256	39.384613631664735
157	39.90294415989866	6487.759071608958	511.4001694285665	0.0	430.3317430401856	39.90294415989866
158	38.34361934796758	6526.1026909569255	512.6373541653875	0.0	435.5557310531478	38.34361934796758
159	40.636358293359905	6566.739049250286	515.6606932537205	0.0	439.83641229873416	40.636358293359905
160	40.18629333011494	6606.925342580404	518.7504253985512	0.0	444.0468330490565	40.18629333011494
161	37.756112771277934	6644.68145535168	518.592289660913	0.0	445.5681456861023	37.756112771277934
162	38.32303376216816	6683.004489113844	520.2414813677849	0.0	449.24616241918096	38.32303376216816
163	40.06160142516508	6723.066090539013	522.1366227679156	0.0	453.86381340105703	40.06160142516508
164	39.815075984031886	6762.881166523047	524.4638775954173	0.0	457.2887549297684	39.815075984031886
165	39.78692665945618	6802.668093182501	526.2357640619849	0.0	459.5713015891831	39.78692665945618
166	37.67571448301946	6840.343807665519	526.0393049138337	0.0	460.79778233665456	37.67571448301946
167	37.57148512800583	6877.9152927935265	526.4425499426025	0.0	462.1924656847975	37.57148512800583
168	39.117111392916044	6917.032404186438	529.9951867436898	0.0	463.9056392512053	39.117111392916044
169	39.15129034166518	6956.1836945281075	531.4153839045791	0.0	467.6954029601486	39.15129034166518
170	38.836677640597	6995.020372168703	532.2415751273128	0.0	469.53612293718936	38.836677640597
171	39.79168350395256	7034.812055672657	534.3616543601263	0.0	472.68331564708063	39.79168350395256
172	39.96723356251821	7074.779289235177	537.2205538028401	0.0	475.7134829388169	39.96723356251821
173	40.19725748646284	7114.97654672164	539.5557685340499	0.0	478.21974944869186	40.19725748646284
174	39.421264585489695	7154.397811307128	541.8448713129188	0.0	483.33937740949364	39.421264585489695
175	39.60707699476693	7194.004888301895	543.706191977944	0.0	484.9174440279527	39.60707699476693
176	38.87271628876256	7232.877604590657	545.5278819093566	0.0	486.85236548950724	38.87271628876256
177	38.84243953754043	7271.7200441281975	544.3761186235748	0.0	491.86082965905086	38.84243953754043
178	38.01285340104194	7309.7328975292385	545.0953141319111	0.0	491.9398657363289	38.01285340104194
179	39.19453579675221	7348.9274333259955	546.1553636214272	0.0	493.41676870955615	39.19453579675221
180	39.168243547580744	7388.095676873574	546.3229988258327	0.0	495.415282161593	39.168243547580744
181	37.77444348578181	7425.870120359353	545.7129183135687	0.0	494.4057502252647	37.77444348578181
182	39.71335277417463	7465.583473133534	547.330428150141	0.0	498.27148336393276	39.71335277417463
183	39.522336783498325	7505.105809917028	550.0484540347878	0.0	501.2473256583705	39.522336783498325
184	38.30926045631808	7543.415070373344	550.5375143331341	0.0	503.79156587505634	38.30926045631808
185	37.70235118618514	7581.117421559531	549.5442579491341	0.0	506.2576543305119	37.70235118618514
186	38.77190223690366	7619.889323796437	551.00560132475	0.0	507.4879450656379	38.77190223690366
187	40.0298566028225	7659.919180399255	552.6615246837714	0.0	512.0038617520199	40.0298566028225
188	39.562240755325845	7699.481421154579	555.2290009086013	0.0	515.1817205363395	39.562240755325845
189	38.607834695360566	7738.089255849944	558.1427211084088	0.0	517.4954583409042	38.607834695360566
190	39.18284212076375	7777.272097970707	559.0521445800681	0.0	519.3803181946515	39.18284212076375
191	39.436621881950245	7816.708719852653	560.7466410154655	0.0	521.4399401578391	39.436621881950245
192	39.04023948644328	7855.7489593391	560.6969017843089	0.0	524.9687508390522	39.04023948644328
193	40.07518684044217	7895.8241461795415	562.0396706891745	0.0	528.4745918388494	40.07518684044217
194	43.04669915610377	7938.870845335647	564.1998289693762	0.0	532.6886453256794	43.04669915610377
195	39.184965822197285	7978.0558111578375	564.617704635245	0.0	536.6586006938388	39.184965822197285
196	36.98619773122202	8015.042008889065	566.918530255602	0.0	540.196657212899	36.98619773122202
197	41.3144943880001	8056.356503277066	571.5857830691957	0.0	542.4204547797268	41.3144943880001
198	39.22086323132621	8095.577366508391	572.5105606007576	0.0	545.7498728062351	39.22086323132621
199	37.74686291721382	8133.324229425606	573.1712121163605	0.0	549.764073046023	37.74686291721382
200	38.52616026629546	8171.850389691902	576.0070546474158	0.0	552.4828263140056	38.52616026629546
201	39.46441267139316	8211.314802363297	578.6908702630574	0.0	554.6713011931887	39.46441267139316
202	37.54826112042506	8248.863063483723	579.5351932394116	0.0	558.6870753887429	37.54826112042506
203	38.307064386755115	8287.170127870477	579.3984749512886	0.0	560.8687585602324	38.307064386755115
204	38.279014591935656	8325.449142462407	581.3661074475307	0.0	561.4465259987448	38.279014591935656
205	38.93434203490234	8364.38348449731	583.1344700475322	0.0	563.8911837770894	38.93434203490234
206	37.519894576471344	8401.903379073785	582.755775610791	0.0	565.800701577021	37.519894576471344
207	39.85817982655558	8441.76155890034	583.092464277675	0.0	569.5550041897717	39.85817982655558
208	38.467232529119926	8480.22879142946	584.8549934068712	0.0	571.0478224509978	38.467232529119926
209	38.68140836010721	8518.910199789565	585.151810207118	0.0	573.2633937779104	38.68140836010721
210	38.51131485488627	8557.421514644453	586.2867182490623	0.0	575.2425606867656	38.51131485488627
211	39.04572130937358	8596.467235953827	587.0822206745918	0.0	576.9864283939255	39.04572130937358
212	38.896900287879774	8635.364136241707	588.3905742467847	0.0	580.3133891022765	38.896900287879774
213	39.396048381681744	8674.760184623383	592.6480635838287	0.0	585.0544826470257	39.396048381681744
214	40.48561419786931	8715.245798821255	596.3592082844948	0.0	589.873325371084	40.48561419786931
215	38.02952936336218	8753.275328184618	597.5621500501609	0.0	590.1001393757385	38.02952936336218
216	40.718838522075316	8793.994166706692	601.8226009193536	0.0	593.8198198496505	40.718838522075316
217	37.20298041288284	8831.197147119576	600.4664195214225	0.0	595.4835259618596	37.20298041288284
218	38.637018410749505	8869.83416553033	600.5103485922598	0.0	596.1236250092161	38.637018410749505
219	39.05211150587009	8908.886277036196	601.4686970530239	0.0	597.1264935399688	39.05211150587009
220	39.67568137023671	8948.561958406435	604.1060056242902	0.0	599.6324120981435	39.67568137023671
221	38.44634633592158	8987.008304742356	603.7900727586735	0.0	602.6049414736005	38.44634633592158
222	39.76312305401552	9026.77142779637	604.2006880420513	0.0	604.6688419344177	39.76312305401552
223	39.09081530156121	9065.862243097929	607.8391879725907	0.0	607.2962478893792	39.09081530156121
224	39.52323239840045	9105.385475496332	608.3188453162417	0.0	609.2592041460299	39.52323239840045
225	39.88420757538721	9145.269683071718	611.6606238996827	0.0	612.2693395067411	39.88420757538721
226	40.385802883814044	9185.655485955533	613.3749155168256	0.0	615.5885850452748	40.385802883814044
227	38.92436675216411	9224.579852707697	615.2329409596942	0.0	616.0866577792137	38.92436675216411
228	39.99931239578787	9264.579165103485	618.1193561025677	0.0	619.2497640259879	39.99931239578787
229	39.96811326766751	9304.547278371156	619.2209989252151	0.0	621.5596163362053	39.96811326766751
230	39.852465502449434	9344.399743873604	622.5560639558101	0.0	623.4442050641286	39.852465502449434
231	39.241825049296914	9383.6415689229	626.7504705845075	0.0	625.4471968583345	39.241825049296914
232	40.05782016788035	9423.699389090785	629.6930274263872	0.0	627.6231228323768	40.05782016788035
233	39.69855549877935	9463.39794458956	631.6102812795274	0.0	629.798627228985	39.69855549877935
234	39.756245608995314	9503.15419019855	633.3032832101535	0.0	635.1325970229067	39.756245608995314
235	39.07376338095119	9542.227953579506	635.1972242700496	0.0	635.8338243196947	39.07376338095119
236	38.35909174424412	9580.587045323751	635.5575943257007	0.0	637.0391241938156	38.35909174424412
237	41.805580577487035	9622.392625901239	640.3847117998407	0.0	641.4724192167124	41.805580577487035
238	40.04796610892849	9662.440592010164	642.5012826127007	0.0	642.7120745003856	40.04796610892849
239	41.63484226092268	9704.075434271092	647.1397360243153	0.0	649.4242309073247	41.63484226092268
240	37.90660188071977	9741.982036151812	646.1328305637587	0.0	652.7103291680764	37.90660188071977
241	39.15999950956042	9781.14203566137	648.2716185252259	0.0	655.8535441015122	39.15999950956042
242	39.39486854117262	9820.53690420254	649.2798830783298	0.0	657.0005371932624	39.39486854117262
243	39.59047015119377	9860.127374353733	651.353678986173	0.0	658.4067296355702	39.59047015119377
244	40.48772858122669	9900.61510293496	653.4105740467555	0.0	662.0079871337385	40.48772858122669
245	38.959106301927555	9939.574209236887	655.5759388734692	0.0	664.281527448513	38.959106301927555
246	40.78514041733938	9980.359349654229	657.346614110228	0.0	666.3466439250976	40.78514041733938
247	39.569475637194415	10019.928825291425	659.1650171282117	0.0	668.7645902593471	39.569475637194415
248	38.78465912427321	10058.713484415695	660.0890179135391	0.0	670.3559138901151	38.78465912427321
249	38.870568703084174	10097.584053118782	661.1000475736313	0.0	671.1946795010591	38.870568703084174
250	38.44285112707164	10136.02690424585	662.0805863043183	0.0	674.0610564731047	38.44285112707164
251	40.183173048538194	10176.210077294389	663.4433468901059	0.0	676.7778655067277	40.183173048538194
252	38.46355003995854	10214.673627334347	664.3735762721277	0.0	679.0614700310028	38.46355003995854
253	40.19053372125545	10254.864161055604	667.1756686665686	0.0	681.5742449027819	40.19053372125545
254	38.42883749939776	10293.292998555002	668.0674623805932	0.0	686.040644962195	38.42883749939776
255	37.789057430758554	10331.082055985764	667.704302372927	0.0	686.0971054522811	37.789057430758554
256	41.02068763092923	10372.102743616691	669.472354528771	0.0	688.8297578993293	41.02068763092923
257	40.62553317851064	10412.728276795198	672.48716753211	0.0	692.3629674553755	40.62553317851064
258	40.67611124811007	10453.404388043313	673.858117107219	0.0	694.7265795891636	40.67611124811007
259	40.17601101079646	10493.580399054103	677.0532758564434	0.0	697.235487142572	40.17601101079646
260	38.94339269028293	10532.523791744388	679.2505009771464	0.0	700.7449415726591	38.94339269028293
261	39.32458477484262	10571.84837651923	680.5819339673699	0.0	703.354173990952	39.32458477484262
262	40.705696468889776	10612.554072988121	682.9225975917907	0.0	707.0502962888995	40.705696468889776
263	39.66907429146507	10652.22314727959	684.3845648798165	0.0	707.9530127261767	39.66907429146507
264	39.40395236587235	10691.627099645459	685.9530894629064	0.0	708.946442719816	39.40395236587235
265	39.248178669987944	10730.875278315447	686.2637301874734	0.0	712.1347725813897	39.248178669987944
266	39.811911593716594	10770.687189909164	687.4490450231388	0.0	714.8752965795916	39.811911593716594
267	37.24251651879619	10807.929706427958	687.4020957633759	0.0	718.119917207697	37.24251651879619
268	37.98631585081774	10845.916022278778	686.7268043200554	0.0	721.4454928055316	37.98631585081774
269	38.412950218035014	10884.328972496813	686.984426678158	0.0	722.1317823786279	38.412950218035014
270	40.298066743985345	10924.627039240797	688.9510333673238	0.0	724.062289604907	40.298066743985345
271	39.562110170018734	10964.189149410815	690.199850896846	0.0	728.7493770109897	39.562110170018734
272	39.456610824042095	11003.64576023486	691.8039398056602	0.0	731.6981663913747	39.456610824042095
273	40.569800240582005	11044.215560475444	693.4933619449163	0.0	736.5397720043067	40.569800240582005
274	41.109134855518896	11085.32469533096	698.5382203402463	0.0	739.3165531597258	41.109134855518896
275	39.75292772764991	11125.077623058616	700.1807156084501	0.0	741.158548538977	39.75292772764991
276	39.31383010969079	11164.391453168304	701.9525359183941	0.0	745.3106976640966	39.31383010969079
277	38.64323059586922	11203.03468376417	703.7906449134135	0.0	747.032791237546	38.64323059586922
278	39.446233445798605	11242.480917209969	705.2235439676546	0.0	750.1240295867004	39.446233445798605
279	40.317334224263995	11282.798251434231	708.077111893861	0.0	753.1054438489041	40.317334224263995
280	40.269980234508985	11323.068231668747	711.2985648789119	0.0	754.7118749249875	40.269980234508985
281	38.48603681989566	11361.554268488637	711.5781533891779	0.0	757.3589181583893	38.48603681989566
282	40.99998470276334	11402.554253191398	714.5126316230655	0.0	759.6853135877691	40.99998470276334
283	40.50294307264503	11443.057196264048	718.8194180019427	0.0	762.7156318284435	40.50294307264503
284	39.1867247597813	11482.243921023826	719.2771055314744	0.0	764.8019187907319	39.1867247597813
285	38.78142967774288	11521.025350701566	720.4259068707573	0.0	767.3386726345215	38.78142967774288
286	39.735540850437665	11560.760891552007	723.5382483740224	0.0	770.460112830307	39.735540850437665
287	37.83606336322365	11598.596954915229	725.2020038175563	0.0	773.0624149896179	37.83606336322365
288	39.82981393121791	11638.426768846452	726.2672087642532	0.0	773.3647598432979	39.82981393121791
289	39.45995619843112	11677.886725044886	730.1730914819175	0.0	776.635225692123	39.45995619843112
290	39.803969147798846	11717.690694192685	733.5480806348444	0.0	777.714315835087	39.803969147798846
291	39.35757405324703	11757.048268245924	736.250063217834	0.0	783.4349729172077	39.35757405324703
292	37.63160418980353	11794.679872435729	737.5088676283414	0.0	784.8447265244407	37.63160418980353
293	43.13539098018975	11837.815263415921	744.6365072295491	0.0	788.4435618764737	43.13539098018975
294	39.90753827399008	11877.722801689908	747.1675987852105	0.0	792.2523684857481	39.90753827399008
295	39.97655454009404	11917.699356230003	749.7167850301275	0.0	796.0150935297293	39.97655454009404
296	37.80970701046345	11955.509063240468	749.7532855281556	0.0	796.6393495076841	37.80970701046345
297	38.663208236826065	11994.172271477297	749.6836175126426	0.0	799.5456949237828	38.663208236826065
298	38.06597530902965	12032.238246786319	750.1798491491604	0.0	800.6715297894377	38.06597530902965
299	38.54694225676444	12070.785189043088	750.86182036428	0.0	802.9821761768869	38.54694225676444
300	41.054727856419504	12111.83991689951	754.3687045091266	0.0	806.793322414727	41.054727856419504
301	39.61077053946142	12151.450687438964	757.0563122300086	0.0	806.9759839001983	39.61077053946142
302	37.385540522540374	12188.836227961507	755.4718752857577	0.0	809.2183859270832	37.385540522540374
303	39.29577969350703	12228.132007655015	758.2502671848223	0.0	811.0911630912137	39.29577969350703
304	37.942443301903204	12266.074450956918	758.5205570984759	0.0	812.7551055948076	37.942443301903204
305	39.77509432894831	12305.849545285868	762.9800764291939	0.0	814.7664759266195	39.77509432894831
306	40.41141859910026	12346.260963884972	766.9752444680511	0.0	819.3086037567305	40.41141859910026
307	39.105679677359426	12385.366643562333	768.9212609935105	0.0	822.3510967006038	39.105679677359426
308	39.99620573035474	12425.362849292684	770.7230799050052	0.0	827.0955100979198	39.99620573035474
309	38.69628180096574	12464.059131093645	772.319808072551	0.0	830.1112333516063	38.69628180096574
310	40.51707241165414	12504.576203505301	775.8350676602457	0.0	834.8552781962026	40.51707241165414
311	39.50188649621116	12544.07809000152	776.3402941763611	0.0	835.8645873587612	39.50188649621116
312	38.36515107494369	12582.443241076458	777.2789348184685	0.0	836.441135598408	38.36515107494369
313	38.760888279322764	12621.204129355778	778.6058788463914	0.0	839.1635739020646	38.760888279322764
314	38.98641076791472	12660.190540123695	780.1475276549171	0.0	842.8766170086334	38.98641076791472
315	39.288400880639635	12699.478941004327	782.1976212579991	0.0	846.2785602522038	39.288400880639635
316	40.98818329113192	12740.467124295468	784.9373457948632	0.0	849.095486935289	40.98818329113192
317	37.369943280974454	12777.837067576442	784.3647297602158	0.0	850.6834853561758	37.369943280974454
318	39.32965441848656	12817.166721994923	784.606857678854	0.0	852.0260557168887	39.32965441848656
319	38.04318485541544	12855.209906850334	785.5625731444316	0.0	854.243624931287	38.04318485541544
320	36.8976326868193	12892.107539537164	783.2944617676166	0.0	855.0738754405592	36.8976326868193
321	40.95635018652678	12933.06388972369	787.5841553089638	0.0	857.8737940151333	40.95635018652678
322	39.356730820294004	12972.420620543975	791.8686483288974	0.0	860.3691927590429	39.356730820294004
323	40.15219458536807	13012.57281512935	794.2839768628542	0.0	864.8106216134364	40.15219458536807
324	39.51303193013152	13052.085847059476	795.7489564272406	0.0	866.8984346789348	39.51303193013152
325	40.05307844085535	13092.138925500338	798.518353779026	0.0	869.9344570782777	40.05307844085535
326	37.73398156739738	13129.872907067731	799.6319479552232	0.0	870.646582963688	37.73398156739738
327	39.895842443314216	13169.76874951105	801.8399946442025	0.0	873.9662384497171	39.895842443314216
328	37.55874444510497	13207.327493956154	802.067684653738	0.0	875.356623968162	37.55874444510497
329	38.88872015289235	13246.216214109047	803.5212046955085	0.0	879.6201635725292	38.88872015289235
330	37.347862001842685	13283.564076110888	803.5316909190925	0.0	881.5254876561618	37.347862001842685
331	37.70978218644308	13321.273858297332	803.8309094005681	0.0	884.2047762026974	37.70978218644308
332	39.71809390519106	13360.991952202516	806.7978771647578	0.0	887.8144819915386	39.71809390519106
333	38.05025384827472	13399.042206050797	806.6796179536491	0.0	890.3329445641988	38.05025384827472
334	39.81183674327127	13438.854042794066	808.9361736165591	0.0	894.0747485320674	39.81183674327127
335	38.02182154669602	13476.875864340765	811.4121748102682	0.0	897.4243854080743	38.02182154669602
336	39.55391792790974	13516.429782268677	812.7136316888998	0.0	900.5440115988491	39.55391792790974
337	40.60592419806492	13557.035706466737	815.142132930947	0.0	901.9749649422077	40.60592419806492
338	39.84208980786013	13596.8777962746	817.5797383353118	0.0	903.4171040684477	39.84208980786013
339	38.81770014214563	13635.695496416749	819.36375293351	0.0	907.7570125444023	38.81770014214563
340	40.50409962492365	13676.199596041672	823.2196240625625	0.0	911.239140372391	40.50409962492365
341	39.29508271562999	13715.494678757288	825.1541943111671	0.0	916.3499918297789	39.29508271562999
342	39.61905215880102	13755.113730916111	827.6161478969003	0.0	919.2098250454662	39.61905215880102
343	38.4707144504632	13793.58444536656	828.0882582598939	0.0	921.584912124071	38.4707144504632
344	38.40678120142243	13831.99122656798	828.6119372501868	0.0	924.2806653765549	38.40678120142243
345	37.83755936602731	13869.82878593401	829.8119296099669	0.0	925.2953819516928	37.83755936602731
346	38.94700426768083	13908.775790201691	831.2879889052431	0.0	929.5471611316884	38.94700426768083
347	39.47984526786287	13948.255635469555	833.5705769836683	0.0	931.5579389168249	39.47984526786287
348	39.29040044686837	13987.546035916423	834.0901488681587	0.0	934.1571163566723	39.29040044686837
349	38.41227570483914	14025.958311621258	834.4204220891286	0.0	936.7575293862627	38.41227570483914
350	39.93252058608041	14065.89083220734	835.2423335388645	0.0	939.4278428779269	39.93252058608041
351	38.857730054692645	14104.748562262035	837.4996390066804	0.0	942.2907742740608	38.857730054692645
352	38.93948426380595	14143.688046525833	839.1039763118353	0.0	942.1065870603842	38.93948426380595
353	40.88520312920614	14184.573249655052	841.1311968072903	0.0	943.103206573606	40.88520312920614
354	39.77701168938738	14224.350261344434	843.3212724530074	0.0	945.3862324681256	39.77701168938738
355	41.36423968230548	14265.714501026743	845.9090591221038	0.0	948.4727059291646	41.36423968230548
356	40.440240753429805	14306.154741780178	848.2966004177066	0.0	948.8377785666722	40.440240753429805
357	41.952563931625726	14348.107305711797	852.866020925157	0.0	951.3635545565097	41.952563931625726
358	40.70446515193581	14388.811770863731	857.5014750505754	0.0	956.9800674257098	40.70446515193581
359	39.98297064320643	14428.79474150694	861.6270026744687	0.0	960.8409103839825	39.98297064320643
360	39.866259897530824	14468.661001404462	861.2007487731627	0.0	962.4290153961895	39.866259897530824
361	38.49432089955537	14507.15532230403	862.2053609420404	0.0	966.3081189236317	38.49432089955537
362	38.60617316782917	14545.761495471856	862.2637948786257	0.0	970.1869832040832	38.60617316782917
363	38.71040913356157	14584.471904605416	863.5431234049139	0.0	971.6445122819844	38.71040913356157
364	39.32008005986132	14623.791984665273	862.3354953304141	0.0	975.8205419292872	39.32008005986132
365	41.40677199219459	14665.198756657477	866.3155668672047	0.0	981.4436351195062	41.40677199219459
366	40.183350353449164	14705.382107010926	868.8018329530954	0.0	985.7197351826424	40.183350353449164
367	39.27210529469534	14744.654212305615	868.9379506337006	0.0	985.6915796087449	39.27210529469534
368	37.879460572925026	14782.533672878542	868.2684290103882	0.0	988.9001461083066	37.879460572925026
369	40.46524759636517	14822.998920474905	872.4924380920914	0.0	989.5156987487466	40.46524759636517
370	36.812118539798014	14859.811039014709	872.6294704450818	0.0	992.0809227061392	36.812118539798014
371	40.189571750527364	14900.000610765226	875.5207030105062	0.0	996.0074537073265	40.189571750527364
372	40.205855826584596	14940.206466591819	877.1291809290855	0.0	999.7479538127184	40.205855826584596
373	39.837674195375044	14980.044140787191	879.6019607182711	0.0	1003.6978439893204	39.837674195375044
374	38.7903405867987	15018.834481373988	879.6630908847014	0.0	1006.5855922559552	38.7903405867987
375	38.464301636519686	15057.298783010505	880.387666800606	0.0	1009.8294989412715	38.464301636519686
376	39.76906178242912	15097.067844792944	883.5038697486383	0.0	1012.9193076938326	39.76906178242912
377	39.07006513891445	15136.137909931847	884.6754386817945	0.0	1013.8214892911997	39.07006513891445
378	39.72382196754032	15175.861731899395	885.5770010010863	0.0	1017.3322349792631	39.72382196754032
379	39.157841490012316	15215.019573389409	886.6749672711626	0.0	1019.0756961014514	39.157841490012316
380	39.08870181509496	15254.108275204499	888.9813557667098	0.0	1020.1145504709592	39.08870181509496
381	39.24655823993456	15293.35483344443	892.5377120332965	0.0	1023.6484671880124	39.24655823993456
382	38.7659170402321	15332.120750484666	894.4292511184599	0.0	1025.9040061032397	38.7659170402321
383	39.43491165490829	15371.555662139579	897.1778793848082	0.0	1027.3949466213592	39.43491165490829
384	38.36502116619746	15409.920683305776	899.5369607860426	0.0	1029.7992098690927	38.36502116619746
385	39.768274543260745	15449.68895784904	901.1051105222035	0.0	1034.9720789531561	39.768274543260745
386	36.882554631056344	15486.571512480092	900.6979087677291	0.0	1036.9907498012722	36.882554631056344
387	37.918521043296074	15524.49003352338	900.6407191373842	0.0	1038.6473253506754	37.918521043296074
388	39.77772563554878	15564.26775915893	901.4707775615757	0.0	1041.455295070797	39.77772563554878
389	37.493876195930724	15601.76163535487	900.2259156958538	0.0	1045.679530101659	37.493876195930724
390	37.86062810629929	15639.622263461171	901.6167751181	0.0	1046.0268966092588	37.86062810629929
391	38.747597385202745	15678.369860846373	902.6363388004183	0.0	1047.3741699953125	38.747597385202745
392	39.822375419472266	15718.192236265839	905.8434532143164	0.0	1049.4653923620463	39.822375419472266
393	37.62567599757609	15755.81791226342	905.6115840723119	0.0	1051.4233012951515	37.62567599757609
394	40.85586454913512	15796.673776812555	909.0382991164072	0.0	1056.1087944693854	40.85586454913512
395	40.34548475211974	15837.01926156467	912.5345805261489	0.0	1058.3097113388455	40.34548475211974
396	39.377577761621616	15876.3968393263	914.5250442576807	0.0	1060.7216976777202	39.377577761621616
397	38.997903348268125	15915.394742674562	916.1534884494362	0.0	1063.477563291201	38.997903348268125
398	41.07352863418637	15956.468271308751	919.4127286080173	0.0	1068.6597943672573	41.07352863418637
399	39.68663254851247	15996.154903857265	921.5869912851998	0.0	1070.030878749005	39.68663254851247
400	39.354348255240225	16035.509252112508	925.018762294123	0.0	1070.4033800617008	39.354348255240225
401	37.7471376434763	16073.256389755978	925.1754692473259	0.0	1071.196780923736	37.7471376434763
402	38.66207143124791	16111.918461187224	925.5098409876143	0.0	1072.948647185588	38.66207143124791
403	37.819373549094884	16149.737834736323	925.508993836202	0.0	1073.8640683290494	37.819373549094884
404	38.817472907131254	16188.555307643446	925.9866010737035	0.0	1075.7890615442573	38.817472907131254
405	39.52058671774808	16228.07589436121	927.1636872549288	0.0	1077.8187681039065	39.52058671774808
406	40.28340744591304	16268.359301807117	930.6983649077926	0.0	1079.5167046445154	40.28340744591304
407	37.015115702440916	16305.374417509549	931.3895162585519	0.0	1079.9098620890454	37.015115702440916
408	39.689162477879314	16345.063579987433	933.7407198675147	0.0	1082.988450552516	39.689162477879314
409	39.11783687029378	16384.18141685773	934.8740518463554	0.0	1085.9408323740133	39.11783687029378
410	40.12848712586935	16424.309903983594	937.8858522199014	0.0	1090.8493970033655	40.12848712586935
411	40.214749503044025	16464.524653486642	938.6938345505224	0.0	1094.3514784784736	40.214749503044025
412	36.52731406171956	16501.051967548363	938.4150247922458	0.0	1094.869916650151	36.52731406171956
413	38.61961060867898	16539.67157815704	938.9370902929031	0.0	1097.7945975047155	38.61961060867898
414	37.607531104555626	16577.279109261595	939.0895231611258	0.0	1096.8097325605925	37.607531104555626
415	40.02562603117488	16617.304735292764	941.1109189109064	0.0	1099.0708664141368	40.02562603117488
416	39.78370426213455	16657.088439554896	943.840413332565	0.0	1103.6353882698388	39.78370426213455
417	37.6591772128801	16694.74761676778	943.4399959926652	0.0	1104.9251104532802	37.6591772128801
418	38.404985902555794	16733.152602670332	944.0912745883844	0.0	1106.380108998936	38.404985902555794
419	40.84798056159152	16774.000583231926	945.7925647093964	0.0	1106.6246553453323	40.84798056159152
420	40.872652972792245	16814.87323620472	949.5107157268648	0.0	1109.049081141406	40.872652972792245
421	38.97686465777192	16853.850100862495	951.6665798543327	0.0	1109.6777265799958	38.97686465777192
422	38.96958055403932	16892.819681416535	953.6019457516443	0.0	1112.1461612612488	38.96958055403932
423	39.15926397281196	16931.97894538934	955.149115318613	0.0	1115.1663283010012	39.15926397281196
424	38.49757892031742	16970.476524309666	955.5463507548141	0.0	1116.924748251867	38.49757892031742
425	40.51883573776558	17010.995360047436	957.3751999557267	0.0	1119.685324794568	40.51883573776558
426	38.397148122031616	17049.39250816946	957.0419880772367	0.0	1123.8422517540696	38.397148122031616
427	40.493791902880076	17089.886300072343	959.3246909156659	0.0	1128.1763742612204	40.493791902880076
428	41.7039703604786	17131.590270432815	963.46068002051	0.0	1132.2351536611034	41.7039703604786
429	39.1984484991111	17170.788718931926	964.0213492865136	0.0	1136.2080635534542	39.1984484991111
430	39.53889316755308	17210.32761209948	964.1171247808469	0.0	1139.5880705823922	39.53889316755308
431	39.65963206322109	17249.987244162712	965.4171296711773	0.0	1139.1331029239893	39.65963206322109
432	40.26610617975795	17290.253350342457	968.913257515497	0.0	1143.3159877418805	40.26610617975795
433	37.88784839367471	17328.14119873613	968.550302880057	0.0	1147.3885823742228	37.88784839367471
434	38.53741009376513	17366.678608829898	969.3152692974095	0.0	1148.156409248448	38.53741009376513
435	38.38594194140039	17405.0645507713	970.9450603339895	0.0	1151.2861573937969	38.38594194140039
436	38.1075304016374	17443.17208117294	971.7070110256786	0.0	1154.9709563155523	38.1075304016374
437	37.584983529165335	17480.7570647021	972.8582321894719	0.0	1156.3169342643653	37.584983529165335
438	38.76146426399723	17519.518528966095	974.0787250460215	0.0	1161.951785230689	38.76146426399723
439	38.35948908631322	17557.87801805241	974.1050981714637	0.0	1165.3962946683089	38.35948908631322
440	39.28744112617369	17597.165459178585	974.6491258519595	0.0	1167.396735309936	39.28744112617369
441	40.29200668997725	17637.45746586857	978.0607018495296	0.0	1167.7143576930139	40.29200668997725
442	39.45445561746516	17676.91192148603	979.5133726504745	0.0	1169.8965782483347	39.45445561746516
443	38.11578053282889	17715.027702018873	978.870949888877	0.0	1172.3181304256607	38.11578053282889
444	40.23883488920435	17755.26653690806	981.2650479534551	0.0	1174.856010306554	40.23883488920435
445	38.4490261661437	17793.715563074216	981.1090821333976	0.0	1177.1916136960594	38.4490261661437
446	36.786882147579306	17830.502445221802	980.1528470483914	0.0	1178.6646402906338	36.786882147579306
447	39.84063254915297	17870.343077770955	982.9890471922755	0.0	1181.5764441289261	39.84063254915297
448	39.2119248760644	17909.555002647	984.149682017521	0.0	1182.0955092068464	39.2119248760644
449	40.03003337812433	17949.58503602514	986.3427283935223	0.0	1183.4616653380692	40.03003337812433
450	39.190578501672945	17988.775614526792	987.0671371238567	0.0	1185.1321027042745	39.190578501672945
451	39.43657950911548	18028.21219403592	988.1403484916502	0.0	1187.7189741473658	39.43657950911548
452	38.53713374678897	18066.749327782705	987.9308286407093	0.0	1190.9079384430354	38.53713374678897
453	40.674256386974704	18107.42358416968	990.4800581404742	0.0	1194.9822901228204	40.674256386974704
454	38.97769815079619	18146.40128232048	993.0401526513256	0.0	1198.5617926156106	38.97769815079619
455	39.50095491845092	18185.90223723893	996.3299354080507	0.0	1201.3614023807395	39.50095491845092
456	38.96499002802131	18224.867227266946	998.5916919523287	0.0	1204.5423359478198	38.96499002802131
457	39.17970364879754	18264.04693091575	998.2040917659053	0.0	1206.833309004677	39.17970364879754
458	40.43323803717995	18304.480168952927	1000.0083154148748	0.0	1209.5403012397537	40.43323803717995
459	38.600320731446274	18343.080489684377	1000.7306680317066	0.0	1211.4067401438258	38.600320731446274
460	40.37173760701675	18383.45222729139	1003.8064381341168	0.0	1215.0092309022923	40.37173760701675
461	38.92333897607214	18422.375566267467	1003.7550284678268	0.0	1218.218455502249	38.92333897607214
462	39.29301264988826	18461.668578917353	1004.7848306923462	0.0	1218.335070218421	39.29301264988826
463	40.85895695619848	18502.527535873545	1009.3585484778625	0.0	1220.5766852232596	40.85895695619848
464	39.58875996210474	18542.11629583565	1009.7439064569235	0.0	1224.1999985783805	39.58875996210474
465	39.21840196372848	18581.334697799386	1009.3637027306622	0.0	1225.661127024912	39.21840196372848
466	37.91315666329241	18619.247854462676	1009.7685146134088	0.0	1226.1463554133366	37.91315666329241
467	39.598795612433285	18658.846650075106	1011.2892642773498	0.0	1228.4645553547218	39.598795612433285
468	39.81969017149756	18698.666340246607	1012.5042300932987	0.0	1230.3195201329677	39.81969017149756
469	41.058470647704105	18739.724810894302	1016.3849619403732	0.0	1234.0730357816108	41.058470647704105
470	37.33842527469865	18777.063236169008	1016.0236540600998	0.0	1236.5898695981539	37.33842527469865
471	38.4034662386088	18815.466702407615	1018.8382236360177	0.0	1240.734140592601	38.4034662386088
472	38.03848539491257	18853.505187802526	1019.4964854817142	0.0	1244.1582016427224	38.03848539491257
473	39.4172209841673	18892.922408786704	1021.4098986456705	0.0	1246.353914839342	39.4172209841673
474	38.74460574827779	18931.667014534974	1023.14790513733	0.0	1250.7388603797406	38.74460574827779
475	38.76401462403805	18970.431029159015	1023.9603752249766	0.0	1253.3581943776303	38.76401462403805
476	40.12548981640995	19010.556518975423	1028.0962372711635	0.0	1255.0511664071623	40.12548981640995
477	39.045863159914056	19049.60238213534	1027.1391844252726	0.0	1255.7075546961587	39.045863159914056
478	38.50465758973557	19088.107039725073	1027.3200647925403	0.0	1258.0009941736337	38.50465758973557
479	39.73966032123635	19127.846700046306	1030.3318586051346	0.0	1260.3231336820231	39.73966032123635
480	37.30524486546943	19165.151944911784	1032.624086894261	0.0	1262.9099115077438	37.30524486546943
481	39.83506753038423	19204.98701244217	1036.9743186684764	0.0	1264.566340013888	39.83506753038423
482	39.859867880210246	19244.84688032237	1038.1251798071676	0.0	1266.5365322928274	39.859867880210246
483	37.82375991962061	19282.67064024199	1038.012334698117	0.0	1267.798139511703	37.82375991962061
484	38.142503665332626	19320.813143907326	1037.9518810734758	0.0	1271.723639113152	38.142503665332626
485	38.60459245530432	19359.417736362633	1038.7826618628042	0.0	1274.1518427514832	38.60459245530432
486	39.03032614340537	19398.448062506042	1040.8273688717788	0.0	1276.0306896681848	39.03032614340537
487	39.373699955712	19437.821762461746	1043.501247387747	0.0	1276.4374674299768	39.373699955712
488	39.66136010670634	19477.483122568454	1045.0267940969172	0.0	1276.3337552047008	39.66136010670634
489	38.340756885870945	19515.82387945432	1044.8657141734407	0.0	1277.040562491797	38.340756885870945
490	40.126919829686024	19555.95079928401	1046.595125459684	0.0	1279.8974056751217	40.126919829686024
491	38.761387439350635	19594.712186723355	1047.2610015917278	0.0	1280.7342030858688	38.761387439350635
492	39.11876845464518	19633.830955178008	1048.8904232459204	0.0	1281.6876048396443	39.11876845464518
493	38.273161470033855	19672.104116648046	1048.4726238520448	0.0	1281.9006333118357	38.273161470033855
494	38.344205681312175	19710.448322329357	1049.2645305878575	0.0	1284.0541104957092	38.344205681312175
495	39.14719619085483	19749.595518520215	1050.8965407376734	0.0	1285.4866164650978	39.14719619085483
496	38.67312197178016	19788.26864049199	1048.70700064697	0.0	1286.4160316193438	38.67312197178016
497	38.77445235940659	19827.043092851396	1049.6798277173598	0.0	1286.622891760206	38.77445235940659
498	38.18531671838469	19865.22840956978	1050.722725907788	0.0	1288.8907292358456	38.18531671838469
499	39.3697228181212	19904.598132387906	1051.2441602173253	0.0	1290.2993767239188	39.3697228181212
500	39.47946720463823	19944.077599592532	1054.23087097262	0.0	1292.133302699204	39.47946720463823
501	38.30274580490941	19982.38034539745	1055.2354574557557	0.0	1291.848761631314	38.30274580490941
502	39.442228455749	20021.8225738532	1055.5062287172582	0.0	1294.0789280496483	39.442228455749
503	39.22845209685884	20061.051025950055	1056.8588025066688	0.0	1296.9259340116403	39.22845209685884
504	39.95387146390013	20101.004897413957	1058.79247397	0.0	1300.6451271304504	39.95387146390013
505	39.7053382234218	20140.710235637383	1060.0534495235913	0.0	1305.189344015835	39.7053382234218
506	38.50669989890812	20179.21693553629	1060.651147798358	0.0	1307.7953227890675	38.50669989890812
507	39.978581175214806	20219.195516711505	1061.5150133194809	0.0	1310.9417603694776	39.978581175214806
508	39.36096976927761	20258.556486480782	1064.3900327705371	0.0	1314.8678424465975	39.36096976927761
509	40.47845736357711	20299.03494384436	1068.7456791931972	0.0	1320.6051951705228	40.47845736357711
510	38.122785058100305	20337.15772890246	1068.3680155351979	0.0	1322.8825795773223	38.122785058100305
511	38.9157396720802	20376.073468574534	1069.7272791877383	0.0	1322.335546051028	38.9157396720802
512	38.941974006749184	20415.01544258128	1069.7272791877383	0.0	1322.78507360757	38.941974006749184
