task	reward	total_reward	total_regret	relative	total_reward_dev	joules
0	72.29954329690618	72.29954329690618	1.4802138508531135	0.0	10.935482284739482	72.29954329690618
1	76.50434660442755	148.80388990133366	6.595464156861172	0.0	22.848532863954194	76.50434660442755
2	76.12836361677934	224.93225351811304	12.314381501672706	0.0	29.6177193446889	76.12836361677934
3	75.24622767422801	300.17848119234105	17.870073119109204	0.0	36.89302764905387	75.24622767422801
4	75.9253705280148	376.103851720356	23.121865941586904	0.0	46.37123573494759	75.9253705280148
5	73.62225165441133	449.7261033747669	25.045231406485158	0.0	46.89021425654952	73.62225165441133
6	78.24884019395438	527.9749435687215	33.836408997519804	0.0	54.97646259389836	78.24884019395438
7	75.99248927832485	603.9674328470464	39.28849119808292	0.0	57.14175075304582	75.99248927832485
8	75.06363583721077	679.0310686842572	42.60945477923382	0.0	64.5304686186484	75.06363583721077
9	74.8114893972637	753.8425580815206	46.55914738195046	0.0	64.91892056542379	74.8114893972637
10	73.23926941513729	827.0818274966585	48.56686982722169	0.0	64.12041236916006	73.23926941513729
11	73.8163864560734	900.8982139527316	51.90306611750084	0.0	66.4284109875005	73.8163864560734
12	72.94612605349472	973.8443400062265	53.385223294174686	0.0	69.65986877506731	72.94612605349472
13	74.89201713744472	1048.7363571436713	57.589059419002936	0.0	74.82978218638256	74.89201713744472
14	76.52086797733271	1125.2572251210036	62.685241125256674	0.0	78.15934162347673	76.52086797733271
15	71.55543946310326	1196.8126645841066	61.86165228191796	0.0	77.4541097200372	71.55543946310326
16	75.8421830539535	1272.6548476380603	66.5156739339269	0.0	79.06553983417606	75.8421830539535
17	74.21422828595365	1346.8690759240144	70.99993186703959	0.0	81.03380465955789	74.21422828595365
18	76.41822733684204	1423.2873032608559	75.79753047527042	0.0	84.1648508902896	76.41822733684204
19	76.06921259331465	1499.356515854171	80.32783802526032	0.0	83.25185980059854	76.06921259331465
20	74.43737689634783	1573.7938927505186	83.86739964675549	0.0	84.87801215682578	74.43737689634783
21	77.42779034902102	1651.2216830995387	90.27562840167089	0.0	85.87613554832063	77.42779034902102
22	75.07617897291092	1726.2978620724502	94.08468707969358	0.0	87.59099425826149	75.07617897291092
23	76.1008186258598	1802.3986806983103	101.19594731964713	0.0	87.83392463934295	76.1008186258598
24	72.44526316434404	1874.843943862653	103.47931953180174	0.0	91.09104269364607	72.44526316434404
25	75.85158811893632	1950.6955319815904	108.28812808764762	0.0	97.43681269828828	75.85158811893632
26	77.01437787929771	2027.7099098608887	113.33220229134477	0.0	95.80602488377802	77.01437787929771
27	72.49808881170213	2100.2079986725903	115.51438437533643	0.0	96.65306933920087	72.49808881170213
28	78.60246117670164	2178.810459849292	123.13602528471354	0.0	101.78799913971939	78.60246117670164
29	77.79858807151078	2256.6090479208024	130.2281337697036	0.0	107.29861003801248	77.79858807151078
30	78.39511405648045	2335.0041619772833	136.30072815980833	0.0	110.69360634838345	78.39511405648045
31	76.05874904637662	2411.0629110236596	141.60467211249718	0.0	117.02795689625277	76.05874904637662
32	73.42315442590211	2484.4860654495615	143.70178044443279	0.0	117.71535547433496	73.42315442590211
33	73.96492354031636	2558.4509889898777	148.10110938830604	0.0	118.55301463146355	73.96492354031636
34	76.7609105196667	2635.211899509544	153.55744867564238	0.0	119.24422436003326	76.7609105196667
35	75.33346102023518	2710.5453605297794	158.24446068925977	0.0	123.88424866734455	75.33346102023518
36	76.12817427625137	2786.6735348060315	162.44863303604538	0.0	128.98610085195162	76.12817427625137
37	75.32096674985952	2861.9945015558915	167.73353883414654	0.0	132.72524825564884	75.32096674985952
38	82.46269629879427	2944.4571978546855	179.1412274786189	0.0	136.37062398286704	82.46269629879427
39	77.55821482670413	3022.015412681389	185.31916953679817	0.0	142.51433297533632	77.55821482670413
40	75.72676644359392	3097.7421791249817	191.41885233671113	0.0	144.49316174090015	75.72676644359392
41	76.9253157689452	3174.667494893928	197.12667785246435	0.0	146.7073610534045	76.9253157689452
42	73.9173435792678	3248.5848384731944	200.247133953463	0.0	150.4822748899499	73.9173435792678
43	73.63711628661065	3322.221954759809	203.16196613053978	0.0	150.73041429338932	73.63711628661065
44	82.18972757376406	3404.41168233357	214.82965589297694	0.0	151.1263357040157	82.18972757376406
45	78.14734253674264	3482.559024870312	221.82282923042192	0.0	152.0273481071093	78.14734253674264
46	77.16090936913814	3559.7199342394515	228.4571859025592	0.0	152.73973248392713	77.16090936913814
47	75.83751832840602	3635.5574525678585	233.59471744917965	0.0	156.72651453546004	75.83751832840602
48	74.09840123448642	3709.655853802344	237.5058598689198	0.0	161.24913266776332	74.09840123448642
49	74.45626301612288	3784.1121168184686	240.3542841145692	0.0	163.5169261254368	74.45626301612288
50	77.59940459276227	3861.7115214112296	247.14388967016916	0.0	165.59290494322212	77.59940459276227
51	78.42397751368752	3940.135498924916	253.69485353237508	0.0	168.79916696930331	78.42397751368752
52	73.17900110271755	4013.314500027634	255.74134428514301	0.0	168.96256876323343	73.17900110271755
53	77.65071519053039	4090.9652152181625	260.6515073650227	0.0	168.61685839017392	77.65071519053039
54	75.0085765971035	4165.973791815267	266.0113701962445	0.0	168.89731641302257	75.0085765971035
55	80.15392656684449	4246.127718382113	274.3812816163876	0.0	172.16452139202286	80.15392656684449
56	76.89723959321894	4323.02495797533	279.71504076032573	0.0	173.63101696183597	76.89723959321894
57	76.0056653737181	4399.030623349048	284.1566569474216	0.0	173.9017869728719	76.0056653737181
58	73.81594009716385	4472.846563446213	287.44528216825535	0.0	177.02725359997143	73.81594009716385
59	73.90033116442524	4546.746894610637	291.37471602610674	0.0	177.65761136210332	73.90033116442524
60	71.50757318446053	4618.254467795096	292.2985252176533	0.0	178.76510141153622	71.50757318446053
61	75.5511519025602	4693.805619697659	297.83109648217817	0.0	177.74051232567535	75.5511519025602
62	75.51937236636782	4769.3249920640255	301.2714606280665	0.0	176.1509283179349	75.51937236636782
63	79.02131505389261	4848.346307117921	309.2349978951998	0.0	180.3278725432174	79.02131505389261
64	72.71816017145804	4921.06446728938	310.16773415672907	0.0	183.19835348501306	72.71816017145804
65	75.74472305587946	4996.80919034526	315.6991513401637	0.0	184.51763556943501	75.74472305587946
66	78.11600444080163	5074.925194786059	323.54382264868826	0.0	186.7448897404138	78.11600444080163
67	76.90679867682853	5151.831993462889	329.73939636539495	0.0	186.92019664565862	76.90679867682853
68	74.79608124066152	5226.628074703548	333.72610835988684	0.0	186.41334809986017	74.79608124066152
69	72.7527429525485	5299.380817656099	334.36779293544424	0.0	187.5894372584395	72.7527429525485
70	74.17025297917131	5373.55107063527	336.90817016444186	0.0	191.30067012609834	74.17025297917131
71	75.62551105467759	5449.176581689947	342.15441763821786	0.0	193.83255071128963	75.62551105467759
72	77.41912528514436	5526.595706975088	348.172779910466	0.0	194.53231503662	77.41912528514436
73	75.86071891508392	5602.4564258901755	351.9378221765281	0.0	195.61689741186242	75.86071891508392
74	76.15594868296182	5678.612374573135	357.2631811514426	0.0	195.0868033270499	76.15594868296182
75	76.51029178021574	5755.122666353354	363.27268608301273	0.0	196.34585411471983	76.51029178021574
76	75.49329293852452	5830.6159592918775	367.72995215162223	0.0	194.0967336484724	75.49329293852452
77	72.85345386597062	5903.469413157847	368.3228553340744	0.0	196.384283680495	72.85345386597062
78	79.1056213696615	5982.57503452751	377.3532807551139	0.0	198.8508375390251	79.1056213696615
79	76.1062291044819	6058.681263631991	382.6068585595433	0.0	203.70867891840672	76.1062291044819
80	77.11912025250648	6135.800383884498	387.87338582217563	0.0	209.62045472333756	77.11912025250648
81	73.62928115561998	6209.429665040119	390.8985897758162	0.0	210.40765513406996	73.62928115561998
82	76.7093290495486	6286.138994089666	397.59802989803705	0.0	219.8908618319372	76.7093290495486
83	77.71215546690485	6363.851149556568	403.21814724017173	0.0	223.33175158978833	77.71215546690485
84	78.24243783309319	6442.093587389665	411.42655596135756	0.0	220.63213668269458	78.24243783309319
85	75.99019402053818	6518.083781410201	416.5494583138947	0.0	220.8240075516635	75.99019402053818
86	76.38549405008627	6594.46927546029	421.53007608028463	0.0	222.0670316746067	76.38549405008627
87	71.19273052070804	6665.662005980997	421.29165848574337	0.0	220.6867087767537	71.19273052070804
88	73.27286774282635	6738.9348737238215	423.45232118532806	0.0	222.03865627068345	73.27286774282635
89	74.90728104410216	6813.842154767925	428.1307925648726	0.0	223.82166987914192	74.90728104410216
90	72.5295095641794	6886.371664332101	430.540056758685	0.0	228.29364756706582	72.5295095641794
91	78.23542234954631	6964.60708668165	437.68243502328625	0.0	228.06837825158883	78.23542234954631
92	76.41142566252005	7041.018512344175	444.05079746195025	0.0	230.24651925194155	76.41142566252005
93	74.22497298190571	7115.2434853260775	447.444346948043	0.0	234.3292376107724	74.22497298190571
94	79.40834065881862	7194.6518259848945	455.1920753129185	0.0	237.40392742858074	79.40834065881862
95	76.79732389915267	7271.449149884051	460.61243754668385	0.0	238.19470112315665	76.79732389915267
96	73.78358166449772	7345.2327315485445	463.16325662568937	0.0	237.48697866513714	73.78358166449772
97	77.78461026096035	7423.017341809509	470.5905510328632	0.0	236.215072071154	77.78461026096035
98	75.45430721878537	7498.47164902829	474.8028986355841	0.0	236.40729929407146	75.45430721878537
99	73.27082928148815	7571.742478309779	476.89985360846117	0.0	235.02309484779136	73.27082928148815
100	75.75291716446921	7647.49539547425	481.281105860676	0.0	236.3158414879292	75.75291716446921
101	76.63830953778039	7724.133705012031	486.07531596392533	0.0	237.0291092761911	76.63830953778039
102	75.21839334675501	7799.352098358787	490.0824579800738	0.0	237.9625018376532	75.21839334675501
103	72.9686622749397	7872.3207606337255	492.46672717396723	0.0	237.53338004293596	72.9686622749397
104	75.01465735635207	7947.335417990079	495.92610168165373	0.0	239.48776489109784	75.01465735635207
105	77.37376937990331	8024.709187369981	501.39551321737434	0.0	241.37576468146725	77.37376937990331
106	74.73863927228605	8099.447826642265	504.8978365060863	0.0	244.29840668567113	74.73863927228605
107	78.7894749896806	8178.237301631948	512.8403263682216	0.0	250.2483602415448	78.7894749896806
108	77.21323126462411	8255.450532896568	518.7919577651151	0.0	253.2842495306845	77.21323126462411
109	76.14993985713225	8331.600472753704	523.5235358070936	0.0	255.00651090962126	76.14993985713225
110	79.82052600237581	8411.420998756077	533.0816115458869	0.0	257.3645398291522	79.82052600237581
111	74.384001558399	8485.805000314482	536.1416859005301	0.0	260.56119698235153	74.384001558399
112	76.31358320060133	8562.118583515077	540.5372234337007	0.0	258.19793151790026	76.31358320060133
113	77.35831337413478	8639.47689688921	546.365967062377	0.0	259.6658750318998	77.35831337413478
114	73.84474171354543	8713.321638602756	549.2946452334195	0.0	261.50973382890965	73.84474171354543
115	77.46731405842579	8790.78895266118	555.4175671921307	0.0	262.96379042876123	77.46731405842579
116	71.34903461392906	8862.137987275113	555.9021745768634	0.0	262.2435904343298	71.34903461392906
117	75.42822446916445	8937.566211744283	558.9591322342695	0.0	260.7256994854652	75.42822446916445
118	76.59088143102062	9014.157093175301	563.3169960976852	0.0	262.53560222689015	76.59088143102062
119	75.80068030292252	9089.957773478218	567.7845779873477	0.0	265.27282000573985	75.80068030292252
120	75.60204545906106	9165.559818937283	571.5207426881486	0.0	269.4150647399501	75.60204545906106
121	73.75874925100221	9239.318568188288	574.5299491113864	0.0	267.3706982147012	73.75874925100221
122	77.08207148916854	9316.400639677455	579.9895023102919	0.0	262.4045115686124	77.08207148916854
123	76.85694298225496	9393.25758265971	586.5082329466537	0.0	259.55410918877624	76.85694298225496
124	74.55804059478328	9467.81562325449	589.5285038963308	0.0	260.17240545712764	74.55804059478328
125	78.73414591127684	9546.54976916577	597.7474543611302	0.0	264.32523331469605	78.73414591127684
126	75.41001888519834	9621.959788050968	602.2012681664527	0.0	262.4759538702214	75.41001888519834
127	74.97866048270669	9696.93844853367	605.5770153122414	0.0	260.77067699019136	74.97866048270669
128	74.35424541349113	9771.292693947162	608.8190751906448	0.0	261.0254780094484	74.35424541349113
129	74.33093969744976	9845.623633644609	612.0299276844995	0.0	261.7741071273096	74.33093969744976
130	75.0326696809997	9920.656303325606	615.855329932167	0.0	261.6017418060002	75.0326696809997
131	75.48594363462428	9996.142246960242	621.1445252857599	0.0	261.4310477147828	75.48594363462428
132	74.24902410871204	10070.391271068946	624.3864031520585	0.0	265.6111849590825	74.24902410871204
133	75.82305671118692	10146.214327780137	628.3736451958346	0.0	268.58171197991015	75.82305671118692
134	75.12247821292803	10221.336805993067	632.3340952340271	0.0	271.18836195513023	75.12247821292803
135	75.04894385943844	10296.3857498525	636.5844569364713	0.0	275.2820490878831	75.04894385943844
136	77.44094613798866	10373.826695990492	642.5304791111989	0.0	275.3919460965251	77.44094613798866
137	77.20820067482312	10451.034896665313	648.1468281459261	0.0	279.3568350795881	77.20820067482312
138	74.70067205803649	10525.735568723352	651.8022574908078	0.0	277.7253745989682	74.70067205803649
139	76.2261150650751	10601.961683788422	656.6575417219849	0.0	279.17581618818923	76.2261150650751
140	75.4353510505088	10677.397034838936	661.3936925390627	0.0	281.8601719788955	75.4353510505088
141	78.96080294472594	10756.35783778366	670.0007889339927	0.0	284.40408503059496	78.96080294472594
142	75.89077603141004	10832.248613815074	674.2923436097947	0.0	287.348193863797	75.89077603141004
143	74.70217429302835	10906.9507881081	677.5551547022006	0.0	287.12193742918356	74.70217429302835
144	79.56957908480473	10986.520367192898	685.2840826662974	0.0	290.7728790093264	79.56957908480473
145	73.09995456949983	11059.620321762399	687.4705462014581	0.0	294.05939065807837	73.09995456949983
146	74.00017698311373	11133.62049874552	689.5366008942987	0.0	293.8265754761911	74.00017698311373
147	77.86677185874787	11211.487270604262	696.8196105913845	0.0	294.1020543940587	77.86677185874787
148	75.63886990275621	11287.126140507022	701.6036855941308	0.0	292.5627024563597	75.63886990275621
149	73.63910196184493	11360.765242468866	703.2282600011166	0.0	293.9529559468408	73.63910196184493
150	75.22304356231965	11435.988286031186	707.0737161256544	0.0	296.4508132962489	75.22304356231965
151	73.49285978893792	11509.481145820124	710.5199986161348	0.0	296.1277420219927	73.49285978893792
152	74.67427280540383	11584.155418625525	715.1282467500048	0.0	296.06437203607214	74.67427280540383
153	81.60821105264667	11665.763629678173	724.7162618034938	0.0	297.7315014817454	81.60821105264667
154	74.66378253610473	11740.427412214276	728.609906420898	0.0	298.48407557251414	74.66378253610473
155	75.59305878753672	11816.02047100181	733.7733370440249	0.0	298.0436948101497	75.59305878753672
156	75.55227210362966	11891.572743105442	738.3428497418649	0.0	299.02255453135973	75.55227210362966
157	72.92328877999998	11964.496031885443	739.0509967432931	0.0	297.400934801743	72.92328877999998
158	73.05080806469458	12037.546839950139	741.0295256129149	0.0	296.6311090595271	73.05080806469458
159	72.1506821084495	12109.697522058586	742.6505068720476	0.0	297.57313536282953	72.1506821084495
160	75.3056960892724	12185.003218147862	745.7739211915364	0.0	299.25594895183303	75.3056960892724
161	72.27036858770308	12257.273586735562	747.66339008477	0.0	299.47181448248784	72.27036858770308
162	75.14498618365631	12332.418572919216	752.2719850406323	0.0	300.62542911139957	75.14498618365631
163	76.67463846405633	12409.093211383273	756.3048980608888	0.0	299.08797327021074	76.67463846405633
164	81.37040815203122	12490.463619535312	767.3816631892881	0.0	300.98908236329976	81.37040815203122
165	75.09848793251638	12565.562107467822	771.5093099071714	0.0	302.8755618681012	75.09848793251638
166	72.70264582898045	12638.264753296797	773.4592627042575	0.0	305.6910182963261	72.70264582898045
167	71.56348485012789	12709.82823814693	774.392192585056	0.0	304.70391358492697	71.56348485012789
168	73.0363669299284	12782.864605076866	776.5897131734228	0.0	305.11521549069886	73.0363669299284
169	77.34328093243168	12860.207886009297	783.7113490386126	0.0	302.26879237442074	77.34328093243168
170	76.2339947501444	12936.441880759434	789.5774534787098	0.0	304.0542586727487	76.2339947501444
171	77.42060941180934	13013.862490171248	796.485098727256	0.0	302.890863690493	77.42060941180934
172	74.07280964949103	13087.935299820734	798.2516087278002	0.0	301.33909180341055	74.07280964949103
173	74.69618408029929	13162.631483901036	801.8067365089073	0.0	301.06530443947787	74.69618408029929
174	78.46385155605846	13241.09533545709	809.0702465044865	0.0	301.7015300991134	78.46385155605846
175	77.07600868332491	13318.171344140417	814.1434301638719	0.0	302.5773193187185	77.07600868332491
176	74.56637797023878	13392.737722110662	816.6028522602767	0.0	304.40603421358804	74.56637797023878
177	76.61623641571651	13469.353958526366	822.3749698401281	0.0	303.71453110479837	76.61623641571651
178	76.65467886362354	13546.008637389998	826.8610221119167	0.0	310.41791664146314	76.65467886362354
179	74.93926114157559	13620.947898531575	830.143124917163	0.0	310.50010272667373	74.93926114157559
180	73.8391251116499	13694.78702364322	830.6542602875842	0.0	312.78323260109283	73.8391251116499
181	73.27123102207821	13768.058254665299	831.924740461579	0.0	311.6983783226467	73.27123102207821
182	74.22923820851872	13842.28749287382	834.9683645601058	0.0	308.26037075811223	74.22923820851872
183	73.16723260684857	13915.45472548066	837.6261955442214	0.0	308.31662823247535	73.16723260684857
184	72.86238780199852	13988.317113282672	839.9535315919601	0.0	309.4563325500054	72.86238780199852
185	75.08215066877047	14063.399263951436	842.3515592958734	0.0	310.4089379454747	75.08215066877047
186	72.9688974310058	14136.368161382436	842.8728103134818	0.0	311.3573619907555	72.9688974310058
187	75.62694777982738	14211.995109162268	848.2793002868001	0.0	311.26171963357746	75.62694777982738
188	74.84782338776176	14286.842932550027	852.9448628533448	0.0	314.6035912910131	74.84782338776176
189	80.71292456246044	14367.555857112491	861.2779081159973	0.0	318.28055523030264	80.71292456246044
190	74.4181595442323	14441.974016656726	865.4616528841783	0.0	320.56789799984114	74.4181595442323
191	76.68697704452904	14518.660993701253	870.4343580184113	0.0	320.61169702374514	76.68697704452904
192	77.73622068934759	14596.397214390592	876.2998860999628	0.0	320.084421060665	77.73622068934759
193	77.39548886741872	14673.792703258021	884.3248697658236	0.0	323.66783570235276	77.39548886741872
194	72.42210452413606	14746.214807782158	886.4004642384193	0.0	324.50084984928196	72.42210452413606
195	78.67365553906117	14824.888463321211	894.2210669601768	0.0	319.00538106147104	78.67365553906117
196	72.86595519100574	14897.754418512222	895.2946713494141	0.0	318.8675890481126	72.86595519100574
197	76.05748922119538	14973.811907733423	899.562901071067	0.0	318.02542905820013	76.05748922119538
198	72.79235230055981	15046.604260033979	900.5829225583878	0.0	318.78088371603167	72.79235230055981
199	74.93180365211634	15121.53606368609	904.7422797065452	0.0	318.22924124365466	74.93180365211634
200	71.24888424524707	15192.784947931337	904.5588831189508	0.0	316.663253230921	71.24888424524707
201	79.15426273219984	15271.939210663544	912.8084492157172	0.0	321.87348861179674	79.15426273219984
202	72.25525372583711	15344.194464389382	915.347871615004	0.0	322.9036798900296	72.25525372583711
203	76.15056647104161	15420.345030860417	920.0477687513195	0.0	321.7759575334271	76.15056647104161
204	76.92990035471921	15497.274931215148	926.0180404016328	0.0	322.74234117411606	76.92990035471921
205	77.85876457182373	15575.133695786959	931.5810507520265	0.0	320.38112649135127	77.85876457182373
206	76.16126474648527	15651.29496053345	936.431742725691	0.0	319.95341742426234	76.16126474648527
207	74.77057665289571	15726.065537186345	940.0891341987107	0.0	321.9636520247819	74.77057665289571
208	81.00154873303389	15807.067085919369	950.6390102643032	0.0	324.0129597716301	81.00154873303389
209	78.95731280315611	15886.02439872253	958.5329358108879	0.0	321.90408643131354	78.95731280315611
210	76.94698320500284	15962.971381927538	964.5213615063228	0.0	323.6873296162417	76.94698320500284
211	80.39060352186871	16043.361985449405	974.828825343136	0.0	323.77315619777556	80.39060352186871
212	76.54507918949017	16119.9070646389	979.6837020355799	0.0	320.09707723559654	76.54507918949017
213	76.98698627007781	16196.894050908972	986.5974776284103	0.0	323.2379782356607	76.98698627007781
214	77.568489190699	16274.462540099663	993.5416961618675	0.0	325.5078222480217	77.568489190699
215	76.33646317887612	16350.799003278544	1000.205252959607	0.0	323.7545168459207	76.33646317887612
216	75.39549432094185	16426.194497599492	1004.7612515928926	0.0	328.0227244520234	75.39549432094185
217	75.99363007778211	16502.188127677276	1010.7949344359007	0.0	330.3389414598218	75.99363007778211
218	75.0214772536763	16577.20960493095	1015.4588533157877	0.0	330.84864028328656	75.0214772536763
219	72.91840830721934	16650.12801323816	1019.4667469710537	0.0	330.29356845805717	72.91840830721934
220	73.28963348908654	16723.417646727252	1021.4176681229177	0.0	330.1994334206303	73.28963348908654
221	77.87081657801116	16801.288463305267	1027.4895459902143	0.0	331.98904807955404	77.87081657801116
222	76.6098221327586	16877.898285438023	1031.5487038048282	0.0	334.94792875424434	76.6098221327586
223	79.45337362943101	16957.351659067455	1040.5791322111136	0.0	342.3003097136686	79.45337362943101
224	76.38724282863241	17033.73890189609	1045.9649677757116	0.0	340.6606630824852	76.38724282863241
225	80.08591377768197	17113.824815673765	1053.848685779834	0.0	344.3460362677482	80.08591377768197
226	74.77443150035182	17188.59924717412	1057.4352210873562	0.0	344.0004011777251	74.77443150035182
227	74.07866484602745	17262.677912020146	1060.3356396246024	0.0	346.54377037114483	74.07866484602745
228	76.37544311174824	17339.053355131888	1067.3949528939117	0.0	346.17714926425526	76.37544311174824
229	73.90390127286186	17412.957256404752	1068.8688291254016	0.0	347.29064266902975	73.90390127286186
230	75.89587672013374	17488.853133124892	1073.801161607741	0.0	348.98216622638006	75.89587672013374
231	73.98984697858238	17562.84298010347	1076.008463637694	0.0	347.4870688895273	73.98984697858238
232	74.53290819615184	17637.37588829962	1079.2338640486676	0.0	349.55191984776854	74.53290819615184
233	80.56556459617019	17717.941452895793	1087.8292171945304	0.0	350.27515157193096	80.56556459617019
234	76.2239082206775	17794.16536111647	1093.927787854889	0.0	350.89837641095534	76.2239082206775
235	75.92823756500704	17870.093598681484	1100.004811291156	0.0	350.14170825190496	75.92823756500704
236	71.5148824703244	17941.608481151805	1100.8634745604875	0.0	351.8901185779587	71.5148824703244
237	75.68935706279973	18017.2978382146	1105.6702416494227	0.0	356.5104106827626	75.68935706279973
238	75.81268850307413	18093.11052671767	1108.633896219919	0.0	355.06748160798674	75.81268850307413
239	74.33825287534248	18167.448779593025	1111.8505754532598	0.0	358.3501703151649	74.33825287534248
240	78.80045869468097	18246.24923828771	1120.0694671114888	0.0	359.16754567844407	78.80045869468097
241	73.67380307297606	18319.923041360675	1123.0298180536856	0.0	359.6765441703427	73.67380307297606
242	75.42080835651267	18395.34384971719	1127.8207308738606	0.0	358.8947073387067	75.42080835651267
243	76.98868459765531	18472.332534314846	1133.3759815826993	0.0	361.2770573202866	76.98868459765531
244	77.8788989387702	18550.211433253615	1139.6605129050129	0.0	363.45335201530503	77.8788989387702
245	72.91694234000497	18623.128375593613	1141.7118554017059	0.0	364.06618114535263	72.91694234000497
246	74.99828591448771	18698.126661508108	1145.5395239653442	0.0	362.82209086517264	74.99828591448771
247	74.80533425347886	18772.93199576158	1148.5201397268418	0.0	363.34125121654523	74.80533425347886
248	76.50882205015526	18849.440817811745	1154.351267740011	0.0	360.1961090778462	76.50882205015526
249	75.57861199723219	18925.019429808977	1159.5055369547988	0.0	358.48296826021084	75.57861199723219
250	75.12000263964214	19000.139432448614	1163.7891780334926	0.0	356.6230688461919	75.12000263964214
251	73.63047345264896	19073.76990590127	1165.6740694731097	0.0	356.8806685628774	73.63047345264896
252	77.24356073995175	19151.013466641212	1171.440491027783	0.0	355.7008411940357	77.24356073995175
253	76.02357025426345	19227.03703689547	1176.567150406739	0.0	355.0657983260897	76.02357025426345
254	76.10022614646854	19303.137263041954	1181.2439162138003	0.0	352.6965854587205	76.10022614646854
255	76.47799793432021	19379.615260976265	1186.4510449293648	0.0	355.5624759627318	76.47799793432021
256	77.46629668930294	19457.081557665566	1192.638096700256	0.0	355.2263399095836	77.46629668930294
257	74.44312533446535	19531.524683000032	1197.4690627556952	0.0	356.67807694907407	74.44312533446535
258	79.24439457640509	19610.769077576442	1206.3210886394997	0.0	358.1150817719382	79.24439457640509
259	74.25044461279236	19685.01952218923	1208.903765565784	0.0	360.63922205699527	74.25044461279236
260	73.24569417590021	19758.26521636513	1211.1291900924634	0.0	361.29895673207	73.24569417590021
261	72.21700801493147	19830.482224380063	1213.802648280917	0.0	359.1016808245808	72.21700801493147
262	76.9039611030055	19907.386185483076	1219.7317885457285	0.0	356.65655496846966	76.9039611030055
263	75.89447853966088	19983.280664022728	1224.9417812254362	0.0	356.0007428865602	75.89447853966088
264	74.10334890969055	20057.38401293242	1228.223454248837	0.0	356.4892266452788	74.10334890969055
265	79.98807784418398	20137.372090776596	1236.4911123422853	0.0	355.5862607787852	79.98807784418398
266	75.21373085898455	20212.5858216356	1240.7364424198045	0.0	358.1505233158443	75.21373085898455
267	81.8471175942754	20294.432939229868	1251.2470878820338	0.0	358.8362714094221	81.8471175942754
268	75.16596258323108	20369.59890181309	1254.729445325395	0.0	357.95072609228095	75.16596258323108
269	70.71160779553522	20440.310509608636	1254.3466627529313	0.0	358.3951570703414	70.71160779553522
270	74.54064479758577	20514.851154406213	1257.1543237693043	0.0	358.8970749357522	74.54064479758577
271	75.99719164382743	20590.848346050043	1260.6324026726572	0.0	359.4459479365181	75.99719164382743
272	78.61951310034118	20669.46785915038	1266.4363777855526	0.0	360.778508247832	78.61951310034118
273	75.96147614822854	20745.429335298606	1271.8096421028117	0.0	357.4488915850083	75.96147614822854
274	71.99309206443044	20817.42242736303	1271.5260081228555	0.0	357.2672343619089	71.99309206443044
275	79.85790423693432	20897.28033159997	1280.3424475601555	0.0	358.7366515762761	79.85790423693432
276	74.8664372199019	20972.14676881987	1285.050840411954	0.0	358.65134982196133	74.8664372199019
277	74.42927164039168	21046.576040460277	1290.5643125605704	0.0	358.5149470994192	74.42927164039168
278	71.28686771917017	21117.86290817945	1290.4305099216522	0.0	358.05147454622085	71.28686771917017
279	74.64886196750598	21192.51177014695	1294.1543039816079	0.0	361.1712061532972	74.64886196750598
280	76.05144481596925	21268.56321496292	1300.475981541668	0.0	361.8518051177819	76.05144481596925
281	74.98794343845694	21343.551158401373	1304.9699834661058	0.0	361.10857225021937	74.98794343845694
282	71.49713158902998	21415.048289990402	1306.0550746136648	0.0	358.6581331669041	71.49713158902998
283	77.43178766410104	21492.480077654505	1312.301563995494	0.0	358.16710080853534	77.43178766410104
284	74.20567365948011	21566.68575131398	1314.7861869591588	0.0	356.75806638294654	74.20567365948011
285	76.22194837435946	21642.90769968834	1318.7477859506719	0.0	360.4233580225193	76.22194837435946
286	74.2501867367536	21717.157886425095	1322.7196767619303	0.0	359.9552950005486	74.2501867367536
287	74.2166249403155	21791.37451136541	1324.9482898572128	0.0	360.81424712341163	74.2166249403155
288	74.14921903826972	21865.523730403682	1327.922132931241	0.0	360.54843072111345	74.14921903826972
289	75.82759157848112	21941.351321982165	1332.2718492016784	0.0	355.669886298569	75.82759157848112
290	77.87104798983489	22019.222369971987	1338.6914432209967	0.0	357.0502074626905	77.87104798983489
291	75.03672207873696	22094.25909205074	1343.0374333644481	0.0	356.25329277050685	75.03672207873696
292	76.57806881168412	22170.837160862415	1348.7628665733373	0.0	356.7837560862917	76.57806881168412
293	75.06587101043777	22245.903031872855	1352.3881477879281	0.0	363.14691393695387	75.06587101043777
294	72.420520327088	22318.323552199952	1353.7269619435435	0.0	363.63106721288045	72.420520327088
295	76.25074185973881	22394.574294059687	1359.5027953911037	0.0	364.3050651606309	76.25074185973881
296	80.28642345541462	22474.860717515094	1368.242851079761	0.0	363.2569317510054	80.28642345541462
297	75.37423094662482	22550.23494846173	1371.6226409037126	0.0	365.23401448713963	75.37423094662482
298	78.51705564244152	22628.752004104164	1378.4036960262854	0.0	362.1064390975674	78.51705564244152
299	75.26686099938718	22704.018865103557	1382.2335676544858	0.0	358.5657495755858	75.26686099938718
300	75.34927025130258	22779.36813535485	1387.4279431777159	0.0	360.72448518372425	75.34927025130258
301	77.83441791649777	22857.20255327135	1394.3671443402532	0.0	365.11903768291097	77.83441791649777
302	75.47712377134854	22932.6796770427	1398.5364919639435	0.0	365.1864376414121	75.47712377134854
303	75.66825601963853	23008.34793306234	1403.9951417490533	0.0	365.7124299206644	75.66825601963853
304	73.91188403083055	23082.259817093163	1407.7726024368658	0.0	365.17945079679805	73.91188403083055
305	78.329890882899	23160.58970797608	1416.4965895388427	0.0	366.72881827604493	78.329890882899
306	74.32328851791995	23234.912996493982	1417.7292356812675	0.0	370.2137298285267	74.32328851791995
307	80.16362588173929	23315.07662237573	1425.7047775460596	0.0	368.7920612117165	80.16362588173929
308	74.50159518831265	23389.578217564038	1428.6863658472266	0.0	367.4816978050398	74.50159518831265
309	75.69301718352853	23465.27123474757	1432.4178706663254	0.0	366.50318319162517	75.69301718352853
310	81.31042512038889	23546.58165986796	1442.503785223546	0.0	362.13131452224945	81.31042512038889
311	74.9775075317012	23621.559167399653	1447.3067670118926	0.0	359.01835807996736	74.9775075317012
312	76.5128321695315	23698.071999569194	1453.3156630221524	0.0	360.2627379159592	76.5128321695315
313	77.38137063706496	23775.453370206247	1459.6967014065356	0.0	361.73039890177085	77.38137063706496
314	79.7052487056718	23855.15861891192	1468.264262428473	0.0	357.3498260065917	79.7052487056718
315	78.61313257245182	23933.77175148438	1476.1666497022225	0.0	363.2495320748955	78.61313257245182
316	75.5266612811072	24009.29841276548	1480.8152579736366	0.0	359.9253488500603	75.5266612811072
317	74.04855307185944	24083.346965837347	1483.618245080952	0.0	364.62269374318066	74.04855307185944
318	79.56260186410483	24162.90956770146	1492.4203761435551	0.0	374.060784479208	79.56260186410483
319	73.5347402950156	24236.444307996462	1494.6676116022209	0.0	377.11756052821806	73.5347402950156
320	77.23858389239983	24313.68289188886	1501.1062503195653	0.0	379.3546637172607	77.23858389239983
321	74.47293944510466	24388.155831333977	1504.6232994049135	0.0	381.5875003412596	74.47293944510466
322	74.78966256680643	24462.94549390078	1508.215522865325	0.0	381.1650312900431	74.78966256680643
323	75.49590214952966	24538.44139605032	1512.2555437102571	0.0	378.78068419054193	75.49590214952966
324	79.00696603224179	24617.44836208254	1520.1352639590602	0.0	375.6201479842497	79.00696603224179
325	73.74913171746522	24691.197493800006	1522.9940132698987	0.0	374.3576645965634	73.74913171746522
326	76.16280350825696	24767.36029730826	1528.5485496276647	0.0	373.6821380218223	76.16280350825696
327	74.68909500598765	24842.049392314264	1533.6033461879892	0.0	377.5069262709845	74.68909500598765
328	77.37002086429611	24919.419413178544	1539.786850382604	0.0	379.4899671137285	77.37002086429611
329	72.81990740102566	24992.239320579585	1541.2175667907268	0.0	377.5818929793346	72.81990740102566
330	72.259834878673	25064.49915545825	1543.730995367752	0.0	378.982389159845	72.259834878673
331	73.58212561794316	25138.0812810762	1546.811312259973	0.0	381.20460866678553	73.58212561794316
332	74.8242426930728	25212.905523769263	1551.1688064968957	0.0	380.3544314705175	74.8242426930728
333	74.39728225673186	25287.30280602599	1554.667978867667	0.0	380.9608955796314	74.39728225673186
334	75.50905443050993	25362.81186045651	1559.6737425041083	0.0	380.5963803278744	75.50905443050993
335	74.80205353505757	25437.613913991558	1562.4396713219182	0.0	382.2531008049548	74.80205353505757
336	79.0316686969632	25516.645582688525	1570.3334697006323	0.0	382.1757333692019	79.0316686969632
337	77.41253060759266	25594.05811329612	1576.5592031203016	0.0	382.0507712926067	77.41253060759266
338	76.19128852618265	25670.249401822304	1581.0903982436112	0.0	380.0177157454595	76.19128852618265
339	77.44508091408116	25747.694482736388	1588.6796388169332	0.0	380.70145107666013	77.44508091408116
340	77.14739530560065	25824.84187804199	1594.2484134209317	0.0	378.7982257693991	77.14739530560065
341	76.95645443306516	25901.798332475053	1600.4762698247441	0.0	377.7115273881056	76.95645443306516
342	74.12181661188409	25975.920149086927	1602.9794256906255	0.0	378.0238595744274	74.12181661188409
343	75.27403357848424	26051.194182665415	1606.1236367201363	0.0	379.1261078516013	75.27403357848424
344	75.14945049622928	26126.34363316164	1609.587249390466	0.0	378.73666125541496	75.14945049622928
345	75.87401655104593	26202.217649712697	1614.4176453929517	0.0	373.05926317040826	75.87401655104593
346	74.23965239025222	26276.457302102946	1616.6539148687432	0.0	374.75702201496546	74.23965239025222
347	76.24925461458137	26352.70655671753	1622.001743076072	0.0	374.2024142975744	76.24925461458137
348	74.45522066059318	26427.161777378125	1625.1925850476835	0.0	374.2933924749335	74.45522066059318
349	73.94334605767864	26501.10512343579	1628.2724708698222	0.0	371.84772212497654	73.94334605767864
350	80.4921391036957	26581.597262539482	1637.5722294083043	0.0	369.44121173584995	80.4921391036957
351	74.2755392240838	26655.872801763573	1640.2958146935466	0.0	368.34908068304935	74.2755392240838
352	75.78967458351426	26731.662476347094	1644.241234584248	0.0	365.77780304966745	75.78967458351426
353	75.81984575983996	26807.48232210693	1649.0857551681083	0.0	368.13062427490394	75.81984575983996
354	73.57350135728582	26881.055823464216	1651.2070627583341	0.0	366.77096555507853	73.57350135728582
355	73.66230653676291	26954.718130000983	1654.7235656485198	0.0	367.4413795768046	73.66230653676291
356	77.30430202018884	27032.02243202117	1660.755861681326	0.0	366.6145977284789	77.30430202018884
357	72.97913267535564	27105.00156469653	1663.4889901614818	0.0	365.52644715350436	72.97913267535564
358	78.78036801069011	27183.781932707196	1672.0248487606993	0.0	363.60932760313085	78.78036801069011
359	75.19414324353846	27258.97607595076	1676.1290649237958	0.0	363.8765324774482	75.19414324353846
360	78.02637960432222	27337.00245555507	1683.451587956574	0.0	361.413541757522	78.02637960432222
361	73.70582864993797	27410.70828420501	1686.916493128525	0.0	358.01682659859836	73.70582864993797
362	77.09418801261756	27487.802472217634	1693.2059899035476	0.0	361.63737044597974	77.09418801261756
363	74.21446917698603	27562.016941394613	1696.4562138932397	0.0	361.3713599094599	74.21446917698603
364	76.81347527308407	27638.830416667697	1701.2601480044564	0.0	361.7170942442337	76.81347527308407
365	75.64830518517421	27714.478721852876	1706.7027369713178	0.0	361.252116672752	75.64830518517421
366	74.31387406385507	27788.792595916733	1709.6375996901081	0.0	359.6407089876084	74.31387406385507
367	80.68589103105762	27869.478486947784	1718.981230896045	0.0	358.9057952574856	80.68589103105762
368	76.43190393198303	27945.91039087976	1724.7253546106397	0.0	362.5318286005096	76.43190393198303
369	74.25820884682344	28020.168599726603	1727.4938700664704	0.0	361.575928338558	74.25820884682344
370	77.60114631605578	28097.769746042643	1735.477046605347	0.0	356.40832729546065	77.60114631605578
371	75.15452237782026	28172.924268420473	1739.7669155474982	0.0	357.32907961357796	75.15452237782026
372	77.1284628975572	28250.052731318017	1745.62670209132	0.0	363.7843998382018	77.1284628975572
373	76.5161106288776	28326.568841946897	1751.0707480439323	0.0	364.01164692362113	76.5161106288776
374	73.87643718807855	28400.445279134998	1754.500050861506	0.0	362.0581525585879	73.87643718807855
375	75.79995930237273	28476.245238437346	1759.5558017623198	0.0	363.90843693032343	75.79995930237273
376	77.32228638500769	28553.567524822378	1767.7740928796152	0.0	364.48084420313376	77.32228638500769
377	74.97572292228864	28628.543247744652	1771.1623219851767	0.0	364.52560088878	74.97572292228864
378	77.75574399850514	28706.298991743162	1777.9346459996932	0.0	362.6881137901178	77.75574399850514
379	74.38963267042986	28780.688624413582	1781.357555620556	0.0	364.94447618566807	74.38963267042986
380	76.30250940370792	28856.991133817293	1785.521161591159	0.0	366.5271446656275	76.30250940370792
381	76.57513313668005	28933.566266953974	1789.5906693423576	0.0	367.03561962779145	76.57513313668005
382	75.22624907502971	29008.792516028996	1793.5714377227723	0.0	371.2155035013049	75.22624907502971
383	73.26888031362701	29082.06139634263	1796.1296511270675	0.0	372.7798853298839	73.26888031362701
384	79.42856618815951	29161.489962530806	1803.6095251237834	0.0	377.589923514368	79.42856618815951
385	78.57935783234792	29240.069320363127	1811.8413804659522	0.0	378.6169000431219	78.57935783234792
386	74.40261738366598	29314.47193774682	1815.7382683607773	0.0	377.2136638064089	74.40261738366598
387	75.563851563389	29390.035789310205	1820.2057211751153	0.0	378.5187555663581	75.563851563389
388	74.63202154631207	29464.667810856525	1822.7838194664696	0.0	378.20921902527954	74.63202154631207
389	75.60406779928928	29540.271878655778	1827.5277047554116	0.0	381.5866626879692	75.60406779928928
390	77.59531636434951	29617.867195020135	1833.7453188192792	0.0	380.5285619516	77.59531636434951
391	75.71383470445862	29693.5810297246	1838.223755166754	0.0	381.9643646970621	75.71383470445862
392	75.13577766305961	29768.716807387653	1841.5038827647659	0.0	380.5160140846127	75.13577766305961
393	76.27857855697876	29844.995385944632	1847.8161801230817	0.0	383.17216353485105	76.27857855697876
394	74.76789467728261	29919.76328062193	1850.5709363689134	0.0	381.76923629414665	74.76789467728261
395	75.92296953335308	29995.686250155275	1855.99630759917	0.0	383.3669584565866	75.92296953335308
396	73.68361375942563	30069.369863914708	1858.4236351355376	0.0	384.43134706023636	73.68361375942563
397	75.55477552131188	30144.92463943602	1862.507789837147	0.0	382.12624468990725	75.55477552131188
398	75.28716179706032	30220.211801233072	1865.9831677211998	0.0	381.69540187259963	75.28716179706032
399	79.74400727301592	30299.955808506078	1875.0051423500347	0.0	380.33635208928007	79.74400727301592
400	74.61388923025557	30374.569697736344	1877.8037021361497	0.0	382.09430769015154	74.61388923025557
401	75.97474800742552	30450.544445743766	1883.3960185924536	0.0	382.44279759252214	75.97474800742552
402	75.72772371556916	30526.27216945935	1888.3557321330218	0.0	384.78735985295555	75.72772371556916
403	79.61808860751309	30605.890258066844	1897.039175903272	0.0	388.99844149461103	79.61808860751309
404	74.54149979310206	30680.431757859948	1901.0898980985976	0.0	388.79896657842113	74.54149979310206
405	74.36037642395246	30754.792134283907	1904.26893453953	0.0	388.19968397928017	74.36037642395246
406	79.18664206830415	30833.978776352218	1912.9869090531033	0.0	389.13400927533	79.18664206830415
407	74.77765602999004	30908.756432382186	1916.2730027270457	0.0	391.3772516576231	74.77765602999004
408	80.68435663985196	30989.440789022046	1926.3983322019544	0.0	391.87444323677414	80.68435663985196
409	77.00841794331612	31066.44920696536	1932.082350356045	0.0	394.8511845939934	77.00841794331612
410	74.7472526527987	31141.196459618153	1935.5523564404496	0.0	398.5979585965218	74.7472526527987
411	72.99420540895446	31214.190665027138	1938.696191507032	0.0	401.39185353929435	72.99420540895446
412	73.68951226005167	31287.880177287167	1941.9222662117484	0.0	400.061960710938	73.68951226005167
413	74.38021610872697	31362.260393395893	1945.161215550173	0.0	404.87277367043697	74.38021610872697
414	75.28374712897971	31437.544140524868	1950.3773653833155	0.0	407.6324385935078	75.28374712897971
415	75.20216328969977	31512.746303814583	1954.83167770014	0.0	411.4569562316148	75.20216328969977
416	76.55519884963803	31589.301502664213	1959.2635203951504	0.0	413.69624524823143	76.55519884963803
417	77.89707938869932	31667.198582052915	1966.1653988532064	0.0	413.4296365172056	77.89707938869932
418	73.19171523541475	31740.390297288337	1968.2234980685932	0.0	414.6845132990347	73.19171523541475
419	76.29078809268297	31816.681085381028	1973.5116005108957	0.0	414.76065230859155	76.29078809268297
420	77.4258733772717	31894.106958758286	1980.147268826246	0.0	421.42034005186304	77.4258733772717
421	77.20209739747683	31971.309056155776	1985.8075600490859	0.0	419.6366757846407	77.20209739747683
422	78.22732860847674	32049.53638476424	1992.250122791966	0.0	423.0558284300994	78.22732860847674
423	71.00957458046008	32120.5459593447	1992.7184858410421	0.0	426.04846105405267	71.00957458046008
424	78.26902637379962	32198.814985718494	2000.4877725983254	0.0	426.893487481727	78.26902637379962
425	77.69201829668383	32276.50700401518	2006.6424535489577	0.0	430.0840255354999	77.69201829668383
426	73.8527582934521	32350.359762308635	2009.2550598007088	0.0	429.6544873481511	73.8527582934521
427	74.09415917457446	32424.453921483204	2012.7781089480327	0.0	431.1068937249314	74.09415917457446
428	76.78205922128164	32501.23598070451	2017.7779574636836	0.0	433.12490125137015	76.78205922128164
429	76.03712787823896	32577.273108582725	2022.5239248107207	0.0	433.7138740568354	76.03712787823896
430	75.7470198798893	32653.020128462616	2028.2847413213312	0.0	430.78978805479676	75.7470198798893
431	74.60578771862033	32727.625916181245	2031.8864393608872	0.0	433.73086045418216	74.60578771862033
432	72.872357252523	32800.49827343376	2034.8751898705775	0.0	433.9606076872969	72.872357252523
433	73.88628704594366	32874.38456047971	2035.9777817968247	0.0	435.4814639809493	73.88628704594366
434	73.4809663336375	32947.86552681336	2038.919684624949	0.0	436.0116132988036	73.4809663336375
435	74.19676225749674	33022.06228907083	2041.6514605418236	0.0	436.7023772649411	74.19676225749674
436	80.75262659894516	33102.81491566977	2050.084015376373	0.0	433.3602588576507	80.75262659894516
437	77.39728304838712	33180.212198718174	2055.5768576778123	0.0	435.91090582478165	77.39728304838712
438	75.63217552686864	33255.844374245025	2061.559501743747	0.0	436.2402848913067	75.63217552686864
439	80.38927593746385	33336.23365018252	2070.025632804589	0.0	439.4036920739517	80.38927593746385
440	73.45845850736437	33409.692108689866	2071.67815080842	0.0	439.7422436965106	73.45845850736437
441	77.0325762047717	33486.72468489466	2077.8734518489555	0.0	437.14686702467804	77.0325762047717
442	76.51022796592775	33563.234912860564	2083.5529376267277	0.0	435.1978903855238	76.51022796592775
443	72.6326131889181	33635.867526049486	2085.531864555612	0.0	438.2235586098197	72.6326131889181
444	71.30611353466313	33707.17363958416	2086.3602003090164	0.0	438.2684590922477	71.30611353466313
445	75.25417829591521	33782.42781788008	2091.3666975662723	0.0	438.1029707571759	75.25417829591521
446	76.93496916102778	33859.36278704111	2097.182665988584	0.0	438.86820593039715	76.93496916102778
447	79.33709926696517	33938.699886308044	2106.206972179422	0.0	440.35695902116873	79.33709926696517
448	74.14573081725952	34012.845617125306	2109.862404129928	0.0	437.2550677683046	74.14573081725952
449	74.50624167777939	34087.35185880309	2113.875806890849	0.0	436.9517076074306	74.50624167777939
450	76.39051201178994	34163.74237081489	2118.7502702901666	0.0	436.93924070125547	76.39051201178994
451	74.68845663634548	34238.43082745123	2122.0870037045447	0.0	438.52988983484266	74.68845663634548
452	74.77774284681884	34313.20857029806	2126.045068626523	0.0	441.90054657449366	74.77774284681884
453	75.80911439172408	34389.01768468978	2129.6925075018016	0.0	444.9448772948586	75.80911439172408
454	76.45347116305712	34465.471155852836	2135.864344858967	0.0	449.66621781581546	76.45347116305712
455	75.68418988225582	34541.15534573511	2140.1652789057352	0.0	450.2120833172082	75.68418988225582
456	75.00749124627346	34616.16283698136	2143.977076205964	0.0	451.914322221003	75.00749124627346
457	77.55770648545456	34693.72054346683	2150.106002301007	0.0	453.6762883055984	77.55770648545456
458	73.11776147098368	34766.838304937795	2152.193208686409	0.0	455.3893515497614	73.11776147098368
459	74.83530215153449	34841.67360708933	2155.44955712978	0.0	454.57935050346566	74.83530215153449
460	76.22805436830124	34917.901661457654	2160.5923966211394	0.0	454.09684819106826	76.22805436830124
461	75.38915819120403	34993.29081964883	2166.3712590672544	0.0	455.46979314482155	75.38915819120403
462	73.18546862239431	35066.47628827124	2167.752809092505	0.0	453.6354994972615	73.18546862239431
463	77.61993727292898	35144.09622554418	2173.4411040329	0.0	452.7977305482406	77.61993727292898
464	78.18896681396315	35222.28519235815	2180.9494403296785	0.0	453.07391906473856	78.18896681396315
465	73.40961519166386	35295.69480754981	2183.237874617705	0.0	451.94109253322694	73.40961519166386
466	77.85836534177972	35373.55317289158	2189.6955053675965	0.0	451.8206206462781	77.85836534177972
467	74.95824873140569	35448.51142162296	2193.4147903620715	0.0	451.8442192688253	74.95824873140569
468	76.80604545915436	35525.317467082146	2200.5839293427393	0.0	450.8671084502283	76.80604545915436
469	75.87378656762581	35601.19125364977	2205.7633166944142	0.0	449.6559916748179	75.87378656762581
470	73.6033496578619	35674.79460330763	2207.8575411194233	0.0	448.33214958431546	73.6033496578619
471	74.68661072524058	35749.48121403289	2211.9014152242034	0.0	447.97310091253166	74.68661072524058
472	72.7392120594057	35822.22042609228	2213.2292321164005	0.0	449.23660972454087	72.7392120594057
473	73.96560652341527	35896.1860326157	2216.487627023523	0.0	448.6292744507663	73.96560652341527
474	80.49252823737169	35976.67856085306	2225.346696335926	0.0	448.8867333403277	80.49252823737169
475	73.71679222682671	36050.395353079904	2228.0117233747565	0.0	449.1895114314129	73.71679222682671
476	78.12072672426375	36128.516079804154	2234.599512588887	0.0	449.8952097867878	78.12072672426375
477	71.41777587844359	36199.93385568259	2235.421404025679	0.0	452.4908818942942	71.41777587844359
478	75.87060695866249	36275.80446264125	2240.3065297434878	0.0	451.91592677467753	75.87060695866249
479	75.15767244104224	36350.96213508231	2244.2159121933596	0.0	451.5856356328271	75.15767244104224
480	75.8781940483755	36426.840329130675	2248.9099851469427	0.0	454.531924904345	75.8781940483755
481	73.87127722798009	36500.71160635866	2250.79838077156	0.0	453.8415288712022	73.87127722798009
482	76.1671487140923	36576.87875507275	2254.7307777281303	0.0	453.985087715005	76.1671487140923
483	76.83610784142225	36653.71486291417	2259.1198307317436	0.0	452.70698859237274	76.83610784142225
484	75.0317261902825	36728.74658910446	2262.7201115589783	0.0	451.96970696806267	75.0317261902825
485	72.0650476098697	36800.81163671431	2263.1866897413192	0.0	450.45136301593004	72.0650476098697
486	76.96666161486043	36877.77829832918	2269.0914238087526	0.0	449.60782377138594	76.96666161486043
487	75.49293372881502	36953.27123205799	2272.7643322400445	0.0	452.1005943329999	75.49293372881502
488	81.11958476139046	37034.390816819396	2282.0381436325147	0.0	454.0481020006624	81.11958476139046
489	71.44975911367936	37105.84057593307	2282.990918862772	0.0	453.8804485907522	71.44975911367936
490	75.53058077138719	37181.37115670447	2287.884746812217	0.0	453.57227762890403	75.53058077138719
491	73.85176107872684	37255.22291778319	2290.9665688981986	0.0	455.4784971461474	73.85176107872684
492	74.35765203738292	37329.58056982058	2293.4698811774097	0.0	452.1214695989084	74.35765203738292
493	74.168214669061	37403.74878448962	2296.2238171772606	0.0	450.5291115365759	74.168214669061
494	77.71266383316475	37481.461448322785	2302.8429486226983	0.0	454.16533783052165	77.71266383316475
495	76.21534530474919	37557.67679362752	2308.7368481351605	0.0	454.3492103227733	76.21534530474919
496	76.34168957932413	37634.01848320686	2313.6344592377795	0.0	455.35554573679315	76.34168957932413
497	71.76353725213167	37705.782020458995	2314.1867227981124	0.0	454.54791193331704	71.76353725213167
498	73.83132679782366	37779.61334725682	2315.198907227114	0.0	455.81485525050334	73.83132679782366
499	72.9074503279929	37852.52079758482	2316.3781151354965	0.0	453.89916031119105	72.9074503279929
500	74.52910556252127	37927.04990314735	2319.608149556443	0.0	456.35253240933093	74.52910556252127
501	80.09185735559295	38007.14176050293	2328.9569550703864	0.0	457.9866861219885	80.09185735559295
502	75.35329300843455	38082.495053511346	2328.9569550703864	0.0	461.6791672600828	75.35329300843455
