task	reward	total_reward	total_regret	relative	total_reward_dev	joules
0	43.03963503876244	43.03963503876244	-2.7333336141468063	0.0	13.68891158422396	43.03963503876244
1	59.30156195803184	102.34119699679431	9.754208248440959	0.0	27.486181535494048	59.30156195803184
2	60.09622726119394	162.43742425798828	26.63885928895091	0.0	34.7970504259833	60.09622726119394
3	49.12832870068637	211.56575295867452	30.777631561699273	0.0	38.517008663759896	49.12832870068637
4	71.91052143512889	283.4762743938035	58.367972335398235	0.0	39.282223158892265	71.91052143512889
5	71.47345894645913	354.9497333402626	84.91329165559006	0.0	40.172435937286984	71.47345894645913
6	57.81383726687275	412.7635706071352	95.9773205705527	0.0	40.81494145788795	57.81383726687275
7	58.01435654868704	470.77792715582245	110.65790052790146	0.0	43.32111143976784	58.01435654868704
8	57.32235337934057	528.100280535163	121.97249487624946	0.0	50.53860454695921	57.32235337934057
9	58.98348545537022	587.0837659905335	136.03711899494422	0.0	51.6587234757133	58.98348545537022
10	57.5056006316881	644.5893666222212	148.41677358754583	0.0	54.742541980616025	57.5056006316881
11	55.901195716949594	700.4905623391711	158.29720831845123	0.0	60.013880841834165	55.901195716949594
12	57.45476374956582	757.9453260887366	168.77160836056592	0.0	63.81959997437304	57.45476374956582
13	58.240811993851324	816.1861380825881	181.1989368540564	0.0	63.99109990055159	58.240811993851324
14	62.420003191783564	878.6061412743718	197.75616860383633	0.0	65.20618222958163	62.420003191783564
15	54.93572624493977	933.5418675193114	209.16824106026755	0.0	68.5777273673993	54.93572624493977
16	58.55743281141517	992.0993003307267	220.64505024116673	0.0	72.4485090231666	58.55743281141517
17	60.28338679084771	1052.3826871215738	235.38894935813136	0.0	74.99582527761179	60.28338679084771
18	58.62173574149274	1111.0044228630677	247.36332720532494	0.0	74.78941771332546	58.62173574149274
19	56.31385977635666	1167.3182826394232	260.16202413273436	0.0	78.36104509098013	56.31385977635666
20	56.454872981123415	1223.7731556205472	270.1199632248605	0.0	80.68878493242855	56.454872981123415
21	55.1935154898672	1278.9666711104144	281.2160714054676	0.0	86.86212894764564	55.1935154898672
22	56.31721394353707	1335.2838850539517	291.496395729481	0.0	89.2202112797846	56.31721394353707
23	56.68423249730683	1391.9681175512587	303.8019541802313	0.0	90.77958190825994	56.68423249730683
24	55.23317827116433	1447.201295822422	316.33508323549654	0.0	92.21137303533447	55.23317827116433
25	58.4340460517733	1505.635341874196	329.8438005353191	0.0	92.70003954221316	58.4340460517733
26	55.847055105036915	1561.4823969792328	340.06992228844814	0.0	94.30473366301524	55.847055105036915
27	55.620024681207305	1617.1024216604408	350.48854526040117	0.0	97.30095992012505	55.620024681207305
28	54.29954693517504	1671.4019685956162	359.96001850014363	0.0	97.55563514987783	54.29954693517504
29	56.6294942505908	1728.031462846206	374.10259709453516	0.0	100.91340313152284	56.6294942505908
30	52.89180068030633	1780.9232635265125	380.13154317805396	0.0	101.30533646033906	52.89180068030633
31	55.5837853495364	1836.5070488760484	391.3884721420436	0.0	104.13058910631702	55.5837853495364
32	53.201129927667544	1889.7081788037156	402.44906408068147	0.0	107.79365614784602	53.201129927667544
33	55.94071531723267	1945.6488941209493	410.8696303248422	0.0	107.20505271667956	55.94071531723267
34	54.94748353887655	2000.5963776598253	419.27004128437204	0.0	109.09512658909541	54.94748353887655
35	52.32038213216043	2052.916759791986	425.15882996626124	0.0	110.73476134475821	52.32038213216043
36	55.82675611036706	2108.743515902354	435.17925327240897	0.0	113.69664565952716	55.82675611036706
37	52.246415204347976	2160.989931106701	441.7265574640946	0.0	112.69713646855524	52.246415204347976
38	55.52193620465321	2216.511867311354	451.99304417907973	0.0	115.48231083999764	55.52193620465321
39	57.879827232693245	2274.3916945440474	462.63566550937685	0.0	118.1373408836718	57.879827232693245
40	52.71267268354572	2327.1043672275932	469.02167589459657	0.0	119.97221179929424	52.71267268354572
41	51.40800626463254	2378.5123734922254	477.1633773319213	0.0	122.33511874393469	51.40800626463254
42	50.36416198366321	2428.87653547589	482.2163160795084	0.0	125.68969506258144	50.36416198366321
43	53.26491736069286	2482.1414528365817	487.96064935240094	0.0	129.4642110608606	53.26491736069286
44	54.56318949232851	2536.704642328911	497.7030424083881	0.0	130.6496920945304	54.56318949232851
45	52.998132502493355	2589.702774831403	503.41803460009424	0.0	133.58655444446072	52.998132502493355
46	50.151236344865225	2639.854011176268	504.04176145049297	0.0	132.35234763242434	50.151236344865225
47	50.55546764202395	2690.409478818293	509.23007482463794	0.0	135.81289159327207	50.55546764202395
48	50.87263837949561	2741.2821171977885	515.2327983213514	0.0	137.95512061158826	50.87263837949561
49	53.555718134747416	2794.8378353325365	525.7828190443324	0.0	139.17302422030667	53.555718134747416
50	55.46456942432682	2850.3024047568633	535.2597072838938	0.0	140.29156718898977	55.46456942432682
51	53.79563059370422	2904.098035350567	544.3441131325897	0.0	143.66284483025663	53.79563059370422
52	50.89898418817007	2954.9970195387377	549.8309531672628	0.0	147.05226600148816	50.89898418817007
53	53.14649795596642	3008.1435174947032	557.6543968533985	0.0	151.1504460497063	53.14649795596642
54	50.99505481993151	3059.138572314634	564.5810147361076	0.0	150.03441142300116	50.99505481993151
55	51.462137617559236	3110.600709932195	571.8351124281529	0.0	150.21158306199823	51.462137617559236
56	52.01852399052113	3162.619233922715	575.4129600090725	0.0	152.67721042964544	52.01852399052113
57	52.05189564104917	3214.6711295637647	580.6126819669403	0.0	155.73242011095388	52.05189564104917
58	51.72490066402692	3266.3960302277924	586.9034976511293	0.0	158.17407463299884	51.72490066402692
59	49.9446370006288	3316.340667228418	591.0775441448246	0.0	160.6791822344189	49.9446370006288
60	49.63067817174383	3365.9713454001626	595.3829283545452	0.0	160.07457043674725	49.63067817174383
61	49.79792298432635	3415.7692683844907	597.6000574031293	0.0	163.22718045668427	49.79792298432635
62	50.405524580767796	3466.1747929652593	603.0142030532373	0.0	166.7469412808355	50.405524580767796
63	50.16339486076043	3516.3381878260184	610.8007737220378	0.0	164.51176272931406	50.16339486076043
64	49.83629672296255	3566.17448454898	616.1562921319274	0.0	167.59901834900143	49.83629672296255
65	50.81361504167865	3616.9880995906597	620.967025125515	0.0	169.70588684380692	50.81361504167865
66	48.634434177986165	3665.6225337686456	623.6006689632397	0.0	172.35371354893493	48.634434177986165
67	51.56314955290359	3717.185683321549	631.1667745038444	0.0	174.38730315811304	51.56314955290359
68	50.850918968411236	3768.0366022899625	638.3952016828127	0.0	173.6776300745815	50.850918968411236
69	53.11970328789303	3821.156305577853	645.2293800548773	0.0	179.55010498357638	53.11970328789303
70	52.47406448351262	3873.630370061365	652.9288572068876	0.0	182.08269474225375	52.47406448351262
71	51.10905773337313	3924.7394277947415	661.8900144849861	0.0	183.2392268815868	51.10905773337313
72	49.16810153823444	3973.907529332975	667.2297859033569	0.0	187.90621563635486	49.16810153823444
73	49.070472837058105	4022.9780021700303	672.1551106769713	0.0	188.92071015102294	49.070472837058105
74	49.637737992547166	4072.61574016258	676.8689064798424	0.0	189.57165423522284	49.637737992547166
75	48.110741411197715	4120.726481573774	679.1612494304957	0.0	190.16981435937018	48.110741411197715
76	50.627168375358615	4171.353649949135	685.3198014171332	0.0	192.71365879876464	50.627168375358615
77	48.615441178606126	4219.969091127743	686.2491066869901	0.0	191.91281810258252	48.615441178606126
78	47.58939910523149	4267.558490232973	689.1703691321283	0.0	194.91641092759556	47.58939910523149
79	48.14178728347538	4315.700277516449	690.7625837414904	0.0	196.14814107849392	48.14178728347538
80	51.44062816510188	4367.14090568155	695.5880087978053	0.0	198.3731813070379	51.44062816510188
81	50.37378861704783	4417.5146942985975	703.3832695402148	0.0	200.06534770276747	50.37378861704783
82	51.37708663939251	4468.891780937992	711.066939009263	0.0	198.37318157945722	51.37708663939251
83	47.96163273252894	4516.853413670519	712.9141682456316	0.0	199.59504750639877	47.96163273252894
84	49.81636310744296	4566.669776777964	716.1573499246274	0.0	199.4944856293096	49.81636310744296
85	50.40646075284609	4617.076237530809	719.5350705705757	0.0	201.703873269982	50.40646075284609
86	48.51763833632717	4665.593875867135	722.8404018925987	0.0	202.12634869818208	48.51763833632717
87	49.18644923881538	4714.780325105952	725.0543141638068	0.0	205.0971517216254	49.18644923881538
88	46.726754706857776	4761.507079812809	728.0361188361861	0.0	206.64873558387464	46.726754706857776
89	48.546281930410885	4810.05336174322	732.3803955944935	0.0	208.03535202641336	48.546281930410885
90	50.042487270600205	4860.095849013821	736.5529146802977	0.0	208.3733181124241	50.042487270600205
91	46.22858483013956	4906.32443384396	732.2406506842624	0.0	209.90819176985983	46.22858483013956
92	50.48667442938475	4956.811108273343	737.6511330211027	0.0	208.30169456607624	50.48667442938475
93	46.669970517020374	5003.481078790365	738.4718937082093	0.0	210.260080367672	46.669970517020374
94	47.021010921717846	5050.502089712084	740.6766676349407	0.0	210.07756737783097	47.021010921717846
95	49.05076106556609	5099.552850777648	744.5353659163012	0.0	208.85306490059176	49.05076106556609
96	49.59851458142404	5149.151365359072	749.5910183528822	0.0	209.26703735685834	49.59851458142404
97	47.159898135532714	5196.3112634946065	751.1884850158181	0.0	211.67979377354993	47.159898135532714
98	47.248673135534666	5243.559936630139	754.5010829336782	0.0	213.88870687375083	47.248673135534666
99	50.07636280137601	5293.636299431517	760.099311449459	0.0	214.301955191749	50.07636280137601
100	48.24359417095932	5341.879893602476	763.0948007827601	0.0	214.19305235183302	48.24359417095932
101	48.45779777536827	5390.337691377844	765.893212108193	0.0	215.07858718168947	48.45779777536827
102	47.98685370663181	5438.324545084477	770.1962937252365	0.0	215.84434309708925	47.98685370663181
103	48.967186158282175	5487.291731242757	773.8264098836398	0.0	216.21602925253168	48.967186158282175
104	47.351945955985876	5534.643677198744	774.3529788131907	0.0	219.24906934989502	47.351945955985876
105	45.436477129146276	5580.080154327891	774.1377721286486	0.0	218.10218435584153	45.436477129146276
106	48.150921109254114	5628.231075437145	775.919895782325	0.0	221.47122393694875	48.150921109254114
107	44.48154080821412	5672.712616245358	777.2350799971995	0.0	221.41596463865358	44.48154080821412
108	48.65445151139852	5721.367067756754	784.9861872856127	0.0	222.2258998987248	48.65445151139852
109	50.16803550503368	5771.535103261791	790.0191495905586	0.0	223.41265941086084	50.16803550503368
110	48.23943314671234	5819.774536408502	793.3457847034712	0.0	225.60899485377294	48.23943314671234
111	48.1579746352314	5867.932511043734	795.7821176106097	0.0	227.3981309907065	48.1579746352314
112	48.60376189251104	5916.536272936248	799.5265038854396	0.0	227.29070165819041	48.60376189251104
113	51.97498640954279	5968.511259345786	807.4646254307145	0.0	228.2518130039145	51.97498640954279
114	47.446106057254454	6015.957365403042	811.9358652834703	0.0	229.5207241056939	47.446106057254454
115	49.34347712995023	6065.300842532994	816.1477879906113	0.0	232.23428744425937	49.34347712995023
116	49.6401387643925	6114.940981297387	821.10146964363	0.0	232.52315248655918	49.6401387643925
117	48.24351531082867	6163.184496608216	825.8407375662723	0.0	231.43235100102913	48.24351531082867
118	49.029476019988294	6212.213972628204	832.3033074352971	0.0	230.98615014656258	49.029476019988294
119	46.747309341794754	6258.9612819700005	834.4688799285271	0.0	229.38355344565522	46.747309341794754
120	47.456205835186786	6306.4174878051845	835.4774838378376	0.0	230.71253010250663	47.456205835186786
121	47.87122431411396	6354.2887121193	838.1076344437431	0.0	232.41852602848323	47.87122431411396
122	46.41992165657761	6400.708633775876	839.4419512679351	0.0	233.8004285624402	46.41992165657761
123	46.81428864617983	6447.522922422055	840.2700221764446	0.0	233.50654968952628	46.81428864617983
124	47.01764880487483	6494.54057122693	839.859007925616	0.0	236.9503193299719	47.01764880487483
125	47.66656179350352	6542.207133020436	843.0181122500176	0.0	238.62358264052995	47.66656179350352
126	48.637136812923366	6590.844269833356	848.6508781049992	0.0	240.79877030690497	48.637136812923366
127	47.143161742715385	6637.987431576072	850.5226686162931	0.0	242.22483450407069	47.143161742715385
128	47.48558198722557	6685.473013563297	852.9952801458189	0.0	242.32399342578242	47.48558198722557
129	48.04908839027154	6733.522101953567	855.6111951565623	0.0	244.18708524135627	48.04908839027154
130	49.00126706322122	6782.523369016792	859.8260524233315	0.0	244.94380900757326	49.00126706322122
131	45.858832229657594	6828.382201246447	862.6852423971532	0.0	248.2141041176096	45.858832229657594
132	48.92393047459223	6877.30613172104	866.3237858264073	0.0	248.37075686732322	48.92393047459223
133	49.4621317420404	6926.768263463079	869.4407477620089	0.0	247.2043687869516	49.4621317420404
134	46.78941009947019	6973.557673562555	871.0345086488874	0.0	247.00711098688203	46.78941009947019
135	48.80019188453883	7022.357865447094	875.8813633597853	0.0	250.49136395732765	48.80019188453883
136	46.85933115883579	7069.217196605924	875.762459404167	0.0	253.64217218150048	46.85933115883579
137	46.702816899169356	7115.920013505098	874.3752013121976	0.0	253.3471834910362	46.702816899169356
138	47.26845987306819	7163.188473378162	875.4627571355363	0.0	254.01424611125998	47.26845987306819
139	47.08812675882025	7210.276600136984	878.3016670737012	0.0	253.28787729369364	47.08812675882025
140	49.2938781898599	7259.570478326846	881.8692578991534	0.0	255.75971402348924	49.2938781898599
141	48.290552140972565	7307.861030467818	882.2863796396249	0.0	256.7769707664746	48.290552140972565
142	48.549662032037105	7356.410692499854	887.3827429679425	0.0	257.661432145578	48.549662032037105
143	50.38753526059323	7406.798227760445	891.5801992396222	0.0	256.89459085287035	50.38753526059323
144	47.18033381543679	7453.978561575881	896.9223600787125	0.0	256.87288204233215	47.18033381543679
145	48.20912556989687	7502.187687145778	897.6832535125791	0.0	259.7192560336892	48.20912556989687
146	48.059958177994694	7550.24764532378	899.9203117710053	0.0	259.29092110533634	48.059958177994694
147	46.192731621198945	7596.440376944973	900.6371449790028	0.0	259.1374170792858	46.192731621198945
148	45.969434929118805	7642.40981187409	900.6154897146725	0.0	261.13003522387373	45.969434929118805
149	44.21951581545233	7686.629327689543	897.7773580593525	0.0	261.3751001142658	44.21951581545233
150	47.72033985295336	7734.3496675425	899.9596422987107	0.0	260.18200492498494	47.72033985295336
151	46.08342340430207	7780.4330909468	901.5383534662335	0.0	261.50851028933107	46.08342340430207
152	45.99860018530533	7826.4316911321075	903.515992132743	0.0	262.322486983414	45.99860018530533
153	48.90896510325515	7875.340656235361	905.7848195153962	0.0	262.58459294745876	48.90896510325515
154	49.84475219391444	7925.185408429277	911.2275737380154	0.0	264.1699770078169	49.84475219391444
155	49.183648525130714	7974.369056954402	915.7634743519342	0.0	264.88141868489976	49.183648525130714
156	46.34099743239889	8020.7100543868055	919.5171631418066	0.0	265.18347723194745	46.34099743239889
157	46.8244968219237	8067.534551208723	922.2022545345952	0.0	266.326290532141	46.8244968219237
158	46.18408708720702	8113.718638295933	923.6361308457311	0.0	266.5417392968954	46.18408708720702
159	45.2581822203486	8158.976820516283	924.7586608981671	0.0	269.4026327254806	45.2581822203486
160	47.03465062145388	8206.01147113774	925.5786820316721	0.0	268.913775700542	47.03465062145388
161	50.009758947159035	8256.021230084896	931.1607588010789	0.0	269.6937035170937	50.009758947159035
162	46.28381095629468	8302.305041041189	932.5457927332368	0.0	267.8282441084825	46.28381095629468
163	48.06413488460547	8350.369175925798	936.3117232948011	0.0	270.144375149783	48.06413488460547
164	48.872830316350516	8399.242006242148	940.8206609544416	0.0	271.63455967126913	48.872830316350516
165	46.76963152948371	8446.01163777163	943.5278083673885	0.0	271.99770523061227	46.76963152948371
166	47.715183002272326	8493.726820773903	947.8728684977432	0.0	273.83233138297555	47.715183002272326
167	47.52618067036631	8541.253001444275	950.1700508355448	0.0	276.3115281052678	47.52618067036631
168	47.73207519227367	8588.985076636547	953.4386284803206	0.0	279.0587361782831	47.73207519227367
169	48.963010954038126	8637.948087590583	955.0003552884821	0.0	281.563351609313	48.963010954038126
170	47.040047439751135	8684.988135030331	956.13992659643	0.0	281.71242598268384	47.040047439751135
171	48.84656013002607	8733.834695160356	957.661080625497	0.0	283.68684847887295	48.84656013002607
172	46.413707905437825	8780.248403065796	959.0892469641709	0.0	283.69037695881275	46.413707905437825
173	45.39697639115657	8825.645379456952	960.6648920414066	0.0	281.8453401713359	45.39697639115657
174	46.81053318819159	8872.455912645144	964.3864434447354	0.0	282.51837461721715	46.81053318819159
175	46.90895920859424	8919.36487185374	966.1315861837263	0.0	285.2072452935419	46.90895920859424
176	47.34229732763729	8966.70716918137	967.9525372390174	0.0	287.3447726060969	47.34229732763729
177	47.5719167432008	9014.279085924576	969.312959545701	0.0	287.87710649221435	47.5719167432008
178	47.90589556040567	9062.184981484977	973.2892157848391	0.0	288.3707588301928	47.90589556040567
179	45.48460382397479	9107.669585308959	975.3613476904424	0.0	289.9316716364209	45.48460382397479
180	46.79989929538	9154.469484604335	976.8171155070869	0.0	289.9049227591148	46.79989929538
181	45.57410587693241	9200.043590481271	977.0102388124667	0.0	291.7048581555134	45.57410587693241
182	48.577003616690455	9248.620594097958	979.9690270083834	0.0	294.1669689903548	48.577003616690455
183	44.19298506936963	9292.813579167332	979.9063988272494	0.0	294.57264969472027	44.19298506936963
184	46.902448320282986	9339.716027487613	982.463383903568	0.0	296.8458481819432	46.902448320282986
185	44.56919279240674	9384.285220280017	980.872154708027	0.0	298.5269148493009	44.56919279240674
186	48.6712202514577	9432.956440531476	984.5576611138772	0.0	298.5197285858666	48.6712202514577
187	47.17506336867002	9480.131503900144	986.7804541897063	0.0	296.96339677751945	47.17506336867002
188	46.7340270628837	9526.865530963032	990.3828416993485	0.0	299.703255326233	46.7340270628837
189	45.63138477714154	9572.496915740168	989.0552040608438	0.0	298.4292475436444	45.63138477714154
190	45.758402659282744	9618.255318399453	987.1055010564143	0.0	298.9023084402623	45.758402659282744
191	45.90323158945276	9664.158549988912	987.6349979027362	0.0	298.7842265529196	45.90323158945276
192	46.374249637290184	9710.532799626199	989.6748968063479	0.0	300.3043013469637	46.374249637290184
193	47.35035911689829	9757.883158743098	989.8733784988868	0.0	302.5253391521968	47.35035911689829
194	47.40166430660282	9805.284823049693	989.4858078449024	0.0	301.80404814351994	47.40166430660282
195	50.219428880133904	9855.504251929833	996.0532601660619	0.0	301.94701804975944	50.219428880133904
196	45.56966028173004	9901.073912211565	997.1714749122079	0.0	304.83284911917127	45.56966028173004
197	46.58320868655696	9947.657120898117	998.6092099661026	0.0	305.7984139210868	46.58320868655696
198	45.19126901861074	9992.84838991673	999.1019227366755	0.0	308.02039606635356	45.19126901861074
199	46.77777058815602	10039.62616050489	998.2429039382173	0.0	310.33656910361964	46.77777058815602
200	44.8369430205584	10084.463103525444	995.7705846600146	0.0	310.83792322425336	44.8369430205584
201	46.432629314967116	10130.895732840414	994.3865582608247	0.0	309.2733338367885	46.432629314967116
202	46.38627510476424	10177.282007945176	994.7972252784953	0.0	310.5113346233735	46.38627510476424
203	47.23420754004009	10224.516215485217	996.1009915323212	0.0	310.07674999004513	47.23420754004009
204	47.35638792528669	10271.8726034105	997.136327754478	0.0	311.07510542428076	47.35638792528669
205	47.105724485826684	10318.978327896333	999.5195842222831	0.0	308.7939475442617	47.105724485826684
206	48.48099638079518	10367.459324277124	1003.1117097272552	0.0	307.4181434409839	48.48099638079518
207	44.61765451214529	10412.076978789273	1004.2211261944154	0.0	309.84493251584047	44.61765451214529
208	47.96000497323001	10460.0369837625	1006.6635378623508	0.0	311.4716893797	47.96000497323001
209	46.24965834026313	10506.286642102763	1007.2054193726965	0.0	313.24320194080514	46.24965834026313
210	47.22484858265878	10553.511490685423	1011.3124357990695	0.0	314.134343829408	47.22484858265878
211	45.05437910940441	10598.565869794827	1009.0918345418154	0.0	314.7878435910374	45.05437910940441
212	46.32027206240572	10644.886141857232	1010.511277758313	0.0	314.63530113402965	46.32027206240572
213	48.12268063682858	10693.008822494063	1014.4069476510382	0.0	315.55005604304006	48.12268063682858
214	46.31375694716001	10739.322579441221	1015.0897223022062	0.0	316.1126648032505	46.31375694716001
215	48.93850743138588	10788.26108687261	1017.3582385069976	0.0	316.93339857693337	48.93850743138588
216	45.7977555901584	10834.058842462771	1017.3537640123	0.0	318.8998380782167	45.7977555901584
217	47.330864519353156	10881.38970698212	1020.7324587887384	0.0	321.17978905686755	47.330864519353156
218	49.99869659506364	10931.388403577184	1023.9206114691144	0.0	323.5648518776334	49.99869659506364
219	45.15979432661707	10976.548197903798	1021.8406575533485	0.0	326.929143842751	45.15979432661707
220	46.72126617675005	11023.269464080544	1022.0229533291657	0.0	330.52646164938955	46.72126617675005
221	47.153273293473966	11070.42273737402	1024.6715044698974	0.0	329.51766892456476	47.153273293473966
222	43.97906093575138	11114.401798309773	1023.2125240405503	0.0	333.96976761973855	43.97906093575138
223	47.40422631556706	11161.80602462535	1026.364128936934	0.0	332.62651230794205	47.40422631556706
224	45.22123677531102	11207.027261400659	1025.9089459862253	0.0	332.33553566548045	45.22123677531102
225	47.83019441149753	11254.857455812147	1028.155272399121	0.0	333.87882529588035	47.83019441149753
226	44.448000767511495	11299.305456579668	1027.5189783436824	0.0	335.6565543311422	44.448000767511495
227	47.378209863452184	11346.68366644311	1029.3591571960487	0.0	336.0567450512141	47.378209863452184
228	46.89617155684193	11393.579837999952	1030.460285234021	0.0	335.0315201868743	46.89617155684193
229	46.13216322790257	11439.71200122786	1028.6623837173781	0.0	338.45014859727434	46.13216322790257
230	45.30141849494952	11485.013419722807	1029.80351561477	0.0	340.9936808973121	45.30141849494952
231	46.600960566201174	11531.614380289011	1032.1910629895276	0.0	342.39477654710714	46.600960566201174
232	45.569585090106536	11577.183965379121	1032.316398765223	0.0	339.9923041783932	45.569585090106536
233	47.235830847037505	11624.419796226155	1034.3418111537142	0.0	343.2507458649195	47.235830847037505
234	49.62008687706745	11674.039883103223	1038.0586923248966	0.0	342.98669439991886	49.62008687706745
235	46.46747888246543	11720.507361985685	1040.682482059698	0.0	341.2326885830503	46.46747888246543
236	45.83291992862797	11766.34028191432	1042.9175059364486	0.0	340.1538654480899	45.83291992862797
237	46.45342549984684	11812.793707414163	1042.9130417040765	0.0	338.4295612414356	46.45342549984684
238	46.342418788775774	11859.136126202944	1044.9436214039442	0.0	340.1575256917282	46.342418788775774
239	47.03586289914664	11906.171989102082	1046.0498801158415	0.0	342.0570864624831	47.03586289914664
240	45.14601169284836	11951.31800079493	1045.64411759976	0.0	341.90903675286006	45.14601169284836
241	48.28606868712595	11999.604069482068	1049.121731067328	0.0	342.03818344802966	48.28606868712595
242	47.33028993261709	12046.934359414672	1049.6830849072726	0.0	344.8766596572927	47.33028993261709
243	45.712657192095065	12092.64701660677	1048.5319706887653	0.0	347.75212231272735	45.712657192095065
244	48.99449319057415	12141.641509797344	1053.5328269953459	0.0	348.33902373764676	48.99449319057415
245	46.73955960105053	12188.381069398396	1056.1477556219068	0.0	348.3673365700519	46.73955960105053
246	43.41477027815287	12231.795839676544	1052.592327160721	0.0	350.18518254830593	43.41477027815287
247	44.82136691848706	12276.617206595034	1053.6353904377802	0.0	350.4034116815741	44.82136691848706
248	46.10321886961509	12322.720425464653	1052.0351147009803	0.0	350.48987643388426	46.10321886961509
249	47.00516079259558	12369.725586257253	1053.3129063801623	0.0	352.4193485885336	47.00516079259558
250	47.28423258097563	12417.009818838225	1056.2475985768292	0.0	356.0120663905137	47.28423258097563
251	47.537948472328935	12464.547767310554	1057.8753342897026	0.0	356.5313904664773	47.537948472328935
252	46.79287457421547	12511.340641884768	1060.457859661566	0.0	356.4160667991548	46.79287457421547
253	44.745297258230714	12556.085939143	1059.0042059240934	0.0	355.89166620284584	44.745297258230714
254	46.24230312873296	12602.328242271726	1061.0763840280897	0.0	357.5748406967757	46.24230312873296
255	47.088755548676815	12649.416997820399	1063.4816825541068	0.0	359.1462077081414	47.088755548676815
256	45.90338710969705	12695.320384930103	1067.8750926799853	0.0	359.07018782197565	45.90338710969705
257	44.79105521562152	12740.111440145729	1066.8450932339094	0.0	361.0127026250107	44.79105521562152
258	46.84454562198926	12786.95598576771	1068.355778608726	0.0	364.2543906883706	46.84454562198926
259	47.40561361443709	12834.361599382148	1069.0192565496063	0.0	365.3799807832757	47.40561361443709
260	46.18639755623011	12880.547996938378	1068.7848441750868	0.0	364.3416212999398	46.18639755623011
261	45.80970399518005	12926.357700933564	1070.0781091588904	0.0	366.1424466917852	45.80970399518005
262	48.021754217644826	12974.379455151204	1071.2623026204792	0.0	366.843863213546	48.021754217644826
263	46.8404122604375	13021.219867411644	1073.4173832971062	0.0	367.69001753872124	46.8404122604375
264	43.57989789312092	13064.799765304764	1070.3573396415745	0.0	370.0582294817172	43.57989789312092
265	46.68879426911293	13111.488559573872	1070.7443708454166	0.0	371.71551305865836	46.68879426911293
266	46.01393211382402	13157.502491687701	1071.0650297995917	0.0	371.74014508485647	46.01393211382402
267	45.936180057737445	13203.438671745444	1072.8833781319718	0.0	372.531239550952	45.936180057737445
268	46.97775784004929	13250.41642958548	1073.4977012230454	0.0	373.58854605105313	46.97775784004929
269	46.258298654448424	13296.674728239937	1075.145095859129	0.0	375.28972565461	46.258298654448424
270	45.975650737605754	13342.650378977547	1075.8698215462339	0.0	377.6019205496241	45.975650737605754
271	46.82050104032491	13389.470880017867	1074.6700570600174	0.0	377.1400792310813	46.82050104032491
272	46.00349952646584	13435.474379544332	1075.9751291006123	0.0	378.91014123879046	46.00349952646584
273	44.885591170943854	13480.35997071528	1072.4497910002021	0.0	382.0964702794002	44.885591170943854
274	45.8340218663443	13526.193992581624	1074.0224968255343	0.0	383.2269954761168	45.8340218663443
275	45.34819463419235	13571.542187215808	1074.8949100721577	0.0	385.3668356343393	45.34819463419235
276	46.978789919335995	13618.520977135142	1076.9668425123643	0.0	387.5186831294029	46.978789919335995
277	47.45918960007439	13665.980166735222	1078.353738621155	0.0	387.3795430080158	47.45918960007439
278	44.33827623067762	13710.318442965907	1079.1121081471208	0.0	387.0651283921903	44.33827623067762
279	44.28661624227347	13754.605059208168	1079.380335357106	0.0	389.07308696047744	44.28661624227347
280	48.16996850789266	13802.775027716069	1083.7032712849284	0.0	389.613126189811	48.16996850789266
281	45.26375771419471	13848.038785430263	1082.9552084649624	0.0	390.54367269994026	45.26375771419471
282	43.3029053822487	13891.341690812515	1081.7210908179106	0.0	391.21796633781065	43.3029053822487
283	50.32512599852901	13941.666816811043	1088.8602692173051	0.0	389.3625637348334	50.32512599852901
284	47.25410220670943	13988.920919017755	1087.4641011594097	0.0	387.6678455251141	47.25410220670943
285	48.00049334665336	14036.9214123644	1089.3081492701285	0.0	387.9250715197077	48.00049334665336
286	44.94790202999512	14081.869314394393	1091.2354654708638	0.0	390.1972621938419	44.94790202999512
287	47.54583756288278	14129.415151957284	1094.330558291293	0.0	391.43338866410426	47.54583756288278
288	46.56938475999777	14175.984536717278	1094.529005927795	0.0	392.0878993114285	46.56938475999777
289	47.54314039684801	14223.52767711413	1097.965655815962	0.0	392.46646348963554	47.54314039684801
290	44.943134039072746	14268.47081115319	1099.1582933600494	0.0	392.9786538045817	44.943134039072746
291	48.21327426684216	14316.684085420036	1102.309761131263	0.0	395.3036394768697	48.21327426684216
292	46.697478288487176	14363.381563708528	1105.0980028297067	0.0	393.5343336861147	46.697478288487176
293	41.86927105607577	14405.250834764596	1101.093733769584	0.0	394.82936539418034	41.86927105607577
294	47.19925705385904	14452.450091818453	1104.7483250978694	0.0	396.0074460286551	47.19925705385904
295	46.237057940829615	14498.687149759291	1103.0797299416558	0.0	399.2901747214476	46.237057940829615
296	49.49477001685105	14548.18191977615	1105.9089726244367	0.0	399.37146368822965	49.49477001685105
297	47.09591817089624	14595.277837947051	1105.489271143283	0.0	400.72356574364744	47.09591817089624
298	46.555653247328856	14641.833491194368	1107.5923953531696	0.0	400.06774804285794	46.555653247328856
299	47.82603055027959	14689.659521744647	1111.6607678094156	0.0	401.01060346433866	47.82603055027959
300	45.93363798327772	14735.593159727921	1113.2310694772316	0.0	399.2696934380888	45.93363798327772
301	44.965495349506654	14780.558655077439	1112.4910592200652	0.0	400.4053900999579	44.965495349506654
302	46.35395271895429	14826.912607796383	1110.651223085625	0.0	402.2318179830677	46.35395271895429
303	45.93830393118677	14872.850911727575	1111.1615156572539	0.0	402.18523863927334	45.93830393118677
304	45.90788301406093	14918.758794741638	1111.1001244348981	0.0	402.0373873963985	45.90788301406093
305	48.16392945414992	14966.922724195781	1115.128812420241	0.0	403.0673690928832	48.16392945414992
306	45.47140310599425	15012.394127301774	1114.3527633434908	0.0	405.703954175287	45.47140310599425
307	46.029940213334996	15058.424067515118	1115.0866300082066	0.0	408.3485657802836	46.029940213334996
308	45.03499027464145	15103.459057789752	1114.9446071216196	0.0	410.74842706003994	45.03499027464145
309	45.93383163810442	15149.392889427858	1113.4308407105852	0.0	410.9637136216919	45.93383163810442
310	48.91095959250997	15198.303849020376	1115.280479249736	0.0	411.5219687317128	48.91095959250997
311	44.92042181441226	15243.22427083478	1115.1494400398694	0.0	414.8499302525555	44.92042181441226
312	44.81182928346816	15288.036100118254	1113.8822392150507	0.0	417.59627481190313	44.81182928346816
313	45.248575200987254	15333.284675319232	1114.708965016252	0.0	417.80825779070403	45.248575200987254
314	46.98948525386357	15380.274160573099	1115.9815520922475	0.0	417.2657057428236	46.98948525386357
315	47.35808786708376	15427.632248440192	1117.1142216487558	0.0	416.366247386528	47.35808786708376
316	47.66603974727273	15475.29828818745	1118.147459844905	0.0	414.34582566195445	47.66603974727273
317	45.795426087839594	15521.093714275297	1116.1293838291647	0.0	416.6362865522971	45.795426087839594
318	46.15621238434129	15567.249926659642	1114.726746623732	0.0	416.5996338672746	46.15621238434129
319	46.85770006521885	15614.10762672485	1114.2643964720342	0.0	418.1037368289518	46.85770006521885
320	45.326141858844	15659.433768583705	1115.2644561141833	0.0	420.841519254943	45.326141858844
321	44.23315311368397	15703.666921697382	1119.0901170590544	0.0	421.2305787575914	44.23315311368397
322	46.536929514474735	15750.203851211863	1119.2600010680708	0.0	421.7953256250772	46.536929514474735
323	46.96275906342451	15797.166610275277	1121.2155930605916	0.0	423.86445580486094	46.96275906342451
324	47.066055826817035	15844.232666102112	1122.4316160443382	0.0	426.5037624163905	47.066055826817035
325	46.44135746639549	15890.674023568492	1122.082663053612	0.0	429.07536291833577	46.44135746639549
326	50.22419113245437	15940.898214700941	1130.3199304681036	0.0	431.06813342402705	50.22419113245437
327	45.11109492842382	15986.009309629377	1128.4647276508874	0.0	431.8214472681586	45.11109492842382
328	48.22454394988827	16034.233853579259	1130.9178680809857	0.0	432.21767118023274	48.22454394988827
329	49.54359896956775	16083.777452548831	1135.2659060967255	0.0	432.3439977892078	49.54359896956775
330	48.25281612799292	16132.030268676817	1134.8119115978373	0.0	433.30847252438946	48.25281612799292
331	48.56045866149549	16180.59072733832	1141.5250135468805	0.0	433.58614399849336	48.56045866149549
332	45.494946658852925	16226.08567399717	1142.7803912293982	0.0	437.21860522196016	45.494946658852925
333	45.456562040432	16271.5422360376	1141.6347001220347	0.0	438.7584888009201	45.456562040432
334	45.88006291192145	16317.422298949528	1145.5311800058148	0.0	436.4363495581638	45.88006291192145
335	46.767142261946354	16364.18944121147	1146.8251356482156	0.0	435.071679015039	46.767142261946354
336	48.26434471744822	16412.45378592892	1150.022199879511	0.0	438.8871390224837	48.26434471744822
337	43.614281354634	16456.068067283548	1148.24605398025	0.0	442.53690322641825	43.614281354634
338	46.87585098080642	16502.943918264365	1151.031684532458	0.0	447.9140043313344	46.87585098080642
339	44.67880794123204	16547.62272620559	1148.2213812992186	0.0	450.20943595586846	44.67880794123204
340	47.415246380410416	16595.037972586	1148.231833264014	0.0	451.4559556348159	47.415246380410416
341	46.48166572461599	16641.519638310616	1148.1556232413502	0.0	454.1554772005859	46.48166572461599
342	46.31925406595766	16687.838892376578	1150.4935224097533	0.0	456.35771673378275	46.31925406595766
343	46.644975861947835	16734.48386823853	1150.7371421076575	0.0	458.7817841874519	46.644975861947835
344	47.44536060414439	16781.92922884267	1154.4658790649298	0.0	458.68172742724676	47.44536060414439
345	46.86517827537509	16828.79440711805	1156.4058065584684	0.0	460.88271728710896	46.86517827537509
346	46.41454403952373	16875.208951157565	1159.709002173125	0.0	459.8462257256295	46.41454403952373
347	47.623577534981024	16922.83252869255	1161.6101814917972	0.0	460.5181835024602	47.623577534981024
348	44.56750227865908	16967.400030971217	1160.2442790943721	0.0	463.50825669961506	44.56750227865908
349	45.50855761779111	17012.908588588994	1162.9207853990563	0.0	467.1796961769309	45.50855761779111
350	48.91003732734462	17061.818625916334	1167.4934823088815	0.0	469.0857832737916	48.91003732734462
351	46.44904868714877	17108.267674603503	1168.3940517881326	0.0	470.8405515210993	46.44904868714877
352	47.72595581349915	17155.993630416997	1170.8618740367758	0.0	472.00187438549244	47.72595581349915
353	45.10997951077197	17201.10360992776	1169.2302348565488	0.0	473.99128932502526	45.10997951077197
354	47.28120314587236	17248.38481307363	1169.9337820248377	0.0	473.7138797876528	47.28120314587236
355	48.12534235367834	17296.510155427313	1169.552867974003	0.0	473.0495999212173	48.12534235367834
356	43.47563474170504	17339.985790169027	1166.8311931148073	0.0	474.55206277006516	43.47563474170504
357	47.96942567015098	17387.955215839174	1167.7266780513332	0.0	475.1170154914917	47.96942567015098
358	44.857387089724455	17432.81260292889	1166.9697630515852	0.0	475.7239797685537	44.857387089724455
359	50.1520090729976	17482.96461200189	1171.4269346413425	0.0	475.6118619072577	50.1520090729976
360	45.11670530826726	17528.08131731016	1168.9375860069333	0.0	479.1298036781909	45.11670530826726
361	44.96976564213914	17573.05108295231	1168.9430616872144	0.0	481.3382363253322	44.96976564213914
362	45.12244341192615	17618.17352636423	1167.0092988277809	0.0	484.42817961483956	45.12244341192615
363	46.29736953946543	17664.470895903694	1165.1847471974977	0.0	487.3193014170613	46.29736953946543
364	46.42847129322052	17710.899367196904	1165.4918655272168	0.0	488.20250342563025	46.42847129322052
365	46.95997488172264	17757.85934207863	1167.7185773780566	0.0	489.26202101720247	46.95997488172264
366	43.85555178810498	17801.714893866727	1167.3171784567596	0.0	490.19938611267213	43.85555178810498
367	44.50783879969753	17846.22273266643	1165.7548045449546	0.0	490.53182512930033	44.50783879969753
368	46.85707979981066	17893.079812466247	1167.9531528187083	0.0	492.06381261115365	46.85707979981066
369	44.544080309653054	17937.623892775893	1170.137767748192	0.0	493.11713806381914	44.544080309653054
370	46.40902351559423	17984.032916291497	1172.1571424710087	0.0	492.67683225651336	46.40902351559423
371	45.28880462803718	18029.321720919535	1171.799274345248	0.0	494.23033306750773	45.28880462803718
372	45.921562769193734	18075.24328368872	1171.4486589299654	0.0	492.94842634505	45.921562769193734
373	45.90861879612923	18121.151902484857	1169.7049348807911	0.0	498.7803009134057	45.90861879612923
374	47.07758179670091	18168.229484281554	1172.0463825705042	0.0	499.7231130560466	47.07758179670091
375	43.67884767913739	18211.908331960694	1171.5747242385792	0.0	503.1190108401312	43.67884767913739
376	48.04760572923814	18259.95593768993	1173.2434690080438	0.0	503.45246311121156	48.04760572923814
377	45.358748687182896	18305.314686377103	1172.6650384705915	0.0	505.2331612250955	45.358748687182896
378	47.920818759261984	18353.235505136374	1174.2279350994927	0.0	506.2886513166309	47.920818759261984
379	45.583276523860434	18398.818781660237	1173.0642347996993	0.0	507.3312530260923	45.583276523860434
380	46.516212396923954	18445.334994057153	1173.6081263563847	0.0	509.3455546294754	46.516212396923954
381	47.435389854052055	18492.770383911215	1177.1888515385704	0.0	511.3295660442591	47.435389854052055
382	46.58079712320137	18539.35118103441	1178.9622990273338	0.0	511.67082315093404	46.58079712320137
383	47.15244641852775	18586.503627452945	1181.6575191050877	0.0	513.8862245269993	47.15244641852775
384	45.517945102883495	18632.02157255582	1182.2872077470033	0.0	514.9896942794778	45.517945102883495
385	49.18376035748104	18681.205332913305	1187.5066818513728	0.0	514.5972707117338	49.18376035748104
386	45.24620878239808	18726.4515416957	1189.3886868287118	0.0	515.7861837672127	45.24620878239808
387	43.540365956767594	18769.99190765248	1186.3027181865498	0.0	515.5630017979591	43.540365956767594
388	44.23460586366342	18814.226513516125	1185.159831672534	0.0	514.9852959471837	44.23460586366342
389	47.75560414158126	18861.982117657713	1186.276931839241	0.0	516.778618946728	47.75560414158126
390	45.62459896660449	18907.606716624327	1183.5805729724002	0.0	517.3303839646233	45.62459896660449
391	44.90408828645011	18952.51080491078	1182.8473445797529	0.0	517.2622388464393	44.90408828645011
392	46.866989611132816	18999.377794521904	1182.1532715777387	0.0	519.4556808433974	46.866989611132816
393	45.538067438262544	19044.91586196018	1180.9535959383181	0.0	520.2340092182495	45.538067438262544
394	45.44321939169089	19090.359081351857	1181.5175143894064	0.0	520.2993595553168	45.44321939169089
395	47.99930883000964	19138.358390181864	1183.3964681580064	0.0	524.3262098695044	47.99930883000964
396	47.58557714363133	19185.9439673255	1187.218624389491	0.0	526.1997551170765	47.58557714363133
397	48.013495155939864	19233.95746248144	1190.9535420422096	0.0	528.4693788319097	48.013495155939864
398	47.88996428588591	19281.84742676733	1194.9272308272082	0.0	528.4561499513859	47.88996428588591
399	44.6650902367631	19326.51251700409	1194.5665229726935	0.0	527.2758976146854	44.6650902367631
400	45.99527666082717	19372.50779366491	1196.1141438977427	0.0	527.4370218512471	45.99527666082717
401	45.868215563605055	19418.37600922851	1197.5073229411446	0.0	529.4795586531884	45.868215563605055
402	47.070793200988184	19465.446802429502	1200.3003235468734	0.0	531.8889995948306	47.070793200988184
403	46.860909818092935	19512.3077122476	1200.9335295476928	0.0	531.1719386565097	46.860909818092935
404	45.68364829716748	19557.991360544762	1201.2833975404087	0.0	533.1054810165637	45.68364829716748
405	44.331315025347706	19602.32267557011	1197.4670403047537	0.0	535.1918235214395	44.331315025347706
406	46.03503446688037	19648.357710036988	1198.3508350754375	0.0	535.8521712466509	46.03503446688037
407	46.75612643013623	19695.113836467128	1201.261618110518	0.0	535.9360893877521	46.75612643013623
408	45.5809262498176	19740.69476271694	1203.4635223681578	0.0	535.5198055549384	45.5809262498176
409	46.96443881890094	19787.65920153586	1205.091518058636	0.0	534.3494900453428	46.96443881890094
410	44.327210770194235	19831.98641230604	1202.8274129059528	0.0	535.1981269172999	44.327210770194235
411	46.19400320668459	19878.180415512725	1201.762745676218	0.0	535.8814850176884	46.19400320668459
412	47.210358664890016	19925.390774177624	1202.5939073863078	0.0	536.7027176225221	47.210358664890016
413	45.835496057042754	19971.226270234663	1203.9294020701082	0.0	536.8238737687616	45.835496057042754
414	46.3824561686437	20017.608726403305	1201.6585545492555	0.0	537.1058852523545	46.3824561686437
415	47.682946566299144	20065.291672969597	1201.3440383782313	0.0	539.4525772320362	47.682946566299144
416	43.826697066755095	20109.118370036354	1199.555080614044	0.0	539.1663759557899	43.826697066755095
417	46.18427182386781	20155.302641860228	1199.8233670962013	0.0	540.2726596303777	46.18427182386781
418	44.9600817849345	20200.262723645163	1199.7183512059264	0.0	538.1155694138165	44.9600817849345
419	44.31404928470936	20244.576772929875	1199.6093323638304	0.0	538.2569624081684	44.31404928470936
420	47.01675036110696	20291.593523290976	1201.2694930744403	0.0	538.9440285471286	47.01675036110696
421	45.4112367075637	20337.00475999853	1202.055439425245	0.0	541.6726787344236	45.4112367075637
422	45.383913983093215	20382.388673981637	1202.1016519841141	0.0	543.2818305460156	45.383913983093215
423	43.67903030075662	20426.067704282395	1197.8370701378938	0.0	544.2581256963792	43.67903030075662
424	47.42786161688346	20473.495565899284	1198.1853269283924	0.0	544.3088950735477	47.42786161688346
425	46.613233547808534	20520.108799447084	1196.0230920174797	0.0	546.1029145171422	46.613233547808534
426	47.24757293903087	20567.356372386115	1199.3101954572724	0.0	546.237820495862	47.24757293903087
427	47.61776979421527	20614.974142180326	1202.5301557369394	0.0	546.410359793729	47.61776979421527
428	45.14620950229028	20660.12035168262	1202.0206385040237	0.0	547.3935043954149	45.14620950229028
429	46.43083159098164	20706.551183273594	1200.2358058122422	0.0	549.4164610566372	46.43083159098164
430	47.175739762687456	20753.72692303629	1200.308202244114	0.0	549.3673180627518	47.175739762687456
431	49.220269444485865	20802.947192480773	1204.7858975845616	0.0	552.4834059257007	49.220269444485865
432	48.09159424268468	20851.038786723457	1208.2293228357732	0.0	552.9595456661111	48.09159424268468
433	48.16751910832441	20899.20630583178	1212.4082394923362	0.0	553.960074905781	48.16751910832441
434	46.439982836818146	20945.646288668606	1216.9504419126329	0.0	555.062617154151	46.439982836818146
435	47.073444188963876	20992.719732857564	1217.4235128298487	0.0	557.9322955769928	47.073444188963876
436	44.47074004655834	21037.190472904116	1217.236290066171	0.0	559.2099597851878	44.47074004655834
437	49.27146763587707	21086.46194054001	1222.234135475749	0.0	561.8368605974833	49.27146763587707
438	45.7782848358335	21132.24022537584	1226.2086961274897	0.0	563.4735094726033	45.7782848358335
439	47.17639967012913	21179.416625045968	1229.2679548571373	0.0	564.0864489864829	47.17639967012913
440	45.38313555786606	21224.799760603826	1227.3862000905851	0.0	565.7240015084036	45.38313555786606
441	44.22461756501271	21269.024378168844	1227.7478815939378	0.0	568.5780402166348	44.22461756501271
442	45.080347633886156	21314.104725802732	1227.4153945779626	0.0	570.4886638018378	45.080347633886156
443	47.89008606178601	21361.99481186452	1230.1269689932774	0.0	570.3668941408785	47.89008606178601
444	44.87454293529696	21406.869354799823	1231.0931212610194	0.0	570.8616588240004	44.87454293529696
445	44.338559863500976	21451.2079146633	1229.295347091637	0.0	572.3942002954324	44.338559863500976
446	45.00605260898228	21496.213967272295	1229.9876790986073	0.0	571.9668286837382	45.00605260898228
447	46.38038718147682	21542.594354453762	1231.7565382112862	0.0	571.3532457439942	46.38038718147682
448	47.34360872389031	21589.93796317766	1233.568966725975	0.0	573.77788823477	47.34360872389031
449	44.908025331228735	21634.845988508892	1233.3258592815425	0.0	576.1135474833445	44.908025331228735
450	46.22077309885178	21681.06676160774	1233.1661730569194	0.0	576.0881840794999	46.22077309885178
451	46.133183169243175	21727.199944776992	1233.847888108288	0.0	577.668375094791	46.133183169243175
452	46.19174287336486	21773.39168765035	1233.92394687098	0.0	578.8538426507007	46.19174287336486
453	49.29243100995021	21822.684118660305	1236.9929655476722	0.0	578.486805917216	49.29243100995021
454	46.18983404607563	21868.87395270638	1236.8470357096828	0.0	578.6207657014198	46.18983404607563
455	44.99662725047669	21913.870579956852	1236.5132694725428	0.0	578.1120475511266	44.99662725047669
456	46.1555020423774	21960.026081999233	1236.3375271349316	0.0	580.6947379890538	46.1555020423774
457	47.68581611107783	22007.711898110312	1237.7853179581145	0.0	582.3192578054081	47.68581611107783
458	46.12381363734688	22053.83571174765	1237.522462100575	0.0	585.4471005501798	46.12381363734688
459	43.3629305484643	22097.198642296116	1237.3674068957457	0.0	587.3288646213771	43.3629305484643
460	47.529887417645085	22144.72852971376	1238.5474994649474	0.0	586.900853027619	47.529887417645085
461	43.337357689219914	22188.065887402987	1235.406378365386	0.0	588.0281304704731	43.337357689219914
462	46.0036879357614	22234.069575338744	1234.10181248266	0.0	590.004352157367	46.0036879357614
463	46.870197125277976	22280.939772464015	1234.7404567812837	0.0	592.1846198758976	46.870197125277976
464	47.174279155728335	22328.11405161975	1237.3004441670555	0.0	590.8181911905507	47.174279155728335
465	46.336124384826604	22374.450176004575	1238.7354043014252	0.0	592.152638243326	46.336124384826604
466	44.315749052172634	22418.765925056752	1239.9817438940336	0.0	593.2821299845144	44.315749052172634
467	45.83705629473472	22464.602981351483	1240.2486740529037	0.0	592.7203067643828	45.83705629473472
468	44.93562043286479	22509.53860178434	1240.6202794684646	0.0	590.8050753479235	44.93562043286479
469	46.18848320339017	22555.72708498775	1241.26205213245	0.0	591.6311685339316	46.18848320339017
470	48.05518478534846	22603.782269773088	1245.1014731362789	0.0	592.7699284703167	48.05518478534846
471	45.46859308069638	22649.250862853787	1246.5142985506934	0.0	594.3109279205769	45.46859308069638
472	44.43690394541634	22693.68776679921	1246.4712554102384	0.0	594.2127721599177	44.43690394541634
473	47.24450678777697	22740.932273586983	1249.2673214241363	0.0	595.2332824095139	47.24450678777697
474	47.92556500100227	22788.85783858798	1250.0545003096022	0.0	597.7062560983052	47.92556500100227
475	45.58476351790162	22834.442602105883	1250.476998272824	0.0	599.7018502717965	45.58476351790162
476	47.30439726722533	22881.74699937312	1253.3723865322625	0.0	601.6436243151699	47.30439726722533
477	46.15587424960105	22927.9028736227	1254.3334929644057	0.0	601.0302201094569	46.15587424960105
478	47.765623160051284	22975.66849678277	1256.5285574757754	0.0	603.2830742369581	47.765623160051284
479	44.626266876746605	23020.294763659505	1256.6286609471533	0.0	604.134089547898	44.626266876746605
480	46.96279883373995	23067.25756249325	1258.9650245921946	0.0	604.063450049059	46.96279883373995
481	47.50634331901208	23114.76390581226	1261.1554704017528	0.0	605.7103963289915	47.50634331901208
482	46.80699153793746	23161.57089735019	1259.8620680761474	0.0	607.7553453081537	46.80699153793746
483	45.91026036447677	23207.48115771468	1261.2836465055723	0.0	607.1472903799901	45.91026036447677
484	47.22919732819146	23254.710355042866	1261.4765491763135	0.0	606.6696044851186	47.22919732819146
485	46.24548727826158	23300.95584232112	1262.1906199371506	0.0	607.992080328749	46.24548727826158
486	45.06471153774753	23346.02055385887	1261.3741618088807	0.0	608.1057331373156	45.06471153774753
487	46.83308298180169	23392.853636840675	1262.9373387875576	0.0	610.2490951020909	46.83308298180169
488	47.238334126154875	23440.09197096684	1266.641309099968	0.0	613.6002024406013	47.238334126154875
489	46.094309471912865	23486.186280438742	1265.903779516549	0.0	613.2132004334535	46.094309471912865
490	44.15019471677159	23530.336475155516	1266.4451439943452	0.0	615.7833874620352	44.15019471677159
491	47.48541947719991	23577.821894632707	1268.5346780483026	0.0	615.526521154843	47.48541947719991
492	44.414904768953846	23622.236799401675	1268.7384220864049	0.0	617.6508688880107	44.414904768953846
493	46.030224487309084	23668.26702388897	1268.966638526139	0.0	618.1357231728063	46.030224487309084
494	48.200230823774724	23716.467254712745	1272.2945080044765	0.0	616.4951130228732	48.200230823774724
495	46.86047889467686	23763.32773360743	1274.5612223634948	0.0	619.1168057292087	46.86047889467686
496	46.27470992006396	23809.6024435275	1274.075654963672	0.0	621.3617929280275	46.27470992006396
497	44.31982810713721	23853.922271634616	1273.2728869547668	0.0	619.7255278094946	44.31982810713721
498	46.90753837595054	23900.829810010582	1273.4332116064431	0.0	621.7579324117509	46.90753837595054
499	46.450563914777376	23947.280373925358	1275.222882987504	0.0	624.1371648946355	46.450563914777376
500	46.64194682550708	23993.92232075087	1275.6481730240841	0.0	624.9045207709995	46.64194682550708
501	49.0148209394252	24042.937141690298	1279.5216520755143	0.0	627.0953206830142	49.0148209394252
502	44.211252987877	24087.14839467816	1277.3174652848852	0.0	628.1225794303883	44.211252987877
503	46.350119354144006	24133.49851403232	1277.064668664374	0.0	628.542639369664	46.350119354144006
504	44.48061751505532	24177.97913154737	1275.0675864619388	0.0	630.9862905131826	44.48061751505532
505	43.87513453008293	24221.854266077444	1274.824416081569	0.0	632.7363867173539	43.87513453008293
506	46.631667978813674	24268.48593405626	1274.824416081569	0.0	633.2808205556371	46.631667978813674
