task	reward	total_reward	total_regret	relative	total_reward_dev	joules
0	51.5004394440724	51.5004394440724	5.032997965726294	0.0	22.503355197750135	51.5004394440724
1	72.30037791731156	123.80081736138392	29.483983277350138	0.0	26.141527740657196	72.30037791731156
2	62.45423693722361	186.25505429860755	42.26137500887855	0.0	31.957590882276616	62.45423693722361
3	60.71999323365483	246.9750475322624	53.57586075521693	0.0	42.33148799772377	60.71999323365483
4	56.06503906066707	303.0400865929295	61.21827813799302	0.0	51.83199669333254	56.06503906066707
5	57.72930843604263	360.7693950289722	70.78997265362175	0.0	56.477728905547814	57.72930843604263
6	54.804035048342996	415.5734300773149	76.51699875065574	0.0	62.377916262988414	54.804035048342996
7	58.35341997155316	473.9268500488683	84.24654514563892	0.0	70.96591359272276	58.35341997155316
8	51.16870582393503	525.0955558728034	86.0141477410689	0.0	75.24889528768253	51.16870582393503
9	51.119358780930064	576.2149146537332	89.7293717119834	0.0	81.15325604660852	51.119358780930064
10	54.798861086094554	631.0137757398276	95.3767095077777	0.0	87.83909605216984	54.798861086094554
11	56.089979713247956	687.1037554530757	101.04918641243968	0.0	94.36266714118403	56.089979713247956
12	52.08374103674947	739.1874964898255	103.4206265514963	0.0	101.56853326234474	52.08374103674947
13	52.99255943208862	792.180055921914	106.78025806133	0.0	106.90889935331477	52.99255943208862
14	54.76307771305379	846.9431336349676	110.58764812107674	0.0	111.43733517713655	54.76307771305379
15	54.21182932436436	901.154962959332	116.42959662765816	0.0	114.50712302880794	54.21182932436436
16	53.97776808268486	955.1327310420177	121.66269612785457	0.0	119.57908747153488	53.97776808268486
17	51.903452056361274	1007.0361830983783	121.82968924593374	0.0	127.75730090774748	51.903452056361274
18	51.49928859273954	1058.5354716911177	124.09922289879827	0.0	131.61628773126762	51.49928859273954
19	54.83925304927773	1113.374724740395	129.71648596638056	0.0	137.71027419837313	54.83925304927773
20	53.98243799338077	1167.3571627337765	132.85795588989038	0.0	144.99433002444874	53.98243799338077
21	50.76073528471872	1218.1178980184957	134.91063723881837	0.0	151.351453583581	50.76073528471872
22	52.720716125481395	1270.8386141439767	140.41997131427811	0.0	155.82663655901553	52.720716125481395
23	53.90805795284847	1324.746672096825	144.19451047352948	0.0	164.3586263949917	53.90805795284847
24	52.7227321496586	1377.4694042464837	149.12113562124327	0.0	169.86408435436977	52.7227321496586
25	55.934349580071654	1433.403753826555	156.28694231573644	0.0	175.92651133709154	55.934349580071654
26	49.63320597325667	1483.0369597998115	157.7580091108484	0.0	182.27043363265784	49.63320597325667
27	49.13178024474539	1532.1687400445567	156.5820750054132	0.0	188.69013276677478	49.13178024474539
28	52.87302942294136	1585.041769467499	162.21461193731565	0.0	194.44237737405808	52.87302942294136
29	49.41074358240891	1634.4525130499069	161.84686443977245	0.0	199.82433303883806	49.41074358240891
30	50.71212590796634	1685.1646389578743	163.95143813030128	0.0	207.61030140252748	50.71212590796634
31	51.488573305108524	1736.6532122629817	165.80305081371864	0.0	217.39136970883953	51.488573305108524
32	49.16658489666993	1785.8197971596521	165.06284467430447	0.0	223.02691113270197	49.16658489666993
33	56.07518151302167	1841.8949786726748	172.362235766256	0.0	230.8594733318764	56.07518151302167
34	54.983411917490166	1896.8783905901641	179.31788156182716	0.0	243.5309750518983	54.983411917490166
35	53.56909609310176	1950.4474866832668	183.60277274469288	0.0	249.71039581521433	53.56909609310176
36	54.15330656747617	2004.6007932507412	187.06303779816685	0.0	253.72817314310532	54.15330656747617
37	54.10992452434594	2058.7107177750877	192.61555696961682	0.0	260.3336376774156	54.10992452434594
38	52.64572663259562	2111.3564444076837	195.26185409812132	0.0	265.9545443400165	52.64572663259562
39	53.67033449498749	2165.026778902672	201.36910993282459	0.0	270.57810887776367	53.67033449498749
40	52.162203140810874	2217.188982043482	203.19884251626402	0.0	276.76477364693847	52.162203140810874
41	52.764693897677965	2269.9536759411585	207.58652094791745	0.0	282.98747784381476	52.764693897677965
42	52.246225341814764	2322.1999012829747	212.7748144552612	0.0	286.7480914769624	52.246225341814764
43	52.84556005717792	2375.045461340152	218.216291258719	0.0	291.3366813470189	52.84556005717792
44	53.270295792949355	2428.3157571331017	221.09256177295313	0.0	297.396779371798	53.270295792949355
45	55.095804535940154	2483.4115616690415	228.10825007814373	0.0	301.6808946791521	55.095804535940154
46	53.30180996451441	2536.713371633556	231.79136357577565	0.0	305.4957507444772	53.30180996451441
47	50.22868071145228	2586.9420523450094	234.49268291205684	0.0	311.89634775931034	50.22868071145228
48	49.21332532763365	2636.155377672642	235.61762266890292	0.0	318.2582102777189	49.21332532763365
49	53.366290267159656	2689.521667939802	238.8747854324022	0.0	328.53404793961585	53.366290267159656
50	56.98242781359836	2746.504095753401	247.01785285655413	0.0	336.5599674992513	56.98242781359836
51	52.805879032233264	2799.3099747856336	251.74831880564588	0.0	342.7249790328665	52.805879032233264
52	49.43147177674561	2848.741446562379	252.44044446747205	0.0	346.776180810567	49.43147177674561
53	51.003067569540235	2899.744514131918	254.59675787626736	0.0	353.08223371441164	51.003067569540235
54	51.063980651895484	2950.808494783816	257.13517047244403	0.0	358.99800214591613	51.063980651895484
55	52.87256913847264	3003.681063922289	259.88817433179776	0.0	365.57757489088596	52.87256913847264
56	56.90314983739512	3060.584213759683	271.0871391694822	0.0	370.6009059835	56.90314983739512
57	54.460021607585425	3115.0442353672693	276.50545016311065	0.0	379.62436496143636	54.460021607585425
58	51.1896641452962	3166.2338995125638	279.3998919911183	0.0	383.1835084011383	51.1896641452962
59	54.56618263460304	3220.8000821471687	287.40895352372246	0.0	386.3428876097849	54.56618263460304
60	53.11074990744512	3273.9108320546143	293.1181050407603	0.0	390.7390581633951	53.11074990744512
61	53.3959039032374	3327.3067359578486	297.283266796723	0.0	395.5856722345905	53.3959039032374
62	55.26358192097188	3382.5703178788217	302.92102572749803	0.0	399.02078661134345	55.26358192097188
63	56.70517006530994	3439.275487944131	311.2898419594449	0.0	404.94676835279836	56.70517006530994
64	52.04283387214117	3491.318321816274	314.438709589716	0.0	410.431252412156	52.04283387214117
65	51.16317164553954	3542.4814934618125	318.9478734710047	0.0	416.6811043041003	51.16317164553954
66	56.00535133374601	3598.486844795558	324.2401439824586	0.0	419.5226300324538	56.00535133374601
67	52.60855014771165	3651.095394943267	325.6088027542158	0.0	425.5694892169145	52.60855014771165
68	50.406421950504125	3701.5018168937722	324.97953782005146	0.0	429.49149502444135	50.406421950504125
69	48.892431760813736	3750.394248654587	325.1779511322421	0.0	435.134699205211	48.892431760813736
70	55.141331007143336	3805.5355796617323	331.44344025132494	0.0	440.962980888258	55.141331007143336
71	53.80582880859876	3859.34140847033	336.61694561089985	0.0	444.02489624327114	53.80582880859876
72	55.398770754373615	3914.740179224704	344.895760546048	0.0	450.3192348223281	55.398770754373615
73	54.13297840272487	3968.8731576274276	347.7923479573543	0.0	453.7868988023654	54.13297840272487
74	52.4147865128075	4021.287944140235	351.27071765642415	0.0	458.2678049108841	52.4147865128075
75	53.62545816399314	4074.9134023042297	356.95832283583275	0.0	461.75987673832043	53.62545816399314
76	53.66733701858913	4128.580739322818	362.1164480424975	0.0	469.88487671265034	53.66733701858913
77	53.17543057397471	4181.756169896793	364.0630997579716	0.0	474.2881942532885	53.17543057397471
78	56.51306972832207	4238.269239625115	370.7493925664777	0.0	478.1564446769268	56.51306972832207
79	51.34779836644089	4289.617037991556	370.00697025288065	0.0	481.8150934072269	51.34779836644089
80	53.508605775524785	4343.125643767083	374.7243395859126	0.0	483.84671705905964	53.508605775524785
81	51.831163048949854	4394.95680681603	378.91736512420516	0.0	488.8328981847416	51.831163048949854
82	52.461376473239554	4447.41818328927	381.1500756547173	0.0	497.9150852526071	52.461376473239554
83	55.038887523241954	4502.457070812512	387.84182028759665	0.0	506.1611603473691	55.038887523241954
84	50.02026283152404	4552.477333644035	389.38877472300976	0.0	510.1108438843911	50.02026283152404
85	54.86695196484007	4607.344285608878	396.5598982562244	0.0	518.4942671270267	54.86695196484007
86	51.397992055219284	4658.742277664094	400.32054852041017	0.0	523.3282990003506	51.397992055219284
87	51.31857627417198	4710.060853938267	404.5087852736088	0.0	528.6657788664971	51.31857627417198
88	51.22026710215408	4761.281121040423	406.9339543257837	0.0	533.3024268253891	51.22026710215408
89	51.39103240887504	4812.672153449296	408.3984209706776	0.0	540.4093505463887	51.39103240887504
90	54.17468002024989	4866.8468334695435	415.08593275920254	0.0	544.6848564928923	54.17468002024989
91	54.295914122830034	4921.1427475923765	419.56308734452205	0.0	553.1188864767457	54.295914122830034
92	52.47040936853178	4973.613156960907	423.0316411251811	0.0	557.1311020072702	52.47040936853178
93	52.251919759270095	5025.865076720178	426.9548738182841	0.0	565.742113283836	52.251919759270095
94	52.22738596517845	5078.0924626853575	429.74584249363005	0.0	572.3760881422232	52.22738596517845
95	52.34028481530692	5130.432747500664	433.0946934520817	0.0	577.428987172696	52.34028481530692
96	53.540950641114875	5183.973698141777	439.29267953030563	0.0	580.5835718810749	53.540950641114875
97	59.64907972912942	5243.62277787091	451.02352143931074	0.0	584.2528156511826	59.64907972912942
98	54.128196219710645	5297.750974090619	456.8107487251221	0.0	594.3716638263613	54.128196219710645
99	55.13116915226698	5352.882143242885	462.9908338774566	0.0	597.4041032772361	55.13116915226698
100	50.97868953105974	5403.8608327739485	464.7310126023192	0.0	604.3160355080721	50.97868953105974
101	53.75585846983622	5457.616691243781	467.5724317984028	0.0	608.5379089643424	53.75585846983622
102	58.04788539360315	5515.664576637383	477.4627959580761	0.0	610.9771754559987	58.04788539360315
103	54.01568017322367	5569.68025681061	482.4998591043884	0.0	613.6577075272147	54.01568017322367
104	54.548610241671376	5624.228867052278	489.8200886542394	0.0	618.9897811765633	54.548610241671376
105	50.56737060274807	5674.796237655029	491.34930973426754	0.0	625.0825057198579	50.56737060274807
106	53.376404952835436	5728.172642607862	496.09856545896037	0.0	630.0964272278945	53.376404952835436
107	51.79266814643317	5779.965310754295	499.8537320383559	0.0	634.2336368726385	51.79266814643317
108	54.744444775742195	5834.709755530041	505.4331006079711	0.0	638.4732039973308	54.744444775742195
109	53.05980116768638	5887.769556697727	508.4407052261111	0.0	643.584158438725	53.05980116768638
110	53.33768722800834	5941.107243925735	511.36647131403316	0.0	648.8460501592658	53.33768722800834
111	52.192512055324435	5993.29975598106	513.7527940032932	0.0	653.624705711887	52.192512055324435
112	54.38468525113756	6047.684441232199	520.4429926275484	0.0	665.266209080912	54.38468525113756
113	53.592207083777566	6101.276648315975	528.0624380992913	0.0	670.8532270997441	53.592207083777566
114	49.93359646467384	6151.210244780647	528.7677084633317	0.0	674.0750534326663	49.93359646467384
115	56.86477479695784	6208.0750195776045	535.5341821621266	0.0	679.413981883013	56.86477479695784
116	54.049695436242786	6262.124715013849	541.4759578041405	0.0	686.1876992111788	54.049695436242786
117	52.98382682656511	6315.108541840412	545.877075842844	0.0	695.4430357961899	52.98382682656511
118	52.768356059115796	6367.876897899526	549.5339724699115	0.0	702.5806624747221	52.768356059115796
119	52.1463215239702	6420.023219423498	553.6348596898425	0.0	707.041547568406	52.1463215239702
120	55.38579839483383	6475.409017818331	562.7114847952789	0.0	713.2738392269674	55.38579839483383
121	54.153635300406286	6529.562653118741	567.8931107118386	0.0	717.7686733230341	54.153635300406286
122	52.95441697580881	6582.517070094546	571.336443169443	0.0	723.2724945530424	52.95441697580881
123	54.39630916135252	6636.913379255902	577.8766246314757	0.0	728.0416515985373	54.39630916135252
124	53.410161898459464	6690.323541154358	584.3928325834036	0.0	736.5530607417014	53.410161898459464
125	55.03920757201314	6745.362748726371	591.8821526240419	0.0	744.6181973658807	55.03920757201314
126	55.86855125007587	6801.231299976449	598.8772868861441	0.0	749.9941028038496	55.86855125007587
127	54.47283137499951	6855.70413135145	603.0853768343061	0.0	754.7865469456578	54.47283137499951
128	55.7433131236389	6911.4474444750895	610.749432512786	0.0	758.3930517521829	55.7433131236389
129	53.35547474304092	6964.802919218127	614.3863105896245	0.0	761.6879687571108	53.35547474304092
130	56.95475310776808	7021.757672325895	623.7708641528676	0.0	765.5025890275233	56.95475310776808
131	49.13933447190379	7070.8970067978	623.4588727688617	0.0	771.5822229260002	49.13933447190379
132	49.99291994921366	7120.889926747016	624.6537130970665	0.0	778.2813163779134	49.99291994921366
133	53.27501335179172	7174.164940098809	627.149818656448	0.0	784.8413288283132	53.27501335179172
134	57.42818055699524	7231.593120655802	635.2966750122544	0.0	789.6503247237775	57.42818055699524
135	51.50521952649819	7283.098340182299	637.4565087886787	0.0	795.1307267840589	51.50521952649819
136	52.39570536163833	7335.494045543941	640.9075657692745	0.0	801.9679274545313	52.39570536163833
137	55.59374475955124	7391.087790303488	646.7630379404683	0.0	806.4264823163271	55.59374475955124
138	52.35118506582725	7443.438975369312	649.942052969064	0.0	814.8776146903754	52.35118506582725
139	51.70644134549057	7495.145416714809	653.0178378706294	0.0	820.8707256262383	51.70644134549057
140	53.516785812282954	7548.662202527089	657.0869834057864	0.0	826.0344368135752	53.516785812282954
141	52.5641363930187	7601.226338920112	661.5314761705321	0.0	834.0206395718272	52.5641363930187
142	52.73574502843637	7653.962083948542	666.7711236705265	0.0	839.5420150101212	52.73574502843637
143	52.93993464308863	7706.902018591633	673.0326825411146	0.0	844.6174313630861	52.93993464308863
144	49.64794423596966	7756.549962827607	674.1036442784836	0.0	850.1038090964233	49.64794423596966
145	57.831127741353846	7814.381090568955	681.1718758319803	0.0	854.4262445204852	57.831127741353846
146	52.387461651746506	7866.768552220702	684.9668038515535	0.0	859.9612603878195	52.387461651746506
147	59.10082980281988	7925.869382023523	696.0554649266428	0.0	867.6712232871986	59.10082980281988
148	53.92506295131479	7979.7944449748375	699.117245031411	0.0	872.5330819383578	53.92506295131479
149	54.237544512257436	8034.031989487099	705.8674755064994	0.0	877.8466635837268	54.237544512257436
150	55.551085931721815	8089.583075418822	712.6721989239596	0.0	882.0517479439283	55.551085931721815
151	55.349255445267374	8144.932330864085	718.542352981111	0.0	890.9843914512026	55.349255445267374
152	53.16541058138212	8198.097741445468	724.830458216918	0.0	895.1183349619657	53.16541058138212
153	53.34326143624273	8251.441002881711	730.8156868415513	0.0	901.8435497530664	53.34326143624273
154	51.41053152046331	8302.851534402173	733.3098758550583	0.0	909.8295012028	51.41053152046331
155	53.9976171038314	8356.849151506003	739.812732327198	0.0	916.2045630109693	53.9976171038314
156	52.43451580875408	8409.283667314758	745.5462604026017	0.0	920.4008080572805	52.43451580875408
157	54.45129075549405	8463.734958070256	750.8558248645888	0.0	924.9509873789312	54.45129075549405
158	51.86419457432577	8515.599152644574	752.7905021895663	0.0	933.1647456808837	51.86419457432577
159	50.747148924206186	8566.346301568785	754.5699237531084	0.0	939.1095407706266	50.747148924206186
160	56.15487383953171	8622.501175408313	762.2981458780906	0.0	943.8890760670032	56.15487383953171
161	58.521024974337905	8681.022200382657	773.0027923110797	0.0	945.8186184191961	58.521024974337905
162	49.50068658841529	8730.522886971068	773.9194103026067	0.0	950.7400787087217	49.50068658841529
163	60.04724474687296	8790.570131717945	783.2978447179429	0.0	952.8380396589861	60.04724474687296
164	49.6568972504539	8840.227028968393	785.5982680167405	0.0	958.8588592921847	49.6568972504539
165	52.0328709541769	8892.25989992257	787.8571054712797	0.0	964.0184221168544	52.0328709541769
166	54.13428539626973	8946.394185318843	790.7467595275141	0.0	974.1247659177897	54.13428539626973
167	54.04247162277027	9000.43665694161	796.5655428334217	0.0	982.361997649864	54.04247162277027
168	55.19180971144283	9055.628466653054	804.1838840799775	0.0	986.1919013507926	55.19180971144283
169	54.35254760403985	9109.981014257091	809.9092034988346	0.0	991.4203250840882	54.35254760403985
170	52.43563803885439	9162.416652295948	814.8824704265016	0.0	998.1568232315954	52.43563803885439
171	53.79202915022607	9216.208681446178	819.4928949767719	0.0	1002.7831249220877	53.79202915022607
172	48.850687698249246	9265.059369144423	816.0485339965397	0.0	1007.9439857398991	48.850687698249246
173	54.79149065996894	9319.850859804392	823.3709940496302	0.0	1012.363527800078	54.79149065996894
174	50.62111319279028	9370.471972997186	828.428063819125	0.0	1017.5704391425164	50.62111319279028
175	56.60920231859323	9427.081175315781	835.9898849543833	0.0	1021.9191620954698	56.60920231859323
176	52.28443365333611	9479.365608969114	839.5950746836428	0.0	1028.4616519785868	52.28443365333611
177	54.22119496309596	9533.58680393221	845.5257181120927	0.0	1034.6089294600092	54.22119496309596
178	53.01432996039657	9586.601133892606	849.2890448955513	0.0	1038.7700136614603	53.01432996039657
179	51.980872177841036	9638.582006070448	853.5852985884411	0.0	1046.3302231372659	51.980872177841036
180	54.74292740519058	9693.324933475638	859.1830237028103	0.0	1049.6993217019253	54.74292740519058
181	53.79026053686884	9747.115194012506	867.6444660259953	0.0	1055.3259005151394	53.79026053686884
182	56.87223097255635	9803.987424985064	873.7933288120711	0.0	1058.998146323782	56.87223097255635
183	57.28105776633459	9861.268482751393	882.4029219652745	0.0	1066.1063655566934	57.28105776633459
184	54.05012915996161	9915.31861191136	889.5854343840057	0.0	1071.692098148102	54.05012915996161
185	53.276130666228255	9968.594742577583	895.8010475242918	0.0	1078.8067748333174	53.276130666228255
186	55.55983179794635	10024.154574375532	904.1556746359408	0.0	1088.0343510042262	55.55983179794635
187	55.775486917865926	10079.930061293398	911.7886863024308	0.0	1097.9810454941876	55.775486917865926
188	58.54058839503282	10138.470649688432	922.9817374450546	0.0	1109.0328108932638	58.54058839503282
189	55.847056941494955	10194.317706629927	930.3881832861537	0.0	1113.4182217253815	55.847056941494955
190	50.24973028577571	10244.5674369157	931.9268732946682	0.0	1117.7965492246371	50.24973028577571
191	57.04767398578919	10301.615110901494	941.3377558650059	0.0	1121.9498740962954	57.04767398578919
192	55.844095279782685	10357.459206181276	949.351692653368	0.0	1127.6084695539937	55.844095279782685
193	54.583575113731825	10412.042781295004	951.8286768713007	0.0	1131.9767092350464	54.583575113731825
194	54.729968816723606	10466.772750111733	960.6537518030194	0.0	1139.0226256718788	54.729968816723606
195	52.12393430578657	10518.896684417517	962.2276275535587	0.0	1145.4727505562169	52.12393430578657
196	54.57404106061848	10573.470725478133	968.1085538721669	0.0	1150.21122546611	54.57404106061848
197	55.331018886212135	10628.801744364346	974.2442077996322	0.0	1158.0106433545286	55.331018886212135
198	52.880644619496515	10681.682388983847	978.0268621051287	0.0	1164.4266510851173	52.880644619496515
199	52.58524818379969	10734.267637167643	980.2521527830463	0.0	1168.9770745986768	52.58524818379969
200	51.01226468546461	10785.279901853106	981.8292209299235	0.0	1176.053776416767	51.01226468546461
201	56.958648262614176	10842.238550115728	992.568389919746	0.0	1180.1341642225502	56.958648262614176
202	54.88948149518453	10897.12803161091	997.2014522068592	0.0	1184.024680492246	54.88948149518453
203	58.34472874211799	10955.47276035303	1007.56629177692	0.0	1189.6255078198271	58.34472874211799
204	51.997413937158406	11007.470174290183	1009.8115914829835	0.0	1195.1782670839962	51.997413937158406
205	50.50395824525888	11057.974132535439	1012.2139560687402	0.0	1203.8612526988848	50.50395824525888
206	54.260254944632436	11112.234387480072	1018.0402313906088	0.0	1208.2746429373549	54.260254944632436
207	52.236457131208766	11164.470844611282	1020.9917473252639	0.0	1214.6552095106392	52.236457131208766
208	55.66900213514968	11220.13984674643	1027.367826730508	0.0	1221.4204882556442	55.66900213514968
209	52.6318153507119	11272.771662097144	1032.1385414651807	0.0	1226.5223633508604	52.6318153507119
210	52.573828928023815	11325.345491025173	1036.485401601816	0.0	1231.131916259175	52.573828928023815
211	54.29487250283952	11379.64036352801	1044.876785213035	0.0	1234.3527853215514	54.29487250283952
212	52.624909363767735	11432.265272891782	1048.0489702798181	0.0	1239.3756682855335	52.624909363767735
213	50.53150844544561	11482.796781337223	1048.7843522272615	0.0	1248.1566378333403	50.53150844544561
214	57.53611072235548	11540.33289205957	1055.7915327236444	0.0	1251.774471854784	57.53611072235548
215	54.61643830668378	11594.949330366258	1060.258483589887	0.0	1256.8907820047295	54.61643830668378
216	52.62629926341138	11647.575629629675	1063.9107303126943	0.0	1263.4684446161039	52.62629926341138
217	49.253515586627145	11696.829145216298	1064.2414693766314	0.0	1269.2978879224909	49.253515586627145
218	55.781347324399256	11752.610492540698	1071.1475128231182	0.0	1277.0663441540457	55.781347324399256
219	55.44801520854214	11808.05850774924	1079.0759119680993	0.0	1285.904198515507	55.44801520854214
220	55.77581539236923	11863.834323141606	1085.9634310831027	0.0	1292.2889356889486	55.77581539236923
221	54.084526837292486	11917.918849978903	1092.393071943044	0.0	1294.5922859331545	54.084526837292486
222	52.120048678497305	11970.0388986574	1098.15447392695	0.0	1299.3546743323304	52.120048678497305
223	54.2717829615556	12024.310681618948	1105.657823958072	0.0	1304.929775356992	54.2717829615556
224	52.26075649736705	12076.571438116327	1109.4785860839302	0.0	1309.9736916326221	52.26075649736705
225	55.0780747896618	12131.649512905977	1115.7918932425985	0.0	1317.0895557573565	55.0780747896618
226	57.03446231438159	12188.683975220358	1122.774587141622	0.0	1323.2344526488384	57.03446231438159
227	54.58672133326493	12243.270696553624	1128.4455108521265	0.0	1327.052045703707	54.58672133326493
228	54.36309773055415	12297.633794284187	1134.5022246687674	0.0	1332.5224887724	54.36309773055415
229	54.59104261340573	12352.224836897587	1139.1585286571844	0.0	1336.6609828868995	54.59104261340573
230	51.31181099417414	12403.536647891766	1142.7574903765972	0.0	1341.861273266618	51.31181099417414
231	52.177908493177796	12455.71455638494	1144.0983913122764	0.0	1347.4075038173005	52.177908493177796
232	51.66613968286541	12507.380696067805	1147.0734341978173	0.0	1352.2230457647813	51.66613968286541
233	53.17806785073799	12560.558763918547	1150.6949836077088	0.0	1356.8329175148062	53.17806785073799
234	54.27248205754469	12614.831245976087	1156.5955188053522	0.0	1358.7894812384927	54.27248205754469
235	53.559739588701206	12668.390985564793	1161.2792254439182	0.0	1366.4625848013038	53.559739588701206
236	54.94650496849222	12723.33749053328	1167.6920017981035	0.0	1371.943607683335	54.94650496849222
237	54.464292767690615	12777.801783300967	1173.522568404692	0.0	1375.5154677181984	54.464292767690615
238	55.658406134031424	12833.460189435002	1178.368495431594	0.0	1382.1303899068678	55.658406134031424
239	51.872271943043344	12885.332461378046	1181.7037312279779	0.0	1387.4279131352907	51.872271943043344
240	51.879670385537146	12937.212131763583	1186.607579658182	0.0	1392.524542107075	51.879670385537146
241	51.304449635251984	12988.51658139884	1189.096626093783	0.0	1397.3786683788835	51.304449635251984
242	51.42196396506629	13039.938545363899	1189.7760653101313	0.0	1403.9773571295325	51.42196396506629
243	53.541953611859896	13093.480498975752	1195.5099032202916	0.0	1410.2148890209075	53.541953611859896
244	54.90482948923662	13148.385328465	1202.3500503575315	0.0	1414.8943006296822	54.90482948923662
245	52.991306867180285	13201.376635332183	1209.5838941492707	0.0	1417.8614461294421	52.991306867180285
246	53.308665323728725	13254.685300655903	1214.787099162336	0.0	1421.7704528355964	53.308665323728725
247	48.82243633165051	13303.507736987562	1213.1635007796713	0.0	1427.1958450098832	48.82243633165051
248	56.12164198522987	13359.629378972786	1220.298580375382	0.0	1435.0440314994346	56.12164198522987
249	52.647700140122694	13412.27707911291	1225.4833194242424	0.0	1440.122189552286	52.647700140122694
250	52.50705769072777	13464.784136803639	1230.4212283860472	0.0	1445.3445902012775	52.50705769072777
251	58.9300674889036	13523.714204292546	1241.4845200046998	0.0	1451.9190796080247	58.9300674889036
252	52.641692384012316	13576.355896676558	1244.9900167830826	0.0	1456.1623321140607	52.641692384012316
253	56.96646068489446	13633.322357361443	1254.1322698550189	0.0	1460.0975917556161	56.96646068489446
254	53.64072356726936	13686.963080928714	1260.5529572656208	0.0	1465.0225981249562	53.64072356726936
255	52.95295832498173	13739.916039253703	1266.176762017524	0.0	1469.0208329903787	52.95295832498173
256	56.53167716591162	13796.447716419618	1274.1100565612107	0.0	1475.585303563026	56.53167716591162
257	53.568109678989394	13850.015826098597	1278.445270630393	0.0	1481.8097334042209	53.568109678989394
258	54.418698670508974	13904.43452476911	1283.8317571074065	0.0	1487.1617908040068	54.418698670508974
259	53.191380343551415	13957.62590511266	1288.3824316926853	0.0	1490.1991134370078	53.191380343551415
260	51.11505383906209	14008.740958951726	1290.0158229241333	0.0	1495.8553067180928	51.11505383906209
261	56.49899202253833	14065.239950974255	1297.2142778810648	0.0	1502.0138978747004	56.49899202253833
262	53.26903847797437	14118.508989452237	1299.138410362386	0.0	1507.1595977071859	53.26903847797437
263	56.985940849160954	14175.494930301404	1307.2870060295909	0.0	1515.3364146015624	56.985940849160954
264	54.10574736500346	14229.600677666398	1313.872703583159	0.0	1520.2331734449647	54.10574736500346
265	59.209442117378096	14288.810119783782	1324.8341604270206	0.0	1529.4218401064843	59.209442117378096
266	54.01159162035808	14342.821711404133	1330.5973280308106	0.0	1537.148462177091	54.01159162035808
267	55.75680778945474	14398.578519193583	1337.8330533681178	0.0	1544.6086113018464	55.75680778945474
268	56.89525496151714	14455.47377415511	1345.1118378236476	0.0	1547.277959342674	56.89525496151714
269	50.096533068515946	14505.570307223623	1347.9520987537367	0.0	1552.6433127038486	50.096533068515946
270	55.081746290382405	14560.652053514006	1354.5732751505243	0.0	1558.2316248603292	55.081746290382405
271	53.801045456195645	14614.453098970207	1360.3129222668038	0.0	1564.4580402045794	53.801045456195645
272	53.70439436919416	14668.157493339395	1363.9114918809908	0.0	1570.8173956074547	53.70439436919416
273	53.28777676713256	14721.445270106522	1367.6749470480727	0.0	1576.258249155737	53.28777676713256
274	52.14483862557342	14773.590108732102	1366.8828046725885	0.0	1580.8998425191676	52.14483862557342
275	56.539231094483675	14830.129339826579	1373.7670962515374	0.0	1585.237480897174	56.539231094483675
276	51.35325123900463	14881.482591065589	1375.3457632682123	0.0	1591.0860497443487	51.35325123900463
277	52.59273024713902	14934.075321312734	1379.8428038136462	0.0	1595.1919182670024	52.59273024713902
278	53.31712069203975	14987.39244200477	1385.257936380342	0.0	1599.7211046005577	53.31712069203975
279	57.94537243442626	15045.33781443919	1395.6802292783457	0.0	1606.1597954605957	57.94537243442626
280	50.88930655988011	15096.227120999083	1400.292429449367	0.0	1611.5797026443342	50.88930655988011
281	52.469625032229516	15148.696746031303	1405.7174450059802	0.0	1616.7410947349824	52.469625032229516
282	51.25452307918976	15199.951269110485	1408.800024809171	0.0	1622.6282186531935	51.25452307918976
283	56.91229253179755	15256.86356164229	1417.6612998312435	0.0	1627.6412979146273	56.91229253179755
284	53.455065635403464	15310.318627277697	1422.3505761465806	0.0	1632.8087032191659	53.455065635403464
285	52.086209125544755	15362.404836403242	1425.2149962636304	0.0	1637.9621303278586	52.086209125544755
286	51.6944480593792	15414.099284462614	1426.4885566200835	0.0	1648.7983756194299	51.6944480593792
287	52.7555183155726	15466.854802778196	1428.4170767770518	0.0	1650.6199527526726	52.7555183155726
288	52.1027529422996	15518.957555720493	1434.4179443694622	0.0	1657.9999204839921	52.1027529422996
289	51.94063584452708	15570.898191565015	1435.4268326390325	0.0	1663.2226490597125	51.94063584452708
290	52.98117025011187	15623.879361815125	1441.986856799633	0.0	1668.6829389719205	52.98117025011187
291	50.21606015234499	15674.095421967471	1445.8951318895986	0.0	1677.888380637911	50.21606015234499
292	51.060711163324356	15725.156133130798	1447.8337612797466	0.0	1682.6401769800295	51.060711163324356
293	53.581598903443634	15778.737732034246	1452.5262406388872	0.0	1687.1033828175514	53.581598903443634
294	50.85006459853908	15829.587796632783	1452.4734682876845	0.0	1691.8939363611496	50.85006459853908
295	52.39794611983389	15881.985742752615	1455.298907165897	0.0	1698.3614339765384	52.39794611983389
296	54.43482082885262	15936.420563581472	1462.7956411832408	0.0	1703.672118308034	54.43482082885262
297	54.63780454460896	15991.058368126078	1469.6642725812608	0.0	1713.5836871885817	54.63780454460896
298	52.48464043331266	16043.543008559389	1473.778381720098	0.0	1716.4017326734577	52.48464043331266
299	53.94114293104498	16097.484151490433	1477.9316624127398	0.0	1720.2015599698148	53.94114293104498
300	52.59232878879435	16150.076480279227	1482.3558951908658	0.0	1724.691163815222	52.59232878879435
301	51.56021189514061	16201.636692174368	1483.7954510927798	0.0	1730.4546092254552	51.56021189514061
302	52.83335122132796	16254.470043395695	1488.0964774072265	0.0	1735.3076476707358	52.83335122132796
303	54.05823115423078	16308.528274549937	1491.6993699747566	0.0	1740.6363834877884	54.05823115423078
304	53.65564201220945	16362.183916562135	1496.0175530043086	0.0	1743.6712820430118	53.65564201220945
305	51.24266001328934	16413.426576575424	1496.6040114523098	0.0	1752.90651202868	51.24266001328934
306	52.60226755380554	16466.028844129236	1498.665688855398	0.0	1756.1006522107841	52.60226755380554
307	52.21571012304402	16518.24455425228	1503.7425573574164	0.0	1765.9914565765132	52.21571012304402
308	51.34014589182519	16569.584700144103	1506.453223196117	0.0	1774.7661572193847	51.34014589182519
309	55.252931670541045	16624.837631814637	1512.9233821404266	0.0	1779.0790638594567	55.252931670541045
310	53.13938675505619	16677.9770185697	1517.6856225665356	0.0	1783.0299174990507	53.13938675505619
311	52.64272383667509	16730.619742406376	1522.664683774701	0.0	1789.227810869398	52.64272383667509
312	56.171261941513606	16786.79100434789	1529.1983295009738	0.0	1793.896099007047	56.171261941513606
313	55.83532162606711	16842.626325973957	1538.0835565301388	0.0	1806.1713715844066	55.83532162606711
314	53.02930635484176	16895.65563232879	1542.2892425468845	0.0	1810.2045690755847	53.02930635484176
315	53.51206604240314	16949.167698371202	1546.2731081282445	0.0	1815.1501300060888	53.51206604240314
316	55.0244240962327	17004.192122467426	1552.105944120882	0.0	1818.329406233442	55.0244240962327
317	54.757498620558316	17058.949621087995	1558.9908658338356	0.0	1823.5681607505173	54.757498620558316
318	52.071579485176535	17111.02120057317	1561.5740666082193	0.0	1829.5103998538934	52.071579485176535
319	53.64836288935628	17164.669563462532	1566.7623315133671	0.0	1833.3692750005512	53.64836288935628
320	53.12487122204039	17217.79443468456	1571.2023675036637	0.0	1842.7303104315492	53.12487122204039
321	51.9538070918463	17269.74824177641	1572.8203233091583	0.0	1847.899391315207	51.9538070918463
322	55.861962938270835	17325.610204714685	1579.042355449912	0.0	1850.2273822877362	55.861962938270835
323	51.02285424078945	17376.633058955467	1582.7170862765813	0.0	1854.5660803193796	51.02285424078945
324	55.09387195416421	17431.72693090963	1588.8565492087614	0.0	1860.6389664805522	55.09387195416421
325	52.28089554499031	17484.007826454632	1592.5810536574413	0.0	1868.0492408994057	52.28089554499031
326	52.02288974493662	17536.030716199555	1597.3320806907534	0.0	1873.3221671576766	52.02288974493662
327	56.810695996920586	17592.841412196478	1605.7047033965891	0.0	1878.3787400692802	56.810695996920586
328	51.97127634015406	17644.812688536633	1609.5969417045808	0.0	1882.6445235556962	51.97127634015406
329	54.27999609201912	17699.092684628646	1615.9609569220045	0.0	1889.8042212698444	54.27999609201912
330	53.77972423171939	17752.872408860378	1622.78428308975	0.0	1894.9084124442732	53.77972423171939
331	57.394691758835364	17810.26710061921	1630.7891442886526	0.0	1896.9849678574142	57.394691758835364
332	52.76030197568597	17863.027402594904	1634.652594498033	0.0	1901.8017135132357	52.76030197568597
333	53.4550974576055	17916.4825000525	1641.616525609126	0.0	1905.4935111060836	53.4550974576055
334	56.56794794245556	17973.050447994952	1648.9027304406463	0.0	1908.30878093097	56.56794794245556
335	53.88621798151532	18026.93666597647	1652.1724287853212	0.0	1914.4245303214107	53.88621798151532
336	52.30512717689345	18079.241793153364	1655.895044069413	0.0	1920.9548452259457	52.30512717689345
337	51.30943465217311	18130.55122780554	1655.2277413867364	0.0	1925.947263154946	51.30943465217311
338	49.798550035808766	18180.34977784135	1655.6488105117785	0.0	1931.951090237749	49.798550035808766
339	51.79132326537593	18232.14110110672	1657.5603051070145	0.0	1938.047589539226	51.79132326537593
340	54.91936778117348	18287.060468887896	1664.0217019076674	0.0	1941.8908390338627	54.91936778117348
341	51.22195897300664	18338.282427860897	1665.5943906725515	0.0	1946.65326582094	51.22195897300664
342	51.78285493506466	18390.06528279596	1668.051611218767	0.0	1951.5043893751695	51.78285493506466
343	51.06363857970951	18441.12892137568	1671.2613374041573	0.0	1955.7984223541685	51.06363857970951
344	52.56868326951596	18493.697604645185	1675.6365803528931	0.0	1960.366440128741	52.56868326951596
345	52.08085944471613	18545.778464089915	1677.0555554815173	0.0	1965.1187358433278	52.08085944471613
346	56.363240331015234	18602.141704420927	1684.3803591930866	0.0	1968.7744649374745	56.363240331015234
347	55.0811448425936	18657.222849263515	1690.3532013982604	0.0	1975.210391211233	55.0811448425936
348	53.73921297031712	18710.962062233848	1693.8881363188098	0.0	1977.3156168896965	53.73921297031712
349	55.69346167956425	18766.6555239134	1702.3503082102027	0.0	1986.1101314564278	55.69346167956425
350	53.62335740458635	18820.278881317983	1707.5017900067955	0.0	1990.839743693132	53.62335740458635
351	58.92843267657242	18879.20731399456	1717.3932720800037	0.0	1995.0911113104803	58.92843267657242
352	54.08986399862612	18933.29717799318	1723.7001416995581	0.0	1999.0214285943446	54.08986399862612
353	55.32283028150352	18988.620008274687	1730.8907480406695	0.0	2003.7608111833792	55.32283028150352
354	54.59421692682113	19043.214225201507	1736.619393423974	0.0	2008.8505639514494	54.59421692682113
355	56.09604162886197	19099.310266830373	1744.7239915590042	0.0	2013.1913626215821	56.09604162886197
356	52.412237730168115	19151.722504560534	1747.463743853648	0.0	2019.6685606881877	52.412237730168115
357	54.6959071319005	19206.41841169244	1753.6002980256612	0.0	2024.757872756215	54.6959071319005
358	54.13114554169756	19260.54955723413	1754.04842228665	0.0	2028.3810062198725	54.13114554169756
359	59.869174374211234	19320.41873160834	1764.7800584719223	0.0	2040.133608615992	59.869174374211234
360	54.70418897359651	19375.122920581933	1773.2639010918238	0.0	2045.7384246508216	54.70418897359651
361	57.35175749943024	19432.474678081377	1783.4594854564552	0.0	2050.709122243633	57.35175749943024
362	54.107450632462225	19486.582128713835	1789.4664640945005	0.0	2055.245600907039	54.107450632462225
363	53.93048455654279	19540.51261327038	1793.1548768185487	0.0	2058.261803452215	53.93048455654279
364	51.28111374167826	19591.79372701207	1796.6220692145976	0.0	2063.427680418155	51.28111374167826
365	54.757595000588125	19646.551322012645	1800.949844543971	0.0	2072.673492078103	54.757595000588125
366	54.63970492836113	19701.191026941015	1805.2678184522886	0.0	2077.137357527463	54.63970492836113
367	49.94773037217747	19751.138757313198	1806.1438347809394	0.0	2080.8628778489056	49.94773037217747
368	51.79554676097941	19802.934304074162	1808.096265267164	0.0	2086.2864306836614	51.79554676097941
369	54.145283597346946	19857.07958767151	1813.748201003474	0.0	2090.9552359398613	54.145283597346946
370	54.70506902987213	19911.78465670138	1821.130516572928	0.0	2096.2961591481926	54.70506902987213
371	53.618060323134635	19965.402717024514	1824.2399003423875	0.0	2100.800392162736	53.618060323134635
372	53.294074832102424	20018.69679185662	1828.0341319126187	0.0	2103.22693800635	53.294074832102424
373	53.066845945233105	20071.763637801854	1831.839580241245	0.0	2106.8131373326437	53.066845945233105
374	51.841100695591415	20123.604738497444	1833.8370505966852	0.0	2113.0779643887263	51.841100695591415
375	53.538021609791855	20177.142760107232	1838.008746251677	0.0	2120.498301721333	53.538021609791855
376	54.769395194957184	20231.912155302194	1843.7342035074867	0.0	2125.872955914462	54.769395194957184
377	52.27957278406906	20284.19172808626	1847.43642868921	0.0	2135.0418650007264	52.27957278406906
378	54.12966320883097	20338.321391295103	1853.1991504331322	0.0	2138.48942421004	54.12966320883097
379	55.853759421991874	20394.175150717085	1859.5506109023852	0.0	2142.352671305787	55.853759421991874
380	52.14954940600724	20446.32470012309	1863.4105625681009	0.0	2147.2540951698925	52.14954940600724
381	49.568260146605354	20495.892960269703	1863.914446282737	0.0	2153.1000854793983	49.568260146605354
382	51.688930325091206	20547.58189059479	1866.3614547936916	0.0	2159.3890519878223	51.688930325091206
383	51.97796123334224	20599.559851828122	1870.856919029361	0.0	2166.615485268049	51.97796123334224
384	56.58578086920835	20656.145632697353	1876.6379005420488	0.0	2171.089259590771	56.58578086920835
385	53.10758440401822	20709.253217101355	1880.169288852275	0.0	2174.914632653951	53.10758440401822
386	53.81761750861082	20763.070834609964	1884.3932896084186	0.0	2178.9338313457515	53.81761750861082
387	53.919716596338446	20816.990551206316	1888.0305983272422	0.0	2186.738926666559	53.919716596338446
388	51.863775790696245	20868.854326997007	1890.0806865471206	0.0	2190.2835622448456	51.863775790696245
389	53.838014802191374	20922.6923417992	1893.9213956598626	0.0	2194.84692479799	53.838014802191374
390	51.26047118890483	20973.9528129881	1894.6515735550163	0.0	2200.5539592983946	51.26047118890483
391	51.58087600678011	21025.533688994878	1896.825832944109	0.0	2205.7387465734655	51.58087600678011
392	55.80137575016945	21081.335064745053	1904.5433910681825	0.0	2209.196833891516	55.80137575016945
393	54.434521321823716	21135.769586066875	1909.8068552306192	0.0	2219.287117894913	54.434521321823716
394	52.27989628723088	21188.049482354094	1911.2465357347783	0.0	2223.241546996792	52.27989628723088
395	55.271950311084105	21243.32143266518	1919.81300401279	0.0	2234.753398692688	55.271950311084105
396	50.18612335092484	21293.50755601612	1922.3163295638024	0.0	2240.39941372015	50.18612335092484
397	52.920295885035124	21346.427851901153	1927.8565417258703	0.0	2244.721912830051	52.920295885035124
398	55.12040626379042	21401.54825816493	1933.3578595848903	0.0	2248.896784394459	55.12040626379042
399	53.26778778675586	21454.816045951695	1936.7419859802906	0.0	2253.7966856667244	53.26778778675586
400	58.21870565811024	21513.0347516098	1945.3723756524644	0.0	2255.0751494109704	58.21870565811024
401	53.73588345735548	21566.770635067154	1949.8702853555546	0.0	2260.4847980690374	53.73588345735548
402	54.20036508300605	21620.971000150166	1955.1931646713876	0.0	2266.357745264741	54.20036508300605
403	48.21906551543166	21669.19006566559	1955.1375897613202	0.0	2271.20245705059	48.21906551543166
404	55.32252547037228	21724.512591135972	1961.9565169371958	0.0	2274.4087242856695	55.32252547037228
405	57.33842074149439	21781.851011877457	1971.7595745624824	0.0	2276.0975824980733	57.33842074149439
406	51.217810545097876	21833.068822422578	1974.9972050509334	0.0	2282.366676601796	51.217810545097876
407	57.43225031128425	21890.501072733845	1982.496858163617	0.0	2286.8805394865362	57.43225031128425
408	56.26645036655146	21946.767523100385	1991.8325371764804	0.0	2289.92193743025	56.26645036655146
409	54.41707293456479	22001.184596034953	1996.0102606290632	0.0	2293.418288469735	54.41707293456479
410	54.385664195411636	22055.57026023038	2002.9187164723055	0.0	2299.209203606023	54.385664195411636
411	54.69946282916293	22110.269723059537	2008.6664276119945	0.0	2307.4598968846326	54.69946282916293
412	51.39838976523279	22161.668112824776	2010.8251124196072	0.0	2313.4732965618296	51.39838976523279
413	52.297912609273006	22213.96602543405	2013.4753375768778	0.0	2318.0064760288255	52.297912609273006
414	54.304158059680766	22268.27018349373	2018.492941607013	0.0	2329.2809093642577	54.304158059680766
415	52.30512931830427	22320.57531281203	2021.1372899680782	0.0	2337.810171487805	52.30512931830427
416	51.43277361735942	22372.00808642939	2023.105835193636	0.0	2342.3035227185155	51.43277361735942
417	53.030286643885844	22425.03837307328	2024.3392822217045	0.0	2345.7912036233884	53.030286643885844
418	56.893922148773115	22481.932295222046	2031.0818823801244	0.0	2349.1686457368723	56.893922148773115
419	51.17033470380542	22533.10262992586	2032.8302781813586	0.0	2353.6403355557795	51.17033470380542
420	58.72194039430808	22591.824570320165	2043.391876597167	0.0	2357.8516045049664	58.72194039430808
421	58.32060652408326	22650.14517684425	2049.7488230706917	0.0	2360.5596527607754	58.32060652408326
422	53.39272195669289	22703.537898800936	2058.615203159489	0.0	2366.147781425534	53.39272195669289
423	53.209508458223425	22756.747407259165	2062.64361405235	0.0	2372.015132264709	53.209508458223425
424	51.582737435262395	22808.330144694428	2064.8051263414327	0.0	2378.7347911864035	51.582737435262395
425	58.760463471343726	22867.090608165767	2076.133176342648	0.0	2382.6742056406347	58.760463471343726
426	51.35383081898011	22918.44443898475	2080.7755052003918	0.0	2386.821447960015	51.35383081898011
427	52.218376344803346	22970.662815329546	2083.9262744851517	0.0	2393.044791993061	52.218376344803346
428	51.403261350306046	23022.066076679854	2087.2984747957457	0.0	2399.4585612423934	51.403261350306046
429	51.116768699231216	23073.182845379088	2089.6653027829175	0.0	2406.8023999485595	51.116768699231216
430	52.82166291657027	23126.004508295657	2093.9150726085627	0.0	2411.515069870216	52.82166291657027
431	52.47577273827893	23178.48028103394	2099.4697119199072	0.0	2418.008695820746	52.47577273827893
432	53.935079704027494	23232.41536073797	2107.9363055330455	0.0	2422.221816744467	53.935079704027494
433	52.65310499406768	23285.068465732034	2111.7948360328805	0.0	2426.6103213996616	52.65310499406768
434	54.4809809511742	23339.5494466832	2117.55339398382	0.0	2437.5144466158395	54.4809809511742
435	54.30110088158358	23393.850547564787	2124.131590473022	0.0	2442.8986994698607	54.30110088158358
436	56.54307557216592	23450.39362313696	2133.118809609303	0.0	2448.423625212443	56.54307557216592
437	50.51686458661866	23500.91048772357	2133.6114886964315	0.0	2452.6880804365082	50.51686458661866
438	50.76455095155129	23551.675038675123	2136.6937965133925	0.0	2457.7330900480597	50.76455095155129
439	55.432189909518314	23607.10722858465	2141.498967783216	0.0	2462.1406693204412	55.432189909518314
440	56.22418409957463	23663.331412684205	2149.2506182333555	0.0	2468.0356736854733	56.22418409957463
441	54.999612530085585	23718.331025214295	2153.9386495705194	0.0	2473.8904894564193	54.999612530085585
442	54.64047853312595	23772.971503747416	2159.3033746614387	0.0	2479.946308199561	54.64047853312595
443	53.056395171415645	23826.02789891884	2163.1228821857612	0.0	2485.3494735167137	53.056395171415645
444	55.90778813328207	23881.935687052122	2170.922554402246	0.0	2493.4729920789464	55.90778813328207
445	53.2099015065905	23935.145588558702	2174.212663007984	0.0	2499.030892642351	53.2099015065905
446	54.35195510851097	23989.497543667232	2175.330220225913	0.0	2504.906596678649	54.35195510851097
447	55.52829993561549	24045.025843602827	2183.328901399599	0.0	2509.112227207135	55.52829993561549
448	54.237334930722945	24099.26317853357	2189.1421872391493	0.0	2515.156102695588	54.237334930722945
449	52.108182922139186	24151.371361455716	2193.0339418970757	0.0	2521.8225662681543	52.108182922139186
450	50.38599932140522	24201.75736077711	2194.6752243744386	0.0	2529.8993851949945	50.38599932140522
451	51.68508037754697	24253.442441154668	2198.1354353561296	0.0	2535.5235719802163	51.68508037754697
452	52.179295495837394	24305.621736650493	2203.400771319834	0.0	2541.5324871299313	52.179295495837394
453	52.83752839680918	24358.459265047313	2208.7243381889375	0.0	2546.6222663855146	52.83752839680918
454	52.947686969852604	24411.40695201714	2214.1472066024266	0.0	2552.5230572337164	52.947686969852604
455	52.615436070684346	24464.02238808783	2218.5092734197615	0.0	2557.8022222366994	52.615436070684346
456	52.689796333331536	24516.71218442117	2223.7068854158993	0.0	2564.192660917304	52.689796333331536
457	53.71046645470615	24570.422650875873	2227.9456789605683	0.0	2569.2130459791942	53.71046645470615
458	54.40486274914523	24624.827513625016	2235.4284739850905	0.0	2573.3981737561035	54.40486274914523
459	53.291333947397405	24678.118847572412	2243.557885628525	0.0	2581.534089133001	53.291333947397405
460	53.99715681171201	24732.116004384137	2247.8162826085095	0.0	2586.2651073673765	53.99715681171201
461	54.526672842752525	24786.64267722687	2251.0637024817693	0.0	2593.4253516200447	54.526672842752525
462	51.51087963657074	24838.15355686345	2254.3139134850408	0.0	2599.7572633878203	51.51087963657074
463	55.25471682209199	24893.408273685545	2259.6968031587226	0.0	2605.9091658018706	55.25471682209199
464	49.84832726809116	24943.25660095364	2261.8004245449883	0.0	2611.118927384297	49.84832726809116
465	54.72688189050054	24997.98348284413	2269.6602215895787	0.0	2619.0682164647706	54.72688189050054
466	57.33342610781999	25055.316908951965	2278.4847608257405	0.0	2625.0276109274573	57.33342610781999
467	58.5969716265904	25113.91388057854	2287.162033385456	0.0	2631.613686602079	58.5969716265904
468	51.01197741479307	25164.92585799333	2290.471698732849	0.0	2637.7592712712385	51.01197741479307
469	50.92184506830491	25215.84770306165	2290.455300679829	0.0	2643.5891677961495	50.92184506830491
470	54.606985699428584	25270.454688761067	2294.8633638421506	0.0	2651.8590922723124	54.606985699428584
471	51.82566580884093	25322.280354569928	2298.720430778406	0.0	2656.3133132189823	51.82566580884093
472	52.18671133760872	25374.467065907535	2300.6009605728505	0.0	2660.944226745339	52.18671133760872
473	53.33293910799673	25427.800005015517	2306.500132041896	0.0	2667.434142590057	53.33293910799673
474	51.630564672645136	25479.43056968816	2310.0955758405075	0.0	2673.3753061288207	51.630564672645136
475	53.56833220814069	25532.99890189633	2315.536709959918	0.0	2682.606838272344	53.56833220814069
476	51.88110757621088	25584.88000947251	2318.5870819057627	0.0	2686.3976334122194	51.88110757621088
477	53.42849736287528	25638.30850683539	2324.279753749833	0.0	2693.4217499868114	53.42849736287528
478	52.341447998695024	25690.649954834087	2327.745929161041	0.0	2697.632758720234	52.341447998695024
479	54.91340001174008	25745.563354845835	2334.3357489622786	0.0	2702.6276437437436	54.91340001174008
480	51.51755678278889	25797.080911628622	2334.6066596279607	0.0	2707.5989496555267	51.51755678278889
481	53.84529121480568	25850.92620284342	2338.0252995043584	0.0	2713.9425339533564	53.84529121480568
482	50.760559308718086	25901.68676215214	2339.836136353056	0.0	2720.4025946078264	50.760559308718086
483	52.061605963075955	25953.748368115215	2342.2429196744465	0.0	2726.27379790056	52.061605963075955
484	53.24252244181288	26006.99089055704	2348.598142352087	0.0	2731.3490741437013	53.24252244181288
485	52.955902852330425	26059.946793409348	2353.7713653236174	0.0	2735.0759560908227	52.955902852330425
486	52.61550554604413	26112.562298955396	2357.3671294311985	0.0	2740.193338056053	52.61550554604413
487	54.36717037586017	26166.929469331266	2360.9652464150026	0.0	2743.852133252307	54.36717037586017
488	50.97652059640985	26217.905989927676	2362.9795724319374	0.0	2749.6687523145333	50.97652059640985
489	52.673924683582044	26270.579914611262	2365.2337424905786	0.0	2753.797975069736	52.673924683582044
490	51.08552195900197	26321.665436570252	2365.343995263455	0.0	2758.9045367093463	51.08552195900197
491	53.81988813192711	26375.485324702193	2368.333917363436	0.0	2765.0409508320176	53.81988813192711
492	55.52769570287338	26431.01302040505	2376.001842435133	0.0	2769.5529553825886	55.52769570287338
493	52.92399342326714	26483.93701382833	2377.465808157935	0.0	2773.9216493599542	52.92399342326714
494	54.6986089860516	26538.635622814367	2384.2717366579614	0.0	2783.3361120747322	54.6986089860516
495	51.15400673192604	26589.789629546307	2387.248660933938	0.0	2788.7369210215893	51.15400673192604
496	50.57487280628926	26640.364502352582	2389.5700961786006	0.0	2794.4291796058646	50.57487280628926
497	50.590400529758384	26690.95490288235	2391.152575272367	0.0	2798.400658550788	50.590400529758384
498	51.454403977512804	26742.409306859867	2393.6001108970268	0.0	2803.8243098304456	51.454403977512804
499	52.31629209284249	26794.72559895269	2396.9948806648454	0.0	2812.941231824525	52.31629209284249
500	59.64194503817091	26854.36754399087	2407.9247450994644	0.0	2816.2031061255216	59.64194503817091
501	55.80445444698225	26910.171998437865	2415.8432844089793	0.0	2820.2848025576145	55.80445444698225
502	54.97643176995904	26965.148430207824	2415.8432844089793	0.0	2825.3255625909337	54.97643176995904
