task	reward	total_reward	total_regret	relative	total_reward_dev	joules
0	71.46165350098988	71.46165350098988	1.1119727483444004	0.0	6.768958086251878	71.46165350098988
1	71.95078460096714	143.41243810195695	2.79379096153011	0.0	10.474590916096092	71.95078460096714
2	70.55212582728444	213.96456392924142	2.3094481068366783	0.0	12.290535679415	70.55212582728444
3	72.15741183609893	286.12197576534027	4.0621827318458505	0.0	13.853613709346597	72.15741183609893
4	71.42320334805889	357.5451791133993	4.0913401754626175	0.0	15.887080023957312	71.42320334805889
5	70.17824138830015	427.72342050169954	2.739962352848516	0.0	18.166644951023734	70.17824138830015
6	72.25019345513324	499.9736139568327	3.1690729848498216	0.0	20.16092038904311	72.25019345513324
7	71.23220193424567	571.2058158910781	2.9130171276746784	0.0	22.1184439112387	71.23220193424567
8	70.75088387172359	641.9566997628018	1.374826054801265	0.0	23.364526807166005	70.75088387172359
9	72.89430050858317	714.851000271385	3.416428157530265	0.0	23.145512672213567	72.89430050858317
10	69.91111081832273	784.7621110897074	2.0802301880812477	0.0	24.559542994786483	69.91111081832273
11	70.72885806121666	855.4909691509243	2.7900560401656924	0.0	25.92419484633856	70.72885806121666
12	71.68679587480487	927.1777650257296	2.3998328434142047	0.0	27.257539991206244	71.68679587480487
13	70.42541302175279	997.6031780474818	2.3860412280598915	0.0	28.74026114266033	70.42541302175279
14	70.44870708854876	1068.0518851360312	1.7361197279064902	0.0	28.868503577501777	70.44870708854876
15	71.66442337277653	1139.716308508807	2.012017892790766	0.0	30.9693944237777	71.66442337277653
16	71.56849854852945	1211.2848070573375	2.8736310265220255	0.0	32.29619968993196	71.56849854852945
17	70.48989782494081	1281.7747048822773	2.7314991983944354	0.0	33.57952383748653	70.48989782494081
18	72.27041909952355	1354.0451239818012	3.2155683756806344	0.0	32.713404593883965	72.27041909952355
19	71.54198138477041	1425.587105366571	3.3458527386792296	0.0	33.979764405078534	71.54198138477041
20	73.347750488619	1498.9348558551903	5.991928094137881	0.0	34.653317209120715	73.347750488619
21	69.5706340769904	1568.5054899321808	4.62982802699662	0.0	35.08853027627737	69.5706340769904
22	71.28741911397844	1639.7929090461594	4.3831505371508435	0.0	35.842345561806006	71.28741911397844
23	72.25372477222649	1712.0466338183855	4.912154083102203	0.0	36.28744363915847	72.25372477222649
24	69.86746817395911	1781.914101992345	4.232068544215513	0.0	37.72520383316524	69.86746817395911
25	71.72712563182647	1853.6412276241715	6.498145578780522	0.0	39.23676450358527	71.72712563182647
26	71.58641170899635	1925.2276393331676	4.437611664479053	0.0	39.469425451477896	71.58641170899635
27	71.38217717475	1996.609816507918	2.4716286697776852	0.0	40.743954382833806	71.38217717475
28	70.48842560281223	2067.09824211073	0.964511365820515	0.0	40.221769291752736	70.48842560281223
29	70.23582218635889	2137.3340642970893	-0.7606743544362962	0.0	41.01100671153921	70.23582218635889
30	71.84440016743434	2209.178464464523	0.33876168426781533	0.0	43.06875529710563	71.84440016743434
31	71.0957342065389	2280.2741986710625	1.9405463371353426	0.0	44.326271762753564	71.0957342065389
32	71.02939137324114	2351.3035900443037	1.4518774089299404	0.0	45.26075298445459	71.02939137324114
33	72.20896504273142	2423.5125550870357	2.4171813751630635	0.0	45.04831268746033	72.20896504273142
34	71.84390638205295	2495.356461469088	3.5759195718261934	0.0	45.22129451652059	71.84390638205295
35	71.25436713912221	2566.6108286082094	2.6360518783861426	0.0	47.91648037221397	71.25436713912221
36	71.12150201853954	2637.73233062675	2.99628746053148	0.0	48.874484342236194	71.12150201853954
37	70.8068398827443	2708.539170509495	2.95649795111819	0.0	49.180894407550824	70.8068398827443
38	71.54523994845644	2780.084410457951	5.200213013128705	0.0	49.57022291114003	71.54523994845644
39	70.83765158293295	2850.922062040882	6.121635560968429	0.0	50.227829937602934	70.83765158293295
40	73.47816256765374	2924.4002246085383	6.662969750250904	0.0	50.92921547616055	73.47816256765374
41	72.45853808726648	2996.8587626958033	7.844735633352738	0.0	51.168268854307826	72.45853808726648
42	71.59557976566788	3068.4543424614735	9.037481401721301	0.0	52.138655042295085	71.59557976566788
43	71.27948482764218	3139.7338272891147	9.222819635763331	0.0	53.46859492815486	71.27948482764218
44	70.93182072024831	3210.665648009362	8.845965456548806	0.0	53.713565642908954	70.93182072024831
45	71.33405569007218	3281.9997036994355	9.27615681086445	0.0	53.62518304117282	71.33405569007218
46	71.62348372096594	3353.623187420399	9.531837769074619	0.0	54.11361145985052	71.62348372096594
47	69.98438814135038	3423.607575561748	7.919985608187954	0.0	54.00470085542905	69.98438814135038
48	70.34297574637843	3493.9505513081294	7.439634663770699	0.0	55.32613696390953	70.34297574637843
49	71.01031878172044	3564.9608700898493	8.610741169873062	0.0	55.92269119229053	71.01031878172044
50	71.01621339678155	3635.9770834866304	8.636880453694108	0.0	57.14080085842373	71.01621339678155
51	71.8494198011096	3707.8265032877384	8.74697620397833	0.0	57.12851216240172	71.8494198011096
52	70.58261442871347	3778.4091177164537	8.04832763968639	0.0	58.42156028804971	70.58261442871347
53	73.14758714472889	3851.5567048611833	9.42741934319701	0.0	59.04401915367057	73.14758714472889
54	72.60005601504444	3924.1567608762293	9.508474983787105	0.0	58.82487603472301	72.60005601504444
55	69.76940162579977	3993.926162502028	9.027565249709664	0.0	58.90117026132999	69.76940162579977
56	70.6844443955236	4064.610606897549	8.377994798782774	0.0	59.37983551617079	70.6844443955236
57	71.05722575321084	4135.667832650763	7.423162535047932	0.0	60.59774010084465	71.05722575321084
58	70.54191713088052	4206.209749781644	6.760065644084639	0.0	62.282886889671666	70.54191713088052
59	71.66839549674059	4277.878145278384	7.869620676309933	0.0	62.515291206319006	71.66839549674059
60	71.50290370971476	4349.381048988098	8.179448671552946	0.0	64.24044834845502	71.50290370971476
61	69.49362326163131	4418.87467224973	5.889969031513274	0.0	64.34307050903801	69.49362326163131
62	71.0119777613094	4489.886650011038	6.6438805841603426	0.0	64.33620951786409	71.0119777613094
63	70.81464057204911	4560.701290583087	6.312872323247221	0.0	65.5251471690709	70.81464057204911
64	70.58297117428356	4631.284261757371	4.839595274993844	0.0	65.66875516160773	70.58297117428356
65	72.10119509896373	4703.385456856334	5.5973854621906325	0.0	66.17535390543833	72.10119509896373
66	71.25097883431353	4774.636435690648	5.589935960643807	0.0	66.58141202139956	71.25097883431353
67	71.41985541206	4846.0562911027055	6.253652610847548	0.0	66.72454718337187	71.41985541206
68	71.12802564263131	4917.184316745339	7.382474761948133	0.0	68.81839821422086	71.12802564263131
69	71.83199378041336	4989.0163105257525	9.369762423047915	0.0	70.52952522903335	71.83199378041336
70	71.15279091646138	5060.169101442216	9.888082296799258	0.0	71.69882635314602	71.15279091646138
71	71.44261594586902	5131.611717388083	11.196158521934485	0.0	72.02192725607844	71.44261594586902
72	70.43924302368711	5202.050960411772	12.68038948949109	0.0	72.23373967636947	70.43924302368711
73	71.17083585869376	5273.221796270463	11.311551664854369	0.0	73.33329545444886	71.17083585869376
74	68.49663406073128	5341.718430331197	8.109120424776783	0.0	74.5936427581147	68.49663406073128
75	70.02285439768738	5411.741284728882	7.823838593736564	0.0	73.11094676847983	70.02285439768738
76	72.7127512281913	5484.454035957074	9.12546868322017	0.0	73.23180862374244	72.7127512281913
77	71.24727351250459	5555.701309469576	10.707848400805378	0.0	73.11691844151235	71.24727351250459
78	70.0372552590944	5625.738564728673	10.076868977775593	0.0	72.91572763064077	70.0372552590944
79	70.3767511688819	5696.115315897553	8.794206091816804	0.0	73.67515007839197	70.3767511688819
80	70.65122404689349	5766.766539944449	8.713029948133398	0.0	73.31631486331977	70.65122404689349
81	72.56681860921385	5839.333358553661	9.616957698452488	0.0	73.66842102815426	72.56681860921385
82	71.51525220924312	5910.848610762906	10.816730002321256	0.0	73.51050713443881	71.51525220924312
83	70.63054946752341	5981.479160230429	8.84495288709737	0.0	74.40149420399374	70.63054946752341
84	70.56411169855248	6052.043271928978	9.57865506139904	0.0	74.48872292863955	70.56411169855248
85	70.86048116977179	6122.903753098756	10.08184000539045	0.0	75.18199753394279	70.86048116977179
86	70.50640258392993	6193.410155682686	9.73280427075937	0.0	74.4173871028653	70.50640258392993
87	70.56321203638214	6263.973367719066	10.342223207741164	0.0	75.77744636183537	70.56321203638214
88	70.21453067726068	6334.187898396326	9.277028048230614	0.0	76.5339836469052	70.21453067726068
89	71.02143748021946	6405.209335876545	8.310069630448552	0.0	76.39933186093803	71.02143748021946
90	70.27989990734056	6475.489235783885	7.013442073970027	0.0	77.20259508131194	70.27989990734056
91	71.0264877790886	6546.515723562973	6.912644776798052	0.0	76.51372155172544	71.0264877790886
92	71.06756915117191	6617.583292714145	6.35675444629348	0.0	76.12340264595795	71.06756915117191
93	71.54973236945483	6689.133025083599	7.669054256535174	0.0	76.33585005969574	71.54973236945483
94	70.7846300033796	6759.917655086984	6.945597058413705	0.0	75.3928454128479	70.7846300033796
95	71.78547020657955	6831.703125293561	7.2941290536975245	0.0	75.34691588503664	71.78547020657955
96	69.66219044180298	6901.365315735362	4.890178762821888	0.0	76.94805813444073	69.66219044180298
97	71.22442087388391	6972.589736609245	4.796222019387869	0.0	76.04612675184767	71.22442087388391
98	69.72624700351065	7042.315983612754	4.060488265789044	0.0	76.25971138135583	69.72624700351065
99	70.75414110280715	7113.070124715569	3.9067500524880963	0.0	76.83723069977647	70.75414110280715
100	69.22541763981798	7182.295542355381	2.279153494147549	0.0	75.93638939484877	69.22541763981798
101	70.49667478513722	7252.792217140523	1.1933512844746748	0.0	76.15214960329293	70.49667478513722
102	71.58917650003025	7324.381393640549	1.6086583328751112	0.0	76.66037554354784	71.58917650003025
103	69.81107003317749	7394.192463673726	-0.8632884497433679	0.0	77.4915062750961	69.81107003317749
104	71.52537065514933	7465.717834328878	-1.5880836711546544	0.0	78.34504781712761	71.52537065514933
105	71.64067256271747	7537.358506891593	-1.2963612066231418	0.0	78.99609726389119	71.64067256271747
106	71.68873932693988	7609.047246218531	-0.2298251987940057	0.0	79.21975779252348	71.68873932693988
107	72.08120723185424	7681.12845345039	1.4781198558660527	0.0	79.4878404700608	72.08120723185424
108	71.52806399502869	7752.656517445417	1.4356120836742503	0.0	80.99177592814786	71.52806399502869
109	71.74320110681448	7824.399718552233	1.6772793538901716	0.0	81.81391414033057	71.74320110681448
110	72.0222177480629	7896.421936300291	3.837786911814992	0.0	82.78229753666703	72.0222177480629
111	70.919192060095	7967.341128360387	3.923249541620153	0.0	82.57357830715662	70.919192060095
112	70.64332552957201	8037.984453889964	4.8868501106718485	0.0	82.78459651688716	70.64332552957201
113	71.44466045306267	8109.429114343025	5.282849943355404	0.0	83.56096385538275	71.44466045306267
114	71.94047582428408	8181.369590167309	5.883074687356402	0.0	83.43583848065487	71.94047582428408
115	70.74715786687196	8252.116748034183	5.747974691627124	0.0	82.96391509908071	70.74715786687196
116	71.66887758855172	8323.785625622731	5.597902973493701	0.0	82.9017444325281	71.66887758855172
117	71.62225808133536	8395.407883704069	6.241462768473238	0.0	82.78310114771088	71.62225808133536
118	71.25380406033022	8466.6616877644	5.426367544302284	0.0	82.14985526307986	71.25380406033022
119	70.76875391653833	8537.430441680935	5.352224489248329	0.0	82.11924534530526	70.76875391653833
120	70.26742825490906	8607.697869935844	4.121202727187556	0.0	82.57229220457361	70.26742825490906
121	71.24205760695443	8678.939927542799	4.272596348263814	0.0	83.21237022791297	71.24205760695443
122	71.28689275208026	8750.22682029488	4.663543507422328	0.0	83.82370716372625	71.28689275208026
123	70.33968492427239	8820.56650521915	2.5679592444605803	0.0	84.24251821020972	70.33968492427239
124	71.96219535484238	8892.528700573996	3.389916930926156	0.0	84.3786072830463	71.96219535484238
125	71.85558170474867	8964.384282278743	3.445607080063419	0.0	84.20013185756397	71.85558170474867
126	70.6547707088331	9035.039052987575	3.5147069737998207	0.0	81.89979505632235	70.6547707088331
127	70.24008954261703	9105.279142530197	3.363464846993702	0.0	81.02033423470097	70.24008954261703
128	70.64261282524829	9175.921755355443	2.4976273768722965	0.0	82.32378186298774	70.64261282524829
129	70.6627717871945	9246.584527142639	1.7095603508781823	0.0	82.97956864257462	70.6627717871945
130	69.6414065313222	9316.22593367396	0.22610328967775786	0.0	83.51467128426698	69.6414065313222
131	72.43280893404597	9388.658742608	2.024113017079435	0.0	83.84650245376002	72.43280893404597
132	71.63473009497396	9460.293472702982	3.9291698943325173	0.0	82.9800393174548	71.63473009497396
133	71.21139994365352	9531.504872646634	4.9542336224528665	0.0	82.85452749162896	71.21139994365352
134	72.02349086899662	9603.528363515628	6.409346283408613	0.0	85.44916948293256	72.02349086899662
135	71.00207366883818	9674.530437184465	6.430651089509284	0.0	86.50107715899856	71.00207366883818
136	70.04678316929324	9744.57722035376	4.328482059481121	0.0	86.71961518626729	70.04678316929324
137	70.93577563737219	9815.512995991134	4.897918607687497	0.0	87.49494495213806	70.93577563737219
138	70.06518194751007	9885.57817793864	3.083355218119905	0.0	88.06321914767591	70.06518194751007
139	70.66647670137517	9956.244654640022	1.486948192922664	0.0	87.9104229907001	70.66647670137517
140	71.53979780019938	10027.784452440219	1.4739089105426502	0.0	87.2826698409654	71.53979780019938
141	70.79315314796527	10098.577605588185	2.3427403293795397	0.0	87.42523063187116	70.79315314796527
142	70.43741420802107	10169.015019796201	2.239661136069535	0.0	87.17173761377333	70.43741420802107
143	71.60014834579034	10240.615168141992	2.087786958147335	0.0	87.06316418573871	71.60014834579034
144	71.44537459798727	10312.06054273998	2.666689043346614	0.0	87.19574192879459	71.44537459798727
145	71.46382542261584	10383.524368162593	3.6177784156666895	0.0	87.46940222048627	71.46382542261584
146	71.23733375666363	10454.761701919262	4.061717289982535	0.0	86.67273616313702	71.23733375666363
147	70.64350972988433	10525.405211649144	3.556259039126053	0.0	86.9320628952362	70.64350972988433
148	70.46668056017384	10595.871892209318	3.853345132773793	0.0	88.7059238566268	70.46668056017384
149	72.91308548675076	10668.784977696068	6.4159541511037785	0.0	89.49451483541178	72.91308548675076
150	70.74659895958294	10739.531576655654	6.130476728308604	0.0	90.39710349229368	70.74659895958294
151	71.02567019072185	10810.557246846372	6.896912383002691	0.0	90.03026037638477	71.02567019072185
152	71.17157418322063	10881.728821029596	6.693214031455882	0.0	91.50223917765824	71.17157418322063
153	71.53740599232442	10953.266227021923	6.506305653231684	0.0	91.55997571676939	71.53740599232442
154	70.12089628316829	11023.387123305087	5.879387188498677	0.0	91.61427248600286	70.12089628316829
155	70.96826533783157	11094.355388642924	5.882172867468671	0.0	93.09497814940416	70.96826533783157
156	71.79183562443403	11166.147224267354	6.594017051411684	0.0	94.36700460682255	71.79183562443403
157	70.88972998803533	11237.036954255385	5.086752910494451	0.0	95.06223485041319	70.88972998803533
158	69.64233853553739	11306.679292790926	4.381942604109408	0.0	95.67430080371338	69.64233853553739
159	71.5791643233573	11378.258457114282	4.403640040588216	0.0	94.74136756698941	71.5791643233573
160	71.6492994077885	11449.907756522067	5.2075916782897	0.0	94.50827680180853	71.6492994077885
161	69.37970371746859	11519.28746023954	2.9060794109366905	0.0	94.39736097956042	69.37970371746859
162	72.59329448482598	11591.880754724369	4.803108790706465	0.0	95.37463445853402	72.59329448482598
163	71.09329101359722	11662.974045737963	4.24207220862856	0.0	94.9648966777259	71.09329101359722
164	70.8531648699065	11733.827210607864	5.080767696845214	0.0	96.04118251673596	70.8531648699065
165	71.01177816659617	11804.83898877447	4.898710396927381	0.0	95.44005257202501	71.01177816659617
166	71.32715292345125	11876.166141697915	5.340497711971002	0.0	94.49813912494088	71.32715292345125
167	70.8332229655666	11946.999364663476	4.8075834344903345	0.0	94.73391252087809	70.8332229655666
168	69.85349612781948	12016.852860791303	3.4266267290492034	0.0	94.81032260075649	69.85349612781948
169	72.69537733708793	12089.548238128387	4.596280614352217	0.0	93.82508605846752	72.69537733708793
170	71.00343411371861	12160.55167224211	3.3157353269895613	0.0	93.30900359290511	71.00343411371861
171	71.52066182745061	12232.072334069557	2.434028181969843	0.0	93.87214868718831	71.52066182745061
172	71.85772605464676	12303.930060124208	2.713815812748089	0.0	93.14995494039145	71.85772605464676
173	71.11835473247396	12375.048414856685	3.9467006258428046	0.0	93.10001857658979	71.11835473247396
174	70.08004471682959	12445.128459573512	4.5531609440014105	0.0	92.34901364535891	70.08004471682959
175	71.45191556555521	12516.58037513907	4.700326701074209	0.0	92.74385775225345	71.45191556555521
176	69.5558604905265	12586.136235629592	2.735583640955574	0.0	93.10715144227915	69.5558604905265
177	71.56486238225644	12657.701098011848	2.624124915485772	0.0	92.81959947516073	71.56486238225644
178	71.25667068871049	12728.957768700562	2.4223302394734674	0.0	92.09225147533809	71.25667068871049
179	71.07964012896915	12800.037408829528	2.4580139704159047	0.0	92.7553010122355	71.07964012896915
180	71.96890393999315	12872.006312769523	3.949715861781333	0.0	92.69861448397526	71.96890393999315
181	71.59414345750776	12943.60045622703	5.359399828719652	0.0	93.23395237833063	71.59414345750776
182	71.93606117119036	13015.536517398223	7.042761884069169	0.0	94.05990266842053	71.93606117119036
183	72.89647938714079	13088.43299678536	8.403714108390341	0.0	94.67828453915094	72.89647938714079
184	71.7585249654065	13160.191521750765	9.10403830968873	0.0	93.67654287023132	71.7585249654065
185	70.32454471243902	13230.516066463208	8.57518761811596	0.0	94.39489312582786	70.32454471243902
186	72.42084612563436	13302.93691258885	11.443845511700474	0.0	94.76705294348481	72.42084612563436
187	70.52029144148258	13373.457204030321	9.533827156683273	0.0	94.0090071321898	70.52029144148258
188	71.48811212578613	13444.945316156107	9.959111050187913	0.0	93.71402424251475	71.48811212578613
189	73.27964428385967	13518.224960439966	13.234711500223657	0.0	94.41969784213059	73.27964428385967
190	71.17021908381317	13589.395179523779	13.6650388073674	0.0	94.73903467141311	71.17021908381317
191	70.8392864865496	13660.234466010332	13.612610140373818	0.0	94.60189202421374	70.8392864865496
192	71.25756163850588	13731.49202764884	13.9202042471606	0.0	94.68687843769592	71.25756163850588
193	71.95882633482141	13803.45085398366	15.448419524356831	0.0	94.70721247826403	71.95882633482141
194	69.21143470003797	13872.6622886837	12.615538345036693	0.0	95.48173624725314	69.21143470003797
195	71.83758975894634	13944.49987844265	12.562121546336238	0.0	95.37971524083177	71.83758975894634
196	71.58708960306507	14016.086968045709	13.756339444145123	0.0	96.13287073082685	71.58708960306507
197	71.14378393931341	14087.230751985011	13.892779484087477	0.0	97.78051923701247	71.14378393931341
198	71.21327697515005	14158.44402896017	14.703525385694702	0.0	97.87382347908336	71.21327697515005
199	72.35976447440811	14230.803793434578	16.761274644501192	0.0	99.13262898377994	72.35976447440811
200	71.33191117062981	14302.135704605216	16.641053963697868	0.0	101.13173035682385	71.33191117062981
201	71.06953833163037	14373.205242936834	17.91981433256522	0.0	101.23163670499511	71.06953833163037
202	72.29984674167316	14445.505089678509	19.636103007458786	0.0	101.34112334687036	72.29984674167316
203	71.76384094034704	14517.268930618853	19.337216767653608	0.0	101.18633661947166	71.76384094034704
204	71.10641719208834	14588.37534781095	19.29684346586804	0.0	101.69988971866236	71.10641719208834
205	72.87091405868831	14661.246261869634	20.274089282608255	0.0	100.39786939358899	72.87091405868831
206	71.84644339582144	14733.092705265459	21.000709496969503	0.0	100.48667789666769	71.84644339582144
207	71.10551035772316	14804.19821562318	19.988451477507553	0.0	101.5557720949575	71.10551035772316
208	71.582822921178	14875.781038544359	20.19371143134731	0.0	102.00619518201793	71.582822921178
209	70.22955738567666	14946.010595930044	19.84359023950985	0.0	101.58015082215783	70.22955738567666
210	70.67807012886149	15016.688666058903	18.625470670715348	0.0	102.41537946625304	70.67807012886149
211	69.63931885732762	15086.327984916226	17.753302833572562	0.0	102.59427444625673	69.63931885732762
212	71.84797673435615	15158.175961650577	19.98534418015437	0.0	104.07048544548051	71.84797673435615
213	70.62861328836271	15228.804574938938	19.99645628847673	0.0	104.17863213839836	70.62861328836271
214	71.1183394942289	15299.922914433177	19.80809800206607	0.0	104.95863793396454	71.1183394942289
215	70.89830761740255	15370.821222050567	19.90176966656165	0.0	104.32863370062445	70.89830761740255
216	70.62473822403608	15441.445960274612	19.61703425992062	0.0	105.05158397095617	70.62473822403608
217	71.21259776424272	15512.658558038855	19.865462219103176	0.0	105.10237650168885	71.21259776424272
218	70.31238788331271	15582.97094592217	19.17269166625125	0.0	105.44333661933582	70.31238788331271
219	71.24482303694793	15654.215768959119	18.61214453061333	0.0	107.26534978146884	71.24482303694793
220	70.30867320115047	15724.524442160267	18.265891103699104	0.0	107.18474385459962	70.30867320115047
221	71.54507941154613	15796.069521571815	18.537340018096366	0.0	107.2304915819513	71.54507941154613
222	69.95778978828696	15866.027311360098	16.961635271575723	0.0	106.56120675799433	69.95778978828696
223	69.59239067336948	15935.619702033471	16.606763236232453	0.0	106.15393227374946	69.59239067336948
224	71.55573106301021	16007.175433096478	16.77884693655473	0.0	106.95976538055588	71.55573106301021
225	70.48719746497804	16077.662630561448	15.73633214264546	0.0	108.14057228447446	70.48719746497804
226	70.82488436010709	16148.487514921557	14.565552291449984	0.0	109.18825003949217	70.82488436010709
227	70.64170717358897	16219.129222095147	14.35476159279924	0.0	109.79029672110578	70.64170717358897
228	71.44465678021605	16290.573878875366	14.670085516637373	0.0	110.15495151362374	71.44465678021605
229	71.55156714248686	16362.125446017859	15.289183741517482	0.0	110.26088738270839	71.55156714248686
230	71.16878587036267	16433.294231888212	14.636905550334886	0.0	109.73279427677109	71.16878587036267
231	71.17209983311476	16504.466331721327	15.32254547753153	0.0	110.22958732808351	71.17209983311476
232	70.40897171088254	16574.87530343221	15.35922012214367	0.0	110.98080366670007	70.40897171088254
233	72.04006163409862	16646.91536506631	16.201045543447254	0.0	112.13860375281511	72.04006163409862
234	71.37101139325418	16718.286376459568	17.313226119378633	0.0	112.20671048907626	71.37101139325418
235	72.93140243454678	16791.217778894123	19.6868157017454	0.0	112.74303456521544	72.93140243454678
236	69.91238613273045	16861.130165026843	18.928313032992957	0.0	112.18871582552892	69.91238613273045
237	70.87285397364204	16932.00301900049	19.03783437049191	0.0	111.87742961469198	70.87285397364204
238	71.3654814805547	17003.36850048104	18.046528351138548	0.0	112.5353166417096	71.3654814805547
239	71.67438411329601	17075.04288459434	18.039394969837776	0.0	113.67095964842889	71.67438411329601
240	71.59265980651244	17146.63554440084	18.7249550845235	0.0	112.80850106447139	71.59265980651244
241	70.97546382534942	17217.6110082262	18.435947185850782	0.0	114.03110744649254	70.97546382534942
242	72.6844787333726	17290.295486959578	21.87993842667991	0.0	114.67358840842765	72.6844787333726
243	71.55321179739549	17361.848698756978	22.53640858342158	0.0	115.65565404542335	71.55321179739549
244	69.50764601116397	17431.356344768126	21.402579025833184	0.0	114.5498923178575	69.50764601116397
245	70.81320503179853	17502.169549799928	20.685745107527946	0.0	114.68974695385353	70.81320503179853
246	72.20019432041128	17574.369744120337	23.171226331279467	0.0	115.2877100815537	72.20019432041128
247	71.12406868456684	17645.493812804914	22.876596943928124	0.0	114.6884383861995	71.12406868456684
248	72.00635411129873	17717.50016691621	23.966518790978952	0.0	114.88439630616111	72.00635411129873
249	71.57989301848166	17789.080059934684	24.263879655049678	0.0	113.97527585485592	71.57989301848166
250	71.68469216541118	17860.764752100105	24.089083626945577	0.0	114.20633435112056	71.68469216541118
251	72.74228525065757	17933.50703735076	24.852726646026312	0.0	114.13731563139363	72.74228525065757
252	70.47571032840955	18003.982747679172	24.77659674535549	0.0	114.4872873443409	70.47571032840955
253	70.73061048511875	18074.71335816429	23.1411378688693	0.0	115.09300757254078	70.73061048511875
254	70.32414276700781	18145.03750093129	23.044832734584343	0.0	116.32367024433272	70.32414276700781
255	71.55375545712991	18216.59125638842	23.002286753613518	0.0	117.20231764155531	71.55375545712991
256	70.39816774308255	18286.989424131505	22.957751196606225	0.0	118.85585545512208	70.39816774308255
257	71.54982299445201	18358.53924712596	24.031306101500668	0.0	119.70228168659949	71.54982299445201
258	71.1121840118278	18429.65143113779	23.925325056805267	0.0	118.83402432851621	71.1121840118278
259	71.37284156155204	18501.024272699335	24.312949253660918	0.0	118.84246674930311	71.37284156155204
260	71.92091518850782	18572.945187887843	25.283678323281347	0.0	118.29990488727246	71.92091518850782
261	71.86958862317333	18644.814776511023	26.148548409507093	0.0	118.35491264189268	71.86958862317333
262	70.43754165320915	18715.25231816422	26.657952599457893	0.0	118.37577634442802	70.43754165320915
263	70.45642606673171	18785.70874423096	25.934779023585943	0.0	117.18185241925224	70.45642606673171
264	70.94824918148919	18856.656993412456	25.435965620271237	0.0	118.82761264502317	70.94824918148919
265	71.15109084619334	18927.808084258642	25.77395953805386	0.0	118.62423813943762	71.15109084619334
266	70.27332834947795	18998.08141260811	25.274377291235687	0.0	118.20173153620954	70.27332834947795
267	72.3191880110947	19070.400600619207	26.746818757034962	0.0	117.21858493436558	72.3191880110947
268	71.37253642521956	19141.773137044434	26.57038242075574	0.0	118.58528349882107	71.37253642521956
269	71.84708606332471	19213.620223107762	27.84972558096335	0.0	119.63364872066435	71.84708606332471
270	69.796466133038	19283.416689240807	27.21598253293374	0.0	119.7243486880883	69.796466133038
271	70.60272131753743	19354.01941055832	27.046200794538674	0.0	121.09252970375552	70.60272131753743
272	71.03217278591563	19425.051583344262	26.21444200690381	0.0	122.19811418237194	71.03217278591563
273	70.44847969192148	19495.500063036176	26.41502658572754	0.0	121.61188038681138	70.44847969192148
274	70.29784113253208	19565.797904168692	26.407536774015934	0.0	120.69314860723338	70.29784113253208
275	70.56009507167714	19636.357999240387	26.353614071862175	0.0	121.00299730942048	70.56009507167714
276	70.45067143151024	19706.80867067189	26.265702028352063	0.0	120.70742109860484	70.45067143151024
277	70.9109593123947	19777.719629984287	26.614835646537685	0.0	121.45474606644088	70.9109593123947
278	71.20189978037133	19848.92152976465	27.10472296026368	0.0	121.44240414426055	71.20189978037133
279	70.46781975150958	19919.389349516172	27.04235140430319	0.0	121.27021775884158	70.46781975150958
280	71.22271023057989	19990.61205974674	27.548573533244706	0.0	121.5894712912185	71.22271023057989
281	71.14586567875193	20061.757925425496	27.478155571375247	0.0	121.46195901069751	71.14586567875193
282	71.45137882405729	20133.209304249543	27.157211068397338	0.0	121.26750989611433	71.45137882405729
283	70.68890931306359	20203.898213562617	27.24091244927131	0.0	120.36866930836037	70.68890931306359
284	70.82721551270953	20274.725429075326	27.18046261313946	0.0	120.12193370260898	70.82721551270953
285	70.97272726989203	20345.698156345206	28.008371450641206	0.0	120.60373601020761	70.97272726989203
286	71.42676879583841	20417.12492514106	27.57163699269211	0.0	121.61428476127348	71.42676879583841
287	70.8155656397631	20487.940490780824	28.800137340004113	0.0	121.01237916294332	70.8155656397631
288	70.73351901573875	20558.67400979656	27.761828498282412	0.0	121.94932372763179	70.73351901573875
289	71.54917852308876	20630.223188319647	27.411481469247448	0.0	122.99846180792065	71.54917852308876
290	71.09520684203692	20701.318395161692	26.159605756274033	0.0	123.19669552602672	71.09520684203692
291	69.85903645351817	20771.177431615197	24.981272052774294	0.0	124.05653822815577	69.85903645351817
292	72.16858434889603	20843.346015964096	24.734042120284503	0.0	123.90032160024788	72.16858434889603
293	71.23623654513764	20914.58225250924	25.978408982802065	0.0	123.879615266427	71.23623654513764
294	71.22086820103897	20985.803120710283	26.169480301788028	0.0	124.35895226875505	71.22086820103897
295	71.6798560125777	21057.482976722848	27.668389648999145	0.0	124.20204846315607	71.6798560125777
296	72.39447648064224	21129.8774532035	29.02505359444298	0.0	124.56322632570713	72.39447648064224
297	71.08412235331433	21200.96157555681	29.240523981048717	0.0	125.07261364969018	71.08412235331433
298	70.64919430171612	21271.61076985853	29.574935514356802	0.0	124.11477689905087	70.64919430171612
299	71.6236279170575	21343.23439777558	29.59506127184857	0.0	124.97168800460994	71.6236279170575
300	69.71397517681515	21412.948372952393	28.725979193206513	0.0	125.16527125094028	69.71397517681515
301	72.12560295459552	21485.073975906995	29.94779370510467	0.0	125.77154411693638	72.12560295459552
302	71.08020197125859	21556.154177878256	31.120737331442324	0.0	125.55237922174558	71.08020197125859
303	70.37554796264588	21626.52972584091	30.49702070656458	0.0	125.45753009937341	70.37554796264588
304	71.69006123735002	21698.219787078244	31.890440787536065	0.0	127.2474282843114	71.69006123735002
305	71.2883410464512	21769.508128124704	32.91633986563953	0.0	126.01709450325531	71.2883410464512
306	73.55015679646557	21843.05828492116	35.01829227983533	0.0	126.92133844884867	73.55015679646557
307	72.01611808070301	21915.074403001872	35.3126712304962	0.0	127.08251822881753	72.01611808070301
308	70.39008169003995	21985.464484691904	34.693276379980965	0.0	127.16907498402473	70.39008169003995
309	70.33808820091399	22055.802572892826	35.54615611006866	0.0	128.5768802123533	70.33808820091399
310	70.73306989153792	22126.535642784365	34.39860705185005	0.0	129.43912926352226	70.73306989153792
311	71.7294176548278	22198.26506043918	33.475489998544326	0.0	129.98489212610343	71.7294176548278
312	70.47387977504258	22268.738940214225	33.08649339437277	0.0	130.4392487787662	70.47387977504258
313	71.68863766458783	22340.427577878818	33.88185850121554	0.0	130.21954969903726	71.68863766458783
314	71.23145431616001	22411.659032194988	33.88177950782032	0.0	129.8159804104172	71.23145431616001
315	71.35257436133668	22483.01160655631	34.60036308732473	0.0	130.80837554024322	71.35257436133668
316	70.32964463554583	22553.341251191865	33.31372162660089	0.0	131.69196873311324	70.32964463554583
317	69.74345097546733	22623.08470216734	31.19521101466835	0.0	132.93266039342808	69.74345097546733
318	71.64761758325268	22694.73231975059	32.02696012418928	0.0	134.12216455038987	71.64761758325268
319	71.5872783449089	22766.319598095502	31.78370865999208	0.0	136.12156186818544	71.5872783449089
320	72.52354639541832	22838.843144490904	33.780351789640555	0.0	134.90027184341628	72.52354639541832
321	71.97456559517607	22910.817710086092	35.07239465077928	0.0	135.9688380110936	71.97456559517607
322	70.14504669713631	22980.96275678322	34.2788701990556	0.0	135.8267898822166	70.14504669713631
323	71.88859857472127	23052.851355357943	34.522753990878556	0.0	135.81474434138812	71.88859857472127
324	72.35634089351662	23125.20769625146	34.88543859738693	0.0	135.56026248115973	72.35634089351662
325	72.4180066992234	23197.625702950685	35.499453896754346	0.0	136.13507392882917	72.4180066992234
326	70.69963807751549	23268.325341028194	35.63498910911803	0.0	135.02233762508382	70.69963807751549
327	72.15174071773245	23340.477081745932	36.8655580717478	0.0	135.2631185229397	72.15174071773245
328	72.03541304205433	23412.51249478797	38.27689112649157	0.0	135.5322047848114	72.03541304205433
329	72.09961024599394	23484.612105033986	40.13421229215139	0.0	135.96080159346474	72.09961024599394
330	71.1218351029557	23555.73394013692	40.18217532032875	0.0	136.1660913719442	71.1218351029557
331	71.25996323194377	23626.993903368875	41.55997662028774	0.0	136.17318587441508	71.25996323194377
332	70.16377783372181	23697.157681202614	39.74279547460949	0.0	136.2059410565405	70.16377783372181
333	71.77258769720459	23768.9302688998	40.07970277641692	0.0	136.7491497444653	71.77258769720459
334	70.31151777840559	23839.241786678216	38.831283751945485	0.0	137.07217883178322	70.31151777840559
335	72.08908205569037	23911.330868733887	40.99959351748625	0.0	137.0253662254628	72.08908205569037
336	71.3112088731904	23982.642077607088	41.16346030517001	0.0	137.85600596139963	71.3112088731904
337	71.65803143323474	24054.300109040327	42.18716823300129	0.0	139.66317533453255	71.65803143323474
338	71.67203140125244	24125.97214044158	42.53520336920035	0.0	139.62946792632084	71.67203140125244
339	70.66232032066564	24196.63446076224	43.91313628702807	0.0	139.1640803755931	70.66232032066564
340	71.42898983276552	24268.063450595004	44.24039805696932	0.0	139.03325397755242	71.42898983276552
341	70.83875622128562	24338.90220681629	43.78364819377664	0.0	140.24178601245453	70.83875622128562
342	70.93353196499186	24409.83573878128	44.088572295230804	0.0	140.8051325777086	70.93353196499186
343	72.11859757483938	24481.954336356117	46.59118633674952	0.0	140.927030944694	72.11859757483938
344	71.94259131893772	24553.89692767507	47.044369110773225	0.0	141.3126982768972	71.94259131893772
345	72.26316768461939	24626.160095359683	50.185625405209755	0.0	141.6436120828755	72.26316768461939
346	71.28424824850102	24697.44434360819	49.7415595189896	0.0	141.8956399073546	71.28424824850102
347	71.27690670221777	24768.72125031039	51.49556501689949	0.0	141.48381470041576	71.27690670221777
348	71.64886248250632	24840.37011279291	51.72401862593099	0.0	141.87716187431656	71.64886248250632
349	72.38267991699178	24912.752792709904	52.26152981499629	0.0	141.60465365883593	72.38267991699178
350	72.71175955902996	24985.46455226893	52.729465266402876	0.0	140.94100074406242	72.71175955902996
351	72.59024470677691	25058.054796975706	54.72329555958797	0.0	142.25107320566565	72.59024470677691
352	71.85273728294258	25129.90753425866	54.13538143314567	0.0	142.58789540906332	71.85273728294258
353	70.55662974641638	25200.46416400506	53.413581786705365	0.0	142.64390789378356	70.55662974641638
354	70.4587173482458	25270.922881353312	52.9283795434115	0.0	141.1858669639151	70.4587173482458
355	72.76251585625133	25343.685397209556	54.304615093533286	0.0	141.02525368370067	72.76251585625133
356	70.23290896052306	25413.918306170082	54.16962315335877	0.0	141.46792261376552	70.23290896052306
357	71.40697329036689	25485.32527946044	54.85370737459642	0.0	141.52329770735713	71.40697329036689
358	71.18116062750195	25556.506440087956	55.02003656271219	0.0	140.83963138480323	71.18116062750195
359	71.1400602753613	25627.64650036333	55.644475805936054	0.0	141.17193118502132	71.1400602753613
360	71.26536630554713	25698.91186666886	55.16775530424264	0.0	140.39482417915627	71.26536630554713
361	70.74517388100865	25769.65704054988	55.30482992089907	0.0	140.22810589032144	70.74517388100865
362	71.84683884965047	25841.503879399523	55.67272941954511	0.0	140.9706463042235	71.84683884965047
363	71.3024282720027	25912.806307671526	56.09240614091537	0.0	142.40815905850778	71.3024282720027
364	72.29770202472957	25985.104009696268	58.06296703551241	0.0	143.24294925830554	72.29770202472957
365	71.43038032054943	26056.534390016797	59.00184153225109	0.0	144.5270748644329	71.43038032054943
366	72.45047870946871	26128.984868726264	60.280273527063144	0.0	144.4421665164028	72.45047870946871
367	72.72677955069246	26201.711648276963	63.04158865538135	0.0	144.9592585074464	72.72677955069246
368	72.01114310054517	26273.722791377506	63.01656939189077	0.0	146.2098735849761	72.01114310054517
369	70.57108914902079	26344.29388052654	61.50435172485377	0.0	146.53513175369127	70.57108914902079
370	71.06032311982558	26415.354203646355	61.63827118006146	0.0	146.93335593580377	71.06032311982558
371	70.26687147865047	26485.62107512501	61.588242617490614	0.0	146.6118429381313	70.26687147865047
372	71.30888324686512	26556.92995837188	62.135427212557154	0.0	144.18388135378763	71.30888324686512
373	71.48650175107788	26628.416460122946	61.80788500412331	0.0	144.03660233049936	71.48650175107788
374	71.41606835690078	26699.832528479852	62.26417234297904	0.0	143.77414017622507	71.41606835690078
375	70.67497079932161	26770.507499279178	61.19894892053886	0.0	143.35798776901729	70.67497079932161
376	70.05460891953798	26840.56210819871	60.395467833606524	0.0	142.34025161679975	70.05460891953798
377	72.18581514884005	26912.74792334755	60.80140625725864	0.0	142.64174847638253	72.18581514884005
378	71.17689448176284	26983.924817829306	60.02911595760859	0.0	143.823956098948	71.17689448176284
379	71.40322528872466	27055.32804311805	59.70658383016489	0.0	142.8912113761645	71.40322528872466
380	69.32427659622283	27124.652319714274	57.152479126329126	0.0	143.87371442400362	69.32427659622283
381	72.53580386521338	27197.188123579483	59.8535047195221	0.0	144.72656200872453	72.53580386521338
382	70.4315091029654	27267.619632682443	58.068168946374065	0.0	146.00214056697416	70.4315091029654
383	71.38730540206834	27339.006938084498	57.19657916646003	0.0	146.21661041893304	71.38730540206834
384	71.22074336932334	27410.227681453827	58.52488198247174	0.0	146.26190522558784	71.22074336932334
385	70.73206673240108	27480.95974818622	57.701073273774455	0.0	146.13396340615566	70.73206673240108
386	70.76586099859799	27551.72560918484	56.89751661531882	0.0	146.05806550220254	70.76586099859799
387	70.9159788114341	27622.641587996262	55.98292914248272	0.0	146.85810470331398	70.9159788114341
388	69.93941305487739	27692.58100105114	54.46399108629699	0.0	147.70655422111696	69.93941305487739
389	70.94011846195258	27763.521119513094	55.03077554147287	0.0	148.05467056973748	70.94011846195258
390	70.94186566762397	27834.46298518072	55.02710024976288	0.0	149.95453720793628	70.94186566762397
391	70.37971397540903	27904.842699156143	54.06082149899823	0.0	149.25629335239532	70.37971397540903
392	72.02332704837586	27976.8660262045	54.404567240880134	0.0	150.96804916547362	72.02332704837586
393	70.50417261227818	28047.370198816774	53.33466871535031	0.0	150.88589990718572	70.50417261227818
394	71.68231878123107	28119.052517598007	54.22683477996794	0.0	151.08125304127825	71.68231878123107
395	72.55886639349706	28191.611383991505	55.05810474833786	0.0	151.95928129020055	72.55886639349706
396	70.62680138258037	28262.238185374088	54.67561502141943	0.0	152.6886921522446	70.62680138258037
397	71.27006827296769	28333.508253647058	53.851339823813724	0.0	151.82631973413612	71.27006827296769
398	71.00711918566031	28404.51537283271	54.43990036319327	0.0	151.24183495018943	71.00711918566031
399	71.68781531041326	28476.20318814312	55.22069983935882	0.0	152.43003724217886	71.68781531041326
400	70.06335659529077	28546.26654473843	53.76701241213101	0.0	151.8618831860118	70.06335659529077
401	71.4906246447953	28617.75716938323	54.70205434401137	0.0	152.41726009006547	71.4906246447953
402	71.27849238378691	28689.035661767008	55.27273555729298	0.0	152.68989837163454	71.27849238378691
403	71.22114284533988	28760.256804612345	54.26884948224724	0.0	153.89234205480014	71.22114284533988
404	70.41091375844749	28830.66771837079	53.91545506315339	0.0	155.26777256107079	70.41091375844749
405	70.70392524802718	28901.37164361881	53.68803469872324	0.0	155.7715091158877	70.70392524802718
406	70.20118775632221	28971.57283137514	53.2537631842227	0.0	156.18007103593575	70.20118775632221
407	71.40509538388159	29042.977926759006	53.81572024629859	0.0	156.6842558232583	71.40509538388159
408	71.16002369806486	29114.13795045708	54.13175379955123	0.0	157.51856835185026	71.16002369806486
409	71.6021480334024	29185.74009849048	55.70145618792696	0.0	157.67232336737513	71.6021480334024
410	71.04010154527985	29256.780200035766	56.25202130841426	0.0	158.42063784337913	71.04010154527985
411	71.32609317595681	29328.10629321174	55.438818829038574	0.0	160.16436999799006	71.32609317595681
412	70.63627338856323	29398.742566600282	55.18345088839316	0.0	159.77766366932212	70.63627338856323
413	69.93872147713503	29468.681288077412	54.581532542957866	0.0	160.0281338194493	69.93872147713503
414	72.72480765384324	29541.406095731272	57.50725116651447	0.0	160.46683090659852	72.72480765384324
415	70.87550589223989	29612.2816016235	58.23846954625889	0.0	160.9398775117337	70.87550589223989
416	70.50854219225086	29682.790143815753	57.32213202883984	0.0	160.46184447037945	70.50854219225086
417	71.6777438536295	29754.46788766938	58.98827318689826	0.0	160.67480659486338	71.6777438536295
418	71.77529689838923	29826.243184567775	58.800909332114536	0.0	159.0911278221781	71.77529689838923
419	72.11657730476884	29898.35976187254	60.00938691820451	0.0	157.89587978884256	72.11657730476884
420	70.49390371880841	29968.85366559135	59.683718923280686	0.0	157.97845846461462	70.49390371880841
421	70.64919797427717	30039.502863565638	59.80414845365922	0.0	159.0667720438664	70.64919797427717
422	70.42195361971018	30109.924817185347	59.9679461509447	0.0	159.93474934776194	70.42195361971018
423	71.67132949374259	30181.59614667907	60.464923737776154	0.0	160.8211586757936	71.67132949374259
424	71.23675296323088	30252.83289964231	61.905339111582364	0.0	160.6891747592266	71.23675296323088
425	71.47522723061988	30324.308126872933	62.15616201162866	0.0	161.08297781547424	71.47522723061988
426	71.43434957170571	30395.742476444644	62.48926199056837	0.0	162.1216567544202	71.43434957170571
427	71.86437198793774	30467.606848432577	62.92891946139651	0.0	161.610622639764	71.86437198793774
428	70.80854076526501	30538.415389197835	62.974736352894254	0.0	162.60958133834225	70.80854076526501
429	71.40853396739871	30609.823923165248	63.109106437452574	0.0	162.41336845188303	71.40853396739871
430	72.45586875165117	30682.279791916888	64.54135945541529	0.0	162.19966572862464	72.45586875165117
431	71.5826536662152	30753.86244558312	65.50591740948664	0.0	163.59862395429414	71.5826536662152
432	72.38963088185128	30826.252076464967	67.09071958694858	0.0	164.1273831887118	72.38963088185128
433	70.9759706586394	30897.228047123594	68.23306412163758	0.0	164.71570018349746	70.9759706586394
434	71.84580468363951	30969.073851807232	69.31437205086735	0.0	166.1901762591865	71.84580468363951
435	71.65167580948304	31040.725527616727	69.0472698665972	0.0	166.38567432441255	71.65167580948304
436	70.76605204763557	31111.49157966435	69.60085847002182	0.0	165.64039906314466	70.76605204763557
437	71.21253029613482	31182.70410996049	69.90915499768235	0.0	164.6696549220943	71.21253029613482
438	72.04230075961887	31254.74641072012	69.4158160747635	0.0	164.4567678817946	72.04230075961887
439	71.4713157241226	31326.217726444214	69.10462793492319	0.0	163.69271073751563	71.4713157241226
440	71.49702417927851	31397.714750623512	70.2959882542436	0.0	164.96313457531537	71.49702417927851
441	72.4817138107751	31470.196464434288	72.16437497411677	0.0	165.5481151808063	72.4817138107751
442	71.1860993532402	31541.382563787527	72.09241923829057	0.0	166.38288612373444	71.1860993532402
443	72.47920824667885	31613.861772034215	74.8673747016679	0.0	166.417402796316	72.47920824667885
444	71.45344553094344	31685.31521756515	76.03802323982498	0.0	166.57988441279048	71.45344553094344
445	70.96251510661621	31756.27773267175	75.4079675188267	0.0	166.90203289493948	70.96251510661621
446	70.40421852259415	31826.681951194358	73.73765058795489	0.0	166.16613092117018	70.40421852259415
447	71.67767943121557	31898.359630625575	74.38310364875561	0.0	167.39835905564973	71.67767943121557
448	70.85186650503556	31969.211497130604	74.5328324764494	0.0	166.45396454948047	70.85186650503556
449	70.78416489572496	32039.99566202633	73.61705597552834	0.0	167.5088371694147	70.78416489572496
450	70.26593749793389	32110.26159952426	72.7049890776924	0.0	167.93806863521235	70.26593749793389
451	71.22592372624936	32181.487523250526	72.76468893823403	0.0	169.02689019416178	71.22592372624936
452	70.42878614254059	32251.916309393066	72.12448011218385	0.0	170.3306336275886	70.42878614254059
453	70.52181793408339	32322.43812732714	71.74334672903551	0.0	170.4532269183522	70.52181793408339
454	70.65565789533306	32393.093785222474	71.2306162016774	0.0	171.07539527681973	70.65565789533306
455	71.6443184126525	32464.738103635143	72.22760061416065	0.0	171.3683020390139	71.6443184126525
456	71.57588755073326	32536.313991185863	74.48443352002116	0.0	171.97757074436953	71.57588755073326
457	70.88140748402463	32607.19539866988	74.37816664917736	0.0	172.66178100072048	70.88140748402463
458	71.51240003975379	32678.707798709638	74.97740574603678	0.0	172.11535900030648	71.51240003975379
459	72.35256987132077	32751.060368580962	75.82914243303647	0.0	171.37705821320714	72.35256987132077
460	71.44154524366655	32822.50191382462	76.39213743726177	0.0	170.17364827481535	71.44154524366655
461	71.36008943084502	32893.862003255475	77.20099051551159	0.0	171.78371370578736	71.36008943084502
462	71.18893031676929	32965.050933572245	77.26207639257399	0.0	172.01069617077744	71.18893031676929
463	71.20579711044283	33036.256730682675	78.01080259255632	0.0	171.7818162507937	71.20579711044283
464	71.21502131519762	33107.47175199789	79.41716686129446	0.0	172.38219829230917	71.21502131519762
465	70.23213636735446	33177.703888365235	78.47671645941264	0.0	172.90271815884208	70.23213636735446
466	70.77370521771742	33248.477593582946	78.70312360770743	0.0	173.25621878209418	70.77370521771742
467	70.32301490721247	33318.80060849017	79.60331173250401	0.0	172.20408591216037	70.32301490721247
468	70.28891409652357	33389.08952258669	78.92499409972385	0.0	173.0617642460309	70.28891409652357
469	71.29206294325223	33460.38158552996	79.7403728844817	0.0	173.89151659255924	71.29206294325223
470	70.32239619298224	33530.703981722916	79.08824034317709	0.0	174.11418209661014	70.32239619298224
471	71.80139218153819	33602.50537390446	81.49173980649357	0.0	174.31675630701523	71.80139218153819
472	69.99780186536697	33672.50317576983	80.42147733558923	0.0	174.61423995030978	69.99780186536697
473	71.6754615659138	33744.17863733574	81.51895378003333	0.0	174.8323703536203	71.6754615659138
474	72.44463865376662	33816.623275989514	82.6310958048793	0.0	174.44691845828132	72.44463865376662
475	71.81288609590702	33888.43616208541	83.52280271126678	0.0	174.86748056674668	71.81288609590702
476	72.00717052259839	33960.443332608	85.32514149941301	0.0	173.11113674092474	72.00717052259839
477	70.62516440169874	34031.06849700971	84.13890619145451	0.0	172.4522178031756	70.62516440169874
478	71.30065684288749	34102.3691538526	84.7032188661507	0.0	173.48031485228094	71.30065684288749
479	69.45607387963263	34171.82522773223	83.56791631130137	0.0	172.76332123142907	69.45607387963263
480	71.88895346613437	34243.71418119837	83.66966511098312	0.0	172.63617704575648	71.88895346613437
481	71.27391592457973	34314.98809712296	83.6247452402331	0.0	173.95334728595148	71.27391592457973
482	70.99733960155753	34385.98543672453	82.69610752918939	0.0	174.18670071931078	70.99733960155753
483	71.17530498668427	34457.16074171119	82.12486568984416	0.0	174.15887783678528	71.17530498668427
484	71.11899135644603	34528.27973306764	81.92779284788492	0.0	175.2051538442132	71.11899135644603
485	70.87431153636072	34599.154044604	82.02132834810887	0.0	175.4923872352299	70.87431153636072
486	72.39053363721341	34671.544578241206	84.10304326237726	0.0	175.83289938668008	72.39053363721341
487	71.7818079751964	34743.326386216395	85.25985200792624	0.0	176.41007739728016	71.7818079751964
488	71.57593129935196	34814.90231751576	85.99511565605215	0.0	176.082980467408	71.57593129935196
489	70.49583986477445	34885.398157380536	86.56961335974745	0.0	174.99851849161132	70.49583986477445
490	71.32974313997043	34956.727900520506	86.68620206060491	0.0	177.47110291826309	71.32974313997043
491	72.18529907968106	35028.91319960018	87.39434119334459	0.0	178.2050390511672	72.18529907968106
492	70.54638696717326	35099.45958656737	87.88582129835733	0.0	178.27515702971522	70.54638696717326
493	71.75775863062722	35171.21734519797	89.99911241638227	0.0	177.78478878577982	71.75775863062722
494	70.45484535594953	35241.67219055394	90.29041233490366	0.0	178.20486306646984	70.45484535594953
495	71.56417082144159	35313.23636137537	90.02793073410649	0.0	178.53131021401106	71.56417082144159
496	71.40702669371726	35384.64338806909	91.47356566477451	0.0	178.51608851815345	71.40702669371726
497	70.82774690437071	35455.47113497346	91.34850030136892	0.0	178.47178331493242	70.82774690437071
498	71.54834574752537	35527.01948072098	91.41338354642343	0.0	178.4631110909126	71.54834574752537
499	72.03063736788032	35599.05011808887	93.79310605524857	0.0	178.87250171450248	72.03063736788032
500	71.75643683266745	35670.80655492154	94.3936924513054	0.0	177.69503713398763	71.75643683266745
501	70.9748809228374	35741.78143584438	94.54937991994906	0.0	176.5660929458878	70.9748809228374
502	71.02094847873545	35812.80238432311	94.54937991994906	0.0	177.35471267592783	71.02094847873545
