task	reward	total_reward	total_regret	relative	total_reward_dev	joules
0	47.13393985226637	47.13393985226637	1.3401695082338962	0.0	16.887608973106182	47.13393985226637
1	60.2654616024381	107.39940145470446	15.973026139159424	0.0	27.184567405289442	60.2654616024381
2	61.51366260165539	168.91306405635984	33.19718633362336	0.0	33.5627233851653	61.51366260165539
3	49.37129424356316	218.28435829992307	38.87795497775651	0.0	36.06964417360425	49.37129424356316
4	71.06656232559604	289.3509206255191	63.748117731060645	0.0	37.266826952613364	71.06656232559604
5	71.02633268427162	360.37725330979083	90.05892421356322	0.0	36.943551881727416	71.02633268427162
6	62.868048632947975	423.24530194273893	106.45170684478373	0.0	42.08714591923585	62.868048632947975
7	57.666020536632956	480.9113224793714	118.83858631546168	0.0	47.20872959776597	57.666020536632956
8	59.33806141325171	540.2493838926234	133.35682314301138	0.0	51.731495553372014	59.33806141325171
9	54.18959965275342	594.4389835453765	142.07062214833041	0.0	54.87385017192409	54.18959965275342
10	54.08630244458251	648.5252859899592	152.40087643592017	0.0	57.0567317295375	54.08630244458251
11	55.18076804790383	703.7060540378629	162.97665998656845	0.0	58.07318578133383	55.18076804790383
12	52.055059167637204	755.7611132054997	168.87779874027862	0.0	63.012046732101176	52.055059167637204
13	52.71294667261496	808.4740598781151	175.242654278754	0.0	67.1170903074752	52.71294667261496
14	56.151346735226234	864.6254066133415	187.24050596212618	0.0	71.02522308960718	56.151346735226234
15	54.26181600927783	918.8872226226199	195.84694239045493	0.0	73.28249113185355	54.26181600927783
16	50.474180917423894	969.3614035400425	199.56690209224504	0.0	75.89171480917871	50.474180917423894
17	51.59015827678615	1020.9515618168294	206.00682997673945	0.0	76.21980998996519	51.59015827678615
18	50.246044387183986	1071.1976062040135	211.63851318823433	0.0	79.55503153388486	50.246044387183986
19	51.98372165633848	1123.1813278603515	218.43109976504354	0.0	80.59652724039529	51.98372165633848
20	50.71808727131917	1173.8994151316715	224.69595237253964	0.0	82.25459346546562	50.71808727131917
21	51.129923010742324	1225.0293381424135	226.79246288616866	0.0	82.44211864994307	51.129923010742324
22	52.01469545908146	1277.0440336014954	234.9845183591972	0.0	86.95799464135517	52.01469545908146
23	47.55199324997286	1324.5960268514682	239.47555322990564	0.0	85.56665612034548	47.55199324997286
24	50.72351861618863	1375.3195454676563	245.8343946290093	0.0	87.68544765212161	50.72351861618863
25	47.600448378465146	1422.9199938461213	247.56900747634756	0.0	88.6049058886002	47.600448378465146
26	49.79798563032003	1472.717979476442	249.35998600742718	0.0	91.45713050693907	49.79798563032003
27	49.07969795562634	1521.7976774320675	251.25442129057018	0.0	92.30807907480184	49.07969795562634
28	47.50026847044999	1569.2979459025173	253.15702673561532	0.0	93.40071910098774	47.50026847044999
29	48.464266457587456	1617.7622123601045	255.5935984487804	0.0	92.31790393545167	48.464266457587456
30	48.84489143558689	1666.6071037956915	257.7024828791316	0.0	99.23005879650853	48.84489143558689
31	51.3974044709389	1718.004508266631	264.062830412435	0.0	101.22922238988076	51.3974044709389
32	48.59308082646852	1766.5975890931002	267.40501352158265	0.0	102.38192044990778	48.59308082646852
33	47.36052821065422	1813.958117303754	270.4062881317529	0.0	103.27510410213833	47.36052821065422
34	46.804069261045754	1860.7621865648007	272.21287834684523	0.0	107.51840673098746	46.804069261045754
35	47.46343700720705	1908.225623572006	274.77514581559825	0.0	113.49784721688769	47.46343700720705
36	46.22540390626095	1954.4510274782667	275.0794557152738	0.0	112.89715108209661	46.22540390626095
37	47.911627842455346	2002.3626553207232	278.15310159899775	0.0	116.66251225268631	47.911627842455346
38	47.63273698842765	2049.9953923091507	280.0024410693063	0.0	120.29323294939417	47.63273698842765
39	45.42852662917793	2095.423918938329	278.1265004726488	0.0	122.55348433589717	45.42852662917793
40	50.380189992089655	2145.8041089304184	283.2007079296563	0.0	127.55310730437802	50.380189992089655
41	46.73880588495292	2192.54291481537	285.94664640545835	0.0	128.12292599225125	46.73880588495292
42	46.96223238654504	2239.5051472019163	286.06247833163127	0.0	127.90298600383541	46.96223238654504
43	46.498862375530834	2286.004009577447	285.64241819660504	0.0	131.63429845287789	46.498862375530834
44	47.13982500045018	2333.143834577897	286.11927885554945	0.0	136.5304748780094	47.13982500045018
45	47.285027248285694	2380.4288618261835	288.69041249358196	0.0	138.83072176717474	47.285027248285694
46	48.55542661063532	2428.9842884368177	290.5471383323694	0.0	140.27046821341304	48.55542661063532
47	45.32278823933399	2474.307076676152	289.4714940046236	0.0	142.14979884502907	45.32278823933399
48	51.10774823258361	2525.4148249087357	292.0476018872082	0.0	148.6204030011944	51.10774823258361
49	46.255493166462244	2571.6703180751983	293.1028154516978	0.0	149.98371611560134	46.255493166462244
50	45.21907995091715	2616.8893980261155	293.24642019464534	0.0	151.9735225340939	45.21907995091715
51	48.9437772270757	2665.8331752531913	295.2997494650965	0.0	154.29383057930437	48.9437772270757
52	48.147753244016556	2713.9809284972066	297.8054151578174	0.0	157.06534510794157	48.147753244016556
53	44.77372534376519	2758.7546538409724	297.09891685257446	0.0	159.925377192158	44.77372534376519
54	46.1664654292741	2804.921119270247	301.7797958834233	0.0	162.17563655254662	46.1664654292741
55	48.85013467565249	2853.771253945899	304.29548619054714	0.0	165.2295320080297	48.85013467565249
56	46.72570003031891	2900.496953976218	306.8706595536888	0.0	165.90396974884584	46.72570003031891
57	44.68987825536217	2945.1868322315804	308.2702325602715	0.0	166.4504192838807	44.68987825536217
58	46.81441404030843	2992.001246271889	311.16583169482095	0.0	168.90772724207432	46.81441404030843
59	46.15999514845904	3038.1612414203487	311.30585519519707	0.0	173.0813515244811	46.15999514845904
60	49.436503100701955	3087.5977445210506	316.83267919989703	0.0	177.80319866131916	49.436503100701955
61	45.18666034990984	3132.78440487096	318.20119894631983	0.0	181.07643114108274	45.18666034990984
62	46.87765845600103	3179.6620633269604	320.8947601464876	0.0	181.9662323679575	46.87765845600103
63	49.35762154446398	3229.0196848714254	323.6965409199284	0.0	185.8316259820417	49.35762154446398
64	47.223645093231845	3276.2433299646555	326.7859788910581	0.0	188.45752871276622	47.223645093231845
65	47.45776497139903	3323.701094936055	330.3563398359765	0.0	191.53678990126565	47.45776497139903
66	46.72694331118504	3370.4280382472407	332.0506558225908	0.0	193.43575895850222	46.72694331118504
67	45.782547567772724	3416.210585815011	334.4525381414907	0.0	194.2100242862613	45.782547567772724
68	47.473150190980476	3463.683736005993	336.78885257809014	0.0	195.51211875331873	47.473150190980476
69	48.621035014012016	3512.3047710200044	339.0703191064194	0.0	200.4079103285913	48.621035014012016
70	48.41931927570615	3560.724090295711	343.0207804630442	0.0	203.11928829082245	48.41931927570615
71	47.64652681644393	3608.3706171121553	345.1479158182659	0.0	202.1870643414808	47.64652681644393
72	47.84513528972824	3656.2157524018853	348.34502698895636	0.0	203.9909998838519	47.84513528972824
73	47.79585161483501	3704.0116040167177	350.61963911495263	0.0	207.34341697924998	47.79585161483501
74	47.99948321576204	3752.011087232482	350.9009722550943	0.0	208.8880639164678	47.99948321576204
75	48.164012594864026	3800.1750998273437	352.6856675614697	0.0	213.3789583398267	48.164012594864026
76	45.773347106952954	3845.948446934298	350.0280487554906	0.0	216.91377294063264	45.773347106952954
77	47.64739637765511	3893.5958433119517	350.51894763203035	0.0	220.8153765262373	47.64739637765511
78	46.66957937512455	3940.2654226870764	351.8538855164702	0.0	223.05988806710985	46.66957937512455
79	46.39601777045982	3986.6614404575357	353.18747119215413	0.0	224.19220967934828	46.39601777045982
80	47.25771168311221	4033.919152140649	355.6077493682435	0.0	225.8100712875489	47.25771168311221
81	47.1217111997841	4081.040863340432	357.74971146259173	0.0	226.37967116112014	47.1217111997841
82	48.787522600320834	4129.828385940755	361.3941693339659	0.0	228.5112202463483	48.787522600320834
83	48.89791132519465	4178.726297265949	364.22870630731364	0.0	230.28131571085385	48.89791132519465
84	46.396602587876494	4225.1228998538245	365.17736796252206	0.0	234.87430809900954	46.396602587876494
85	47.02657631426184	4272.149476168088	367.4351823126011	0.0	239.03924259565295	47.02657631426184
86	46.55590159623919	4318.705377764328	367.6315337050648	0.0	242.76121011475533	46.55590159623919
87	47.463397248836635	4366.168775013164	370.6438480306827	0.0	245.5513580694117	47.463397248836635
88	47.96095116701914	4414.129726180182	374.38957371011986	0.0	249.44360207054757	47.96095116701914
89	46.928298895636274	4461.058025075818	377.0837723209512	0.0	251.25341441309845	46.928298895636274
90	47.24504423638511	4508.303069312206	378.89972252480203	0.0	254.4418014691047	47.24504423638511
91	47.31286641150649	4555.615935723711	381.5145374014225	0.0	255.66758609163452	47.31286641150649
92	50.07015290058209	4605.686088624292	383.32113670287913	0.0	258.3355004462893	50.07015290058209
93	47.16845997589305	4652.854548600188	381.55948050068537	0.0	261.19305938901203	47.16845997589305
94	48.28358278892458	4701.138131389111	386.00279190221414	0.0	263.73428985456997	48.28358278892458
95	47.776612753578384	4748.9147441426885	387.062890879197	0.0	266.66342296283005	47.776612753578384
96	44.45148070012924	4793.366224842816	387.6187557176774	0.0	270.1150470807113	44.45148070012924
97	49.82060781439989	4843.186832657216	392.36076365641793	0.0	273.34892602980113	49.82060781439989
98	45.83657620735095	4889.0234088645675	392.22474726414583	0.0	274.48307380846626	45.83657620735095
99	49.99411364368389	4939.017522508252	396.1507246713954	0.0	276.47833279978727	49.99411364368389
100	47.46208884454872	4986.479611352801	396.86635468855866	0.0	277.91034569779873	47.46208884454872
101	48.0327883548091	5034.51239970761	398.16574660334066	0.0	279.98440973458816	48.0327883548091
102	49.05286384442442	5083.5652635520355	402.96474829701356	0.0	282.1548677662574	49.05286384442442
103	43.30744723660317	5126.872710788638	399.4071280036125	0.0	283.748857834296	43.30744723660317
104	49.24147444927287	5176.1141852379105	404.3677778778323	0.0	286.7601788750794	49.24147444927287
105	49.214863380124825	5225.329048618035	408.64295585484416	0.0	289.86646595367347	49.214863380124825
106	46.63578312266512	5271.964831740701	411.1838031977432	0.0	294.08537503077434	46.63578312266512
107	45.42647499076264	5317.3913067314625	410.5163908887648	0.0	298.9470904692874	45.42647499076264
108	46.078920988836146	5363.470227720299	410.2767240034994	0.0	303.5405788645429	46.078920988836146
109	45.41469276196755	5408.884920482266	412.73776099622296	0.0	303.8775080199695	45.41469276196755
110	46.24502496933944	5455.129945451606	412.2176137929215	0.0	307.55577717271655	46.24502496933944
111	46.85291344259409	5501.982858894201	416.04858623303727	0.0	309.19154688244066	46.85291344259409
112	47.35576094975895	5549.338619843957	418.9675543585901	0.0	313.2204689753912	47.35576094975895
113	46.743535385761824	5596.082155229719	420.8089447067646	0.0	316.92941769294316	46.743535385761824
114	46.18851551164471	5642.270670741367	421.2850469254092	0.0	320.00091697748684	46.18851551164471
115	47.82951008642112	5690.100180827788	422.32156972770906	0.0	325.115863166016	47.82951008642112
116	46.739957965596524	5736.840138793383	424.8135609217484	0.0	326.12349244168286	46.739957965596524
117	47.21389808642437	5784.054036879807	425.280932451067	0.0	327.5332583740245	47.21389808642437
118	48.71148586737504	5832.7655227471805	428.02898884417255	0.0	331.68948331056606	48.71148586737504
119	45.31979895628745	5878.085321703469	429.15355728760005	0.0	335.11068037640763	45.31979895628745
120	46.56516613015633	5924.650487833628	431.30410997023387	0.0	337.7853966481396	46.56516613015633
121	47.672649492418124	5972.323137326045	433.7499806462788	0.0	337.7365532811277	47.672649492418124
122	48.05379594966268	6020.376933275706	435.95409065937065	0.0	339.3240203584812	48.05379594966268
123	46.47247549467296	6066.84940877038	437.04564261016145	0.0	340.0129215085689	46.47247549467296
124	45.35908967143585	6112.208498441817	438.01190900791096	0.0	345.5737428515054	45.35908967143585
125	46.543893859509964	6158.752392301325	437.55405112459965	0.0	348.1362376557563	46.543893859509964
126	49.220021144463296	6207.972413445791	442.11972434640126	0.0	347.3266982363795	49.220021144463296
127	47.41835636958728	6255.390769815376	442.64252653288474	0.0	348.54269237153375	47.41835636958728
128	47.2212002154072	6302.611970030785	445.28460024121375	0.0	350.0956277323293	47.2212002154072
129	46.28137756202037	6348.893347592803	445.0849371548785	0.0	352.07420537879176	46.28137756202037
130	49.77546927243623	6398.668816865242	450.47726557351007	0.0	357.272410067014	49.77546927243623
131	44.503198520801426	6443.172015386042	451.13360500351257	0.0	360.32164242615085	44.503198520801426
132	46.75349609807884	6489.925511484125	452.42215213659307	0.0	362.2194078031408	46.75349609807884
133	46.08842044600064	6536.01393193012	455.5936453720528	0.0	363.7648834406929	46.08842044600064
134	48.81898735777141	6584.832919287892	460.61408201310763	0.0	365.4500441695037	48.81898735777141
135	46.88337843732441	6631.716297725218	459.42849070832466	0.0	367.58304264751035	46.88337843732441
136	45.545894185610614	6677.262191910828	460.49307155183885	0.0	369.2840251316216	45.545894185610614
137	48.15701443160298	6725.419206342432	464.3954993229838	0.0	368.18097900322863	48.15701443160298
138	46.565650895154704	6771.984857237586	464.2474307286521	0.0	371.77865850490167	46.565650895154704
139	49.03734553902998	6821.022202776613	466.01409463318817	0.0	371.6324437569849	49.03734553902998
140	46.99854489871346	6868.020747675325	467.72261473647717	0.0	376.1097411533768	46.99854489871346
141	46.947126889036	6914.967874564368	468.68066177370935	0.0	375.0190053248875	46.947126889036
142	49.3046787688546	6964.272553333219	473.0133088869147	0.0	378.2195317439536	49.3046787688546
143	47.845013767000616	7012.117567100218	475.83055220791937	0.0	381.24251180141	47.845013767000616
144	48.83245240909715	7060.950019509317	478.77998631649126	0.0	383.62577503263464	48.83245240909715
145	49.12687472812764	7110.076894237449	484.4689504885653	0.0	390.2015282337993	49.12687472812764
146	48.128340536638504	7158.205234774084	487.96174755412244	0.0	391.24465552169465	48.128340536638504
147	48.25695613048863	7206.462190904573	490.62419549492915	0.0	396.4581904383815	48.25695613048863
148	47.27270890406402	7253.734899808637	494.2533978666966	0.0	400.2386141058759	47.27270890406402
149	49.27017871857587	7303.005078527211	496.2798597749315	0.0	404.9931695482241	49.27017871857587
150	47.60911690429111	7350.614195431504	496.09430669155927	0.0	406.6471867448589	47.60911690429111
151	47.6369047701523	7398.251100201652	498.0851162739368	0.0	409.6141823498884	47.6369047701523
152	44.968099367959006	7443.219199569613	498.2120730389908	0.0	411.0785373139438	44.968099367959006
153	50.26579235510915	7493.484991924725	503.9769498124109	0.0	415.81481199134174	50.26579235510915
154	47.702329906215255	7541.187321830936	508.0017193700849	0.0	416.4140791023729	47.702329906215255
155	46.45131884852455	7587.638640679461	509.0359148452949	0.0	421.81808702951884	46.45131884852455
156	46.20833827596405	7633.846978955427	508.2634204271224	0.0	424.96784677042587	46.20833827596405
157	45.4588520439947	7679.305830999423	508.9230172370241	0.0	426.1854184097865	45.4588520439947
158	46.41891908200035	7725.724750081426	511.27787005519434	0.0	431.08625647272936	46.41891908200035
159	46.287106018363104	7772.011856099785	512.4726332453644	0.0	432.95330563857283	46.287106018363104
160	49.7792260844866	7821.7910821842715	516.6886605907291	0.0	436.7356239252992	49.7792260844866
161	47.02094047072559	7868.812022655001	519.6471222794895	0.0	439.15226359129457	47.02094047072559
162	46.32485359102514	7915.136876246023	521.2130515261533	0.0	442.88400540848227	46.32485359102514
163	44.88149849890704	7960.018374744928	520.8993678674437	0.0	446.01640560221267	44.88149849890704
164	46.57122564455741	8006.589600389485	521.885411614774	0.0	449.5193650533633	46.57122564455741
165	45.780764077416336	8052.370364466899	525.7285569557481	0.0	451.44493146911924	45.780764077416336
166	46.93986669726172	8099.310231164167	524.6879417575412	0.0	454.4807005323442	46.93986669726172
167	48.13926236105222	8147.449493525216	527.0094356627013	0.0	456.0606670568726	48.13926236105222
168	46.08951073226428	8193.539004257484	526.58164262606	0.0	460.2549005592304	46.08951073226428
169	47.28410852442723	8240.823112781909	528.0211321026944	0.0	463.781201802454	47.28410852442723
170	46.178880718572756	8287.00199350048	528.5420388312699	0.0	466.66531913763106	46.178880718572756
171	49.41367449470456	8336.415667995185	533.5763297533241	0.0	471.5574281121783	49.41367449470456
172	45.303468394128394	8381.719136389314	532.05989185598	0.0	474.9711731977858	45.303468394128394
173	48.875172458337744	8430.594308847654	534.2794337804952	0.0	477.8573468602199	48.875172458337744
174	47.52712290878925	8478.121431756445	536.4490876352171	0.0	481.2128544147579	47.52712290878925
175	51.38549638188371	8529.506928138324	539.4898574800968	0.0	484.9339001519507	51.38549638188371
176	44.71392255556114	8574.220850693886	538.403518924199	0.0	485.96941591747697	44.71392255556114
177	49.61770316776516	8623.838553861655	541.6224624357037	0.0	488.46081264619437	49.61770316776516
178	46.959220359658346	8670.797774221308	545.9195548036826	0.0	489.5728833032112	46.959220359658346
179	48.38867463084603	8719.186448852157	548.4481226540123	0.0	492.68167036176	48.38867463084603
180	46.6514875023326	8765.837936354486	551.043893155455	0.0	494.8808472250644	46.6514875023326
181	47.73598425248058	8813.573920606972	555.0515489210375	0.0	500.03975793321524	47.73598425248058
182	48.39091278444198	8861.964833391412	556.8810737069591	0.0	504.10423954427057	48.39091278444198
183	48.33411500057528	8910.298948391986	558.6884254353625	0.0	509.2285493706225	48.33411500057528
184	47.43833350419278	8957.737281896174	560.0280465606505	0.0	513.4557873967457	47.43833350419278
185	47.921115626670336	9005.658397522851	563.6854736784182	0.0	514.7729076971851	47.921115626670336
186	46.27492824474452	9051.933325767593	562.098282909784	0.0	519.0138450063624	46.27492824474452
187	48.953546259172356	9100.886872026767	566.998503938644	0.0	521.5014885951949	48.953546259172356
188	45.71798536457397	9146.60485739134	567.2526437186093	0.0	524.4521450596555	45.71798536457397
189	47.15359066260057	9193.758448053943	568.0076807350572	0.0	525.8728610997019	47.15359066260057
190	45.64964050393493	9239.408088557873	567.2784226711282	0.0	528.7278421974808	45.64964050393493
191	47.21968960829447	9286.627778166167	567.4816399267673	0.0	530.2174186690463	47.21968960829447
192	46.651832168490415	9333.279610334657	568.1544250576087	0.0	532.9677592523507	46.651832168490415
193	48.910684914169785	9382.19029524883	574.6763951268987	0.0	537.124542475885	48.910684914169785
194	48.640525955525106	9430.830821204354	577.5186209694549	0.0	538.2655060979017	48.640525955525106
195	47.4528145599982	9478.283635764352	581.7942440459108	0.0	539.6156222448346	47.4528145599982
196	48.033494255318686	9526.317130019675	586.4792965506771	0.0	541.2133072213247	48.033494255318686
197	47.36890106025735	9573.686031079933	588.531442651452	0.0	542.0509503332029	47.36890106025735
198	44.93891836870132	9618.624949448631	586.2255957153911	0.0	544.468798197685	44.93891836870132
199	48.815595300169015	9667.440544748797	588.1705633589186	0.0	549.3243085506608	48.815595300169015
200	51.84655080235826	9719.287095551159	594.7931952758145	0.0	552.3770412128307	51.84655080235826
201	47.08823096888298	9766.375326520045	595.2719965561819	0.0	555.5289008077626	47.08823096888298
202	48.71704888862249	9815.092375408663	598.2718078595451	0.0	560.4107386312818	48.71704888862249
203	47.91309447862963	9863.00546988729	602.7258134815696	0.0	562.2784758598834	47.91309447862963
204	48.4898146324554	9911.495284519748	605.9464982877774	0.0	565.1867622013466	48.4898146324554
205	46.625635754771004	9958.12092027452	605.1634117140577	0.0	568.7310646925711	46.625635754771004
206	49.487726650620445	10007.608646925146	612.9840811860148	0.0	572.6214274272876	49.487726650620445
207	46.221996418515225	10053.830643343654	614.5384934838019	0.0	577.6583442099301	46.221996418515225
208	49.20207765213909	10103.032720995796	619.7114104683503	0.0	576.8412136653002	49.20207765213909
209	47.73391452174955	10150.766635517546	619.6620605318799	0.0	578.5941624784592	47.73391452174955
210	47.88569329998343	10198.652328817527	624.104917854018	0.0	580.1463184338018	47.88569329998343
211	43.53145821496133	10242.183787032489	623.1694333253347	0.0	583.561523093495	43.53145821496133
212	47.93277301879718	10290.116560051289	626.899212699282	0.0	586.3987546521835	47.93277301879718
213	46.03647067904091	10336.153030730326	628.6504717774545	0.0	587.3036918983005	46.03647067904091
214	46.501937826868144	10382.654968557194	627.2614047450121	0.0	589.6875934350245	46.501937826868144
215	48.263526617420524	10430.918495174614	632.0216155447345	0.0	593.231719823281	48.263526617420524
216	43.95529360380208	10474.873788778423	631.1124903990218	0.0	596.5647700376713	43.95529360380208
217	48.21972007644064	10523.09350885486	632.8910859555539	0.0	598.147226885066	48.21972007644064
218	47.96184214770197	10571.055351002558	634.3343596026103	0.0	599.254055979249	47.96184214770197
219	46.96612037590356	10618.021471378468	635.8458610467385	0.0	601.7747175342074	46.96612037590356
220	49.21167836546803	10667.233149743935	641.5112599828798	0.0	603.9359943742581	49.21167836546803
221	45.331448705521936	10712.564598449457	639.3791133226277	0.0	608.6737736275819	45.331448705521936
222	48.997626302804186	10761.562224752259	638.0830075760607	0.0	612.354261375149	48.997626302804186
223	50.28448145222222	10811.846706204484	642.609367656868	0.0	614.0015969152402	50.28448145222222
224	46.382998923338455	10858.22970512782	643.8266941518822	0.0	617.784461658417	46.382998923338455
225	46.07058913175385	10904.300294259574	641.2313557847697	0.0	616.6054092377734	46.07058913175385
226	45.65530249171899	10949.95559675129	641.9612354317189	0.0	618.2013385152953	45.65530249171899
227	44.663804499334475	10994.619401250626	640.7608376276697	0.0	620.3943629665063	44.663804499334475
228	46.9744644209081	11041.593865671533	639.0474051429333	0.0	624.0381036694749	46.9744644209081
229	46.61341451420524	11088.20728018574	641.1637536090581	0.0	629.5504589721131	46.61341451420524
230	46.797413267841996	11135.004693453582	643.1496287072403	0.0	629.6444501432918	46.797413267841996
231	47.622315642393886	11182.627009095975	644.7571050165008	0.0	633.6975134160497	47.622315642393886
232	47.59040314925258	11230.217412245234	647.0788746931609	0.0	637.9789117959102	47.59040314925258
233	45.323901134312045	11275.54131337954	647.3892617775983	0.0	638.3600684231365	45.323901134312045
234	47.032184731768794	11322.57349811131	649.7551043086901	0.0	641.0310563322959	47.032184731768794
235	46.80184247234882	11369.375340583658	650.3898031483982	0.0	643.0506693635529	46.80184247234882
236	46.441764143119954	11415.817104726772	653.8320645931141	0.0	647.0540043051511	46.441764143119954
237	45.54694073915338	11461.364045465925	654.546807944841	0.0	649.8615944113502	45.54694073915338
238	46.786624496136966	11508.150669962073	658.6683852007347	0.0	654.5620892610123	46.786624496136966
239	45.2780564287898	11553.428726390855	659.2376624095621	0.0	655.8707890318229	45.2780564287898
240	45.54600076435899	11598.974727155215	657.890031587519	0.0	657.0191854164287	45.54600076435899
241	46.84720407997139	11645.821931235194	659.0266061560086	0.0	657.2325445636077	46.84720407997139
242	45.93732402867857	11691.759255263865	657.2786322760295	0.0	658.331493330931	45.93732402867857
243	44.67805009886693	11736.437305362737	657.5032726700937	0.0	660.4244020834589	44.67805009886693
244	45.29260259641508	11781.729907959145	659.1328266736341	0.0	661.7378078578724	45.29260259641508
245	47.5654422301725	11829.295350189319	660.1406210355917	0.0	662.4042327090817	47.5654422301725
246	48.18772905979733	11877.483079249116	665.8284260164609	0.0	663.4394391306079	48.18772905979733
247	44.9731903125831	11922.456269561702	664.6452035086629	0.0	664.6318586624006	44.9731903125831
248	47.62274098652361	11970.079010548223	667.8406941553741	0.0	667.2077842908208	47.62274098652361
249	47.12923169522241	12017.208242243454	667.6160638062232	0.0	666.3189395618192	47.12923169522241
250	47.904273416371716	12065.112515659812	670.5982294715885	0.0	668.4175572384439	47.904273416371716
251	48.28339801306302	12113.39591367288	674.0321633626512	0.0	668.6499247789721	48.28339801306302
252	43.47331347237435	12156.869227145264	670.2795771072479	0.0	672.008432010443	43.47331347237435
253	47.77474159460657	12204.64396873987	674.4114150777892	0.0	674.4522921406522	47.77474159460657
254	49.858922174663945	12254.502890914531	680.6735108806696	0.0	672.6480908678049	49.858922174663945
255	48.83731035799904	12303.34020127253	684.1584363454995	0.0	674.9818356006585	48.83731035799904
256	48.6906929166179	12352.030894189142	686.588668619417	0.0	675.2514622800514	48.6906929166179
257	46.96142306822499	12398.992317257374	688.8135327817942	0.0	676.6833515491579	46.96142306822499
258	45.22971881199106	12444.222036069361	691.0813721986319	0.0	677.9733212422626	45.22971881199106
259	46.84090373255961	12491.062939801925	694.185057102908	0.0	679.8921720484155	46.84090373255961
260	47.06449335014462	12538.127433152069	699.2544595625533	0.0	683.4698375517771	47.06449335014462
261	44.93533451358913	12583.06276766565	700.7466310585494	0.0	683.0894763883555	44.93533451358913
262	46.690572798610866	12629.753340464265	703.2347393048885	0.0	684.3884002775685	46.690572798610866
263	48.339528395234694	12678.092868859503	705.641742030059	0.0	687.5978057523331	48.339528395234694
264	45.99251290547601	12724.085381764982	707.4598564687388	0.0	689.8257018059282	45.99251290547601
265	45.31931662269563	12769.404698387672	707.6240564122464	0.0	692.3578492589565	45.31931662269563
266	46.66384141788424	12816.068539805558	708.1167328467021	0.0	692.7513005482031	46.66384141788424
267	49.39661053478223	12865.465150340342	711.228232100195	0.0	695.2780072030656	49.39661053478223
268	48.64380723383595	12914.108957574177	714.5231271061383	0.0	698.030795111978	48.64380723383595
269	48.01178222375838	12962.120739797936	714.480531670039	0.0	697.828641825197	48.01178222375838
270	46.19611588866893	13008.3168556866	713.8410066555228	0.0	697.1885948151943	46.19611588866893
271	46.65897406253826	13054.975829749135	716.3888282970593	0.0	698.8579657783714	46.65897406253826
272	48.07892250305924	13103.054752252205	718.4115880152299	0.0	699.9022711771863	48.07892250305924
273	45.74268709057808	13148.79743934278	720.6299746669272	0.0	700.3186731679057	45.74268709057808
274	50.52688225256982	13199.324321595346	725.8134032425328	0.0	701.3535350736805	50.52688225256982
275	46.05829057985854	13245.382612175203	727.7981693905595	0.0	701.5465268983121	46.05829057985854
276	46.43754866590958	13291.82016084111	732.2628938299692	0.0	703.9706471782372	46.43754866590958
277	44.767996513161904	13336.588157354281	729.6990661917049	0.0	706.5632339593844	44.767996513161904
278	47.5064986712172	13384.094656025494	732.176794279592	0.0	710.0931752369112	47.5064986712172
279	47.9280928788661	13432.022748904352	734.7308685648379	0.0	713.0323125717923	47.9280928788661
280	48.112396654634885	13480.135145558994	740.0109309795896	0.0	710.754395132023	48.112396654634885
281	50.64855135492981	13530.783696913923	744.7349296061915	0.0	714.1853165784772	50.64855135492981
282	44.05438609071241	13574.838083004637	743.6771584512722	0.0	717.5217012410711	44.05438609071241
283	47.374011706885966	13622.212094711524	742.3970350004653	0.0	719.8632602025207	47.374011706885966
284	44.55909865982773	13666.771193371353	743.4080274410205	0.0	720.9287000035137	44.55909865982773
285	47.89459524397443	13714.665788615324	746.3327019924669	0.0	721.1962196412302	47.89459524397443
286	44.691377940085395	13759.357166555412	745.7389499872511	0.0	722.6976982690132	44.691377940085395
287	45.37687224396382	13804.734038799372	746.3544341974141	0.0	726.0052202734993	45.37687224396382
288	49.08972558690103	13853.823764386274	750.2495951798513	0.0	726.1444666603519	49.08972558690103
289	47.08424829054451	13900.908012676819	753.2561099785532	0.0	727.7965154633202	47.08424829054451
290	47.268383856730225	13948.176396533547	755.6392804330502	0.0	726.5169868297645	47.268383856730225
291	46.60237644799683	13994.778772981554	756.0550200528361	0.0	727.9551620592803	46.60237644799683
292	47.67078807937981	14042.449561060923	759.0280464762577	0.0	730.4999684729569	47.67078807937981
293	48.4079487000307	14090.857509760957	764.1054808966325	0.0	731.9532998853771	48.4079487000307
294	47.4273005606749	14138.284810321644	768.1872741672772	0.0	735.3037049102712	47.4273005606749
295	47.38148580046689	14185.666296122099	769.5206093901077	0.0	739.0530215674714	47.38148580046689
296	43.80155448187471	14229.467850603973	766.4608607647926	0.0	739.0937414221685	43.80155448187471
297	50.04653654735703	14279.514387151334	771.2909568362165	0.0	739.5195954466503	50.04653654735703
298	44.85639123707119	14324.370778388395	772.3003724479215	0.0	742.1560255413018	44.85639123707119
299	47.923392097773416	14372.294170486184	776.751317404208	0.0	744.0317810393344	47.923392097773416
300	46.827575216611976	14419.121745702787	777.4297875562177	0.0	747.4379216002426	46.827575216611976
301	46.196670115671914	14465.318415818461	778.4906477914949	0.0	749.0202787216285	46.196670115671914
302	45.792298185287976	14511.110714003744	777.6839448643037	0.0	757.8230772049635	45.792298185287976
303	47.21282966485893	14558.323543668606	780.8784776358887	0.0	761.6085894185853	47.21282966485893
304	46.95343408280029	14605.276977751413	778.8089147229872	0.0	761.2378658952505	46.95343408280029
305	46.30612241306456	14651.583100164475	781.0694525521167	0.0	765.2945769336355	46.30612241306456
306	46.90537182360969	14698.488471988087	781.9325821708393	0.0	768.2419352450742	46.90537182360969
307	44.289396801726134	14742.77786878981	778.9392496215376	0.0	768.1666089795897	44.289396801726134
308	47.99350127705359	14790.77137006686	784.5459501723753	0.0	768.9205540882127	47.99350127705359
309	47.77727218345127	14838.548642250309	786.7937476942639	0.0	768.9316551920996	47.77727218345127
310	47.62684922120889	14886.175491471524	790.0256029712765	0.0	767.979965974597	47.62684922120889
311	47.802843389641275	14933.978334861158	791.8440955100701	0.0	770.6318990248135	47.802843389641275
312	48.40381905259324	14982.382153913763	794.3882013688068	0.0	772.4732913051633	48.40381905259324
313	48.24079036128328	15030.622944275035	795.404140409144	0.0	774.3582168941915	48.24079036128328
314	47.008574642556596	15077.631518917598	795.9674595302728	0.0	775.7398381318725	47.008574642556596
315	47.05716857250098	15124.688687490097	796.8423143569354	0.0	775.2313654764446	47.05716857250098
316	46.88575209348529	15171.574439583579	800.5885954299757	0.0	776.1921605854175	46.88575209348529
317	47.27326408992954	15218.847703673513	802.5923921721534	0.0	775.9699511903974	47.27326408992954
318	44.7540590572547	15263.601762730768	800.8971943666531	0.0	778.6981519002057	44.7540590572547
319	46.52670333288055	15310.128466063647	802.3971817431644	0.0	782.5844295397746	46.52670333288055
320	45.59811351992552	15355.726579583576	801.4540450250722	0.0	784.7041958531393	45.59811351992552
321	46.7453504131093	15402.471929996687	801.9310028658125	0.0	786.0449145067736	46.7453504131093
322	48.31036176183939	15450.782291758516	806.2769656006961	0.0	789.9249001465998	48.31036176183939
323	46.705909786079786	15497.488201544598	806.7407390826671	0.0	792.3167904637809	46.705909786079786
324	45.18711488352996	15542.67531642814	806.0843751013542	0.0	799.4394891336427	45.18711488352996
325	43.9481965052964	15586.62351293343	804.7423341859701	0.0	800.8179351939574	43.9481965052964
326	46.76241012794197	15633.38592306137	807.6193391553974	0.0	802.1847863905539	46.76241012794197
327	45.81267503182025	15679.198598093188	807.3635402172896	0.0	805.9109365074512	45.81267503182025
328	46.343613854508966	15725.542211947693	806.820902812712	0.0	810.704422024273	46.343613854508966
329	46.10500569149301	15771.647217639193	806.5844429884147	0.0	812.325161297441	46.10500569149301
330	47.29523951783667	15818.942457157034	809.3306313869732	0.0	814.246993833526	47.29523951783667
331	46.31920193210446	15865.261659089125	811.2517563597788	0.0	815.340964470167	46.31920193210446
332	44.98211353977412	15910.243772628906	811.0710508980023	0.0	819.2766452533067	44.98211353977412
333	48.15951907301649	15958.403291701921	813.1413936319211	0.0	821.0541375702967	48.15951907301649
334	48.31209466779527	16006.715386369713	819.0793568332771	0.0	822.5459328032422	48.31209466779527
335	43.0686770664077	16049.784063436124	816.1165095533703	0.0	825.5779508772796	43.0686770664077
336	47.256889324398564	16097.040952760526	815.46297496635	0.0	826.5085781266198	47.256889324398564
337	46.30264542677814	16143.343598187295	816.0155123518499	0.0	827.5660280796478	46.30264542677814
338	48.36307284823438	16191.706671035536	817.1260258182219	0.0	831.0073671242925	48.36307284823438
339	47.564407519972846	16239.271078555517	818.1110163177145	0.0	834.3951890567449	47.564407519972846
340	48.67422354636928	16287.945302101878	821.9487988253911	0.0	840.3379717220672	48.67422354636928
341	47.25293286326419	16335.198234965143	824.6146098181042	0.0	839.3700975581385	47.25293286326419
342	46.69596955880183	16381.894204523944	828.7031573602409	0.0	840.5139781924012	46.69596955880183
343	46.009267851528264	16427.903472375467	828.3290361140554	0.0	840.1233490673072	46.009267851528264
344	47.3011795687692	16475.204651944245	828.2424376106356	0.0	842.1709125436801	47.3011795687692
345	45.623451389694736	16520.828103333944	828.6894363432333	0.0	844.1533205995581	45.623451389694736
346	47.1904208581286	16568.018524192066	832.1141446498294	0.0	847.4916646353432	47.1904208581286
347	46.79419827764458	16614.81272246971	834.5571483533016	0.0	848.7611883888861	46.79419827764458
348	47.2746637960132	16662.087386265724	834.871500246235	0.0	853.3599898746354	47.2746637960132
349	47.61699459446204	16709.70438086019	838.5614873703831	0.0	858.0672072921104	47.61699459446204
350	48.273384062990175	16757.97776492318	841.9199770288651	0.0	860.2951789806319	48.273384062990175
351	48.721673956242	16806.699438879426	846.7782183555904	0.0	861.2109812883091	48.721673956242
352	44.668024603409584	16851.36746348282	843.8664301771004	0.0	865.010813469256	44.668024603409584
353	48.96946329763613	16900.336926780456	848.0592922022443	0.0	866.3486276094433	48.96946329763613
354	47.226565491021844	16947.563492271496	848.7288064186521	0.0	868.0714104299694	47.226565491021844
355	46.490486582707106	16994.053978854194	851.0121913218369	0.0	871.5903171735448	46.490486582707106
356	45.52593227116403	17039.57991112535	850.3894602637303	0.0	872.6747554753622	45.52593227116403
357	46.23780290656751	17085.817714031924	851.5806772421379	0.0	877.8261386595559	46.23780290656751
358	47.463548863438945	17133.28126289537	853.3978912805392	0.0	879.2613225577991	47.463548863438945
359	47.59799043317534	17180.87925332854	853.2448030498653	0.0	880.1160647265119	47.59799043317534
360	46.00931565160059	17226.88856898014	852.5897827891012	0.0	881.8541227183263	46.00931565160059
361	45.498196126514074	17272.386765106643	854.1886342106361	0.0	884.6949621787554	45.498196126514074
362	46.93486423567801	17319.32162934233	853.0290766289874	0.0	886.5813869115067	46.93486423567801
363	48.22489408142842	17367.54652342376	856.2048639205037	0.0	890.7575377046561	48.22489408142842
364	45.10561880441528	17412.652142228173	856.0339546213401	0.0	893.7494318330947	45.10561880441528
365	45.28019898791769	17457.932341216096	858.03545474887	0.0	896.0621656934134	45.28019898791769
366	45.0799404498247	17503.012281665917	857.4125229020892	0.0	897.6892576293282	45.0799404498247
367	46.63626672123922	17549.648548387155	858.187856788982	0.0	897.2964428127566	46.63626672123922
368	47.08452480375467	17596.733073190924	860.7670469458334	0.0	902.962531806103	47.08452480375467
369	47.16848326849523	17643.90155645941	863.8364228318994	0.0	904.687063849419	47.16848326849523
370	44.212584323866395	17688.114140783266	862.2340412581973	0.0	903.4639171616925	44.212584323866395
371	44.29383600867273	17732.407976791932	858.4355843123931	0.0	905.2616922024702	44.29383600867273
372	48.000901552854145	17780.408878344802	860.3403995355663	0.0	906.1106006680827	48.000901552854145
373	48.41171426045009	17828.820592605258	862.8945923940983	0.0	904.6883158673971	48.41171426045009
374	46.39251351154021	17875.213106116793	860.7872896914655	0.0	906.4969717614465	46.39251351154021
375	45.815237565341064	17921.02834368213	862.213433941355	0.0	908.1281611514194	45.815237565341064
376	44.90709295314267	17965.935436635267	860.038727296203	0.0	908.9651004812098	44.90709295314267
377	45.27417212761075	18011.209608762885	859.3353881274772	0.0	912.1609201742257	45.27417212761075
378	46.13036510702582	18057.339973869904	857.2131665084415	0.0	911.3001162317726	46.13036510702582
379	48.06033713498758	18105.400311004898	861.0074316810056	0.0	913.8687163213357	48.06033713498758
380	47.9466221652289	18153.346933170134	863.47945952923	0.0	914.3431299807428	47.9466221652289
381	44.04909005061476	18197.396023220743	862.7937338732143	0.0	916.0551020442821	44.04909005061476
382	49.95492616015192	18247.350949380885	867.3951448433019	0.0	917.3932687544411	49.95492616015192
383	47.71779337490506	18295.068742755797	867.5149779314443	0.0	918.3026327272089	47.71779337490506
384	45.41841094565539	18340.487153701455	867.4610573315018	0.0	918.6109658307869	45.41841094565539
385	45.7694659868952	18386.256619688345	869.4499998008039	0.0	922.3492401621668	45.7694659868952
386	46.358387195720745	18432.615006884065	868.8427423339724	0.0	921.3121509572563	46.358387195720745
387	49.32001671591027	18481.93502359998	872.26653361081	0.0	923.8480963602831	49.32001671591027
388	46.85520936658139	18528.790232966563	874.2735439850807	0.0	924.8708789796775	46.85520936658139
389	47.62829896665664	18576.418531933206	876.1183792043998	0.0	927.5630830587434	47.62829896665664
390	47.15985650211908	18623.578388435337	877.3283044127196	0.0	931.0400456837282	47.15985650211908
391	48.384751632830806	18671.963140068165	879.2698339068005	0.0	931.0680146910244	48.384751632830806
392	47.20266403862316	18719.16580410679	881.874477841848	0.0	930.9938798621395	47.20266403862316
393	46.922520003795846	18766.088324110588	883.2955275127542	0.0	931.8808240498322	46.922520003795846
394	47.097755394941	18813.18607950553	884.7108751821422	0.0	933.9330510412804	47.097755394941
395	49.11432525452227	18862.30040476005	889.9347480478242	0.0	932.689562758006	49.11432525452227
396	48.71819412333768	18911.018598883395	891.2863168307656	0.0	934.9785511336568	48.71819412333768
397	45.657217755299556	18956.675816638686	890.461798395062	0.0	937.4612705126667	45.657217755299556
398	47.000545784536314	19003.67636242322	893.3787791384017	0.0	939.4603246818779	47.000545784536314
399	46.7258880214126	19050.402250444637	892.5800349845782	0.0	939.8424572393391	46.7258880214126
400	49.615712502934485	19100.017962947568	895.9479922615656	0.0	940.5671786825121	49.615712502934485
401	48.40848007280385	19148.426443020362	897.8488017410122	0.0	941.9847276627603	48.40848007280385
402	45.85337417448445	19194.279817194856	898.9663715897991	0.0	943.8075853037366	45.85337417448445
403	46.93491618444201	19241.214733379304	900.8855443233892	0.0	944.3954717172982	46.93491618444201
404	44.758782842120944	19285.97351622142	902.8201785786788	0.0	945.7650546936419	44.758782842120944
405	45.70698588776335	19331.680502109182	902.476438314106	0.0	947.112835225594	45.70698588776335
406	47.1692579331728	19378.849760042354	906.1570232604859	0.0	949.4816109237806	47.1692579331728
407	47.198526014309344	19426.048286056666	910.0524835277843	0.0	955.2386181209889	47.198526014309344
408	45.18860743770552	19471.236893494366	910.8332987210362	0.0	956.4398219562357	45.18860743770552
409	47.271724955858836	19518.50861845023	911.4879505314029	0.0	958.916012436086	47.271724955858836
410	45.604544782800076	19564.113163233036	912.0198723607723	0.0	964.2933749236022	45.604544782800076
411	48.32102907142019	19612.434192304456	916.4445687509676	0.0	969.1807274704946	48.32102907142019
412	45.70469140862473	19658.13888371309	918.6443783851596	0.0	968.0153681132565	45.70469140862473
413	48.35494287420341	19706.493826587273	920.7839684058289	0.0	970.4997586733707	48.35494287420341
414	46.123499837664795	19752.617326424937	921.0499334519436	0.0	972.4222450250663	46.123499837664795
415	46.25932763644807	19798.876654061387	921.3203857430995	0.0	973.7127933762574	46.25932763644807
416	48.20460887844456	19847.08126293984	923.9376015343518	0.0	975.6102592347802	48.20460887844456
417	48.152469868440505	19895.23373280828	925.9536525723879	0.0	976.1333894821563	48.152469868440505
418	46.857878201418586	19942.091611009688	929.065084637284	0.0	977.3393102359158	46.857878201418586
419	48.56127315531102	19990.65288416501	933.5824933056788	0.0	978.1545704397341	48.56127315531102
420	45.467483471198335	20036.12036763621	933.3393587504339	0.0	979.366476526419	45.467483471198335
421	45.63287140264707	20081.75323903885	933.0227148979751	0.0	978.301028434036	45.63287140264707
422	45.12467048653658	20126.87790952539	931.4619191366565	0.0	980.8835781853503	45.12467048653658
423	48.84006975020872	20175.717979275585	936.9153785890579	0.0	983.0499998237234	48.84006975020872
424	44.6818941771485	20220.399873452752	936.8557022176896	0.0	983.0679168461621	44.6818941771485
425	45.781600162678295	20266.18147361542	938.8126853040449	0.0	985.2685755427424	45.781600162678295
426	46.43401528486781	20312.61548890029	941.4415759658918	0.0	987.8447989337726	46.43401528486781
427	48.400231920086625	20361.015720820375	941.7276975405498	0.0	990.6008743391938	48.400231920086625
428	46.879790466008714	20407.895511286388	943.2030874284474	0.0	990.7945656664558	46.879790466008714
429	47.059145003772564	20454.95465629017	945.5586772368317	0.0	992.9411197824882	47.059145003772564
430	44.34202841292489	20499.296684703088	943.0956968663553	0.0	994.1425477042877	44.34202841292489
431	46.17788591692237	20545.47457062001	943.2809038828763	0.0	994.8814609089553	46.17788591692237
432	46.668313834904254	20592.142884454912	943.1978355386294	0.0	994.7576198525084	46.668313834904254
433	48.03700799693915	20640.179892451848	948.5598308111189	0.0	995.6846859256083	48.03700799693915
434	48.667748437181245	20688.84764088904	952.5091487688364	0.0	996.5524909289738	48.667748437181245
435	48.914052851270895	20737.761693740304	955.3579509492022	0.0	999.4075096040273	48.914052851270895
436	45.973435366525365	20783.73512910683	959.8791720781385	0.0	1002.2589951440152	45.973435366525365
437	45.05372238757832	20828.788851494402	960.7177848448287	0.0	1003.5230845348837	45.05372238757832
438	45.734522055246295	20874.523373549655	960.00357508894	0.0	1005.4521267793604	45.734522055246295
439	46.04871144175627	20920.572084991403	962.0550698788838	0.0	1007.1889521341712	46.04871144175627
440	46.2857011639597	20966.857786155364	963.7861120973205	0.0	1011.4499512915706	46.2857011639597
441	46.58459785073588	21013.442384006103	963.9684641246978	0.0	1012.921106882163	46.58459785073588
442	48.354864834580646	21061.79724884068	968.8126194630829	0.0	1016.055089143631	48.354864834580646
443	46.84541442106111	21108.642663261755	971.2248663406052	0.0	1017.700009902267	46.84541442106111
444	47.41581360632807	21156.058476868067	974.0312599635124	0.0	1019.0224332011729	47.41581360632807
445	44.21932167366694	21200.27779854174	972.1830831365229	0.0	1019.4987749623984	44.21932167366694
446	47.94205197473339	21248.21985051648	975.1814512583701	0.0	1023.0182560077546	47.94205197473339
447	45.20084331503653	21293.42069383152	974.8780137986769	0.0	1023.2046068600844	45.20084331503653
448	46.49943494640348	21339.92012877791	974.8713893634726	0.0	1024.7460343203395	46.49943494640348
449	46.22005876794421	21386.14018754585	975.3627010257948	0.0	1029.5956967129086	46.22005876794421
450	47.05600456165702	21433.196192107516	976.4836134755269	0.0	1030.8975538906504	47.05600456165702
451	46.56226206768059	21479.75845417521	979.3314087184996	0.0	1031.6820467456178	46.56226206768059
452	45.865599696842494	21525.624053872027	978.875869425668	0.0	1030.9861808367125	45.865599696842494
453	47.06857726728517	21572.69263113932	981.2280508022959	0.0	1032.8708169509775	47.06857726728517
454	46.304939703250156	21618.997570842574	978.7451148575683	0.0	1034.7352175188664	46.304939703250156
455	48.416474429584234	21667.414045272166	981.6425384529019	0.0	1037.6809128566686	48.416474429584234
456	47.52700402196544	21714.941049294128	985.4914315446949	0.0	1040.3848213354236	47.52700402196544
457	45.460917150388866	21760.40196644452	989.1121014679085	0.0	1042.9095326511056	45.460917150388866
458	49.24822015043979	21809.650186594947	991.8124069968096	0.0	1044.0505592029415	49.24822015043979
459	46.12823440837779	21855.778421003335	991.3447926169378	0.0	1043.2645615788774	46.12823440837779
460	46.90510029688839	21902.683521300223	993.1084869266747	0.0	1043.5790884238277	46.90510029688839
461	48.30088071054117	21950.984402010763	995.8047061893731	0.0	1045.7066256854064	48.30088071054117
462	44.94379329139416	21995.92819530216	993.569122868009	0.0	1049.1775013843035	44.94379329139416
463	46.40196969442048	22042.33016499657	993.0957229338925	0.0	1052.2761784914571	46.40196969442048
464	47.17705048302115	22089.507215479603	993.2379426364126	0.0	1052.9082819472087	47.17705048302115
465	46.66713327454798	22136.17434875414	995.7837118568074	0.0	1057.0846855996804	46.66713327454798
466	44.80392440211553	22180.978273156263	993.096167634743	0.0	1059.7205247784477	44.80392440211553
467	47.33346494675203	22228.311738103013	995.3191167030094	0.0	1063.8734683200764	47.33346494675203
468	48.74611068943639	22277.057848792454	998.4908822591734	0.0	1064.7754773022368	48.74611068943639
469	45.917394290809874	22322.975243083252	1000.4712924209775	0.0	1067.0487405201034	45.917394290809874
470	46.69961980830594	22369.674862891556	1000.4044128263812	0.0	1066.3132732196789	46.69961980830594
471	47.22746291047357	22416.902325802046	1004.4697516728752	0.0	1069.4070811479155	47.22746291047357
472	45.52013742013397	22462.42246322217	1004.055638309334	0.0	1070.5034805698456	45.52013742013397
473	48.440748363910046	22510.863211586086	1008.3377181133443	0.0	1069.432334352715	48.440748363910046
474	46.985027641588324	22557.848239227675	1012.1921768708556	0.0	1070.6458237394909	46.985027641588324
475	47.148987887270714	22604.997227114938	1014.0759339117201	0.0	1073.978246245767	47.148987887270714
476	45.34692770519225	22650.344154820126	1008.0423506235841	0.0	1075.993110019184	45.34692770519225
477	45.219802865468765	22695.563957685605	1008.8142266176214	0.0	1075.781205321551	45.219802865468765
478	47.8164227303901	22743.380380415994	1009.6302916819711	0.0	1077.055666056221	47.8164227303901
479	45.96477895453311	22789.345159370525	1010.0236333496479	0.0	1077.4889208662498	45.96477895453311
480	45.57479899734222	22834.919958367856	1010.645152811964	0.0	1078.020717613859	45.57479899734222
481	45.795827176846245	22880.715785544715	1011.2127733085016	0.0	1081.364268438735	45.795827176846245
482	45.99504428092274	22926.710829825653	1013.0646777772827	0.0	1081.4607019907087	45.99504428092274
483	47.477128245426044	22974.18795807107	1015.2005009676266	0.0	1082.808448349442	47.477128245426044
484	46.144730801767366	23020.332688872822	1018.9693395042145	0.0	1083.348994394441	46.144730801767366
485	47.6609089557975	23067.99359782862	1022.4791413773917	0.0	1082.6406239101543	47.6609089557975
486	46.82613241674569	23114.819730245377	1023.5158673958681	0.0	1082.7696799975263	46.82613241674569
487	47.19032470305968	23162.010054948427	1026.8022097028352	0.0	1085.7264775638246	47.19032470305968
488	45.145775022480954	23207.155829970907	1025.8974109156356	0.0	1088.4217993678105	45.145775022480954
489	47.726440327936395	23254.882270298847	1028.0381004658127	0.0	1095.4159843452057	47.726440327936395
490	47.10921969761573	23301.991489996464	1028.9248662722266	0.0	1095.6682118545912	47.10921969761573
491	46.29480957673201	23348.28629957319	1029.8259361138603	0.0	1095.8908897436559	46.29480957673201
492	47.49701343636706	23395.783313009568	1028.9079577337636	0.0	1095.6645705954259	47.49701343636706
493	48.66461329473025	23444.447926304285	1030.1941689029327	0.0	1096.3816836634028	48.66461329473025
494	47.67595875412065	23492.12388505842	1031.8126986684697	0.0	1100.790247515568	47.67595875412065
495	45.258512492692226	23537.38239755112	1029.486307226635	0.0	1101.1428331373854	45.258512492692226
496	45.983292334841195	23583.36568988595	1029.1064522057263	0.0	1099.7225112685771	45.983292334841195
497	49.29214232170135	23632.657832207646	1036.3567599776702	0.0	1104.6042309926718	49.29214232170135
498	46.89962301948528	23679.557455227132	1039.1713480301514	0.0	1107.7439767682881	46.89962301948528
499	44.18190975010745	23723.73936497724	1041.823042615089	0.0	1109.080169512661	44.18190975010745
500	48.0740241835999	23771.81338916085	1043.9428483875702	0.0	1111.9561427912502	48.0740241835999
501	46.51712466670523	23818.330513827557	1047.7225168213438	0.0	1111.8047494267387	46.51712466670523
502	47.28255716137498	23865.61307098893	1049.8176371542772	0.0	1111.8862514708587	47.28255716137498
503	45.65140615781179	23911.264477146746	1048.1298977208655	0.0	1110.4027103144986	45.65140615781179
504	48.30498483427952	23959.569461981017	1051.6980767192124	0.0	1112.3490531667812	48.30498483427952
505	49.727676808620515	24009.297138789632	1055.1495911530196	0.0	1114.2037620183594	49.727676808620515
506	48.13265516170838	24057.42979395135	1055.1495911530196	0.0	1113.5529077838457	48.13265516170838
