task	reward	total_reward	total_regret	relative	total_reward_dev	joules
0	50.73970747147297	50.73970747147297	12.763367307211574	0.0	34.266008893408696	50.73970747147297
1	47.61486900157527	98.35457647304827	22.47923040527418	0.0	47.92228089951916	47.61486900157527
2	55.772520848111114	154.12709732115943	41.671870459562385	0.0	55.30722903933627	55.772520848111114
3	60.18041090615263	214.30750822731196	62.95291693160307	0.0	67.91634150637127	60.18041090615263
4	55.641577209029485	269.94908543634153	81.42758691110858	0.0	75.97558661781035	55.641577209029485
5	61.469946460981106	331.41903189732255	104.86891439830774	0.0	84.89127324846551	61.469946460981106
6	53.141116510754	384.5601484080765	119.54685207934541	0.0	94.58556612371486	53.141116510754
7	62.021699377589776	446.58184778566664	144.47479704575036	0.0	107.46015055711649	62.021699377589776
8	58.72463116869435	505.30647895436067	163.85946551368588	0.0	114.42099253667227	58.72463116869435
9	66.59060982748748	571.8970887818483	191.52615079758039	0.0	119.87164666757813	66.59060982748748
10	63.28385432388266	635.1809431057306	217.84681874806793	0.0	122.42557840685299	63.28385432388266
11	74.15142776625689	709.3323708719882	252.59402177528176	0.0	132.04388541136626	74.15142776625689
12	59.06787502832865	768.4002459003162	273.2631367498398	0.0	140.10339329194127	59.06787502832865
13	64.84947897120837	833.2497248715248	300.9959732986545	0.0	149.38233031488338	64.84947897120837
14	66.01054955894247	899.2602744304671	330.4086388265738	0.0	149.00998074329507	66.01054955894247
15	70.42153019888238	969.6818046293494	362.24677720538966	0.0	151.66215420633043	70.42153019888238
16	69.80409292133055	1039.4858975506804	392.5875976750373	0.0	154.03004702935266	69.80409292133055
17	64.82819685519925	1104.3140944058791	420.22562235616823	0.0	159.82183721796503	64.82819685519925
18	56.881188580630976	1161.1952829865102	439.76473042270777	0.0	162.95186197125844	56.881188580630976
19	64.12217153188926	1225.3174545183997	466.6396743413477	0.0	180.4316103625028	64.12217153188926
20	75.6600348245835	1300.9774893429828	504.08708788070317	0.0	182.56918316441244	75.6600348245835
21	77.92728156375905	1378.9047709067424	544.8775581362765	0.0	186.93882517277677	77.92728156375905
22	81.03374099078137	1459.9385118975229	588.8449344876235	0.0	192.15729505012146	81.03374099078137
23	81.56720500822694	1541.5057169057502	632.787242288158	0.0	192.60201128416998	81.56720500822694
24	57.29789244377848	1598.8036093495286	651.9839901565739	0.0	194.07629175173489	57.29789244377848
25	65.84429804820434	1664.6479073977325	680.81246054343	0.0	202.29786623323128	65.84429804820434
26	55.7880614309056	1720.435968828639	697.7313703792663	0.0	207.7536829047801	55.7880614309056
27	64.10069547055542	1784.536664299194	724.7167882248327	0.0	208.41335955791163	64.10069547055542
28	58.53393627880303	1843.0706005779969	746.8421412925268	0.0	210.12433189832996	58.53393627880303
29	55.7629675107743	1898.8335680887708	765.3535628459077	0.0	213.196464911784	55.7629675107743
30	56.35826428733999	1955.1918323761117	783.5934402307377	0.0	216.60012228004666	56.35826428733999
31	67.89335130190896	2023.0851836780191	814.3313974401457	0.0	217.4086774246711	67.89335130190896
32	57.65236655935093	2080.7375502373707	835.1123582199249	0.0	220.74282316661217	57.65236655935093
33	63.83946843246304	2144.577018669834	860.5825666881783	0.0	225.77155292339756	63.83946843246304
34	55.02079784169811	2199.597816511532	878.2360774677578	0.0	232.66006270959974	55.02079784169811
35	59.78041795429929	2259.3782344658316	901.3893517349683	0.0	234.8230075488852	59.78041795429929
36	62.63363555487815	2322.011870020709	926.4100296962654	0.0	237.3620810485821	62.63363555487815
37	54.017475540898104	2376.029345561609	942.7523838472142	0.0	237.96479535168686	54.017475540898104
38	59.3839941925664	2435.4133397541736	964.5637087690219	0.0	242.3273638753729	59.3839941925664
39	61.714075757090804	2497.127415511266	988.6287121518711	0.0	244.3384767039978	61.714075757090804
40	66.20719626522573	2563.3346117764904	1017.0049446886576	0.0	246.33100942301928	66.20719626522573
41	56.516801755842515	2619.851413532333	1036.5560101146789	0.0	254.85994227305812	56.516801755842515
42	58.29211156603376	2678.143525098367	1056.5936968349242	0.0	261.33783194166364	58.29211156603376
43	61.624801377696876	2739.7683264760626	1080.3634347338202	0.0	257.8426392707666	61.624801377696876
44	60.938063215219316	2800.7063896912823	1103.8413089429048	0.0	264.8394700166125	60.938063215219316
45	55.91395960527568	2856.6203492965583	1121.7258730444005	0.0	272.65849797791566	55.91395960527568
46	56.14772821585809	2912.7680775124154	1141.7553114108005	0.0	278.0849847498286	56.14772821585809
47	63.57819505181444	2976.3462725642325	1168.8259666063634	0.0	285.7300314181741	63.57819505181444
48	56.04266850679668	3032.388941071027	1187.0504755677266	0.0	287.66444658120355	56.04266850679668
49	53.858330643056654	3086.247271714083	1204.144156254755	0.0	292.20745239430727	53.858330643056654
50	57.332869832925866	3143.5801415470096	1224.9127639873666	0.0	302.75089573885975	57.332869832925866
51	60.7370233814808	3204.317164928492	1249.313102272552	0.0	311.0835193260895	60.7370233814808
52	60.33784536176013	3264.655010290252	1271.0545592139051	0.0	317.09438809155847	60.33784536176013
53	59.78477627666072	3324.439786566912	1291.9503503499268	0.0	319.3035533474175	59.78477627666072
54	61.222872248024096	3385.662658814935	1315.567005695795	0.0	316.71389863248044	61.222872248024096
55	57.60051079605649	3443.2631696109906	1335.3428991909784	0.0	317.9264544290139	57.60051079605649
56	59.72312856034588	3502.9862981713354	1358.0493685213366	0.0	318.2168029461489	59.72312856034588
57	55.24384396357196	3558.2301421349093	1375.246049760532	0.0	322.12683377476196	55.24384396357196
58	65.32689029863084	3623.5570324335395	1405.319171075075	0.0	331.86051219606344	65.32689029863084
59	60.254620523047876	3683.811652956588	1427.6123246500738	0.0	339.37420232493076	60.254620523047876
60	60.12203388423193	3743.9336868408204	1450.5113581787175	0.0	342.48532448178435	60.12203388423193
61	59.62990321305979	3803.5635900538805	1473.1043241723369	0.0	355.44995666222616	59.62990321305979
62	52.010439205530645	3855.574029259409	1486.5707167976125	0.0	355.2717532316184	52.010439205530645
63	58.503859924862475	3914.077889184274	1507.5838320150733	0.0	353.2763187846942	58.503859924862475
64	56.853738714832126	3970.9316278991055	1527.4145336696101	0.0	354.2739072484926	56.853738714832126
65	57.86856606124686	4028.8001939603505	1547.7607409291747	0.0	362.2727221843471	57.86856606124686
66	60.023271036153055	4088.8234649965075	1569.1954535741784	0.0	360.2446215009793	60.023271036153055
67	52.618560204574116	4141.44202520108	1582.9196467984768	0.0	366.5096864591847	52.618560204574116
68	60.94599980296887	4202.388025004047	1607.0542143873076	0.0	375.0975231481915	60.94599980296887
69	58.762739899363744	4261.150764903411	1627.9075335702023	0.0	378.499228457704	58.762739899363744
70	55.33671629398919	4316.4874811974	1645.6525052935294	0.0	383.66397317682316	55.33671629398919
71	57.265079400200584	4373.7525605976	1665.9477492203164	0.0	390.7534279690249	57.265079400200584
72	62.66003731016394	4436.412597907765	1692.7935451504172	0.0	388.5313549759762	62.66003731016394
73	60.63419262871704	4497.046790536484	1715.565112340192	0.0	390.01529888213867	60.63419262871704
74	56.18357203786949	4553.2303625743525	1734.7430023267173	0.0	395.9069383294485	56.18357203786949
75	51.42216859183165	4604.6525311661835	1747.8071176546746	0.0	402.71289087253535	51.42216859183165
76	63.34766584561035	4668.000197011794	1774.2596488317195	0.0	413.77539433238945	63.34766584561035
77	58.20115937680333	4726.201356388598	1795.9245305198494	0.0	422.05451353906335	58.20115937680333
78	52.90115937673485	4779.102515765332	1812.0519728874665	0.0	427.30665657094727	52.90115937673485
79	61.99494802469508	4841.097463790028	1835.8383687633675	0.0	434.44017331244214	61.99494802469508
80	53.98349540423781	4895.080959194266	1853.784725775356	0.0	442.38701076564655	53.98349540423781
81	53.02966256908872	4948.110621763355	1870.0792853251723	0.0	449.82095204350543	53.02966256908872
82	55.70513689155577	5003.81575865491	1887.2440227054979	0.0	454.09030672110896	55.70513689155577
83	54.81625103147816	5058.6320096863865	1905.0689301276757	0.0	460.0176128940334	54.81625103147816
84	53.54738189061541	5112.179391577005	1920.5617019033216	0.0	466.87386051282243	53.54738189061541
85	59.327425117098564	5171.506816694103	1940.8485006892688	0.0	473.0950192552817	59.327425117098564
86	58.47845592551085	5229.985272619613	1961.5220634875911	0.0	474.822739776264	58.47845592551085
87	60.91274640557978	5290.898019025193	1984.126548864785	0.0	480.5007015103117	60.91274640557978
88	64.58462993948223	5355.482648964675	2011.403134786358	0.0	492.69796643112625	64.58462993948223
89	59.17230486646269	5414.654953831142	2032.8466860175604	0.0	498.21527872918307	59.17230486646269
90	59.39658491436045	5474.051538745498	2054.363584955968	0.0	505.8101712004566	59.39658491436045
91	55.073646214398316	5529.1251849598975	2073.895906347746	0.0	510.8602065229018	55.073646214398316
92	53.609193073992465	5582.734378033891	2089.164890047293	0.0	516.1893169787385	53.609193073992465
93	54.37346588807633	5637.1078439219655	2105.914007933053	0.0	523.7724151938475	54.37346588807633
94	57.83851516587083	5694.94635908784	2125.997695174156	0.0	530.1791344564804	57.83851516587083
95	55.04919391552747	5749.995553003366	2143.1034135931745	0.0	530.2614740215681	55.04919391552747
96	66.61614425027157	5816.611697253638	2171.6767451824567	0.0	536.7076513446647	66.61614425027157
97	61.26779584884112	5877.87949310248	2194.2481648263824	0.0	547.3614853781883	61.26779584884112
98	59.45214361724752	5937.331636719723	2214.5123213472616	0.0	556.9490579747367	59.45214361724752
99	62.69338068063159	6000.025017400359	2239.8738689154484	0.0	563.3672859818738	62.69338068063159
100	60.72038828636032	6060.745405686719	2261.253712010347	0.0	571.0689368427584	60.72038828636032
101	62.09713554626721	6122.842541232981	2285.3689174309807	0.0	570.8146356269605	62.09713554626721
102	57.74920874035882	6180.591749973344	2305.8629547613473	0.0	577.8210365757437	57.74920874035882
103	61.309768003912005	6241.901517977256	2329.8412331214117	0.0	580.5133019535547	61.309768003912005
104	55.800186019363736	6297.701703996622	2347.876971099652	0.0	579.4160948227559	55.800186019363736
105	55.389749299807775	6353.091453296429	2365.099961098161	0.0	587.6961390476612	55.389749299807775
106	61.80392200262386	6414.895375299052	2388.3424742699053	0.0	589.2661207275185	61.80392200262386
107	61.186095689504306	6476.081470988558	2412.6876623958224	0.0	598.2169839466765	61.186095689504306
108	60.661232102504634	6536.742703091058	2436.6965120680343	0.0	604.5721961733032	60.661232102504634
109	63.8139873917051	6600.556690482763	2464.6325209626843	0.0	611.6897784001762	63.8139873917051
110	54.72419495641603	6655.28088543918	2482.607381475623	0.0	615.1288123616343	54.72419495641603
111	64.1095412987566	6719.390426737942	2509.408276354523	0.0	623.7697462062447	64.1095412987566
112	55.687865779190226	6775.078292517132	2527.6743929541967	0.0	631.9298917813746	55.687865779190226
113	57.85749604005859	6832.935788557188	2546.6636114824655	0.0	638.5016809753586	57.85749604005859
114	66.901207210721	6899.836995767907	2575.632010199174	0.0	646.3808011488487	66.901207210721
115	54.1401444052377	6953.977140173146	2591.2905675184393	0.0	646.8534772923322	54.1401444052377
116	65.6260171125272	7019.603157285673	2620.643645680296	0.0	659.9431665044092	65.6260171125272
117	61.126031283667935	7080.729188569342	2641.8048426647238	0.0	666.0435703962938	61.126031283667935
118	55.6983306424482	7136.427519211789	2659.992668862168	0.0	669.7122382447113	55.6983306424482
119	55.762349038235655	7192.189868250029	2677.5025138015144	0.0	671.8804423342114	55.762349038235655
120	59.07099328607848	7251.260861536104	2699.200847906686	0.0	677.1430018014267	59.07099328607848
121	57.784582901955986	7309.045444438059	2720.3572792517043	0.0	678.5216903555623	57.784582901955986
122	61.706063681579565	7370.751508119642	2743.5543095675794	0.0	678.1112604789482	61.706063681579565
123	57.773271577413546	7428.524779697053	2763.12831571245	0.0	683.4620709333747	57.773271577413546
124	60.91410862345998	7489.438888320516	2786.794725928686	0.0	688.7037152698086	60.91410862345998
125	56.881192490571095	7546.320080811086	2806.9141636584122	0.0	695.693972388582	56.881192490571095
126	58.78540327258836	7605.10548408367	2827.620080330473	0.0	698.7969381547216	58.78540327258836
127	62.93546021982619	7668.040944303495	2852.5124692473114	0.0	701.5018298674881	62.93546021982619
128	60.61528560887188	7728.65622991237	2875.342666525477	0.0	708.7221706313893	60.61528560887188
129	60.017458577297674	7788.673688489665	2897.517120834637	0.0	718.6419484002421	60.017458577297674
130	59.76116249173108	7848.4348509814	2920.1140757225403	0.0	724.3325661911887	59.76116249173108
131	56.98221009440352	7905.417061075806	2939.7166024687267	0.0	731.8170562391299	56.98221009440352
132	54.98580074369432	7960.4028618195	2956.6391230149725	0.0	736.5391595923554	54.98580074369432
133	51.95514192184945	8012.35800374135	2972.0351182359755	0.0	744.4959874732848	51.95514192184945
134	60.04695690032038	8072.404960641664	2993.350537740658	0.0	746.4937400488843	60.04695690032038
135	56.09363729977858	8128.498597941446	3012.30447256625	0.0	749.567983110196	56.09363729977858
136	58.138301730303546	8186.6368996717465	3033.0751612462523	0.0	756.3624937571046	58.138301730303546
137	58.54005622852706	8245.176955900275	3052.4593339038656	0.0	766.1297809600029	58.54005622852706
138	62.06251789423044	8307.239473794507	3077.5593041330076	0.0	763.0523115349539	62.06251789423044
139	66.78763001223952	8374.027103806744	3106.1225006490045	0.0	769.4352620158847	66.78763001223952
140	61.527663194019894	8435.554767000769	3131.1368298495468	0.0	773.531829167187	61.527663194019894
141	58.9075541226882	8494.462321123456	3152.4114237500125	0.0	772.729422107717	58.9075541226882
142	61.26444730343298	8555.726768426883	3176.5348306312662	0.0	776.4879065732309	61.26444730343298
143	60.558332999731675	8616.285101426616	3199.310810913351	0.0	785.1020963590299	60.558332999731675
144	67.17665485162281	8683.46175627824	3228.057934674734	0.0	787.5222973304476	67.17665485162281
145	55.70558204743968	8739.167338325677	3245.6552371607727	0.0	789.5616675923554	55.70558204743968
146	52.37795694589204	8791.545295271573	3258.745306749051	0.0	792.9762005807656	52.37795694589204
147	59.12603671449477	8850.671331986065	3278.7534497778583	0.0	799.577209493601	59.12603671449477
148	58.70666761884208	8909.377999604914	3298.5772567443164	0.0	802.0934220861711	58.70666761884208
149	55.686553074536484	8965.064552679443	3316.025845950806	0.0	808.856740807993	55.686553074536484
150	63.982581623614806	9029.047134303059	3341.297457628996	0.0	814.5883099722984	63.982581623614806
151	55.645475382283614	9084.692609685346	3360.165159034576	0.0	820.2303639984667	55.645475382283614
152	56.70146391000936	9141.394073595357	3378.526997522727	0.0	823.8618243951905	56.70146391000936
153	50.393026262667064	9191.78709985802	3390.157364842908	0.0	828.7529127642159	50.393026262667064
154	61.87949959770417	9253.666599455724	3414.063406611208	0.0	834.4703140903235	61.87949959770417
155	61.73333113966051	9315.399930595384	3437.429491415166	0.0	839.3584036468648	61.73333113966051
156	61.366109076123514	9376.766039671511	3461.600681096768	0.0	848.7018410412317	61.366109076123514
157	58.51010236934988	9435.27614204086	3483.704194802622	0.0	856.7802274157502	58.51010236934988
158	60.070860471471406	9495.34700251233	3505.5917243252998	0.0	864.6077964715763	60.070860471471406
159	54.791194034694215	9550.138196547025	3523.1006641633894	0.0	871.8919524234489	54.791194034694215
160	59.64535318753756	9609.78354973456	3546.064081709728	0.0	873.0914545673493	59.64535318753756
161	57.0306150214631	9666.814164756022	3564.788157028468	0.0	875.5607162758995	57.0306150214631
162	57.493353899442106	9724.307518655467	3584.5974359405577	0.0	884.1483682632794	57.493353899442106
163	57.0587704099341	9781.366289065392	3604.196337146689	0.0	885.8129326662385	57.0587704099341
164	54.54789195132503	9835.91418101672	3620.4552625876513	0.0	893.0154348958545	54.54789195132503
165	58.433897993018	9894.348079009744	3640.1898598309476	0.0	900.1104308700745	58.433897993018
166	58.43275998223052	9952.780838991974	3661.042117963913	0.0	905.0715315340194	58.43275998223052
167	61.0337496893789	10013.814588681353	3685.3298596653067	0.0	915.8054968091199	61.0337496893789
168	60.68224852534464	10074.496837206698	3708.8428994454966	0.0	920.7672000508614	60.68224852534464
169	65.92739512700777	10140.424232333702	3736.1595905918484	0.0	929.7368340084482	65.92739512700777
170	58.0623139815718	10198.486546315271	3755.4138232540254	0.0	935.0802481627203	58.0623139815718
171	58.72009839537247	10257.20664471065	3775.848435631006	0.0	941.7249376157349	58.72009839537247
172	56.093711804277234	10313.300356514923	3794.980925608649	0.0	941.1561955852743	56.093711804277234
173	57.74452771512977	10371.044884230052	3814.744831656673	0.0	949.912717217956	57.74452771512977
174	62.14856270501512	10433.19344693507	3840.3264194168364	0.0	947.801254628954	62.14856270501512
175	56.207248867796785	10489.40069580286	3857.486159075725	0.0	960.4459637793593	56.207248867796785
176	58.8396877723746	10548.24038357524	3877.687514904885	0.0	965.6903250269554	58.8396877723746
177	61.5119597788407	10609.752343354081	3900.5775144188956	0.0	967.82548087204	61.5119597788407
178	57.22014267967566	10666.972486033756	3920.0717210163766	0.0	968.7788511929806	57.22014267967566
179	51.50078877635976	10718.473274810116	3931.754531503377	0.0	974.8689502072668	51.50078877635976
180	61.90859933662126	10780.381874146731	3956.6369711848088	0.0	977.9827141866913	61.90859933662126
181	56.39656276513685	10836.778436911876	3973.3248989877557	0.0	984.1714886613166	56.39656276513685
182	55.35554548615355	10892.133982398025	3990.0643924625647	0.0	986.5246169411121	55.35554548615355
183	64.10996341296863	10956.243945810993	4017.336211236428	0.0	986.4167900164682	64.10996341296863
184	63.24012525758122	11019.484071068573	4042.648220588198	0.0	986.9873254684416	63.24012525758122
185	62.66845525458464	11082.152526323165	4066.760634258689	0.0	989.8233637977532	62.66845525458464
186	58.85921687753677	11141.0117432007	4088.025988594766	0.0	1002.933136633785	58.85921687753677
187	54.72893970385874	11195.740682904552	4106.600055117031	0.0	1011.9837575955447	54.72893970385874
188	63.348851114868395	11259.08953401942	4130.735598891031	0.0	1022.9995602239791	63.348851114868395
189	56.28024894299679	11315.36978296242	4148.181881661943	0.0	1031.2133118541276	56.28024894299679
190	61.848262176123605	11377.218045138543	4171.848428386423	0.0	1035.1395137333864	61.848262176123605
191	60.14530585575178	11437.363350994296	4193.092201508383	0.0	1037.2193314215504	60.14530585575178
192	56.89417066859613	11494.257521662888	4212.346385268363	0.0	1043.9874655658095	56.89417066859613
193	59.22292947359467	11553.480451136487	4234.135682287451	0.0	1044.1639990254316	59.22292947359467
194	57.00903409490639	11610.489485231392	4253.809638095997	0.0	1054.1654177035707	57.00903409490639
195	56.92523165729761	11667.41471688869	4272.3666834245905	0.0	1057.6123186546201	56.92523165729761
196	54.46956133408327	11721.884278222778	4287.6499486851935	0.0	1064.004903171571	54.46956133408327
197	62.82508391980293	11784.709362142577	4312.38890688912	0.0	1062.0497804931715	62.82508391980293
198	58.243099976039275	11842.952462118617	4332.936901910106	0.0	1075.9640026608565	58.243099976039275
199	58.56606668582457	11901.51852880444	4354.040519911865	0.0	1081.1327956177076	58.56606668582457
200	57.13574776246524	11958.654276566902	4372.190062601482	0.0	1088.3429657869674	57.13574776246524
201	51.65514070637673	12010.309417273285	4387.235226276167	0.0	1096.1268985345562	51.65514070637673
202	60.797848953080745	12071.107266226365	4409.458819938224	0.0	1100.7030082581734	60.797848953080745
203	58.8837996525078	12129.991065878865	4429.620346801139	0.0	1106.2020103155944	58.8837996525078
204	58.77191540408869	12188.762981282956	4452.438708117377	0.0	1113.4081841980403	58.77191540408869
205	64.50232130956901	12253.265302592525	4478.960581967793	0.0	1125.6132959138665	64.50232130956901
206	58.24657087754693	12311.511873470074	4500.193889522419	0.0	1127.216936244744	58.24657087754693
207	62.09106307544763	12373.602936545522	4524.702253983005	0.0	1131.2713441926824	62.09106307544763
208	56.49937037517956	12430.102306920702	4544.5839198586555	0.0	1132.969865202359	56.49937037517956
209	57.18467328538287	12487.286980206083	4564.940506046613	0.0	1137.19059017685	57.18467328538287
210	56.20592565337647	12543.492905859463	4582.044548073039	0.0	1145.0366138972727	56.20592565337647
211	56.70822237416507	12600.201128233623	4600.378446383174	0.0	1148.8563411716689	56.70822237416507
212	60.816912383619055	12661.018040617246	4622.55009119078	0.0	1155.0022332836925	60.816912383619055
213	58.67128132970961	12719.689321946953	4644.486860127236	0.0	1154.4144150259854	58.67128132970961
214	58.804189323151114	12778.493511270099	4665.463452706216	0.0	1154.4262929567012	58.804189323151114
215	54.352687140955304	12832.846198411058	4679.466356997512	0.0	1158.9744795751894	54.352687140955304
216	54.34952828021019	12887.195726691265	4694.369269630982	0.0	1162.0311565559043	54.34952828021019
217	61.90462895355431	12949.100355644818	4719.044371964483	0.0	1163.7271381332173	61.90462895355431
218	59.977775853774325	13009.078131498596	4741.011807115088	0.0	1176.296307090622	59.977775853774325
219	64.93897367666274	13074.017105175262	4768.538579753667	0.0	1177.8695741419722	64.93897367666274
220	49.06473585216393	13123.081841027415	4780.361497456514	0.0	1183.8680488874952	49.06473585216393
221	57.00647894494713	13180.088319972372	4800.449752385981	0.0	1187.8501177691487	57.00647894494713
222	51.94117019823017	13232.029490170598	4816.406119798479	0.0	1192.6375587384143	51.94117019823017
223	55.71876851038263	13287.748258680987	4835.375518407569	0.0	1198.1334875114296	55.71876851038263
224	58.083028146848875	13345.831286827826	4856.683217081071	0.0	1199.3185248232278	58.083028146848875
225	57.860014458424295	13403.69130128626	4876.261586373339	0.0	1206.206083404134	57.860014458424295
226	54.0406987700017	13457.732000056261	4892.207468593883	0.0	1206.7604462069469	54.0406987700017
227	58.90080689315765	13516.632806949425	4913.252018074107	0.0	1217.3383006773793	58.90080689315765
228	58.29924919015929	13574.932056139573	4932.730090984896	0.0	1226.2581986532446	58.29924919015929
229	61.459957912736606	13636.39201405231	4957.775748530667	0.0	1236.1317129029785	61.459957912736606
230	61.802356899049066	13698.194370951362	4981.538890528991	0.0	1237.8151478768677	61.802356899049066
231	50.421569625840924	13748.615940577198	4993.738452478834	0.0	1241.0176182946652	50.421569625840924
232	52.7313880685491	13801.34732864575	5009.719266697577	0.0	1245.5950253658862	52.7313880685491
233	55.94591483721067	13857.29324348296	5026.774738087669	0.0	1249.2453338583155	55.94591483721067
234	52.079265849921114	13909.372509332881	5041.767104649063	0.0	1253.7544324438986	52.079265849921114
235	54.4448081079998	13963.817317440878	5059.900771369535	0.0	1252.2357057135332	54.4448081079998
236	57.46196112254749	14021.279278563425	5081.348503400573	0.0	1258.5817607134961	57.46196112254749
237	59.103281426422676	14080.38255998984	5102.906441127499	0.0	1266.4714983873137	59.103281426422676
238	51.53252399800203	14131.91508398785	5118.274125334798	0.0	1271.3560514057142	51.53252399800203
239	55.15752159774725	14187.072605585603	5136.521481447476	0.0	1278.02959717335	55.15752159774725
240	61.13844985084548	14248.211055436446	5160.600149930991	0.0	1281.3282180310039	61.13844985084548
241	59.30451941413845	14307.515574850584	5180.893605204636	0.0	1290.4887877711542	59.30451941413845
242	55.380877009119246	14362.896451859708	5198.2969800221335	0.0	1288.631792264945	55.380877009119246
243	61.02784239403114	14423.924294253731	5220.488813463927	0.0	1296.1455887472318	61.02784239403114
244	58.18003051148087	14482.104324765218	5242.027718759899	0.0	1308.4763484277166	58.18003051148087
245	63.84924483790315	14545.953569603122	5267.77329191569	0.0	1306.7116592242219	63.84924483790315
246	59.0347416362011	14604.988311239322	5288.705999420712	0.0	1307.2297502653062	59.0347416362011
247	55.94889869895252	14660.93720993827	5307.857391631588	0.0	1305.6885030613803	55.94889869895252
248	58.59187189973072	14719.529081838004	5331.105797565492	0.0	1306.139680928343	58.59187189973072
249	59.73381604682016	14779.26289788482	5352.901213637984	0.0	1319.4997176827353	59.73381604682016
250	65.38573856706495	14844.648636451879	5381.268148439724	0.0	1323.888551316678	65.38573856706495
251	54.97821947476937	14899.626855926655	5398.681251061968	0.0	1328.7845238188909	54.97821947476937
252	61.741078815449754	14961.367934742104	5422.0357181727595	0.0	1327.1890483585973	61.741078815449754
253	64.12357329937008	15025.491508041483	5447.923407931952	0.0	1339.5624363508596	64.12357329937008
254	55.67544627570291	15081.166954317174	5468.47602921099	0.0	1339.9876441521305	55.67544627570291
255	57.55257193549355	15138.719526252667	5489.236492903301	0.0	1344.6611455793623	57.55257193549355
256	58.37490467533307	15197.094430928004	5510.253665540566	0.0	1358.6871878845452	58.37490467533307
257	60.20219193848466	15257.296622866483	5533.03084796425	0.0	1367.208163581799	60.20219193848466
258	54.79806510224762	15312.094687968733	5549.131815928937	0.0	1372.4910513376574	54.79806510224762
259	59.59900232860348	15371.693690297338	5571.218838026237	0.0	1377.3738198831086	59.59900232860348
260	53.68811551887611	15425.38180581621	5587.181827863325	0.0	1379.1205914857403	53.68811551887611
261	61.0795579667751	15486.461363782988	5610.985200732402	0.0	1385.1205889137427	61.0795579667751
262	56.98892509265063	15543.450288875643	5629.330753119141	0.0	1389.315563976503	56.98892509265063
263	58.820436844813905	15602.270725720453	5650.558217629259	0.0	1394.502059221713	58.820436844813905
264	62.76631764042427	15665.037043360879	5675.679993744625	0.0	1403.4966927413352	62.76631764042427
265	57.07671703068543	15722.113760391565	5695.997719913389	0.0	1408.9415730460526	57.07671703068543
266	63.218606079149765	15785.332366470711	5722.124293878678	0.0	1415.5714875965875	63.218606079149765
267	51.44289303064229	15836.775259501357	5735.608949608246	0.0	1427.6888960264037	51.44289303064229
268	59.50795782692284	15896.283217328282	5757.250836759502	0.0	1435.6605015094876	59.50795782692284
269	54.767307330884904	15951.050524659166	5774.657138427769	0.0	1442.7868156771915	54.767307330884904
270	58.472336613800366	16009.522861272964	5794.834983438762	0.0	1450.2022240413808	58.472336613800366
271	57.51937179162395	16067.042233064589	5816.175598939921	0.0	1459.1174882796042	57.51937179162395
272	57.12417109284188	16124.16640415743	5836.647475236745	0.0	1456.3889850591388	57.12417109284188
273	61.426072590140954	16185.59247674757	5859.327633238648	0.0	1462.998570064981	61.426072590140954
274	58.539240532443664	16244.131717280012	5880.305874128029	0.0	1467.5845495251433	58.539240532443664
275	60.16907199159277	16304.300789271603	5901.923073218621	0.0	1463.1048354800291	60.16907199159277
276	60.81890908199785	16365.1196983536	5925.306161139528	0.0	1461.9203950648366	60.81890908199785
277	62.75334522946195	16427.87304358307	5951.8590490083025	0.0	1463.8187419278672	62.75334522946195
278	60.959447029931724	16488.832490613	5976.677053621438	0.0	1463.5540435078506	60.959447029931724
279	63.61433144842278	16552.44682206142	6001.9163676260105	0.0	1466.4764787161628	63.61433144842278
280	54.04129822056925	16606.48812028199	6018.737771245231	0.0	1470.2800938440193	54.04129822056925
281	60.192448463457055	16666.680568745443	6040.5722437215745	0.0	1477.5705777243693	60.192448463457055
282	63.138443230585764	16729.819011976033	6066.672742668614	0.0	1475.9186060505717	63.138443230585764
283	55.830687583486004	16785.649699559515	6084.358487897238	0.0	1487.168658563092	55.830687583486004
284	62.63166219700519	16848.281361756523	6108.617910166437	0.0	1492.678494487775	62.63166219700519
285	64.04507647619313	16912.326438232714	6135.049724563337	0.0	1499.5099953473193	64.04507647619313
286	64.61187480801681	16976.938313040733	6162.445055123048	0.0	1504.2875147979228	64.61187480801681
287	60.91875635886281	17037.8570693996	6185.086487940137	0.0	1506.223881039966	60.91875635886281
288	55.22583964134004	17093.082909040935	6201.812559787596	0.0	1510.34602114747	55.22583964134004
289	56.622419329095486	17149.70532837003	6219.090102469438	0.0	1516.5745151072415	56.622419329095486
290	57.52239729326678	17207.2277256633	6238.842283785509	0.0	1525.1609576032965	57.52239729326678
291	62.97933899932261	17270.207064662616	6263.187645873218	0.0	1524.370130110187	62.97933899932261
292	54.77167811405563	17324.978742776675	6280.434464118298	0.0	1528.9866130310882	54.77167811405563
293	57.95530797732534	17382.934050754	6300.39215021037	0.0	1530.6389689781001	57.95530797732534
294	57.28551313523699	17440.219563889234	6320.784217144417	0.0	1533.6116283620906	57.28551313523699
295	60.220669976573646	17500.440233865807	6344.4373259019685	0.0	1534.846253493957	60.220669976573646
296	57.636849692240446	17558.07708355805	6364.866951394657	0.0	1541.9669123685196	57.636849692240446
297	53.186621423109266	17611.263704981156	6380.375789340085	0.0	1546.093123869174	53.186621423109266
298	59.90243537367756	17671.16614035484	6400.363349596453	0.0	1546.459184343137	59.90243537367756
299	60.337949479109994	17731.50408983395	6423.292759490261	0.0	1551.3173017441939	60.337949479109994
300	56.23577097455447	17787.739860808502	6441.854798505453	0.0	1560.589492969484	56.23577097455447
301	59.72393584483878	17847.463796653337	6463.316392736712	0.0	1560.991837449248	59.72393584483878
302	57.777711718936025	17905.241508372277	6482.417517528257	0.0	1565.0309593426268	57.777711718936025
303	64.19796181949947	17969.43947019178	6508.469284532397	0.0	1569.054152984816	64.19796181949947
304	57.94997353192579	18027.389443723703	6528.346479509696	0.0	1572.33420214402	57.94997353192579
305	55.83716624482985	18083.226609968533	6545.1541208310755	0.0	1570.3701206854976	55.83716624482985
306	61.72068769326753	18144.947297661798	6569.758327302283	0.0	1577.8819041856702	61.72068769326753
307	60.640612293218865	18205.58790995501	6592.830148571081	0.0	1580.244851646179	60.640612293218865
308	54.74750602876659	18260.335415983795	6609.433790384729	0.0	1587.9471556539627	54.74750602876659
309	58.481371114219826	18318.816787098	6627.873540123389	0.0	1593.1154653373655	58.481371114219826
310	62.651121410127956	18381.467908508133	6652.973220718936	0.0	1597.9798079091092	62.651121410127956
311	59.29600460181651	18440.763913109946	6674.31619294623	0.0	1608.1528799669	59.29600460181651
312	54.48231254917639	18495.246225659128	6690.603306968206	0.0	1608.375384244947	54.48231254917639
313	55.85951430161128	18551.10573996074	6709.534997322631	0.0	1614.0197231900438	55.85951430161128
314	59.385268198853616	18610.491008159595	6730.660657182691	0.0	1620.3204115544795	59.385268198853616
315	61.85933144012819	18672.350339599725	6754.613297965362	0.0	1630.9248855786307	61.85933144012819
316	60.891849325327705	18733.242188925044	6778.669115149429	0.0	1633.5161959017585	60.891849325327705
317	53.50206334913947	18786.74425227419	6794.543737238262	0.0	1635.6200946472534	53.50206334913947
318	53.36661200128223	18840.11086427547	6811.653494381367	0.0	1643.1830395535608	53.36661200128223
319	53.294647648191216	18893.405511923655	6827.1442116064145	0.0	1643.578185290433	53.294647648191216
320	59.63080805968773	18953.036319983345	6849.287610154054	0.0	1651.3483310851313	59.63080805968773
321	55.78081432763566	19008.81713431098	6866.200683367505	0.0	1656.622405196996	55.78081432763566
322	56.33817339179249	19065.155307702775	6884.812183334276	0.0	1660.806370697298	56.33817339179249
323	60.70609285112857	19125.861400553906	6905.92285516405	0.0	1672.322724086899	60.70609285112857
324	64.68049973202966	19190.541900285938	6932.913045749372	0.0	1673.0341523529828	64.68049973202966
325	56.858874190709464	19247.40077447664	6950.242556347997	0.0	1679.1310561235864	56.858874190709464
326	55.5665997266342	19302.967374203283	6968.400820881527	0.0	1683.7923067772663	55.5665997266342
327	61.194188089125284	19364.1615622924	6991.083896355871	0.0	1682.774387550231	61.194188089125284
328	60.508620987687394	19424.670183280086	7013.394420553343	0.0	1695.0777035774465	60.508620987687394
329	57.170294269685165	19481.840477549773	7032.477390560007	0.0	1696.0395189687322	57.170294269685165
330	56.19203433195895	19538.03251188173	7049.842679438303	0.0	1697.3906772399177	56.19203433195895
331	60.14301364924154	19598.175525530976	7071.614043820467	0.0	1701.4277890161848	60.14301364924154
332	56.7239829359866	19654.899508466966	7089.382829078124	0.0	1702.9558509769226	56.7239829359866
333	58.27817749806496	19713.177685965024	7108.806320633449	0.0	1707.7634032371686	58.27817749806496
334	56.737334329950215	19769.915020294982	7127.20314758315	0.0	1709.5950116696963	56.737334329950215
335	60.55220032871934	19830.467220623697	7149.525985399856	0.0	1711.6448832390054	60.55220032871934
336	53.55202413661114	19884.0192447603	7165.459071422649	0.0	1714.5940643677202	53.55202413661114
337	60.050439114991605	19944.0696838753	7186.592199420004	0.0	1716.985886834809	60.050439114991605
338	61.728787222407846	20005.7984710977	7210.510263138697	0.0	1722.1339187965812	61.728787222407846
339	56.685202802994944	20062.483673900693	7227.812361539287	0.0	1729.7974220683072	56.685202802994944
340	56.72700967877754	20119.210683579473	7247.81081849503	0.0	1732.1300502186807	56.72700967877754
341	62.07786839839611	20181.28855197787	7274.322831102315	0.0	1740.2345422290489	62.07786839839611
342	63.531639326258855	20244.820191304112	7298.948055839012	0.0	1754.1860758046214	63.531639326258855
343	54.68367730022428	20299.503868604348	7316.974633282712	0.0	1755.9516796312066	54.68367730022428
344	59.607574796634815	20359.111443400987	7339.709538684891	0.0	1765.6421428869821	59.607574796634815
345	65.34635186874313	20424.457795269733	7366.746599137222	0.0	1764.7909540940784	65.34635186874313
346	52.7695454695672	20477.227340739293	7381.528652057954	0.0	1769.5389288427598	52.7695454695672
347	57.89689338907105	20535.12423412837	7402.404683889385	0.0	1776.2820662556128	57.89689338907105
348	57.6011128942624	20592.72534702263	7421.471418831608	0.0	1784.263552995792	57.6011128942624
349	58.3483957634758	20651.073742786113	7441.305241361568	0.0	1791.6887182809912	58.3483957634758
350	55.39930757139531	20706.473050357497	7457.312073034254	0.0	1794.405049505469	55.39930757139531
351	56.04353635566895	20762.516586713173	7475.970088266684	0.0	1799.5055909367672	56.04353635566895
352	59.15656207624513	20821.673148789414	7497.367705073009	0.0	1802.6486476437017	59.15656207624513
353	60.80304372396793	20882.47619251339	7520.906645622552	0.0	1804.5963157484648	60.80304372396793
354	54.86222581584182	20937.338418329215	7537.6329579227495	0.0	1803.0391626489607	54.86222581584182
355	67.0882736107213	21004.42669193994	7567.387608451541	0.0	1808.7445605093003	67.0882736107213
356	62.221459164102036	21066.648151104044	7591.8869717711195	0.0	1814.270330980926	62.221459164102036
357	60.78849651881379	21127.436647622868	7613.626232637775	0.0	1818.3334179071248	60.78849651881379
358	56.47777667647663	21183.914424299346	7631.941525115903	0.0	1821.3204257838624	56.47777667647663
359	62.51398634528254	21246.42841064462	7657.370895991976	0.0	1834.7514429040157	62.51398634528254
360	58.531581649432695	21304.95999229405	7678.90089509812	0.0	1839.4876432987498	58.531581649432695
361	55.81635420325895	21360.77634649731	7697.465948802915	0.0	1850.8558048270274	55.81635420325895
362	61.07289955749031	21421.849246054815	7720.183095589281	0.0	1852.2466286994156	61.07289955749031
363	52.99711970897968	21474.846365763788	7735.959614322507	0.0	1860.2490213052245	52.99711970897968
364	53.50361606776795	21528.349981831554	7750.805842139392	0.0	1863.810349931459	53.50361606776795
365	64.72364689533637	21593.073628726885	7778.362929358085	0.0	1866.1108749736682	64.72364689533637
366	60.272834386412995	21653.346463113292	7799.612889170011	0.0	1865.1265881073878	60.272834386412995
367	66.95521653942639	21720.301679652715	7829.483473621313	0.0	1869.7072184114477	66.95521653942639
368	56.29204848848674	21776.59372814121	7848.337203473188	0.0	1878.942862668712	56.29204848848674
369	59.691420480629205	21836.285148621842	7869.558268360369	0.0	1880.4718489418813	59.691420480629205
370	60.12262537998281	21896.407774001815	7891.941296386147	0.0	1879.8919865320788	60.12262537998281
371	58.21100253180377	21954.618776533625	7912.8477119987	0.0	1885.927147226452	58.21100253180377
372	55.39360507664499	22010.01238161028	7930.89605182282	0.0	1884.0012147612824	55.39360507664499
373	59.03965706154941	22069.052038671813	7951.399154341605	0.0	1885.8384200620073	59.03965706154941
374	61.62262441947441	22130.674663091297	7976.562124474045	0.0	1892.236766788959	61.62262441947441
375	60.60123559678378	22191.27589868808	7999.461235467075	0.0	1900.3204291263464	60.60123559678378
376	58.34265779065315	22249.618556478737	8021.09343988613	0.0	1908.143094920471	58.34265779065315
377	63.51254895003518	22313.131105428765	8046.686766107048	0.0	1916.320550031143	63.51254895003518
378	60.86665008364128	22373.99775551241	8069.5718370316135	0.0	1925.1260949364703	60.86665008364128
379	66.83200934748047	22440.829764859882	8097.327487302103	0.0	1924.4615985843843	66.83200934748047
380	63.60831127274416	22504.438076132643	8124.517059176465	0.0	1929.1583315948183	63.60831127274416
381	60.86460764813816	22565.302683780785	8148.307198655254	0.0	1931.4524048198543	60.86460764813816
382	58.53388082050194	22623.836564601283	8168.347608182379	0.0	1937.6158233520252	58.53388082050194
383	52.62124929245273	22676.457813893732	8183.078751663892	0.0	1942.1227256473908	52.62124929245273
384	57.38624752547506	22733.844061419197	8201.790176094699	0.0	1943.2433255422477	57.38624752547506
385	56.25716512712101	22790.10122654632	8220.226558645243	0.0	1948.7337391895558	56.25716512712101
386	71.56689876804475	22861.668125314376	8255.005202709675	0.0	1948.0328987908156	71.56689876804475
387	60.24795242943091	22921.916077743794	8277.488304754137	0.0	1956.6874765258526	60.24795242943091
388	57.319063872124104	22979.23514161592	8297.938442017954	0.0	1961.510520960861	57.319063872124104
389	54.046182016786915	23033.28132363271	8314.752900824631	0.0	1961.037678761339	54.046182016786915
390	54.731261374520635	23088.012585007225	8331.45713797761	0.0	1962.4015070996531	54.731261374520635
391	54.496512560621134	23142.509097567854	8347.817453217729	0.0	1965.3034099303993	54.496512560621134
392	58.27552793118943	23200.78462549904	8367.051610667102	0.0	1966.79544294051	58.27552793118943
393	62.45928195138225	23263.243907450415	8391.051896112103	0.0	1982.5168846134036	62.45928195138225
394	52.62172430994025	23315.86563176036	8406.998600296674	0.0	1987.5327947556057	52.62172430994025
395	58.57412306186759	23374.43975482223	8426.838306270662	0.0	1995.9293665277557	58.57412306186759
396	58.01422627246672	23432.453981094695	8447.609880671727	0.0	1994.894807811627	58.01422627246672
397	57.42711101617032	23489.88109211087	8466.848502823139	0.0	2005.0015335041417	57.42711101617032
398	62.0085586120864	23551.889650722966	8493.21509758791	0.0	2010.9089254599076	62.0085586120864
399	62.11612236542819	23614.005773088393	8516.00101624689	0.0	2015.9061571262673	62.11612236542819
400	60.06569948371894	23674.071472572097	8537.389923226605	0.0	2022.277763074503	60.06569948371894
401	65.5422433626313	23739.61371593473	8564.522993715205	0.0	2040.2166678087983	65.5422433626313
402	57.67383381912454	23797.28754975384	8584.199286401108	0.0	2050.1919443170386	57.67383381912454
403	60.52709043634113	23857.8146401902	8606.699643276786	0.0	2060.5563597156506	60.52709043634113
404	56.2160528704282	23914.030693060624	8625.88823655807	0.0	2061.5298490193645	56.2160528704282
405	53.384940450099975	23967.415633510725	8641.721214422963	0.0	2065.366671019404	53.384940450099975
406	62.315784134970954	24029.731417645686	8665.386337450642	0.0	2072.0032383449507	62.315784134970954
407	60.25114044044604	24089.982558086136	8687.175001945445	0.0	2081.2607898774263	60.25114044044604
408	57.989532630201026	24147.972090716343	8705.85593636994	0.0	2086.6066443739637	57.989532630201026
409	57.259438938845285	24205.23152965519	8725.34655307757	0.0	2099.8075040098993	57.259438938845285
410	56.88597369070581	24262.117503345882	8746.75290476108	0.0	2108.197887613744	56.88597369070581
411	58.88927305249526	24321.006776398393	8768.681995525112	0.0	2109.3376130597626	58.88927305249526
412	60.72986861600163	24381.736645014378	8792.25550320888	0.0	2115.5124560177824	60.72986861600163
413	56.75744156221978	24438.494086576608	8810.410976165998	0.0	2126.3747369320577	56.75744156221978
414	57.18337401756567	24495.677460594175	8830.140888691674	0.0	2125.1693424905075	57.18337401756567
415	62.862372996519944	24558.539833590676	8855.370264088948	0.0	2129.090622523909	62.862372996519944
416	66.25042196982955	24624.790255560518	8883.539368061714	0.0	2127.4122274829824	66.25042196982955
417	54.73310400843499	24679.52335956895	8899.276205793261	0.0	2134.1204802832704	54.73310400843499
418	63.961258633788454	24743.48461820274	8925.080248076363	0.0	2138.573415246261	63.961258633788454
419	58.21645911632687	24801.701077319063	8945.492991759449	0.0	2150.4616188831396	58.21645911632687
420	60.52269483887521	24862.22377215795	8969.310580564417	0.0	2152.560111777633	60.52269483887521
421	57.31406240344911	24919.5378345614	8989.375672990675	0.0	2150.909080100556	57.31406240344911
422	58.823179426727805	24978.361013988117	9010.789107911349	0.0	2156.7581337287656	58.823179426727805
423	60.46182653364625	25038.822840521763	9031.907315712153	0.0	2154.7794432147193	60.46182653364625
424	55.651949270748574	25094.474789792523	9050.857037885433	0.0	2158.577824322262	55.651949270748574
425	51.104035107711724	25145.57882490023	9066.611602658886	0.0	2162.5222134214996	51.104035107711724
426	58.87499127396375	25204.453816174184	9087.767056063036	0.0	2169.302256338158	58.87499127396375
427	67.28266806693772	25271.736484241133	9116.503068896698	0.0	2168.9497087473837	67.28266806693772
428	59.116564028078656	25330.853048269208	9136.270114575495	0.0	2179.3459663959266	59.116564028078656
429	54.00022764126743	25384.85327591047	9153.106769794847	0.0	2182.624842344819	54.00022764126743
430	59.19947057508404	25444.052746485548	9174.816878914833	0.0	2186.2499499762666	59.19947057508404
431	54.107237795730185	25498.1599842813	9190.803897211825	0.0	2192.342629247179	54.107237795730185
432	60.346313361401435	25558.50629764268	9214.352568969694	0.0	2199.268168763484	60.346313361401435
433	57.21301836075293	25615.71931600345	9233.148041466298	0.0	2207.8014071563275	57.21301836075293
434	65.54631751009786	25681.265633513554	9260.484287490941	0.0	2219.2525249969262	65.54631751009786
435	61.79911437821707	25743.06474789176	9284.224107408474	0.0	2222.8263099947967	61.79911437821707
436	57.650208194359436	25800.714956086125	9303.440202661051	0.0	2226.9585607312065	57.650208194359436
437	63.75197081532692	25864.466926901452	9330.430432261823	0.0	2226.3221265960383	63.75197081532692
438	56.87382911760785	25921.34075601905	9350.68656272225	0.0	2227.5021810488583	56.87382911760785
439	60.585585267568746	25981.92634128663	9373.988541524262	0.0	2237.146881042758	60.585585267568746
440	55.500302277559896	26037.4266435642	9391.57436205125	0.0	2237.605282546263	55.500302277559896
441	58.21205816373399	26095.6387017279	9413.286227751098	0.0	2248.877604941162	58.21205816373399
442	57.3649460043001	26153.00364773222	9433.056627510501	0.0	2255.123252042288	57.3649460043001
443	59.05934831369049	26212.0629960459	9453.151628323354	0.0	2255.546806888487	59.05934831369049
444	53.95757711211903	26266.02057315804	9469.350957391367	0.0	2257.6487919787546	53.95757711211903
445	61.32065081072655	26327.34122396876	9492.2136946114	0.0	2259.3284499396527	61.32065081072655
446	55.25806746900276	26382.599291437753	9511.235590937205	0.0	2268.16012769525	55.25806746900276
447	58.14505082096195	26440.74434225873	9531.660443778135	0.0	2276.418009772742	58.14505082096195
448	61.66615656183755	26502.410498820544	9554.554319357689	0.0	2283.781234399503	61.66615656183755
449	52.48135493789619	26554.891853758454	9569.487294778466	0.0	2287.305235157023	52.48135493789619
450	57.21475343416383	26612.106607192614	9588.900389100218	0.0	2292.30038378624	57.21475343416383
451	62.52239566911216	26674.629002861722	9612.649799238432	0.0	2296.8271451142305	62.52239566911216
452	57.06739818617458	26731.696401047902	9632.83526248893	0.0	2306.164853388484	57.06739818617458
453	61.18825027552894	26792.884651323417	9657.019543403201	0.0	2309.3748590966375	61.18825027552894
454	56.37244105678882	26849.25709238022	9674.65210402343	0.0	2309.1648359073233	56.37244105678882
455	64.06379395639061	26913.3208863366	9700.924454145888	0.0	2313.7620605314023	64.06379395639061
456	56.181718819414854	26969.50260515601	9720.507637390872	0.0	2318.5691578679753	56.181718819414854
457	63.061367789803164	27032.563972945827	9746.38546677694	0.0	2323.0636552881047	63.061367789803164
458	61.79847302698302	27094.362445972823	9771.480760273731	0.0	2321.8410628794604	61.79847302698302
459	58.32772113373069	27152.690167106543	9791.565058017712	0.0	2329.1380645468653	58.32772113373069
460	65.339318359857	27218.029485466395	9818.927104533599	0.0	2337.296166672315	65.339318359857
461	63.244482878416626	27281.27396834482	9845.465572625986	0.0	2342.8724449554525	63.244482878416626
462	52.02403788355894	27333.298006228382	9860.987726933305	0.0	2347.3138051124683	52.02403788355894
463	60.82229170444391	27394.120297932808	9884.780995483183	0.0	2357.4883035211888	60.82229170444391
464	59.960013342822215	27454.08031127564	9908.814494129701	0.0	2362.9042144666955	59.960013342822215
465	65.87839974348408	27519.95871101912	9935.745990679892	0.0	2372.5519048605834	65.87839974348408
466	56.69691733676131	27576.655628355875	9955.061545840095	0.0	2381.5530492751423	56.69691733676131
467	59.476555622593715	27636.13218397847	9976.795572524432	0.0	2382.5085361053884	59.476555622593715
468	57.75732067747691	27693.88950465596	9998.730752201836	0.0	2393.56324049701	57.75732067747691
469	54.85454653268844	27748.74405118864	10014.402497130723	0.0	2402.333676727541	54.85454653268844
470	55.68405284709519	27804.428104035727	10033.04928133433	0.0	2406.7561641707116	55.68405284709519
471	53.40850296043907	27857.83660699617	10048.437922720746	0.0	2411.7925583262763	53.40850296043907
472	55.73249469578488	27913.569101691955	10067.735175325844	0.0	2419.578734011448	55.73249469578488
473	62.80218886143573	27976.371290553383	10093.05781216263	0.0	2424.2324749071463	62.80218886143573
474	61.35743102762156	28037.728721581017	10115.824878747522	0.0	2425.051929238534	61.35743102762156
475	56.61221842058323	28094.340940001588	10134.523135051148	0.0	2428.7620946082293	56.61221842058323
476	63.36052140151197	28157.701461403114	10159.856099721304	0.0	2440.545771543021	63.36052140151197
477	52.60413906672872	28210.30560046985	10174.666574697325	0.0	2446.4952949113363	52.60413906672872
478	60.26038347738736	28270.565983947232	10196.977113227793	0.0	2446.521211559909	60.26038347738736
479	54.17687371701874	28324.742857664245	10213.423543977779	0.0	2454.1524706590308	54.17687371701874
480	51.85272222004943	28376.595579884295	10226.614266507704	0.0	2456.478866365488	51.85272222004943
481	58.12945525547794	28434.72503513977	10246.807485590913	0.0	2463.5608568520083	58.12945525547794
482	61.445611705175025	28496.17064684495	10271.144240704309	0.0	2464.389016409662	61.445611705175025
483	58.5701869635201	28554.740833808486	10291.060710661568	0.0	2466.235814803995	58.5701869635201
484	58.49843083015389	28613.239264638625	10311.711164353505	0.0	2470.575999297543	58.49843083015389
485	60.460531706461026	28673.69979634508	10333.208318579349	0.0	2467.819321426694	60.460531706461026
486	55.595472276990506	28729.295268622067	10351.162947376917	0.0	2475.2647040224965	55.595472276990506
487	65.46294461585042	28794.75821323793	10377.396756631357	0.0	2481.494782462733	65.46294461585042
488	54.89901301759709	28849.657226255516	10395.556588448213	0.0	2483.1986111887813	54.89901301759709
489	57.4901011785701	28907.14732743409	10414.411098085682	0.0	2491.4919982957035	57.4901011785701
490	61.86233244873255	28969.009659882835	10439.074527759136	0.0	2499.497599235487	61.86233244873255
491	54.97295496488358	29023.982614847715	10454.933493265657	0.0	2504.89267512637	54.97295496488358
492	49.84005427305438	29073.822669120756	10466.215276495961	0.0	2512.0074454027767	49.84005427305438
493	59.7650943256525	29133.587763446416	10488.044085859752	0.0	2510.9983004442283	59.7650943256525
494	52.84629325410053	29186.43405670051	10506.05561344078	0.0	2519.40773346847	52.84629325410053
495	56.7187409009158	29243.152797601422	10525.670470639416	0.0	2524.710500661979	56.7187409009158
496	59.343188396852774	29302.495985998274	10548.025129384398	0.0	2531.02403143123	59.343188396852774
497	53.375939506433205	29355.87192550473	10564.086465290742	0.0	2534.9582126811556	53.375939506433205
498	56.38291513409392	29412.2548406388	10582.207810258582	0.0	2538.2841202314157	56.38291513409392
499	61.52185906479041	29473.7766997036	10607.028185099773	0.0	2535.1831795391317	61.52185906479041
500	56.104837921490805	29529.881537625082	10624.051260007072	0.0	2539.402797372489	56.104837921490805
501	57.05165225561255	29586.933189880707	10644.236851380376	0.0	2547.936374763916	57.05165225561255
502	53.09303528510014	29640.02622516581	10660.22829768587	0.0	2551.9802393451682	53.09303528510014
503	52.2952717299029	29692.321496895715	10674.069792714046	0.0	2556.17505384853	52.2952717299029
504	56.009198458286285	29748.330695353987	10692.122372173613	0.0	2560.4382146766625	56.009198458286285
505	64.3006813175073	29812.63137667151	10720.56474043908	0.0	2571.0052534872757	64.3006813175073
506	58.56929023456177	29871.200666906065	10740.780706426694	0.0	2572.912089431192	58.56929023456177
507	51.943886612183576	29923.144553518243	10755.58705015601	0.0	2580.818616444626	51.943886612183576
508	57.64280353193927	29980.787357050165	10775.532180112798	0.0	2580.6661873065477	57.64280353193927
509	55.89136745195401	30036.67872450215	10793.631732010346	0.0	2585.432989247995	55.89136745195401
510	54.36051950752302	30091.039244009662	10809.6529034904	0.0	2586.1168564883715	54.36051950752302
511	52.89166055645108	30143.93090456611	10825.060195301729	0.0	2593.043208009706	52.89166055645108
512	54.01071276326556	30197.941617329376	10842.734685203723	0.0	2595.8567044187307	54.01071276326556
513	58.5385320393905	30256.480149368777	10863.620642657741	0.0	2605.8899811774286	58.5385320393905
514	64.4415216727197	30320.921671041506	10889.372241616842	0.0	2606.298490394604	64.4415216727197
515	59.65592978575716	30380.577600827255	10912.244097056335	0.0	2614.3748125001175	59.65592978575716
516	57.0818421652915	30437.659442992535	10931.536516884125	0.0	2614.077356995904	57.0818421652915
517	57.55024092953834	30495.209683922065	10950.9030855409	0.0	2621.672142347914	57.55024092953834
518	68.53502012148384	30563.744704043565	10981.997741338473	0.0	2628.1279821846756	68.53502012148384
519	54.57576607728961	30618.32047012084	10999.343852364544	0.0	2630.5987053279223	54.57576607728961
520	61.04401929212238	30679.364489412987	11021.17868057951	0.0	2637.842151701117	61.04401929212238
521	54.73625832643122	30734.10074773941	11039.777859844049	0.0	2648.8299217036756	54.73625832643122
522	62.97797549813599	30797.078723237533	11065.291369523979	0.0	2653.176478392329	62.97797549813599
523	72.46816787987578	30869.546891117407	11098.64170358613	0.0	2651.1059309982347	72.46816787987578
524	51.05482298057068	30920.601714097975	11098.64170358613	0.0	2655.335733032165	51.05482298057068
