task	reward	total_reward	total_regret	relative	total_reward_dev	joules
0	58.84574479289338	58.84574479289338	13.978916357510695	0.0	38.20650181181697	58.84574479289338
1	75.85402734779709	134.6997721406904	46.0024993183619	0.0	52.80738901920185	75.85402734779709
2	69.58679764042552	204.286569781116	70.41204320201498	0.0	61.571201999087016	69.58679764042552
3	59.831840695512945	264.1184104766289	86.08059123578123	0.0	68.95096272947063	59.831840695512945
4	77.36509075079222	341.4835012274211	116.97053297302972	0.0	75.69647767686087	77.36509075079222
5	86.49151817760323	427.9750194050243	160.12309602686827	0.0	86.13200844550956	86.49151817760323
6	72.58969055023947	500.56470995526377	188.11920788064126	0.0	91.96907523818138	72.58969055023947
7	67.55406308878088	568.1187730440447	210.32005022331515	0.0	97.03515027999802	67.55406308878088
8	70.81390563653258	638.932678680577	234.64454936502244	0.0	108.70650783572641	70.81390563653258
9	70.61052885234321	709.5432075329202	260.14885165196546	0.0	113.11038105491508	70.61052885234321
10	73.37358129055833	782.9167888234784	289.62542981018703	0.0	121.43684201128593	73.37358129055833
11	67.39965610395167	850.3164449274307	312.081706782897	0.0	123.92203944644929	67.39965610395167
12	69.52543181589495	919.8418767433254	336.2738775830237	0.0	135.077395594045	69.52543181589495
13	69.89503094667506	989.73690769	363.20504937527585	0.0	139.9068794148448	69.89503094667506
14	66.45837877098016	1056.1952864609798	383.4652994675998	0.0	143.3021387010185	66.45837877098016
15	63.8977118167843	1120.0929982777643	401.41931950122404	0.0	152.9291117237702	63.8977118167843
16	63.81065709016242	1183.9036553679275	418.80543004125	0.0	156.66800151129968	63.81065709016242
17	66.10121352026518	1250.004868888192	437.3963453253772	0.0	165.7657933716871	66.10121352026518
18	68.8963312270842	1318.9012001152762	459.1106925266103	0.0	173.94903453726843	68.8963312270842
19	77.94116649580604	1396.842366611082	492.0738671876892	0.0	181.7294469381261	77.94116649580604
20	66.72594683740247	1463.5683134484843	512.4103090179198	0.0	183.4731616363273	66.72594683740247
21	73.95292653826124	1537.5212399867462	541.0574845515283	0.0	188.87190666493825	73.95292653826124
22	70.90505278083614	1608.4262927675823	567.1929225742756	0.0	192.03480687368233	70.90505278083614
23	75.73206236686364	1684.1583551344456	595.3108827108285	0.0	197.71276990664367	75.73206236686364
24	74.24762195825912	1758.4059770927051	624.4556044709796	0.0	205.67478031745765	74.24762195825912
25	74.58082251568025	1832.9867996083851	654.4353121169602	0.0	211.15689912711184	74.58082251568025
26	66.6649964399084	1899.6517960482934	674.5528683008099	0.0	215.08974572655356	66.6649964399084
27	73.78593045548818	1973.437726503782	705.197184259308	0.0	212.7433172320619	73.78593045548818
28	68.99290128705276	2042.4306277908356	725.9284306178502	0.0	224.2870092411015	68.99290128705276
29	62.66502817282163	2105.0956559636556	743.8688121646358	0.0	229.22856279295692	62.66502817282163
30	61.980103765093375	2167.0757597287497	760.3711804055281	0.0	230.89695251327686	61.980103765093375
31	64.85579146028596	2231.931551189036	781.5972679234942	0.0	243.1662480783964	64.85579146028596
32	62.72737461632901	2294.658925805364	802.1232626360751	0.0	249.15666905630397	62.72737461632901
33	70.99231666720473	2365.6512424725674	827.718210563584	0.0	253.576888492533	70.99231666720473
34	69.1021837694911	2434.7534262420604	850.651126209848	0.0	264.3138668533213	69.1021837694911
35	62.444508460115195	2497.197934702175	869.0254105045724	0.0	269.6551595127114	62.444508460115195
36	63.785569745235414	2560.98350444741	887.1368031585314	0.0	279.70010005849394	63.785569745235414
37	66.97964251882568	2627.9631469662354	907.9699791117204	0.0	280.4769233034858	66.97964251882568
38	68.875220253641	2696.8383672198765	934.58038053754	0.0	280.2356368660021	68.875220253641
39	69.67699838514626	2766.5153656050247	959.2577626180461	0.0	288.35285350836136	69.67699838514626
40	62.6580320940142	2829.1733976990367	977.322882283942	0.0	298.8176560871026	62.6580320940142
41	60.99776219474004	2890.1711598937754	991.1115550548642	0.0	305.32760720518746	60.99776219474004
42	63.64564512688887	2953.8168050206664	1009.602613769956	0.0	309.0301756721839	63.64564512688887
43	69.48736408795158	3023.3041691086173	1033.9363264315334	0.0	321.2844299532898	69.48736408795158
44	61.33445835476855	3084.638627463387	1049.2829153559196	0.0	328.1004707461028	61.33445835476855
45	64.66521350928886	3149.3038409726737	1068.5823825015902	0.0	334.2272353696289	64.66521350928886
46	66.38634450971502	3215.6901854823896	1086.1383034795444	0.0	339.33240178841254	66.38634450971502
47	70.59246987845627	3286.282655360845	1109.7097304115812	0.0	340.851582439359	70.59246987845627
48	61.030467758565	3347.3131231194106	1123.5413528473714	0.0	348.1823363423201	61.030467758565
49	71.5877362820454	3418.900859401457	1151.3295650433606	0.0	347.5717098712751	71.5877362820454
50	58.57419280502147	3477.475052206478	1164.040525916293	0.0	355.66582251458465	58.57419280502147
51	62.71111244956955	3540.1861646560487	1177.1310203310798	0.0	352.45404381742503	62.71111244956955
52	66.17835784122556	3606.3645224972734	1196.8793374883899	0.0	356.9332061302192	66.17835784122556
53	63.48093875390241	3669.845461251175	1212.6035871732802	0.0	359.67804890912436	63.48093875390241
54	67.05614474298008	3736.9016059941555	1234.1848942277422	0.0	366.6562258497017	67.05614474298008
55	56.29307392789007	3793.1946799220473	1242.6272824861658	0.0	370.31097466556525	56.29307392789007
56	58.88330136563114	3852.0779812876754	1256.2312255826726	0.0	370.0346556198184	58.88330136563114
57	64.35697475897653	3916.434956046655	1272.334864640878	0.0	374.9609408473298	64.35697475897653
58	64.48077403720222	3980.9157300838547	1290.8610468475556	0.0	380.2901946802118	64.48077403720222
59	63.07090096883404	4043.9866310526886	1306.0852122029787	0.0	381.54880868899625	63.07090096883404
60	59.9200968295751	4103.906727882262	1320.3361791527816	0.0	382.0949843174426	59.9200968295751
61	67.3870744468365	4171.293802329101	1344.4175351652461	0.0	383.32696978304074	67.3870744468365
62	64.32465102732924	4235.618453356432	1363.7661051959037	0.0	389.5790114065573	64.32465102732924
63	57.1219002469509	4292.740353603383	1375.3954843542272	0.0	394.08891154939874	57.1219002469509
64	59.960579714054184	4352.700933317435	1392.3222812378867	0.0	392.52563983698144	59.960579714054184
65	68.42530148907419	4421.1262348065075	1415.8773304284402	0.0	388.7520094538059	68.42530148907419
66	73.38352832314754	4494.509763129658	1442.7653890404174	0.0	395.6667172730644	73.38352832314754
67	61.77105921350705	4556.280822343166	1458.3050225562467	0.0	398.28241940406144	61.77105921350705
68	66.55384495511595	4622.8346672982825	1480.0878004893152	0.0	402.93391852118043	66.55384495511595
69	63.386688680438695	4686.221355978719	1497.8775676850437	0.0	402.0797846087326	63.386688680438695
70	69.50520841754219	4755.726564396263	1521.7961354965905	0.0	404.05115740255457	69.50520841754219
71	71.14726416888162	4826.873828565143	1545.6187516739112	0.0	410.91538912877786	71.14726416888162
72	61.73548847576797	4888.609317040909	1561.1088218472726	0.0	414.2497869455016	61.73548847576797
73	63.77145909186658	4952.380776132777	1578.3451403095396	0.0	411.2930203608431	63.77145909186658
74	64.61308239550388	5016.993858528283	1597.6478378169384	0.0	416.35589424001864	64.61308239550388
75	67.24050686404259	5084.234365392324	1619.261476645854	0.0	421.4035650852322	67.24050686404259
76	69.65864087326989	5153.893006265594	1644.5331049277509	0.0	424.4964175257632	69.65864087326989
77	66.74075629988205	5220.633762565473	1666.3800711541721	0.0	425.48858770395583	66.74075629988205
78	64.13041131057736	5284.764173876053	1683.9815998968404	0.0	430.3411729091556	64.13041131057736
79	62.127142046873026	5346.891315922926	1702.4772568342776	0.0	431.02887112825965	62.127142046873026
80	66.73045345978294	5413.621769382708	1722.0957202574923	0.0	434.6915432549407	66.73045345978294
81	64.6042688002688	5478.226038182975	1742.180337495007	0.0	432.89917295036065	64.6042688002688
82	66.51486124365819	5544.740899426635	1763.2889169965526	0.0	437.502854963744	66.51486124365819
83	60.555681965442545	5605.29658139208	1777.0893264667416	0.0	438.2731368358207	60.555681965442545
84	64.82656644501974	5670.123147837101	1798.0626496668015	0.0	443.3799941797848	64.82656644501974
85	69.73780839667316	5739.860956233772	1825.3282277989263	0.0	448.9633929685909	69.73780839667316
86	64.1790598457575	5804.040016079529	1841.5058587956923	0.0	446.9805513657751	64.1790598457575
87	61.72904236799311	5865.7690584475195	1854.8801148773596	0.0	451.44251133357926	61.72904236799311
88	63.3290171839574	5929.098075631477	1873.8645819105743	0.0	459.8983750367184	63.3290171839574
89	61.980531655787566	5991.078607287263	1888.6283330491362	0.0	464.8193482416425	61.980531655787566
90	63.377383019300254	6054.455990306567	1905.946962177555	0.0	468.7145844900918	63.377383019300254
91	66.35539796222628	6120.811388268796	1926.2428959370693	0.0	473.283658344645	66.35539796222628
92	65.71319644917102	6186.524584717965	1945.4894384684355	0.0	472.51905257397044	65.71319644917102
93	60.786716340464345	6247.311301058431	1960.399550787954	0.0	472.228851199243	60.786716340464345
94	65.97884174968969	6313.290142808118	1981.115907432899	0.0	476.691373035101	65.97884174968969
95	63.46731738731595	6376.757460195431	1999.5127874921354	0.0	471.44347093937967	63.46731738731595
96	60.41792508661096	6437.175385282046	2015.4780417631375	0.0	473.6813064959953	60.41792508661096
97	65.30043999760419	6502.475825279652	2035.1520964727647	0.0	473.3725684717686	65.30043999760419
98	59.90934906139608	6562.385174341047	2046.455056070257	0.0	472.72938421748876	59.90934906139608
99	60.586196384638896	6622.971370725688	2061.2111581866207	0.0	471.9384165207211	60.586196384638896
100	67.90800781454286	6690.879378540226	2081.979620517926	0.0	472.45768803073224	67.90800781454286
101	65.16023898531402	6756.039617525542	2102.6219477774266	0.0	477.4393836283763	65.16023898531402
102	64.25586380533265	6820.295481330879	2120.4945825922346	0.0	483.5077243823887	64.25586380533265
103	54.56648934378337	6874.8619706746595	2128.81428863214	0.0	484.8702170284532	54.56648934378337
104	61.19625909196475	6936.058229766621	2144.8355222640585	0.0	492.38906365734243	61.19625909196475
105	63.091021817249285	6999.149251583874	2161.587295691852	0.0	497.63007786233	63.091021817249285
106	59.203433737399166	7058.352685321271	2174.288619035054	0.0	496.9374251902602	59.203433737399166
107	60.637867819366136	7118.990553140636	2189.8464650742403	0.0	499.54670259448716	60.637867819366136
108	57.51592333164358	7176.506476472285	2202.915764755006	0.0	507.41677492970797	57.51592333164358
109	66.57171150353881	7243.078187975821	2224.8345873979306	0.0	506.9510483532594	66.57171150353881
110	69.1861088820087	7312.264296857828	2247.6989720302813	0.0	517.7992732646189	69.1861088820087
111	56.62672568110621	7368.891022538935	2259.875770689426	0.0	520.974516087811	56.62672568110621
112	64.31032563079262	7433.20134816973	2280.3711940622566	0.0	523.9115534866058	64.31032563079262
113	66.37109536154823	7499.572443531278	2303.522591608507	0.0	533.9418994236589	66.37109536154823
114	69.32384704433888	7568.896290575617	2327.0529714176278	0.0	528.0597788196422	69.32384704433888
115	60.88124037097568	7629.777530946591	2340.382306381363	0.0	526.9940987203541	60.88124037097568
116	58.18462228073355	7687.962153227319	2352.536375125962	0.0	532.4475085873191	58.18462228073355
117	63.876936630637026	7751.839089857962	2371.3830085477034	0.0	542.5549157776179	63.876936630637026
118	63.06725161699974	7814.906341474962	2390.5541589909076	0.0	550.8804632343239	63.06725161699974
119	53.79073393475206	7868.697075409714	2400.600347281501	0.0	553.2358236405191	53.79073393475206
120	59.2433641088871	7927.940439518602	2414.2784313244933	0.0	558.0126507128639	59.2433641088871
121	64.78628908506862	7992.726728603672	2430.1257416773683	0.0	559.6056395574051	64.78628908506862
122	63.159249832797734	8055.885978436469	2446.6739544740935	0.0	562.8893908463169	63.159249832797734
123	65.19750889316563	8121.083487329634	2467.552182032729	0.0	568.8270480218766	65.19750889316563
124	61.70479087491517	8182.788278204547	2481.8266086969275	0.0	569.0948287315296	61.70479087491517
125	60.90106691394518	8243.689345118493	2496.6274862054306	0.0	569.3728577010285	60.90106691394518
126	64.36885262647523	8308.05819774497	2514.469989024439	0.0	568.1873394598827	64.36885262647523
127	59.32417724093459	8367.382374985904	2529.465945526856	0.0	575.8520075680433	59.32417724093459
128	58.988220299033244	8426.370595284938	2542.0072005602124	0.0	582.211486451965	58.988220299033244
129	62.93459944500884	8489.305194729946	2558.5069414264635	0.0	593.660827211625	62.93459944500884
130	56.83765685759535	8546.142851587543	2566.1354717364425	0.0	595.2977376871626	56.83765685759535
131	56.581135471672845	8602.723987059217	2579.7966231590485	0.0	601.8495642572074	56.581135471672845
132	72.37165603829197	8675.09564309751	2609.8486508982082	0.0	608.9829561063177	72.37165603829197
133	63.49605826508898	8738.591701362595	2627.7448410483294	0.0	615.802799068803	63.49605826508898
134	62.784313911466526	8801.376015274058	2644.4444797204783	0.0	615.9439327904138	62.784313911466526
135	53.61309128500301	8854.989106559065	2652.392035426377	0.0	623.4659364284554	53.61309128500301
136	65.82951916963131	8920.818625728696	2673.746113308631	0.0	629.8707497904784	65.82951916963131
137	58.12962287721679	8978.94824860591	2684.9233685377108	0.0	632.202727117202	58.12962287721679
138	59.38594447787922	9038.334193083792	2699.6320605781234	0.0	637.3882680905923	59.38594447787922
139	60.28684224403103	9098.621035327824	2716.557790396444	0.0	636.6149149666759	60.28684224403103
140	61.18852915935231	9159.809564487176	2734.4665076581123	0.0	638.0299721346473	61.18852915935231
141	59.16520346848522	9218.97476795566	2747.8507112266675	0.0	641.7495745503475	59.16520346848522
142	56.44871948700955	9275.423487442664	2759.7891764215374	0.0	642.3941399129428	56.44871948700955
143	57.949187083429315	9333.3726745261	2771.496215079794	0.0	649.2366153025702	57.949187083429315
144	64.8258159066299	9398.198490432731	2789.953096989522	0.0	650.6904704244057	64.8258159066299
145	63.78852125474616	9461.987011687474	2809.7687063355347	0.0	652.0865701779942	63.78852125474616
146	58.97265259898215	9520.959664286454	2826.235408548504	0.0	663.1775101518019	58.97265259898215
147	66.50639505266159	9587.466059339116	2847.1643457269583	0.0	672.4638216890415	66.50639505266159
148	72.2324518454746	9659.698511184592	2872.078049916263	0.0	675.5186610130291	72.2324518454746
149	69.9658944057803	9729.66440559037	2896.1309223372205	0.0	679.6153834920619	69.9658944057803
150	59.79051972235706	9789.45492531273	2911.201849951916	0.0	686.1879666154422	59.79051972235706
151	59.51687285484701	9848.971798167573	2926.278517412889	0.0	693.4923724422889	59.51687285484701
152	64.11707717373184	9913.088875341304	2945.345657371431	0.0	693.257410613783	64.11707717373184
153	58.74478017625438	9971.833655517561	2960.5300702063914	0.0	698.8892033971803	58.74478017625438
154	61.78779302257573	10033.62144854014	2974.439496123085	0.0	700.6215664269764	61.78779302257573
155	65.22009840314125	10098.84154694328	2995.444831085312	0.0	701.8574207495216	65.22009840314125
156	71.03369123751693	10169.875238180799	3022.8668950262204	0.0	709.9972240073404	71.03369123751693
157	62.62361251748311	10232.49885069828	3039.0413601832965	0.0	713.2331399074299	62.62361251748311
158	70.08673702438499	10302.585587722664	3064.179421954676	0.0	719.6216703240916	70.08673702438499
159	71.22370881337008	10373.809296536032	3089.2344603441866	0.0	724.129150454774	71.22370881337008
160	65.79284474089268	10439.602141276924	3108.0834172965897	0.0	734.1975469269045	65.79284474089268
161	59.077950449469384	10498.680091726394	3123.363908773903	0.0	733.477639920139	59.077950449469384
162	62.291182141386315	10560.971273867784	3139.582458756623	0.0	737.7462767334308	62.291182141386315
163	61.0678913604411	10622.039165228225	3156.0506134729676	0.0	737.7156190822607	61.0678913604411
164	58.09965316048649	10680.138818388707	3167.1684105333925	0.0	743.2528462320306	58.09965316048649
165	68.08700644323586	10748.225824831943	3188.2360215114895	0.0	746.6613625666614	68.08700644323586
166	59.49719702899399	10807.723021860933	3202.4038608581627	0.0	748.6457300475381	59.49719702899399
167	67.48968416892052	10875.212706029859	3222.7316683805693	0.0	750.2545106911739	67.48968416892052
168	63.91323796955478	10939.12594399941	3241.358930618185	0.0	748.4114115493635	63.91323796955478
169	66.47846171467239	11005.604405714088	3262.1805346716155	0.0	757.4259964234678	66.47846171467239
170	59.891193981177196	11065.49559969526	3277.204667266055	0.0	759.7366971538446	59.891193981177196
171	67.25015917049068	11132.74575886575	3300.2471374120883	0.0	768.0700357128251	67.25015917049068
172	65.04989072457299	11197.79564959032	3320.1091503234243	0.0	774.1316340069693	65.04989072457299
173	66.8243641819633	11264.620013772286	3343.175837375507	0.0	771.3923334468781	66.8243641819633
174	57.54747530147201	11322.167489073758	3354.401476521087	0.0	771.8444084326285	57.54747530147201
175	63.39024742416822	11385.557736497929	3369.705202148741	0.0	777.6083964212011	63.39024742416822
176	62.60228378070713	11448.16002027864	3386.426624340021	0.0	775.8935752599829	62.60228378070713
177	60.13655700408681	11508.296577282725	3400.9288328679545	0.0	781.6717618927698	60.13655700408681
178	64.22384605928498	11572.52042334201	3418.2179027601505	0.0	787.2451046220842	64.22384605928498
179	62.771626252612535	11635.29204959462	3436.6554664749087	0.0	789.5825754930297	62.771626252612535
180	57.328164332017565	11692.620213926635	3448.5561845120574	0.0	789.8626705098198	57.328164332017565
181	60.71123699744015	11753.331450924075	3466.3251384825867	0.0	791.9691298298377	60.71123699744015
182	69.5115224331614	11822.84297335724	3491.674311361274	0.0	796.7255525584471	69.5115224331614
183	57.137959273484114	11879.980932630717	3502.314605137487	0.0	801.2317949863973	57.137959273484114
184	67.60131633266002	11947.582248963376	3525.608015996527	0.0	795.644454755557	67.60131633266002
185	64.95862101839239	12012.540869981773	3545.448851266473	0.0	797.6801143142364	64.95862101839239
186	61.24092192737096	12073.781791909141	3563.3822765147384	0.0	800.7906720038794	61.24092192737096
187	65.08372313770937	12138.865515046855	3584.425426416181	0.0	802.6575845223814	65.08372313770937
188	61.558984401331706	12200.424499448183	3601.2287289128203	0.0	800.1605473742002	61.558984401331706
189	60.75935617337668	12261.183855621559	3616.963062393254	0.0	807.1088296363934	60.75935617337668
190	59.97053747242744	12321.154393093992	3630.932190084452	0.0	809.2231632740244	59.97053747242744
191	66.07281241489088	12387.227205508882	3652.2510682044226	0.0	810.9229434294613	66.07281241489088
192	60.42648024417318	12447.653685753052	3666.9598770335833	0.0	812.9390257502417	60.42648024417318
193	65.67460731874931	12513.328293071803	3687.747624208966	0.0	817.3930193741834	65.67460731874931
194	61.79904508130397	12575.127338153108	3703.726981860009	0.0	817.0421732201671	61.79904508130397
195	67.09745479378134	12642.224792946889	3728.4143422093516	0.0	815.8483996900677	67.09745479378134
196	61.95768784813703	12704.182480795025	3744.9739988474917	0.0	823.257266267878	61.95768784813703
197	62.0112987876315	12766.193779582654	3763.884511710579	0.0	825.1540244105552	62.0112987876315
198	64.36593314034425	12830.559712722998	3781.9099615894233	0.0	821.5205679964757	64.36593314034425
199	67.51832536295389	12898.078038085952	3804.5049434368134	0.0	819.827825833127	67.51832536295389
200	60.914153324520456	12958.992191410474	3818.928501504133	0.0	825.5744526975512	60.914153324520456
201	62.67619297611097	13021.668384386583	3836.0012137332383	0.0	830.8322492679278	62.67619297611097
202	58.092944606146126	13079.761328992734	3848.913617511394	0.0	835.7702371769059	58.092944606146126
203	64.90996343234576	13144.671292425082	3869.4744964698925	0.0	837.024085214877	64.90996343234576
204	67.9366954172649	13212.607987842346	3892.878998372371	0.0	828.8786795657585	67.9366954172649
205	62.2634289043187	13274.871416746664	3908.7964916847263	0.0	832.3570830017322	62.2634289043187
206	59.483932069850354	13334.355348816509	3921.512004563319	0.0	832.2984846992537	59.483932069850354
207	60.25715042221698	13394.612499238727	3932.1173345732195	0.0	833.310487163709	60.25715042221698
208	64.1734531534983	13458.785952392223	3949.4357738889275	0.0	834.8332620827387	64.1734531534983
209	57.93138441861377	13516.717336810834	3960.231790647277	0.0	838.2636368533736	57.93138441861377
210	64.44685385064929	13581.164190661486	3979.023553696164	0.0	842.0348179612399	64.44685385064929
211	60.80870335091958	13641.972894012406	3995.496067141178	0.0	845.4613456534593	60.80870335091958
212	57.64382827316751	13699.616722285575	4008.10281320479	0.0	853.9287456514887	57.64382827316751
213	66.13979785821896	13765.756520143786	4028.6846385197737	0.0	860.6125694465564	66.13979785821896
214	66.54959512179639	13832.306115265588	4049.783113239661	0.0	861.853379774121	66.54959512179639
215	62.90397523884476	13895.210090504435	4068.0615090163146	0.0	858.7289155087326	62.90397523884476
216	60.31565468424181	13955.525745188676	4081.2659323144726	0.0	860.8570153312229	60.31565468424181
217	61.47308941601477	14016.998834604694	4099.298713203637	0.0	865.851965048765	61.47308941601477
218	53.65191319039172	14070.650747795087	4109.815083979063	0.0	869.8292174766824	53.65191319039172
219	59.977863853271714	14130.628611648355	4124.752404943168	0.0	872.8537187173813	59.977863853271714
220	61.33577610527495	14191.964387753631	4142.529196102959	0.0	875.0757888354107	61.33577610527495
221	62.29402101154276	14254.258408765167	4158.266001933403	0.0	883.1323989872653	62.29402101154276
222	65.83215514825898	14320.090563913427	4177.983208930546	0.0	890.5405809204126	65.83215514825898
223	60.69042175029582	14380.780985663725	4192.220018576406	0.0	895.8382228747747	60.69042175029582
224	58.487277365935654	14439.268263029657	4204.11871129276	0.0	900.9189721540234	58.487277365935654
225	58.26995887683437	14497.53822190649	4219.772835984722	0.0	903.5812396505253	58.26995887683437
226	64.07408819834883	14561.612310104838	4239.34890847161	0.0	908.8481224001167	64.07408819834883
227	68.60634238511358	14630.218652489953	4262.799703529424	0.0	916.4617452192276	68.60634238511358
228	65.5391772497093	14695.757829739661	4280.842957736892	0.0	918.9690954879869	65.5391772497093
229	66.62129123857271	14762.379120978236	4303.836184682055	0.0	927.4329230209132	66.62129123857271
230	56.79873384379608	14819.177854822035	4314.32751984023	0.0	925.7945849773018	56.79873384379608
231	55.77436916705084	14874.952223989087	4326.647194401557	0.0	931.2029451922994	55.77436916705084
232	61.278687147887034	14936.230911136972	4342.523986064942	0.0	933.549866660905	61.278687147887034
233	65.12652072884202	15001.357431865812	4359.512686554759	0.0	940.0421391035496	65.12652072884202
234	65.5607611825133	15066.918193048326	4382.6656349001	0.0	936.8612021038414	65.5607611825133
235	62.06973277212524	15128.98792582045	4398.443148704973	0.0	938.8615099034398	62.06973277212524
236	67.0727995261314	15196.060725346588	4421.161095099431	0.0	942.5172472821041	67.0727995261314
237	60.67361768294443	15256.734343029531	4439.73540801966	0.0	943.3697454697975	60.67361768294443
238	56.33936279835334	15313.073705827883	4447.530744618535	0.0	943.1628907356496	56.33936279835334
239	58.92253361719404	15371.996239445074	4461.682908178609	0.0	944.8636851213353	58.92253361719404
240	58.945816599360406	15430.942056044434	4475.356386952696	0.0	944.9055857345571	58.945816599360406
241	63.98563689104646	15494.927692935478	4495.667044412347	0.0	945.6369778974439	63.98563689104646
242	62.38564727618251	15557.31334021166	4511.8309400571125	0.0	947.0608595715348	62.38564727618251
243	60.88583976758229	15618.199179979247	4526.444925331231	0.0	951.1646968702861	60.88583976758229
244	66.98627170070735	15685.185451679949	4546.036957992625	0.0	956.2334901421253	66.98627170070735
245	69.80737466805404	15754.99282634801	4571.707283521329	0.0	962.1357281856781	69.80737466805404
246	62.16041222879309	15817.1532385768	4589.539303097466	0.0	961.2264273033469	62.16041222879309
247	65.36197996692461	15882.515218543727	4608.5562676832415	0.0	964.9564437403685	65.36197996692461
248	66.63056472169278	15949.14578326542	4628.410178224582	0.0	972.9449518299175	66.63056472169278
249	69.3335047753751	16018.479288040795	4652.256620820295	0.0	981.9267585581629	69.3335047753751
250	69.58992381677888	16088.069211857566	4673.3882629751315	0.0	983.9521286793099	69.58992381677888
251	64.9405773833085	16153.00978924088	4689.9547110157055	0.0	986.5316135961748	64.9405773833085
252	60.652401391780685	16213.662190632662	4706.6344063616025	0.0	990.1244997844757	60.652401391780685
253	60.559339555289355	16274.22153018795	4721.330943163403	0.0	993.5920383252762	60.559339555289355
254	60.399714995198835	16334.62124518315	4737.85654413392	0.0	1004.6198530580455	60.399714995198835
255	60.15591453680743	16394.77715971995	4751.981314478783	0.0	1005.284481101292	60.15591453680743
256	59.67019353832192	16454.447353258285	4768.6207333536395	0.0	1010.7352205886231	59.67019353832192
257	56.67003465695891	16511.11738791523	4779.4539444277525	0.0	1017.9845062529276	56.67003465695891
258	62.44305772575294	16573.56044564099	4794.35225699136	0.0	1019.6561407356472	62.44305772575294
259	57.90593972164261	16631.466385362633	4806.572695881399	0.0	1023.6146031634214	57.90593972164261
260	66.67819423496542	16698.144579597592	4827.98857981777	0.0	1026.3560689775243	66.67819423496542
261	65.69065232453404	16763.83523192213	4849.89158257359	0.0	1030.4115162258147	65.69065232453404
262	64.80463094931274	16828.639862871438	4868.512264649955	0.0	1033.812462352254	64.80463094931274
263	60.06073100622782	16888.70059387768	4880.522291950669	0.0	1034.5950632696959	60.06073100622782
264	55.29768641168743	16943.998280289365	4892.625308591007	0.0	1035.0489789783956	55.29768641168743
265	66.86247841107435	17010.860758700437	4912.021927532764	0.0	1042.2265653411346	66.86247841107435
266	66.76949169855901	17077.630250399	4936.924170917787	0.0	1051.7222366705405	66.76949169855901
267	62.991222362766884	17140.62147276176	4954.9644857730955	0.0	1057.2613818686182	62.991222362766884
268	59.549025835360474	17200.170498597123	4968.991625655963	0.0	1058.6485589630197	59.549025835360474
269	70.53066815818065	17270.701166755298	4994.577223248469	0.0	1061.5072769082703	70.53066815818065
270	59.72503914059539	17330.426205895892	5009.382489193155	0.0	1068.2659260561843	59.72503914059539
271	61.66445930336294	17392.090665199263	5026.763632718563	0.0	1070.3436734659363	61.66445930336294
272	56.28492214818487	17448.37558734745	5039.465639205829	0.0	1071.3040195835845	56.28492214818487
273	73.84201315957617	17522.217600507018	5068.05185400234	0.0	1076.5652014961922	73.84201315957617
274	59.92056803401838	17582.138168541038	5082.588550477523	0.0	1086.4820171741908	59.92056803401838
275	64.56848687191132	17646.706655412945	5102.137500262881	0.0	1086.26417424505	64.56848687191132
276	64.7980198787624	17711.5046752917	5120.114859006442	0.0	1092.2193103756251	64.7980198787624
277	62.966576180994224	17774.47125147271	5142.079453332438	0.0	1097.882789480047	62.966576180994224
278	66.96164567578406	17841.432897148483	5165.119971777665	0.0	1099.9867627867293	66.96164567578406
279	63.67753079351359	17905.110427942007	5181.965640137344	0.0	1108.6713710208514	63.67753079351359
280	63.447698425396986	17968.5581263674	5199.300264689381	0.0	1112.0142618465636	63.447698425396986
281	59.08441178305924	18027.642538150452	5213.873704539584	0.0	1119.8078697356982	59.08441178305924
282	60.979764617628135	18088.622302768083	5228.799105216065	0.0	1120.1975895369678	60.979764617628135
283	61.36051054467572	18149.982813312752	5241.542163135168	0.0	1122.0574838575828	61.36051054467572
284	62.79481751015916	18212.777630822915	5257.720093766283	0.0	1121.9063131960293	62.79481751015916
285	62.04765748727381	18274.825288310196	5273.564432454814	0.0	1124.3106629180388	62.04765748727381
286	64.34970007335504	18339.174988383547	5292.592250640854	0.0	1123.3152422762282	64.34970007335504
287	61.04080847637864	18400.21579685992	5307.321271369898	0.0	1128.349893042416	61.04080847637864
288	64.86161563024731	18465.077412490173	5325.904726348248	0.0	1131.4532856175592	64.86161563024731
289	64.96278665290866	18530.040199143084	5343.353405628795	0.0	1140.112374976287	64.96278665290866
290	59.761678172785444	18589.80187731588	5357.420613954837	0.0	1140.0374757197787	59.761678172785444
291	62.01658899088079	18651.818466306744	5374.297551397096	0.0	1145.6056470078086	62.01658899088079
292	65.6955036492048	18717.51396995595	5395.204103037934	0.0	1142.8214744800189	65.6955036492048
293	60.67841991288232	18778.192389868833	5411.0840689114	0.0	1149.2469593301394	60.67841991288232
294	58.28135143993985	18836.473741308775	5423.95543976755	0.0	1153.1917682599885	58.28135143993985
295	68.40043157613148	18904.87417288491	5447.825298658114	0.0	1146.696766911801	68.40043157613148
296	55.4250284793193	18960.299201364225	5456.556488145116	0.0	1147.6335873296446	55.4250284793193
297	71.03178388685077	19031.330985251072	5481.770729026122	0.0	1157.0159964791674	71.03178388685077
298	56.542285566377	19087.87327081745	5492.702034052443	0.0	1157.0585651197152	56.542285566377
299	56.85686583073462	19144.730136648184	5504.222982149664	0.0	1153.5151878285892	56.85686583073462
300	64.86906028726331	19209.599196935444	5524.5799223112235	0.0	1160.9450559899149	64.86906028726331
301	62.72940092809554	19272.328597863558	5541.779875428956	0.0	1160.732147121719	62.72940092809554
302	60.8342456699533	19333.162843533504	5556.530856792848	0.0	1164.3985158898802	60.8342456699533
303	60.61844762435827	19393.78129115786	5572.1886480489575	0.0	1168.3603809684298	60.61844762435827
304	59.25155318603641	19453.0328443439	5587.772833362984	0.0	1171.6399089031602	59.25155318603641
305	58.004629109251624	19511.03747345315	5600.401887784077	0.0	1177.4661041774361	58.004629109251624
306	57.55459185639551	19568.59206530954	5613.493944162325	0.0	1184.5672734488587	57.55459185639551
307	58.9585566783603	19627.5506219879	5628.354962681604	0.0	1189.0093542378042	58.9585566783603
308	63.632662121861074	19691.183284109753	5644.528946065167	0.0	1201.4861766896277	63.632662121861074
309	61.81036396450313	19752.99364807425	5662.496154074153	0.0	1208.4715138312008	61.81036396450313
310	64.99023852591537	19817.98388660018	5682.950720369705	0.0	1207.4741864846437	64.99023852591537
311	62.54271191047515	19880.526598510653	5701.81842500657	0.0	1212.7379804582363	62.54271191047515
312	62.42302415524296	19942.9496226659	5720.326339789167	0.0	1216.1269975034347	62.42302415524296
313	66.84832721061741	20009.79794987652	5740.5359008808855	0.0	1218.940957393273	66.84832721061741
314	61.1502071741267	20070.948157050647	5753.937161506475	0.0	1225.5636619190132	61.1502071741267
315	58.67307175764452	20129.621228808282	5767.252627533778	0.0	1233.339107062617	58.67307175764452
316	58.5484746947696	20188.16970350306	5779.051004188637	0.0	1229.996506650392	58.5484746947696
317	68.21043182614197	20256.380135329193	5800.497190498253	0.0	1239.5319939126678	68.21043182614197
318	58.6253001115498	20315.005435440748	5811.842917342208	0.0	1245.363318854158	58.6253001115498
319	64.97127622187462	20379.976711662624	5831.938968467447	0.0	1248.185675487539	64.97127622187462
320	62.52293677352159	20442.499648436136	5846.757536101829	0.0	1255.0608431892438	62.52293677352159
321	62.458190569895216	20504.957839006038	5862.412395296804	0.0	1262.9726335573891	62.458190569895216
322	65.02251290438923	20569.980351910428	5882.662755309089	0.0	1260.9256943407267	65.02251290438923
323	61.67077922484701	20631.651131135273	5898.775873761952	0.0	1260.6433129634556	61.67077922484701
324	55.83702026169898	20687.488151396985	5912.048955500172	0.0	1264.4110442274373	55.83702026169898
325	63.71065859985912	20751.198809996837	5929.098472790675	0.0	1262.6827628344627	63.71065859985912
326	55.212182263213435	20806.410992260044	5939.273909951145	0.0	1270.3473529619591	55.212182263213435
327	57.4456482654557	20863.8566405255	5947.196977491787	0.0	1275.3731137881662	57.4456482654557
328	63.73360826911683	20927.590248794622	5967.945229557967	0.0	1283.287776105338	63.73360826911683
329	58.58834080526265	20986.17858959987	5979.7260266392595	0.0	1284.0562997478703	58.58834080526265
330	59.72558418189955	21045.90417378179	5994.260051035084	0.0	1291.5137479759346	59.72558418189955
331	64.10198637747091	21110.00616015925	6013.072694234632	0.0	1288.8418814250097	64.10198637747091
332	60.9126956241861	21170.91885578343	6030.218459008044	0.0	1280.55978415526	60.9126956241861
333	65.18139421327015	21236.100249996703	6052.053966239543	0.0	1282.9361124534025	65.18139421327015
334	64.25813473955331	21300.35838473626	6071.17490772538	0.0	1283.9093312119326	64.25813473955331
335	56.05124882350935	21356.409633559775	6080.06081698402	0.0	1286.9669869657216	56.05124882350935
336	64.12485159120882	21420.53448515098	6100.692536502317	0.0	1289.7656385041823	64.12485159120882
337	61.558067224656746	21482.092552375634	6118.621825487286	0.0	1298.8171092078715	61.558067224656746
338	57.73614284785408	21539.828695223485	6131.502359094781	0.0	1300.7144714253725	57.73614284785408
339	64.39755507344158	21604.22625029694	6155.73383392754	0.0	1304.759086897757	64.39755507344158
340	59.67388425485681	21663.900134551783	6168.765199780977	0.0	1306.196366302553	59.67388425485681
341	64.02873898510248	21727.928873536894	6187.201900743019	0.0	1305.0971112584705	64.02873898510248
342	56.18122232861459	21784.110095865497	6197.040120574179	0.0	1309.0012713170488	56.18122232861459
343	70.00061725682542	21854.110713122325	6222.15625057957	0.0	1309.2566062792393	70.00061725682542
344	67.3592861786834	21921.469999301004	6243.759027644844	0.0	1314.1389058740306	67.3592861786834
345	60.579909218866476	21982.049908519875	6258.776486247645	0.0	1322.8498563948767	60.579909218866476
346	56.31702009512115	22038.366928615007	6268.303160927104	0.0	1326.7700600375608	56.31702009512115
347	58.591938321314075	22096.95886693632	6281.414338410779	0.0	1324.4696983053605	58.591938321314075
348	57.15575393425563	22154.11462087056	6293.332410990785	0.0	1325.1171786910115	57.15575393425563
349	58.63687754077325	22212.75149841134	6304.985338039663	0.0	1331.6474957907674	58.63687754077325
350	56.509133213069134	22269.26063162441	6315.122647264524	0.0	1344.3652154485362	56.509133213069134
351	63.26951132224317	22332.530142946656	6331.67779929972	0.0	1348.526942778107	63.26951132224317
352	61.45008990974309	22393.9802328564	6349.44573415461	0.0	1344.5827600189687	61.45008990974309
353	69.82161499900857	22463.801847855408	6374.480778869608	0.0	1345.374538186799	69.82161499900857
354	58.188536204740004	22521.990384060144	6386.493198517852	0.0	1346.4801227422258	58.188536204740004
355	58.11605995947167	22580.10644401962	6397.606244290895	0.0	1353.9345546122872	58.11605995947167
356	59.98248427581745	22640.088928295434	6413.214714539541	0.0	1359.5439786626148	59.98248427581745
357	58.16965678513407	22698.25858508056	6426.792345085776	0.0	1363.7710234435706	58.16965678513407
358	56.31472640235708	22754.573311482927	6439.026538713701	0.0	1367.2784370311972	56.31472640235708
359	63.59629203746912	22818.1696035204	6459.183850419684	0.0	1367.7711515739925	63.59629203746912
360	60.27715016428581	22878.446753684686	6472.324799211221	0.0	1374.0857935139063	60.27715016428581
361	57.82023093476066	22936.266984619444	6484.172398101756	0.0	1378.0287077305566	57.82023093476066
362	60.8766730700732	22997.143657689514	6501.52901717368	0.0	1373.9986285154814	60.8766730700732
363	59.32100184081314	23056.46465953033	6518.419013005602	0.0	1376.6445139980074	59.32100184081314
364	61.50341203334419	23117.96807156367	6535.5965927063835	0.0	1384.4856418557015	61.50341203334419
365	63.046481514579675	23181.014553078247	6553.382019624708	0.0	1384.6016833413676	63.046481514579675
366	62.0921515511061	23243.106704629354	6571.226196051763	0.0	1389.45657331241	62.0921515511061
367	61.4865838064681	23304.593288435815	6585.366375251271	0.0	1390.2702095513055	61.4865838064681
368	65.22840644968024	23369.821694885515	6605.069954804555	0.0	1397.0370277385443	65.22840644968024
369	63.85198456565891	23433.673679451178	6622.122817638189	0.0	1396.6895425645755	63.85198456565891
370	61.68095448241803	23495.354633933577	6638.96654152409	0.0	1393.4639590011122	61.68095448241803
371	67.46151844414887	23562.816152377738	6659.183886016852	0.0	1402.1245094186377	67.46151844414887
372	61.35267867742881	23624.168831055158	6673.61531843231	0.0	1406.452694354296	61.35267867742881
373	59.914849402923686	23684.083680458083	6688.715463727215	0.0	1400.2315519848246	59.914849402923686
374	63.59053060883984	23747.674211066926	6709.213357122236	0.0	1406.789391668348	63.59053060883984
375	59.10364216810976	23806.77785323503	6724.358928726786	0.0	1402.3012833883768	59.10364216810976
376	55.36856310485883	23862.146416339892	6734.595224557016	0.0	1405.1753709656016	55.36856310485883
377	61.40212357088217	23923.548539910764	6749.675559816096	0.0	1405.5535770195283	61.40212357088217
378	59.784024747556316	23983.33256465832	6762.4646760846135	0.0	1408.204270949094	59.784024747556316
379	63.17197890153575	24046.504543559848	6781.544994615426	0.0	1410.0041534204236	63.17197890153575
380	54.67619929602663	24101.180742855897	6790.271630718841	0.0	1412.2247627957606	54.67619929602663
381	62.38750847393554	24163.568251329823	6808.235895002764	0.0	1414.2097112710453	62.38750847393554
382	61.4148091642063	24224.983060494036	6822.260407824509	0.0	1425.5747680121276	61.4148091642063
383	53.49644722964439	24278.479507723685	6828.513580258384	0.0	1423.6223223402205	53.49644722964439
384	59.851795703912266	24338.3313034276	6843.01588385578	0.0	1427.5942259717485	59.851795703912266
385	57.20181092433046	24395.533114351918	6856.727631486744	0.0	1433.2451531256413	57.20181092433046
386	63.422506225096406	24458.955620577024	6875.471395308805	0.0	1438.3736308227174	63.422506225096406
387	65.7353517097836	24524.690972286793	6898.729486985603	0.0	1443.805929363652	65.7353517097836
388	67.37843287997623	24592.06940516678	6922.503631164314	0.0	1449.8295286814482	67.37843287997623
389	64.05321911139829	24656.12262427818	6939.645895237767	0.0	1452.6922233780672	64.05321911139829
390	68.36707823137677	24724.489702509538	6961.461932793822	0.0	1457.6851745940269	68.36707823137677
391	62.28270849629527	24786.772411005837	6979.442532166985	0.0	1455.3583383424516	62.28270849629527
392	54.67940374855769	24841.451814754415	6990.623779686713	0.0	1457.7588741491286	54.67940374855769
393	60.796284784358	24902.24809953876	7005.688368898049	0.0	1457.9058499287546	60.796284784358
394	60.96600887032579	24963.214108409084	7020.1307016246765	0.0	1456.6249357470506	60.96600887032579
395	60.41933626589492	25023.63344467498	7035.660841268193	0.0	1456.9633077404212	60.41933626589492
396	59.11564778886141	25082.749092463848	7046.823309756536	0.0	1458.424155815585	59.11564778886141
397	65.69292975954514	25148.44202222339	7067.597609562501	0.0	1465.441575482218	65.69292975954514
398	65.77394436390307	25214.215966587293	7088.795406707842	0.0	1467.8590120668273	65.77394436390307
399	65.41815775735022	25279.634124344637	7110.07461741922	0.0	1472.227188051949	65.41815775735022
400	63.0089285963154	25342.64305294096	7125.259988978102	0.0	1472.8228270241316	63.0089285963154
401	61.57877772611454	25404.221830667077	7143.467979912642	0.0	1472.3938389409793	61.57877772611454
402	58.591900107700795	25462.813730774767	7155.40891621238	0.0	1470.9687622581146	58.591900107700795
403	61.47968826015327	25524.29341903493	7171.291893535322	0.0	1471.361899898067	61.47968826015327
404	54.518789576832496	25578.812208611733	7182.768923635836	0.0	1471.8779608788275	54.518789576832496
405	63.21158345472373	25642.023792066484	7200.677201807273	0.0	1477.0313673725668	63.21158345472373
406	67.01833357612003	25709.042125642605	7220.708593972987	0.0	1470.2783072307416	67.01833357612003
407	57.75466385643017	25766.796789499032	7231.80835033875	0.0	1472.2100991205944	57.75466385643017
408	59.58456211997087	25826.38135161901	7244.589391490199	0.0	1472.9143523580337	59.58456211997087
409	54.61281517219173	25880.994166791188	7255.206244470888	0.0	1470.1798137168175	54.61281517219173
410	69.74050541334782	25950.73467220454	7281.729215720832	0.0	1472.5133632107957	69.74050541334782
411	67.12089155180465	26017.855563756333	7303.673099424903	0.0	1482.248398170667	67.12089155180465
412	59.11527638590258	26076.970840142236	7317.3000365128555	0.0	1481.0337659436718	59.11527638590258
413	65.76660041251125	26142.737440554763	7336.766962850703	0.0	1480.8210481082772	65.76660041251125
414	66.315584219552	26209.053024774297	7357.450182928192	0.0	1484.2966363701273	66.315584219552
415	61.80245137572588	26270.855476150038	7374.287720215498	0.0	1480.1178232206419	61.80245137572588
416	58.60581424897906	26329.461290399	7388.040620872464	0.0	1481.7304224097668	58.60581424897906
417	58.28020339984694	26387.741493798847	7403.468396056131	0.0	1480.9871691695132	58.28020339984694
418	60.58741721375295	26448.328911012617	7420.23364599493	0.0	1483.7188227845254	60.58741721375295
419	61.65578243493736	26509.98469344755	7439.020789198318	0.0	1494.506740798451	61.65578243493736
420	63.43197377000372	26573.41666721755	7458.057586140996	0.0	1490.9966156268715	63.43197377000372
421	57.80020785115785	26631.216875068712	7470.755001011829	0.0	1495.8449139785846	57.80020785115785
422	69.23888705613817	26700.45576212485	7493.923014680022	0.0	1493.1239306500377	69.23888705613817
423	62.38458003743825	26762.84034216229	7511.502078717118	0.0	1499.1737676889197	62.38458003743825
424	58.32273363586114	26821.163075798155	7525.034027623458	0.0	1509.3436943469117	58.32273363586114
425	66.44450786595901	26887.607583664096	7547.8907941904445	0.0	1512.0927062918875	66.44450786595901
426	58.32886898586714	26945.936452649978	7562.32352431566	0.0	1511.7867804979983	58.32886898586714
427	70.64850546807807	27016.584958118056	7588.493652682632	0.0	1510.9982870403348	70.64850546807807
428	55.15500434171829	27071.739962459786	7599.764605339532	0.0	1519.0380700010783	55.15500434171829
429	61.61041122887387	27133.350373688652	7614.49615913908	0.0	1516.3724447904997	61.61041122887387
430	64.12242917017628	27197.472802858832	7632.49927335829	0.0	1519.1724026041184	64.12242917017628
431	55.748274957775656	27253.221077816594	7639.900726943281	0.0	1522.761794673684	55.748274957775656
432	62.72829389166323	27315.94937170826	7658.974981304209	0.0	1529.2311665785996	62.72829389166323
433	60.35939879927394	27376.30877050753	7674.562589242751	0.0	1532.9661433623987	60.35939879927394
434	56.86777465821778	27433.176545165767	7686.066789390523	0.0	1533.064309565079	56.86777465821778
435	59.25281477007525	27492.429359935828	7700.00573227278	0.0	1533.869783289042	59.25281477007525
436	66.82175257626466	27559.251112512095	7722.529425406291	0.0	1539.0047643864925	66.82175257626466
437	58.228929580847215	27617.480042092917	7732.060720726377	0.0	1539.9162575310083	58.228929580847215
438	53.063622598018235	27670.543664690944	7740.419851544832	0.0	1541.1847583466526	53.063622598018235
439	59.23461568994674	27729.778280380902	7754.879284073897	0.0	1548.6801373085161	59.23461568994674
440	60.654712946645844	27790.432993327544	7769.677476818777	0.0	1551.7849744666655	60.654712946645844
441	59.57261683201805	27850.005610159562	7783.629339829516	0.0	1558.8956179095546	59.57261683201805
442	66.0030967451451	27916.008706904715	7803.826567188725	0.0	1562.0092465790185	66.0030967451451
443	65.42255703592218	27981.431263940638	7823.324591028886	0.0	1561.7179875732922	65.42255703592218
444	64.3086946937409	28045.739958634367	7842.136146367872	0.0	1563.4320146768978	64.3086946937409
445	58.241923307610435	28103.981881941985	7852.914016811028	0.0	1561.9420109052598	58.241923307610435
446	60.89464303520456	28164.87652497719	7869.813194655519	0.0	1567.8468779351251	60.89464303520456
447	60.25367113358934	28225.13019611079	7885.295834682744	0.0	1565.4156110059364	60.25367113358934
448	68.41461512271931	28293.544811233507	7907.415850716157	0.0	1568.2375616772888	68.41461512271931
449	59.26271307433626	28352.807524307827	7922.11157786704	0.0	1570.5725367129296	59.26271307433626
450	62.43531335442896	28415.242837662256	7940.661634097556	0.0	1570.6763551467964	62.43531335442896
451	61.46532510572895	28476.708162767998	7956.039386665196	0.0	1574.5443259828965	61.46532510572895
452	64.17289674247702	28540.881059510473	7976.264048252396	0.0	1576.1550139458893	64.17289674247702
453	67.23816304813056	28608.119222558602	7997.397467333315	0.0	1576.108933681862	67.23816304813056
454	59.686709132758104	28667.805931691364	8011.855928014116	0.0	1584.7641323510236	59.686709132758104
455	60.028042849369676	28727.83397454073	8027.29616575858	0.0	1585.2691352534746	60.028042849369676
456	62.26594924123995	28790.099923781978	8045.109914294709	0.0	1595.815771439923	62.26594924123995
457	58.876755424942466	28848.976679206906	8057.584419877821	0.0	1597.1385107278509	58.876755424942466
458	60.38396831825835	28909.360647525176	8073.064746073077	0.0	1599.9066046845512	60.38396831825835
459	56.74117384288451	28966.10182136806	8085.439649201361	0.0	1603.7913095025071	56.74117384288451
460	59.958163138175735	29026.059984506224	8100.325726442637	0.0	1608.3761979324454	59.958163138175735
461	66.38287989054508	29092.442864396777	8122.142162791523	0.0	1613.3117408117982	66.38287989054508
462	64.43834848057935	29156.881212877346	8140.601945173614	0.0	1616.812570351268	64.43834848057935
463	60.99129996118098	29217.87251283854	8156.4110239341935	0.0	1617.9747214775064	60.99129996118098
464	57.05071186783578	29274.923224706363	8170.56424477851	0.0	1620.4898442069102	57.05071186783578
465	65.75609781076392	29340.67932251714	8189.940079959438	0.0	1626.8098239741742	65.75609781076392
466	57.33207764814613	29398.01140016528	8204.562515513557	0.0	1627.6219521224145	57.33207764814613
467	62.86627749654941	29460.87767766182	8222.849168183782	0.0	1629.2177186149336	62.86627749654941
468	62.00541616656785	29522.883093828386	8237.539899334746	0.0	1631.076754592132	62.00541616656785
469	60.5407284952687	29583.423822323653	8254.55376859746	0.0	1631.4043602340034	60.5407284952687
470	64.40199893244882	29647.8258212561	8274.72940304755	0.0	1637.0497124123551	64.40199893244882
471	58.20073833518012	29706.026559591304	8287.028719810805	0.0	1639.0318126155148	58.20073833518012
472	61.45530051696443	29767.481860108262	8303.530018615947	0.0	1640.0773412794417	61.45530051696443
473	62.277244105571135	29829.75910421384	8319.417196129678	0.0	1641.445472867072	62.277244105571135
474	59.34521206491866	29889.10431627874	8333.465510965934	0.0	1649.3522794174198	59.34521206491866
475	62.775332199133985	29951.87964847787	8352.590953846615	0.0	1646.0789568704633	62.775332199133985
476	64.85499545771131	30016.734643935593	8373.604242846737	0.0	1650.3373883630281	64.85499545771131
477	60.569819743393246	30077.30446367899	8389.979977435329	0.0	1649.4876699384865	60.569819743393246
478	64.8071592533696	30142.111622932352	8409.163553297212	0.0	1655.8320253163386	64.8071592533696
479	62.31628094583113	30204.42790387817	8428.467201376734	0.0	1659.0523164281008	62.31628094583113
480	63.410115347968095	30267.838019226157	8444.287974695228	0.0	1660.5219588445907	63.410115347968095
481	63.35013688713994	30331.188156113298	8461.288953935094	0.0	1656.517497216549	63.35013688713994
482	60.70172955947296	30391.889885672786	8476.087212222537	0.0	1664.8197790369024	60.70172955947296
483	66.78187996080918	30458.671765633575	8497.84583298166	0.0	1665.6987001249518	66.78187996080918
484	62.30953536203459	30520.981300995612	8515.63078358594	0.0	1664.4087541582912	62.30953536203459
485	64.9284852095767	30585.90978620518	8533.247233523398	0.0	1667.1007542442176	64.9284852095767
486	61.464552431037106	30647.374338636226	8549.84713889344	0.0	1671.466072766536	61.464552431037106
487	64.09942912288646	30711.473767759097	8569.462771569115	0.0	1675.6564834375345	64.09942912288646
488	56.15814944013809	30767.63191719925	8579.807953884208	0.0	1678.8137999442843	56.15814944013809
489	64.42519954713697	30832.05711674639	8601.361764466617	0.0	1682.125866237212	64.42519954713697
490	58.40899951480843	30890.46611626119	8615.714333468202	0.0	1689.3371802142237	58.40899951480843
491	61.8065349551036	30952.27265121628	8634.36650193347	0.0	1690.766866059793	61.8065349551036
492	61.1434376608792	31013.416088877173	8650.147469208307	0.0	1691.9240618606552	61.1434376608792
493	61.13950480504669	31074.55559368221	8666.162895378011	0.0	1697.324108056243	61.13950480504669
494	64.39321827376634	31138.948811955986	8686.893787705545	0.0	1707.4114705212185	64.39321827376634
495	56.3468172461275	31195.295629202123	8700.291760832406	0.0	1711.5485126843992	56.3468172461275
496	60.52638499929235	31255.82201420141	8715.606839076889	0.0	1719.2263405785502	60.52638499929235
497	58.423157574920154	31314.24517177633	8729.539251803319	0.0	1722.9542795015132	58.423157574920154
498	64.3478752809291	31378.593047057246	8746.482245785452	0.0	1723.9036571676324	64.3478752809291
499	53.38491857934363	31431.97796563661	8755.397662020392	0.0	1728.9933156612653	53.38491857934363
500	66.91364344774273	31498.89160908435	8778.43854841261	0.0	1735.807072585584	66.91364344774273
501	65.57541588668185	31564.467024971033	8798.319878754892	0.0	1738.777423599331	65.57541588668185
502	58.124728076450374	31622.591753047487	8810.72897442085	0.0	1736.7622570786211	58.124728076450374
503	58.77977910062811	31681.371532148103	8822.122580977873	0.0	1741.5166806673503	58.77977910062811
504	65.63035180118712	31747.0018839493	8843.940486886842	0.0	1738.434045054598	65.63035180118712
505	58.29603664146721	31805.297920590754	8854.914190179838	0.0	1741.6439111004083	58.29603664146721
506	57.93096240009455	31863.22888299086	8854.914190179838	0.0	1747.5037472042445	57.93096240009455
