task	reward	total_reward	total_regret	relative	total_reward_dev	joules
0	51.389497197754054	51.389497197754054	4.093414774572659	0.0	25.341066408266506	51.389497197754054
1	48.6747762866271	100.06427348438116	9.451862272712052	0.0	38.58850748242175	48.6747762866271
2	58.875555955525805	158.93982943990696	22.63424690623793	0.0	42.272069607130184	58.875555955525805
3	60.32214614398783	219.26197558389487	36.9001112970403	0.0	46.98970393985888	60.32214614398783
4	69.31868433669575	288.58065992059056	60.43958907444104	0.0	54.758065287119685	69.31868433669575
5	69.08729362145789	357.6679535420485	84.27916564311273	0.0	58.68120071098153	69.08729362145789
6	49.611617668470814	407.27957121051935	89.01495025618364	0.0	58.732742886277165	49.611617668470814
7	59.081083368200844	466.3606545787202	103.01653851026296	0.0	71.44944883101847	59.081083368200844
8	75.44799081246391	541.808645391184	131.37493322504315	0.0	74.3862897802981	75.44799081246391
9	76.45819616757679	618.266841558761	163.25169444592618	0.0	77.15434614931307	76.45819616757679
10	79.16920668441384	697.4360482431745	198.2879811634244	0.0	79.95884130260391	79.16920668441384
11	74.19979140454313	771.6358396477178	227.8207638373428	0.0	84.10558599350966	74.19979140454313
12	61.20255407241375	832.8383937201311	244.80007983678138	0.0	92.05336292778043	61.20255407241375
13	53.30313741497994	886.1415311351114	252.7947844033696	0.0	97.55436696436115	53.30313741497994
14	54.65938074058434	940.8009118756956	261.10432319800856	0.0	105.2244737034566	54.65938074058434
15	57.58814745197163	998.3890593276675	272.23728527606255	0.0	107.1222786900471	57.58814745197163
16	54.70607979426338	1053.0951391219303	282.8294158933601	0.0	109.27365749998964	54.70607979426338
17	52.5064347917305	1105.6015739136615	289.46173273243016	0.0	117.26077983266212	52.5064347917305
18	54.26387625498094	1159.8654501686422	295.17505882581213	0.0	121.87249660331808	54.26387625498094
19	53.82750596953913	1213.6929561381812	304.32851312694993	0.0	124.43710675527181	53.82750596953913
20	58.23859960631308	1271.9315557444945	316.70176266339274	0.0	133.67042490898592	58.23859960631308
21	59.62053650715412	1331.5520922516487	331.56660453993277	0.0	136.12425819718592	59.62053650715412
22	54.88268694310652	1386.4347791947553	339.9826155743545	0.0	145.00128783695237	54.88268694310652
23	59.98636011554768	1446.4211393103024	357.35038184362315	0.0	148.2918222162973	59.98636011554768
24	53.32968768775784	1499.7508269980608	365.5351215026151	0.0	152.80899391626522	53.32968768775784
25	55.725289102062426	1555.4761161001222	378.4935174526226	0.0	157.098382334632	55.725289102062426
26	52.085247669536976	1607.5613637696595	383.93002547972304	0.0	160.91291618522985	52.085247669536976
27	55.09840554900124	1662.659769318661	396.26108053477736	0.0	166.36830220264693	55.09840554900124
28	52.01074302376005	1714.6705123424208	405.37257835279024	0.0	168.93542729070916	52.01074302376005
29	53.893633806747815	1768.5641461491684	413.56091720408347	0.0	171.81163861044104	53.893633806747815
30	56.11675568565789	1824.6809018348267	424.98997942141585	0.0	175.72231850779747	56.11675568565789
31	54.290791943257	1878.971693778084	434.9435687642165	0.0	184.51326861155755	54.290791943257
32	55.347629862516904	1934.3193236406012	446.1820083779301	0.0	188.6559920158184	55.347629862516904
33	55.0293223366671	1989.3486459772678	452.4541664706056	0.0	191.90474864090552	55.0293223366671
34	57.75388954100988	2047.102535518278	465.23693365644243	0.0	192.40573737912212	57.75388954100988
35	55.00622690450177	2102.10876242278	476.00005705664	0.0	194.9787970901392	55.00622690450177
36	57.88084154626024	2159.9896039690393	488.88699332492246	0.0	198.49443271931756	57.88084154626024
37	57.43868391891417	2217.4282878879535	500.687055855548	0.0	204.62641925009947	57.43868391891417
38	60.86753501189177	2278.2958228998455	515.2048603643799	0.0	213.51911341592714	60.86753501189177
39	53.50400374217955	2331.799826642025	522.8264964454625	0.0	214.16706570844485	53.50400374217955
40	51.9672083751487	2383.7670350171734	529.2823603903688	0.0	219.2319690350809	51.9672083751487
41	53.83443877474809	2437.6014737919213	538.5578416888493	0.0	225.79423265685585	53.83443877474809
42	54.05445775656807	2491.6559315484906	548.0689468295158	0.0	231.44089243511505	54.05445775656807
43	54.06225719203089	2545.718188740521	557.8343573084924	0.0	234.93912186677105	54.06225719203089
44	56.77537577154993	2602.4935645120704	569.5883534310323	0.0	242.48160504331707	56.77537577154993
45	57.48180316379268	2659.9753676758633	582.5716789998612	0.0	244.08589102052971	57.48180316379268
46	55.88700764864172	2715.862375324505	590.009826790388	0.0	248.7516449921813	55.88700764864172
47	55.635703422497585	2771.4980787470017	599.100101346442	0.0	255.92601941982758	55.635703422497585
48	57.827238722060066	2829.325317469063	611.4314947486058	0.0	259.20735679231797	57.827238722060066
49	54.881641542947584	2884.206959012011	621.9656698729392	0.0	264.13090597304836	54.881641542947584
50	54.884457521970006	2939.0914165339786	632.8715264179161	0.0	269.34919427734224	54.884457521970006
51	52.117882458104724	2991.2092989920843	639.6797014647074	0.0	274.2615041780827	52.117882458104724
52	59.86482597541804	3051.0741249675034	654.3242070927399	0.0	281.0234781230842	59.86482597541804
53	56.867011546941406	3107.9411365144424	665.8145173381641	0.0	282.86833072369313	56.867011546941406
54	50.35680970074648	3158.2979462151916	669.5575457765437	0.0	288.151508193026	50.35680970074648
55	51.2671322528512	3209.565078468042	674.1786957281713	0.0	293.19167715189946	51.2671322528512
56	60.00943346915768	3269.5745119371986	691.1073985587889	0.0	300.93457898432143	60.00943346915768
57	52.78825283575826	3322.3627647729577	697.7584954728886	0.0	303.311391794538	52.78825283575826
58	55.62778370104619	3377.9905484740034	709.5289453278488	0.0	306.9039825075444	55.62778370104619
59	53.788903583379835	3431.7794520573834	719.2468062559478	0.0	311.0370634143772	53.788903583379835
60	60.51200769284946	3492.291459750234	734.9196896973427	0.0	317.5693274378648	60.51200769284946
61	56.45538428350977	3548.7468440337434	746.4169997295769	0.0	322.1570119762454	56.45538428350977
62	55.13158845406961	3603.8784324878147	757.4806088210727	0.0	331.82254888468424	55.13158845406961
63	56.775859965066665	3660.654292452879	766.8592577480485	0.0	337.2213359465291	56.775859965066665
64	55.81149312118857	3716.465785574066	777.9490084473516	0.0	345.370761671571	55.81149312118857
65	57.38497846929365	3773.8507640433613	791.4321442910654	0.0	351.33849774174126	57.38497846929365
66	60.35705441769875	3834.2078184610596	806.3700272285473	0.0	360.6596904047193	60.35705441769875
67	56.441179487607805	3890.648997948669	818.4209219371094	0.0	365.60490522169096	56.441179487607805
68	57.314972285081765	3947.9639702337504	829.6613454459268	0.0	370.990248575663	57.314972285081765
69	53.521525050140674	4001.4854952838905	834.8984169923539	0.0	381.6688956971681	53.521525050140674
70	51.9134610810452	4053.3989563649347	839.8205902925133	0.0	385.9236464911141	51.9134610810452
71	52.9036259364503	4106.302582301387	849.3196374913321	0.0	388.43054382665196	52.9036259364503
72	57.13289712095484	4163.43547942234	861.3676076442105	0.0	392.9507174188398	57.13289712095484
73	54.84473850373423	4218.280217926076	870.9252540936918	0.0	395.5411375494293	54.84473850373423
74	54.40777027930981	4272.687988205384	878.8280539445154	0.0	401.44115354024467	54.40777027930981
75	58.50206335589529	4331.190051561281	890.7283842085151	0.0	405.610408435509	58.50206335589529
76	59.00672522993257	4390.196776791214	905.9378538984579	0.0	418.4865822276973	59.00672522993257
77	56.85226178816106	4447.049038579374	916.408409141533	0.0	420.8331170637223	56.85226178816106
78	57.214438914124194	4504.263477493498	931.3568821574124	0.0	425.52869554715204	57.214438914124194
79	58.24857294853383	4562.512050442031	943.2534226824016	0.0	431.43915389405817	58.24857294853383
80	55.96146687867492	4618.473517320708	951.4824060598909	0.0	437.6405386614295	55.96146687867492
81	53.22606837992371	4671.6995857006295	959.4296339248399	0.0	444.3667251993145	53.22606837992371
82	59.21059450770745	4730.910180208337	974.6173789029525	0.0	444.77232002897233	59.21059450770745
83	57.8200395665296	4788.730219774867	987.5566205538462	0.0	447.8157844084469	57.8200395665296
84	55.04925446101287	4843.77947423588	995.3480698688165	0.0	455.7981747072201	55.04925446101287
85	53.50094121339059	4897.280415449269	1004.4541855635438	0.0	458.70850800319	53.50094121339059
86	52.76835058665822	4950.048766035928	1010.136961021112	0.0	461.7979195042431	52.76835058665822
87	56.706468861649746	5006.755234897579	1020.7320370739276	0.0	471.7203584572143	56.706468861649746
88	54.671800907424085	5061.4270358050035	1032.3832439246942	0.0	477.94260448931885	54.671800907424085
89	52.9920408164529	5114.419076621456	1039.1971231720452	0.0	482.5420091780738	52.9920408164529
90	55.190286133176954	5169.6093627546325	1047.3777892580438	0.0	486.6855033333908	55.190286133176954
91	59.19030832162471	5228.799671076259	1060.2125728327367	0.0	494.92548881328366	59.19030832162471
92	56.63221789737813	5285.431888973637	1072.7849656748951	0.0	501.1673282303098	56.63221789737813
93	54.45011953434374	5339.882008507977	1081.69735750578	0.0	508.80306101093504	54.45011953434374
94	60.55766520025097	5400.439673708232	1094.5752376518642	0.0	514.8895063955488	60.55766520025097
95	57.30107166890395	5457.740745377134	1107.377420113661	0.0	517.0321404181382	57.30107166890395
96	52.77854762263304	5510.519292999768	1113.9631932263605	0.0	517.8104004990229	52.77854762263304
97	54.539811967038375	5565.059104966804	1123.5704199953443	0.0	520.0993229420252	54.539811967038375
98	59.735146217091575	5624.794251183897	1137.4453786029844	0.0	524.5521530843566	59.735146217091575
99	59.2417803441668	5684.036031528065	1147.9194150284438	0.0	530.7472256171146	59.2417803441668
100	56.89303632921858	5740.929067857283	1159.7032347575298	0.0	536.3401540613137	56.89303632921858
101	56.54909107148885	5797.478158928771	1170.5047557838436	0.0	544.3649172415451	56.54909107148885
102	54.009889422062635	5851.488048350833	1179.6416793535984	0.0	552.2933511246384	54.009889422062635
103	54.04119063452701	5905.529238985359	1186.7498137325313	0.0	558.6637130039991	54.04119063452701
104	56.57363251862136	5962.102871503983	1196.6727476690376	0.0	564.7199885951975	56.57363251862136
105	63.20926914265312	6025.312140646639	1212.9304585568866	0.0	574.1442679734735	63.20926914265312
106	55.430232147931804	6080.742372794568	1222.3167122927919	0.0	579.0873249498052	55.430232147931804
107	59.53535434018718	6140.277727134758	1236.3806387993309	0.0	581.3437563488588	59.53535434018718
108	61.26972128548907	6201.547448420245	1248.7423568665538	0.0	587.9044167757916	61.26972128548907
109	61.29043942041306	6262.83788784066	1262.2073765822483	0.0	600.1315517601768	61.29043942041306
110	55.721301980999776	6318.559189821656	1274.6110007467853	0.0	604.7783189282504	55.721301980999776
111	59.86527214422422	6378.424461965881	1290.5178252018136	0.0	603.9731566272695	59.86527214422422
112	54.047842049824446	6432.472304015707	1298.9174650851326	0.0	611.9331165285486	54.047842049824446
113	52.25158617625887	6484.723890191965	1306.4125153499867	0.0	614.3385333764852	52.25158617625887
114	52.53878065893794	6537.262670850904	1315.0676024916863	0.0	618.4180447379917	52.53878065893794
115	54.84385355448119	6592.106524405385	1325.1409402316488	0.0	625.5172799835769	54.84385355448119
116	53.531909255439516	6645.638433660825	1335.9180630424337	0.0	628.575822150059	53.531909255439516
117	54.716665916073055	6700.355099576896	1343.7319218793773	0.0	632.0647267328364	54.716665916073055
118	56.59760402168067	6756.952703598579	1357.8056078518023	0.0	640.8629594251163	56.59760402168067
119	55.69211830934206	6812.644821907921	1368.0322319814718	0.0	646.7188968174033	55.69211830934206
120	58.947028445571775	6871.591850353492	1381.5573430453921	0.0	648.986718355297	58.947028445571775
121	58.82874751531518	6930.420597868806	1393.829877182958	0.0	654.3873515787905	58.82874751531518
122	56.37649713533369	6986.79709500414	1405.6620794745852	0.0	658.9604316034054	56.37649713533369
123	58.842646598098455	7045.639741602234	1417.9127947642767	0.0	660.5930249207961	58.842646598098455
124	53.23992013659504	7098.879661738832	1426.645790601226	0.0	662.7918345707553	53.23992013659504
125	53.453517051179396	7152.333178790015	1434.7942764469738	0.0	671.0475719370372	53.453517051179396
126	57.52973578053233	7209.862914570546	1449.74386107889	0.0	676.8802527676982	57.52973578053233
127	57.08149084676027	7266.94440541731	1461.4896444379951	0.0	679.6399085489699	57.08149084676027
128	54.969529781646955	7321.913935198955	1472.042107940296	0.0	679.9257395228666	54.969529781646955
129	53.61929892840472	7375.53323412736	1478.3347950156274	0.0	681.5891509070811	53.61929892840472
130	55.70330147077979	7431.2365355981365	1487.6991322528463	0.0	686.6076429391928	55.70330147077979
131	56.86561738119497	7488.102152979334	1498.541495172709	0.0	690.9719839905429	56.86561738119497
132	58.88428705614985	7546.986440035481	1513.311973117506	0.0	694.2286952993691	58.88428705614985
133	52.74706289894879	7599.7335029344285	1521.4848475087117	0.0	699.1395468215728	52.74706289894879
134	54.39293363101696	7654.12643656545	1532.2249607909262	0.0	707.4078091079533	54.39293363101696
135	57.90471146470794	7712.031148030155	1545.0895489787642	0.0	711.8491073793108	57.90471146470794
136	53.641079308957394	7765.672227339113	1555.0978890683864	0.0	718.8426771613691	53.641079308957394
137	59.416940858063064	7825.08916819718	1569.988585956988	0.0	727.0052027437303	59.416940858063064
138	56.627123174154676	7881.716291371331	1580.662930209069	0.0	733.8237045411373	56.627123174154676
139	55.42937317018947	7937.145664541519	1591.2490124344286	0.0	743.0480302973343	55.42937317018947
140	53.920502400185434	7991.066166941709	1599.8849178053126	0.0	749.4705951751763	53.920502400185434
141	63.353231608913184	8054.419398550618	1617.3084369227352	0.0	750.629200640458	63.353231608913184
142	57.406620206052075	8111.826018756672	1629.1060170456726	0.0	751.9551020735638	57.406620206052075
143	54.512806458924295	8166.338825215599	1637.7918708318016	0.0	759.4239558760663	54.512806458924295
144	58.228386583384335	8224.567211798982	1651.7138096279075	0.0	769.8865456735668	58.228386583384335
145	54.6645022950083	8279.23171409399	1661.3937637579156	0.0	773.2899163087543	54.6645022950083
146	58.21289178013025	8337.44460587412	1675.1279472501724	0.0	775.4952135776266	58.21289178013025
147	55.6064163849216	8393.051022259038	1688.4889402857902	0.0	775.11952336302	55.6064163849216
148	63.419210860662425	8456.470233119702	1708.2940024699626	0.0	783.3727786565995	63.419210860662425
149	56.657744151646426	8513.127977271351	1719.6419457376003	0.0	786.5051270123511	56.657744151646426
150	63.709227030981864	8576.83720430233	1738.293662414783	0.0	787.7589451645446	63.709227030981864
151	56.82680269860917	8633.664007000938	1748.8236682984002	0.0	793.5451135929634	56.82680269860917
152	57.04635851686371	8690.710365517807	1758.2034274870985	0.0	795.9139545743981	57.04635851686371
153	58.50320375228282	8749.213569270089	1771.5204972474814	0.0	799.5089878635177	58.50320375228282
154	54.7268984878081	8803.940467757893	1782.6023820766493	0.0	800.935923785403	54.7268984878081
155	54.819403824700046	8858.759871582597	1794.1952814826257	0.0	804.9763808972064	54.819403824700046
156	58.1524532834829	8916.912324866078	1807.3803348516112	0.0	809.2887079407232	58.1524532834829
157	56.104515806117604	8973.016840672199	1818.4649053849696	0.0	811.7313392134228	56.104515806117604
158	61.15648291355757	9034.173323585752	1835.702688469689	0.0	818.8225574697497	61.15648291355757
159	59.87257482516247	9094.045898410915	1849.1610590362045	0.0	826.9439954459152	59.87257482516247
160	58.75488911126298	9152.800787522181	1862.2336350410405	0.0	833.4180280849873	58.75488911126298
161	53.94185505764773	9206.742642579826	1872.1366850107388	0.0	837.5592311239291	53.94185505764773
162	59.03685227514342	9265.779494854965	1884.7851265284148	0.0	845.0410047363393	59.03685227514342
163	54.06779599291941	9319.847290847885	1893.929912520224	0.0	849.2043694384155	54.06779599291941
164	58.53196710050106	9378.379257948387	1906.7470265921552	0.0	857.4939708178617	58.53196710050106
165	55.225741354091724	9433.604999302484	1915.6390752643374	0.0	864.1074617005967	55.225741354091724
166	55.475368266929664	9489.080367569411	1927.5817127481591	0.0	868.5008058018111	55.475368266929664
167	58.99941557053763	9548.079783139947	1941.348529625322	0.0	876.5270505344869	58.99941557053763
168	54.981262832509785	9603.061045972458	1950.0469945218292	0.0	886.9865003729932	54.981262832509785
169	57.75720221380636	9660.818248186259	1961.6456214480866	0.0	888.2270239199067	57.75720221380636
170	54.667199226596566	9715.485447412859	1967.982258802827	0.0	891.0406264000554	54.667199226596566
171	58.930954502542946	9774.4164019154	1982.6476659267323	0.0	897.9581552468826	58.930954502542946
172	54.439730724838	9828.856132640243	1989.4461103013361	0.0	902.0001853945055	54.439730724838
173	53.34181771783338	9882.197950358073	1999.6118420318805	0.0	904.769598802225	53.34181771783338
174	56.03343526263539	9938.231385620707	2010.399352611129	0.0	915.3319975245145	56.03343526263539
175	54.43212887788734	9992.663514498598	2020.6372202272198	0.0	921.2333401786351	54.43212887788734
176	55.41541159381589	10048.078926092414	2029.967790603496	0.0	925.1534988277983	55.41541159381589
177	52.02154021140528	10100.10046630382	2038.778999903687	0.0	927.4539184294631	52.02154021140528
178	55.15305637449848	10155.253522678315	2047.9377658559333	0.0	934.2345730789314	55.15305637449848
179	53.843666154984085	10209.0971888333	2058.054919013858	0.0	941.4546272658819	53.843666154984085
180	54.954168113902405	10264.0513569472	2066.5475138990855	0.0	949.7200881849132	54.954168113902405
181	54.768444682546544	10318.819801629747	2074.3038920761014	0.0	953.5625833771848	54.768444682546544
182	59.25694130182039	10378.076742931567	2089.1706770993965	0.0	961.2369251872377	59.25694130182039
183	55.2368148898688	10433.313557821444	2099.2411262175287	0.0	965.9251308395773	55.2368148898688
184	62.864219778185216	10496.177777599623	2116.1655424711994	0.0	972.4456772999796	62.864219778185216
185	51.146740943637	10547.324518543255	2120.6844826259126	0.0	973.9985284116176	51.146740943637
186	56.52877853248977	10603.853297075753	2129.9276633561335	0.0	976.1997396796345	56.52877853248977
187	52.52930718882641	10656.382604264572	2137.2624780639057	0.0	982.8650511101911	52.52930718882641
188	53.89720823214387	10710.279812496723	2146.18627061828	0.0	986.5403468868222	53.89720823214387
189	63.58128061141465	10773.861093108135	2165.3071486052186	0.0	992.534065941932	63.58128061141465
190	57.31624136412454	10831.177334472257	2177.7347820918453	0.0	1000.9027528986392	57.31624136412454
191	49.92117251740057	10881.098506989663	2181.6937228108195	0.0	1005.1017207602617	49.92117251740057
192	55.91773483775202	10937.016241827409	2189.8318759993626	0.0	1010.7794153198004	55.91773483775202
193	55.10178715756363	10992.118028984978	2202.321688983675	0.0	1016.5504623434952	55.10178715756363
194	56.54731124058445	11048.66534022556	2213.6265566252155	0.0	1022.1018623075503	56.54731124058445
195	53.76154486072125	11102.42688508628	2219.5766664893263	0.0	1022.0639039169934	53.76154486072125
196	54.92819913877653	11157.355084225055	2227.5389659167145	0.0	1027.0129165036415	54.92819913877653
197	55.52113332219623	11212.876217547253	2236.680373090994	0.0	1035.7140446094281	55.52113332219623
198	53.86979380261563	11266.74601134987	2244.899157272703	0.0	1039.9833529961484	53.86979380261563
199	55.70744489645255	11322.453456246321	2255.530442659392	0.0	1041.461365259153	55.70744489645255
200	56.0604562444822	11378.513912490804	2265.830978839732	0.0	1050.0181598465338	56.0604562444822
201	59.37328909172097	11437.887201582529	2280.869791178343	0.0	1062.4674260934255	59.37328909172097
202	65.04847324523239	11502.93567482776	2302.705578056368	0.0	1071.8071480561314	65.04847324523239
203	57.05210483461421	11559.98777966237	2312.821049944876	0.0	1077.6911498425736	57.05210483461421
204	52.77709365227565	11612.764873314643	2321.420045420712	0.0	1083.381066172723	52.77709365227565
205	55.485051435502754	11668.249924750147	2332.309577326432	0.0	1088.2413505311908	55.485051435502754
206	59.706218686448544	11727.956143436597	2345.9032976184044	0.0	1097.739218393526	59.706218686448544
207	53.3789475496612	11781.33509098626	2352.687327213888	0.0	1105.6630463549577	53.3789475496612
208	58.21510672666002	11839.550197712917	2367.9722114311885	0.0	1107.279078032138	58.21510672666002
209	56.29123573333553	11895.841433446256	2379.265074469503	0.0	1115.5247545478585	56.29123573333553
210	56.615967393292124	11952.457400839543	2391.039401197898	0.0	1122.6014926116936	56.615967393292124
211	61.17676882666479	12013.634169666213	2408.6066833363357	0.0	1123.1886079160981	61.17676882666479
212	56.941233508550916	12070.575403174767	2421.9544380749508	0.0	1126.655488473014	56.941233508550916
213	53.4033359423956	12123.978739117158	2429.818999509275	0.0	1129.36078168332	53.4033359423956
214	55.50358673249143	12179.482325849649	2440.226082563315	0.0	1134.410501125732	55.50358673249143
215	54.08886516696322	12233.571191016608	2453.0052976844468	0.0	1135.769114454316	54.08886516696322
216	54.087534342631706	12287.658725359246	2466.546172481626	0.0	1141.8635805395209	54.087534342631706
217	55.950923621550125	12343.609648980799	2476.8507761413416	0.0	1144.5674609903094	55.950923621550125
218	59.8345806099751	12403.444229590772	2492.9672859255256	0.0	1152.1352812591326	59.8345806099751
219	59.84295096974494	12463.28718056051	2504.984287101043	0.0	1157.7260941446173	59.84295096974494
220	54.179223828055626	12517.466404388573	2512.5167277801484	0.0	1161.0641758951092	54.179223828055626
221	50.501491229573766	12567.967895618147	2517.6088765185223	0.0	1162.8182021423224	50.501491229573766
222	60.18644143372716	12628.154337051867	2532.9492811472933	0.0	1169.1322100188881	60.18644143372716
223	52.86124490880528	12681.015581960679	2538.99487415747	0.0	1175.5012762753227	52.86124490880528
224	66.0529494287396	12747.068531389414	2562.7156232578172	0.0	1183.4316543679759	66.0529494287396
225	56.1629928860555	12803.231524275472	2573.063200585015	0.0	1185.6020494374086	56.1629928860555
226	52.87351910360534	12856.105043379077	2580.058766362621	0.0	1188.7709177995398	52.87351910360534
227	55.699418885007255	12911.804462264081	2589.6881610154487	0.0	1194.5664578934418	55.699418885007255
228	51.70883710104159	12963.51329936512	2596.9530759769264	0.0	1195.8116934952782	51.70883710104159
229	57.724241004768636	13021.237540369888	2612.9237206485896	0.0	1196.6503821147312	57.724241004768636
230	47.26101251952494	13068.49855288942	2617.5357752701857	0.0	1198.573491922469	47.26101251952494
231	52.765561557497506	13121.264114446914	2624.3264347128575	0.0	1202.0249676761664	52.765561557497506
232	55.431172402911244	13176.695286849823	2634.575845413059	0.0	1209.66969664569	55.431172402911244
233	59.317618292174146	13236.012905142003	2648.841645778498	0.0	1218.0378639285882	59.317618292174146
234	58.86576404380496	13294.878669185804	2660.874843477315	0.0	1226.0430691490715	58.86576404380496
235	54.10315447401436	13348.98182365982	2668.516407741061	0.0	1230.2444491505898	54.10315447401436
236	58.086809345236645	13407.068633005054	2681.6343066678924	0.0	1235.9803301540815	58.086809345236645
237	53.938623259688065	13461.007256264742	2689.1219170982476	0.0	1240.6892988063234	53.938623259688065
238	55.590303626372595	13516.597559891112	2699.4731291473554	0.0	1242.437672304232	55.590303626372595
239	55.17281703350044	13571.770376924622	2708.9563743371323	0.0	1248.877291396411	55.17281703350044
240	55.454476657073094	13627.224853581696	2719.0640697847266	0.0	1256.5062431592446	55.454476657073094
241	59.5832991449029	13686.808152726593	2733.802163884989	0.0	1264.1668084378027	59.5832991449029
242	51.857275573191366	13738.665428299782	2740.040122115982	0.0	1265.5974399817012	51.857275573191366
243	55.04596849014887	13793.711396789942	2752.3181844210003	0.0	1265.5073667849538	55.04596849014887
244	56.398073724338175	13850.109470514268	2762.192830520358	0.0	1274.238670649075	56.398073724338175
245	55.021332641636405	13905.130803155904	2771.561189571211	0.0	1277.4151634865623	55.021332641636405
246	58.90750839709916	13964.038311552997	2784.346004631961	0.0	1282.2310095355167	58.90750839709916
247	56.00969287654422	14020.04800442955	2794.044258975273	0.0	1279.6353592216913	56.00969287654422
248	59.87468711605755	14079.922691545606	2810.178626858677	0.0	1282.0857140540718	59.87468711605755
249	60.05596195627371	14139.978653501885	2823.7063545297265	0.0	1283.2519891725817	60.05596195627371
250	58.27897832089802	14198.257631822778	2833.518192771774	0.0	1295.9913597507373	58.27897832089802
251	50.68359754840148	14248.941229371178	2838.6748207608703	0.0	1301.311668645336	50.68359754840148
252	54.09587812584283	14303.037107497019	2845.380216652249	0.0	1307.07190491796	54.09587812584283
253	55.69093089348931	14358.728038390507	2857.2868067253485	0.0	1310.7016630949647	55.69093089348931
254	54.521749862414396	14413.249788252926	2865.833614509461	0.0	1315.6443537729729	54.521749862414396
255	58.41976359640762	14471.66955184934	2880.952030086799	0.0	1324.9336766306653	58.41976359640762
256	51.83106268363782	14523.500614532973	2889.251456587713	0.0	1329.8638089373492	51.83106268363782
257	57.08537785864963	14580.58599239163	2900.9737417199603	0.0	1333.1682708662652	57.08537785864963
258	59.10858233498581	14639.694574726613	2914.532971189014	0.0	1339.8105782805428	59.10858233498581
259	52.280958106100506	14691.975532832705	2921.8400989216643	0.0	1345.7701304704574	52.280958106100506
260	56.11993258721782	14748.095465419929	2932.793972867081	0.0	1347.4567282814392	56.11993258721782
261	56.83357574169292	14804.929041161626	2945.2622106624044	0.0	1350.4055486777502	56.83357574169292
262	58.68333760791171	14863.612378769527	2957.4314750726503	0.0	1354.8310410666707	58.68333760791171
263	54.9617687318365	14918.57414750136	2967.9073089268895	0.0	1357.6613784762205	54.9617687318365
264	54.90209598929946	14973.47624349067	2977.931346391311	0.0	1362.6372725834271	54.90209598929946
265	58.311785325245204	15031.788028815905	2991.7072058994595	0.0	1370.2984515081678	58.311785325245204
266	50.03139710953621	15081.819425925447	2997.5388820976477	0.0	1370.8644944676603	50.03139710953621
267	57.18273710743184	15139.002163032877	3009.174910780007	0.0	1374.2078380290677	57.18273710743184
268	55.23214322446509	15194.234306257344	3018.6222036849776	0.0	1380.9093040334576	55.23214322446509
269	50.57638803721118	15244.810694294549	3024.9153093298823	0.0	1383.7692173239482	50.57638803721118
270	57.68906253286082	15302.499756827412	3034.762115475231	0.0	1386.946223634875	57.68906253286082
271	52.25697864177595	15354.756735469187	3043.313103460613	0.0	1394.8318352639014	52.25697864177595
272	55.32600223896484	15410.082737708168	3055.220433644901	0.0	1403.3025991026889	55.32600223896484
273	53.13884360156203	15463.22158130972	3063.0085766686743	0.0	1412.5192602867644	53.13884360156203
274	57.46215459342538	15520.68373590315	3077.413488611602	0.0	1415.7323331061425	57.46215459342538
275	57.27058034163263	15577.954316244779	3086.8069747186387	0.0	1416.7419307286239	57.27058034163263
276	56.84379317327028	15634.798109418047	3096.509676706648	0.0	1424.3618721752118	56.84379317327028
277	52.478432197754394	15687.276541615809	3103.556550415981	0.0	1431.5970776463405	52.478432197754394
278	57.04251066081747	15744.319052276624	3114.5880054931504	0.0	1433.8333972592716	57.04251066081747
279	56.455374210564926	15800.774426487185	3123.582047750398	0.0	1437.7570717789213	56.455374210564926
280	56.39066076857018	15857.165087255757	3134.191090408218	0.0	1450.0097550310109	56.39066076857018
281	53.749077298394084	15910.914164554155	3144.8684476907088	0.0	1450.8553724104534	53.749077298394084
282	57.510469434435166	15968.424633988592	3155.471138474169	0.0	1451.4302065636139	57.510469434435166
283	52.406748274844894	16020.831382263434	3160.990713226175	0.0	1457.9393849234882	52.406748274844894
284	53.679034812569896	16074.510417075997	3167.4549441483223	0.0	1462.4583215125854	53.679034812569896
285	57.53141270823558	16132.041829784228	3179.21889476891	0.0	1467.0655043151853	57.53141270823558
286	62.85442485437643	16194.896254638616	3198.2700214479282	0.0	1465.6929872334213	62.85442485437643
287	55.94310239560888	16250.839357034218	3207.672188955397	0.0	1472.4615059026237	55.94310239560888
288	64.21014819226968	16315.04950522649	3226.2769123418834	0.0	1475.9635058984989	64.21014819226968
289	54.462501068134245	16369.512006294623	3233.5334576731448	0.0	1479.524194294078	54.462501068134245
290	55.03191044517409	16424.5439167398	3243.028491237508	0.0	1482.211557266276	55.03191044517409
291	61.240242166975165	16485.784158906772	3259.340600131607	0.0	1493.197517291996	61.240242166975165
292	55.97431877271617	16541.758477679487	3267.4020656086377	0.0	1496.3302690134744	55.97431877271617
293	54.2719151010438	16596.030392780536	3276.6934195257572	0.0	1498.6862477926113	54.2719151010438
294	53.721238750692656	16649.751631531224	3282.728964974881	0.0	1503.3798255797028	53.721238750692656
295	56.03236261988147	16705.7839941511	3292.708615016656	0.0	1505.7475171659923	56.03236261988147
296	56.590291268149414	16762.374285419253	3304.739441451012	0.0	1510.212571977899	56.590291268149414
297	59.274215960190915	16821.648501379444	3319.25599074149	0.0	1514.8813762380896	59.274215960190915
298	57.3396408492988	16878.988142228744	3330.753063706808	0.0	1520.6224067229678	57.3396408492988
299	59.14990898821492	16938.138051216956	3347.0943981840774	0.0	1531.1641590538297	59.14990898821492
300	56.416039281147896	16994.554090498103	3358.8765545438578	0.0	1532.790360722845	56.416039281147896
301	56.071462393733576	17050.62555289184	3368.560524372935	0.0	1538.872848537185	56.071462393733576
302	57.43665403100208	17108.06220692284	3380.406895870339	0.0	1540.2490339456115	57.43665403100208
303	59.126316617	17167.188523539844	3394.416080103933	0.0	1547.7820362666223	59.126316617
304	52.94504994157999	17220.13357348142	3401.576356524108	0.0	1555.4255037482985	52.94504994157999
305	55.47438556631205	17275.60795904774	3410.718397980342	0.0	1561.035313713836	55.47438556631205
306	61.911821731462986	17337.519780779196	3428.6588691845263	0.0	1561.2004994827544	61.911821731462986
307	53.44484508223652	17390.964625861427	3435.5579363359657	0.0	1562.0621177423873	53.44484508223652
308	58.647909450982944	17449.61253531242	3450.4510102760914	0.0	1572.9655233349213	58.647909450982944
309	53.8468180569825	17503.4593533694	3462.017857679178	0.0	1577.8033130777244	53.8468180569825
310	60.35403630444869	17563.81338967384	3476.9981776422833	0.0	1592.5888028095872	60.35403630444869
311	55.99369557116561	17619.807085245015	3488.4143761428672	0.0	1597.6054430816623	55.99369557116561
312	58.76844288947328	17678.57552813448	3500.77293114622	0.0	1595.926939346771	58.76844288947328
313	58.00837496849984	17736.583903102994	3513.7978724309564	0.0	1601.5837074873427	58.00837496849984
314	55.856702161892045	17792.440605264892	3521.1843487791484	0.0	1601.2466490770614	55.856702161892045
315	60.65589024464145	17853.09649550952	3534.628509749517	0.0	1603.583814432078	60.65589024464145
316	54.37928356232309	17907.47577907184	3546.350995665061	0.0	1608.4998622531316	54.37928356232309
317	63.74710000409544	17971.222879075936	3564.913472232488	0.0	1615.6159811415137	63.74710000409544
318	53.623100057727186	18024.84597913367	3574.5154168313557	0.0	1621.8523700729331	53.623100057727186
319	55.89266487028102	18080.73864400394	3583.517379470382	0.0	1624.3164465394652	55.89266487028102
320	53.37702601146934	18134.115670015417	3589.924221785951	0.0	1626.0260584518603	53.37702601146934
321	52.99204004639711	18187.107710061817	3596.5844347491807	0.0	1633.4976942898375	52.99204004639711
322	58.5638548444189	18245.671564906228	3609.5142367643125	0.0	1636.8989574255309	58.5638548444189
323	54.59959334202585	18300.27115824826	3619.850482169381	0.0	1635.5585918173622	54.59959334202585
324	59.42345844673799	18359.694616695004	3633.992702970701	0.0	1638.2557937695983	59.42345844673799
325	56.32066262138084	18416.015279316372	3645.919833009661	0.0	1641.2997559313687	56.32066262138084
326	50.49518435038165	18466.51046366676	3651.600379531253	0.0	1648.2961793210063	50.49518435038165
327	55.87839948107367	18522.38886314783	3662.452861413962	0.0	1652.131873615541	55.87839948107367
328	56.603806312278984	18578.99266946011	3675.615971634803	0.0	1655.6397889268205	56.603806312278984
329	60.27103329117468	18639.263702751286	3689.149465792545	0.0	1660.2756192456543	60.27103329117468
330	61.489466705531214	18700.753169456817	3706.418669619947	0.0	1667.3008962368738	61.489466705531214
331	56.93459619894071	18757.687765655755	3717.0388733670015	0.0	1668.7292232738928	56.93459619894071
332	61.135087139288345	18818.82285279503	3732.987889935951	0.0	1672.6147113752343	61.135087139288345
333	58.2201160338559	18877.0429688289	3742.8666093978572	0.0	1679.173711236385	58.2201160338559
334	58.74661738307871	18935.789586211977	3755.934458381031	0.0	1678.777306477813	58.74661738307871
335	50.78143218012025	18986.5710183921	3760.295466746591	0.0	1683.5372008533382	50.78143218012025
336	55.73245761734714	19042.303476009445	3770.6620442693447	0.0	1688.4558026963282	55.73245761734714
337	53.142796180070434	19095.446272189514	3777.777962361331	0.0	1696.2086991398908	53.142796180070434
338	55.09321007708625	19150.539482266606	3789.9913569630617	0.0	1698.4748468251164	55.09321007708625
339	53.09582648667895	19203.635308753288	3797.925722232931	0.0	1705.22926734094	53.09582648667895
340	60.55618336980973	19264.191492123093	3813.420698531307	0.0	1713.7792043227964	60.55618336980973
341	54.40577905436059	19318.59727117745	3822.7713803864985	0.0	1718.5061806303786	54.40577905436059
342	50.2117008471284	19368.808972024577	3827.6260065448787	0.0	1725.3953988791425	50.2117008471284
343	58.84696365105635	19427.655935675637	3840.7227864769097	0.0	1731.9589502459526	58.84696365105635
344	60.78000137945558	19488.435937055092	3857.18025586494	0.0	1732.5219760483265	60.78000137945558
345	54.3744328105732	19542.81036986566	3865.01014771066	0.0	1738.192189484695	54.3744328105732
346	56.89478470728279	19599.70515457295	3876.910449393503	0.0	1745.856677042623	56.89478470728279
347	54.164125562362585	19653.869280135306	3884.564519041162	0.0	1752.3312181856347	54.164125562362585
348	53.10740248631607	19706.976682621626	3891.778141520188	0.0	1756.8751134165807	53.10740248631607
349	61.07278147384444	19768.04946409547	3907.545696765738	0.0	1763.4135247183929	61.07278147384444
350	61.42661638570281	19829.476080481174	3922.1583265503873	0.0	1766.490412881044	61.42661638570281
351	56.447699880859275	19885.92378036203	3934.8728374265334	0.0	1774.0306652201396	56.447699880859275
352	55.06980155586537	19940.993581917897	3944.952957055797	0.0	1774.9877691572076	55.06980155586537
353	59.3016640507541	20000.29524596866	3959.6185469251914	0.0	1773.8672283095113	59.3016640507541
354	59.55081122420062	20059.846057192863	3976.5170520848274	0.0	1780.41910244261	59.55081122420062
355	56.34680912563349	20116.192866318477	3987.4240716686136	0.0	1792.3613428677609	56.34680912563349
356	58.84004051825487	20175.032906836735	4000.36442416666	0.0	1796.5975780562585	58.84004051825487
357	50.07669500825961	20225.109601845	4003.5721112310584	0.0	1798.7977253248143	50.07669500825961
358	62.58403152278911	20287.693633367784	4019.7660199460433	0.0	1804.8459887090771	62.58403152278911
359	55.63399691647446	20343.327630284264	4029.7201323507534	0.0	1808.3305885997083	55.63399691647446
360	64.33722221479067	20407.66485249904	4049.3969372436027	0.0	1812.7966253132158	64.33722221479067
361	52.66892873476923	20460.33378123382	4054.907554385022	0.0	1818.8154681279177	52.66892873476923
362	54.00228150034841	20514.336062734168	4061.949961603513	0.0	1825.6446007426955	54.00228150034841
363	55.69184161209352	20570.027904346265	4069.4497177389394	0.0	1831.2461585096942	55.69184161209352
364	55.7912864646089	20625.81919081087	4081.450360420559	0.0	1831.1029404380565	55.7912864646089
365	55.993037470873475	20681.81222828175	4089.8553567102913	0.0	1836.3052787102988	55.993037470873475
366	58.673872655858176	20740.486100937604	4102.8120980222975	0.0	1841.7285446340607	58.673872655858176
367	53.9986485418327	20794.48474947945	4109.068501503116	0.0	1853.0444915994362	53.9986485418327
368	57.80569745085216	20852.290446930292	4119.993481663061	0.0	1855.8674590823346	57.80569745085216
369	58.53711137266359	20910.82755830295	4131.103887491295	0.0	1860.071775839133	58.53711137266359
370	54.48009057407453	20965.307648877028	4138.659512338047	0.0	1864.3227421975857	54.48009057407453
371	62.22632610159738	21027.533974978625	4155.983657411001	0.0	1868.8250128633201	62.22632610159738
372	54.59746922003388	21082.13144419865	4166.094383740811	0.0	1880.63910377577	54.59746922003388
373	56.240782886163416	21138.372227084827	4175.53751453486	0.0	1886.1438580024276	56.240782886163416
374	52.60322660884572	21190.97545369367	4182.854507506814	0.0	1889.7562537172464	52.60322660884572
375	55.48800381080774	21246.463457504477	4193.734150893494	0.0	1894.6280531970172	55.48800381080774
376	59.255598558007335	21305.719056062484	4202.7739772813065	0.0	1896.89719414857	59.255598558007335
377	60.69227583360878	21366.41133189609	4217.087185764958	0.0	1900.6155612444688	60.69227583360878
378	50.937198623667854	21417.34853051977	4221.297693959183	0.0	1905.2331771705253	50.937198623667854
379	58.825798221792446	21476.174328741552	4235.0070831607345	0.0	1913.784328183159	58.825798221792446
380	52.9368886089738	21529.111217350535	4243.490765812473	0.0	1926.7955093325984	52.9368886089738
381	59.68105050783236	21588.792267858353	4255.131548494254	0.0	1933.1228175668818	59.68105050783236
382	56.938178323044994	21645.730446181413	4267.905401107925	0.0	1934.4033205726694	56.938178323044994
383	62.41185602526915	21708.14230220667	4284.702606958066	0.0	1939.627602020168	62.41185602526915
384	57.42632307983205	21765.5686252865	4294.47742803555	0.0	1947.4865039721453	57.42632307983205
385	57.644126151050735	21823.212751437546	4307.773828652017	0.0	1953.7261894739556	57.644126151050735
386	60.15311605425251	21883.3658674918	4318.92946312845	0.0	1957.9209339108013	60.15311605425251
387	55.39990117979508	21938.765768671605	4330.538786520482	0.0	1960.879904995765	55.39990117979508
388	61.35620362332571	22000.12197229492	4346.483341846202	0.0	1972.863359473315	61.35620362332571
389	53.605979883649105	22053.727952178582	4356.429029288811	0.0	1976.5029506175044	53.605979883649105
390	52.82605347174216	22106.554005650316	4363.865330265664	0.0	1981.6243364548288	52.82605347174216
391	54.74821454509286	22161.30222019541	4373.387591871648	0.0	1985.4252490137874	54.74821454509286
392	52.64038748046883	22213.94260767587	4379.702224154524	0.0	1990.936338524541	52.64038748046883
393	60.102918383107344	22274.045526058984	4392.130085156046	0.0	1995.0348088210087	60.102918383107344
394	59.4744442957906	22333.519970354784	4405.017527176007	0.0	1996.4433589500436	59.4744442957906
395	63.970093464265744	22397.49006381905	4422.38446154567	0.0	2002.105031457627	63.970093464265744
396	53.41124440044545	22450.901308219494	4430.057755845632	0.0	2010.8036013721742	53.41124440044545
397	54.71453665586546	22505.615844875352	4436.965096993099	0.0	2015.2473024481926	54.71453665586546
398	57.45281795952226	22563.068662834885	4447.25343758314	0.0	2017.1586554289502	57.45281795952226
399	57.99402418351842	22621.06268701841	4458.457442660571	0.0	2022.6103309091036	57.99402418351842
400	55.2680571524226	22676.33074417082	4468.545707456364	0.0	2025.1204283799668	55.2680571524226
401	59.79306682528207	22736.123810996087	4484.446036633451	0.0	2026.5649372227274	59.79306682528207
402	52.01467095858926	22788.138481954684	4490.361938176316	0.0	2036.2558836381331	52.01467095858926
403	57.141735538028136	22845.28021749272	4502.839689943979	0.0	2035.8601033709572	57.141735538028136
404	56.25182919494805	22901.532046687662	4512.98980281325	0.0	2041.0797525891978	56.25182919494805
405	52.38560700376704	22953.91765369144	4521.097272673523	0.0	2046.1042013540875	52.38560700376704
406	51.075830349831136	23004.993484041268	4527.5057842302185	0.0	2049.2942101470453	51.075830349831136
407	62.71642442277712	23067.709908464043	4545.598051319946	0.0	2053.4768215703484	62.71642442277712
408	62.76549032470939	23130.475398788745	4562.999570592747	0.0	2059.8143946135006	62.76549032470939
409	59.604664200368205	23190.080062989124	4576.577750713734	0.0	2063.514861157053	59.604664200368205
410	56.29353297799039	23246.373595967107	4588.164661335087	0.0	2071.2576163963	56.29353297799039
411	54.318548765103266	23300.692144732213	4598.312716850376	0.0	2074.8877935350283	54.318548765103266
412	56.88524898594584	23357.577393718162	4610.787888280448	0.0	2080.352161922745	56.88524898594584
413	58.27613372169286	23415.853527439856	4623.330083122565	0.0	2080.6421406228933	58.27613372169286
414	58.25557527134734	23474.109102711194	4636.695600070873	0.0	2086.8905853595875	58.25557527134734
415	58.63103660320978	23532.740139314406	4650.899239294679	0.0	2090.1175135357116	58.63103660320978
416	53.19310899702645	23585.93324831144	4659.264688378821	0.0	2094.8566282489355	53.19310899702645
417	53.34072065522603	23639.273968966678	4664.988152737831	0.0	2098.731468562284	53.34072065522603
418	54.23976071678358	23693.513729683444	4672.49125975576	0.0	2102.615373252952	54.23976071678358
419	59.51973036494636	23753.03346004839	4686.195231218186	0.0	2102.209848527513	59.51973036494636
420	59.61222555655056	23812.645685604944	4701.513855825313	0.0	2108.789389023553	59.61222555655056
421	55.47429997015194	23868.11998557509	4711.290022072978	0.0	2115.7471476268393	55.47429997015194
422	56.61055272787485	23924.73053830298	4723.761242307172	0.0	2115.6510098942654	56.61055272787485
423	58.6806819765958	23983.411220279566	4736.599235207411	0.0	2126.012185738405	58.6806819765958
424	55.559701300345885	24038.970921579916	4746.224363632807	0.0	2136.506797017144	55.559701300345885
425	53.01651453936585	24091.987436119278	4754.5091116404365	0.0	2136.376400157611	53.01651453936585
426	57.21736334906545	24149.20479946834	4765.8359469493	0.0	2140.964748235319	57.21736334906545
427	57.96784413961236	24207.17264360795	4778.546257128023	0.0	2146.4837204966802	57.96784413961236
428	54.0368340499702	24261.20947765792	4786.622379796306	0.0	2148.6785847270253	54.0368340499702
429	52.59991590655624	24313.809393564487	4792.329727267914	0.0	2151.0105594636507	52.59991590655624
430	52.22210939054784	24366.031502955015	4798.926731571533	0.0	2157.0725894916263	52.22210939054784
431	54.76658598233287	24420.798088937365	4808.541272909344	0.0	2158.5220604638725	54.76658598233287
432	52.61320452769926	24473.411293465062	4812.812091865325	0.0	2162.024954116584	52.61320452769926
433	52.374825238320085	24525.786118703385	4818.821034653155	0.0	2164.539660546892	52.374825238320085
434	52.24360189316658	24578.029720596547	4827.122427011899	0.0	2172.9058660315263	52.24360189316658
435	59.66212879064486	24637.691849387185	4844.36762733086	0.0	2175.5787343845404	59.66212879064486
436	55.58398438027862	24693.27583376746	4856.2664940028735	0.0	2179.10127944351	55.58398438027862
437	56.09923146609204	24749.375065233562	4863.058173922421	0.0	2183.5651825157047	56.09923146609204
438	56.53988205572552	24805.914947289286	4873.2186129649435	0.0	2190.8773013388395	56.53988205572552
439	64.42631337460779	24870.341260663903	4890.686974201218	0.0	2204.167830981565	64.42631337460779
440	53.27940082344851	24923.620661487348	4896.452745990222	0.0	2211.3851308757735	53.27940082344851
441	59.628267949133935	24983.248929436482	4910.776526356743	0.0	2218.9202585172206	59.628267949133935
442	53.242197374497685	25036.491126810964	4920.7738233982545	0.0	2222.2502993753837	53.242197374497685
443	55.48884100783184	25091.979967818806	4927.910083028969	0.0	2225.418944330957	55.48884100783184
444	58.97196520890022	25150.951933027714	4941.106671161168	0.0	2235.1473913983295	58.97196520890022
445	52.67023474559748	25203.622167773297	4947.281064742986	0.0	2239.156516628341	52.67023474559748
446	59.005901355950364	25262.628069129252	4959.9119312824705	0.0	2246.308189930502	59.005901355950364
447	55.443916218520755	25318.071985347768	4970.19382085833	0.0	2248.348984326065	55.443916218520755
448	54.61359724719597	25372.685582594968	4978.411834144039	0.0	2248.445431239728	54.61359724719597
449	55.73984628880091	25428.42542888377	4988.533016060702	0.0	2251.653530887114	55.73984628880091
450	55.949611214169416	25484.37504009794	4998.95450923362	0.0	2260.073805261996	55.949611214169416
451	56.33153864469535	25540.70657874264	5011.71234508296	0.0	2266.1327003668434	56.33153864469535
452	60.24664733461697	25600.95322607725	5027.216149866959	0.0	2272.689352211038	60.24664733461697
453	59.66021155792268	25660.61343763516	5041.273267972806	0.0	2278.632549829264	59.66021155792268
454	57.05496103568275	25717.668398670856	5050.093322444889	0.0	2290.012890912672	57.05496103568275
455	57.662415148730155	25775.33081381958	5062.814254881328	0.0	2296.3465916452715	57.662415148730155
456	57.0894051462554	25832.420218965843	5074.113209585482	0.0	2301.4993612817166	57.0894051462554
457	58.94383588533765	25891.36405485118	5087.565375073462	0.0	2307.1625530989663	58.94383588533765
458	51.6554966374385	25943.019551488618	5094.666705358512	0.0	2310.018990568973	51.6554966374385
459	57.87107235464573	26000.89062384326	5104.575229864418	0.0	2315.771337268215	57.87107235464573
460	59.29044827924449	26060.181072122505	5117.161890215443	0.0	2319.956292122381	59.29044827924449
461	61.30372191148402	26121.48479403399	5131.465593673613	0.0	2321.117602206821	61.30372191148402
462	52.19173020891361	26173.6765242429	5137.573081759306	0.0	2328.5522669601983	52.19173020891361
463	54.679579804957584	26228.356104047867	5146.123733671522	0.0	2337.836602428572	54.679579804957584
464	58.47394123737502	26286.830045285238	5159.752592928163	0.0	2343.981696873222	58.47394123737502
465	51.732782371684905	26338.562827656933	5168.16009500303	0.0	2349.1582163146068	51.732782371684905
466	53.534651115216406	26392.097478772142	5175.572419248517	0.0	2355.732307853067	53.534651115216406
467	60.849624546367046	26452.94710331851	5189.297859306282	0.0	2360.291107715374	60.849624546367046
468	58.02551028074219	26510.972613599246	5200.712478036618	0.0	2368.7946144349753	58.02551028074219
469	61.956591902109174	26572.929205501372	5215.696449866771	0.0	2377.593323198451	61.956591902109174
470	53.411885116464845	26626.34109061783	5225.409518389902	0.0	2382.967819680208	53.411885116464845
471	57.15650592215433	26683.49759653998	5236.162215172387	0.0	2387.032328245942	57.15650592215433
472	51.4008855807169	26734.89848212069	5241.0163648041225	0.0	2391.14862904295	51.4008855807169
473	57.19167091545325	26792.090153036137	5252.589674344606	0.0	2405.38914657489	57.19167091545325
474	59.44763602445034	26851.537789060607	5267.630767975385	0.0	2409.301211630547	59.44763602445034
475	58.63606034671288	26910.173849407307	5278.531455721216	0.0	2410.5535981781977	58.63606034671288
476	56.223209878331865	26966.397059285642	5288.077864129255	0.0	2420.0584944613906	56.223209878331865
477	61.00445934986842	27027.40151863552	5304.305107264724	0.0	2432.415051345804	61.00445934986842
478	58.71190776232497	27086.113426397835	5319.125246147723	0.0	2433.9544103818234	58.71190776232497
479	60.622291863330545	27146.735718261163	5334.595752040332	0.0	2441.2654880881923	60.622291863330545
480	52.40700031751291	27199.14271857867	5343.382083931758	0.0	2444.709886382388	52.40700031751291
481	56.48364812548869	27255.626366704168	5356.2335510297935	0.0	2452.6659148393674	56.48364812548869
482	57.624027600133914	27313.2503943043	5366.582828413616	0.0	2458.5284065872447	57.624027600133914
483	57.83408348452371	27371.08447778882	5379.634609058877	0.0	2458.318774131838	57.83408348452371
484	57.79208942345327	27428.876567212286	5391.291967559393	0.0	2465.991713813492	57.79208942345327
485	57.51729322585507	27486.39386043813	5400.896238011774	0.0	2471.9618515321254	57.51729322585507
486	56.52776133286392	27542.92162177099	5414.201233571786	0.0	2475.1978454647724	56.52776133286392
487	52.279477233513596	27595.20109900451	5421.154373150017	0.0	2481.9633845323433	52.279477233513596
488	58.140584160202685	27653.341683164716	5432.298897304239	0.0	2483.2879515968566	58.140584160202685
489	56.59211293110654	27709.933796095826	5444.208462748452	0.0	2491.65102814101	56.59211293110654
490	55.24955863377221	27765.183354729586	5453.30978411278	0.0	2495.2392785848483	55.24955863377221
491	59.56110660080691	27824.74446133039	5466.146862235761	0.0	2498.5537639759923	59.56110660080691
492	59.094325082624465	27883.838786413027	5480.060348331815	0.0	2502.070303585013	59.094325082624465
493	53.65836192307614	27937.4971483361	5489.5567372891155	0.0	2510.558355075279	53.65836192307614
494	54.3422131863072	27991.83936152241	5499.201369479436	0.0	2517.7348361419563	54.3422131863072
495	60.43344679014445	28052.27280831256	5512.410418028462	0.0	2520.36379227663	60.43344679014445
496	55.10779214051885	28107.380600453056	5521.070180926842	0.0	2519.6135312442816	55.10779214051885
497	58.229284380547426	28165.60988483363	5532.818398603163	0.0	2526.7545611987775	58.229284380547426
498	59.002503633783874	28224.612388467398	5546.1872973889895	0.0	2536.2202414477374	59.002503633783874
499	54.51840140079601	28279.130789868203	5556.0547242353605	0.0	2538.3440680958734	54.51840140079601
500	53.928356965480795	28333.0591468337	5564.888720989028	0.0	2544.314951289529	53.928356965480795
501	59.067067645578646	28392.126214479256	5576.425869980686	0.0	2553.6924307819786	59.067067645578646
502	52.87726154416639	28445.00347602341	5583.29129567193	0.0	2561.074556829892	52.87726154416639
503	56.11181670328334	28501.11529272671	5593.772202335753	0.0	2562.6610999269583	56.11181670328334
504	51.64407796862834	28552.759370695323	5599.090563527852	0.0	2567.45786526652	51.64407796862834
505	55.396340077994374	28608.155710773328	5611.29544581749	0.0	2572.0985701019817	55.396340077994374
506	61.3825095142958	28669.53822028762	5625.891440062289	0.0	2580.9679510597057	61.3825095142958
507	58.290744558532325	28727.828964846147	5638.134212978022	0.0	2583.380806184897	58.290744558532325
508	59.279622929667724	28787.108587775812	5652.579369412718	0.0	2591.612338992383	59.279622929667724
509	56.87901766806486	28843.987605443886	5664.063472704412	0.0	2598.6853715171474	56.87901766806486
510	54.46526484860968	28898.452870292487	5672.926866436534	0.0	2605.07700795618	54.46526484860968
511	52.17262448500842	28950.62549477752	5677.278961855151	0.0	2610.8217899634515	52.17262448500842
512	59.30999894007001	29009.93549371758	5677.278961855151	0.0	2618.831194731417	59.30999894007001
