task	reward	total_reward	total_regret	relative	total_reward_dev	joules
0	49.40632046332903	49.40632046332903	-0.6355221519842662	0.0	13.059944093865546	49.40632046332903
1	72.09879177516258	121.50511223849158	23.434206557680824	0.0	15.605686216687227	72.09879177516258
2	62.69804509906781	184.20315733755942	36.344241547868634	0.0	23.119032810619302	62.69804509906781
3	55.37682736134135	239.5799846989009	40.562542620488536	0.0	26.15835737874029	55.37682736134135
4	56.33535688854965	295.9153415874505	47.746754977135936	0.0	31.48166143741384	56.33535688854965
5	55.79406182106492	351.70940340851513	53.56759504467839	0.0	34.886322931679445	55.79406182106492
6	54.63783295175984	406.34723636027525	61.2240519552665	0.0	39.52216126925441	54.63783295175984
7	53.149550146938836	459.496786507214	67.9772981282486	0.0	42.998077269521254	53.149550146938836
8	49.415086917783	508.9118734249971	67.484343991273	0.0	46.32797260544422	49.415086917783
9	51.258705287541595	560.1705787125387	69.68295598942248	0.0	50.24961677718331	51.258705287541595
10	50.45533582919782	610.6259145417367	72.2383962002359	0.0	52.92203431151863	50.45533582919782
11	50.68420630890712	661.3101208506436	74.09834172133137	0.0	55.475044981674166	50.68420630890712
12	50.857636981769666	712.1677578324131	77.01136173961976	0.0	60.272757755100145	50.857636981769666
13	51.06773193956871	763.2354897719816	78.56820758623326	0.0	60.90391673845181	51.06773193956871
14	51.496631250799965	814.7321210227819	80.59971318319779	0.0	61.990199856056314	51.496631250799965
15	51.186619136611064	865.9187401593927	82.50589759094629	0.0	63.81051674479762	51.186619136611064
16	49.79467955233193	915.7134197117249	83.19434789800376	0.0	65.44617874843507	49.79467955233193
17	50.69522218688312	966.4086418986082	84.98196025898413	0.0	66.91256480802534	50.69522218688312
18	50.77559269092191	1017.1842345895305	87.03761465339862	0.0	70.17713904780467	50.77559269092191
19	50.690255870521156	1067.8744904600512	89.26523271886552	0.0	72.56329714671509	50.690255870521156
20	50.70292808351422	1118.5774185435653	89.20096575234133	0.0	74.90886227882179	50.70292808351422
21	51.637429082105825	1170.2148476256712	91.55093531556662	0.0	75.91494923915589	51.637429082105825
22	54.356669142999564	1224.5715167686708	99.70233313275693	0.0	77.86549220882098	54.356669142999564
23	50.07663039604552	1274.648147164716	102.25422616347859	0.0	79.37754662228448	50.07663039604552
24	50.78020180021569	1325.4283489649322	102.8558272169854	0.0	81.60677806064233	50.78020180021569
25	48.46316777159839	1373.89151673653	102.73699548828286	0.0	80.0136953269522	48.46316777159839
26	48.52529952320674	1422.4168162597366	101.39780026652392	0.0	80.70780503182908	48.52529952320674
27	47.77526248316882	1470.1920787429067	97.60741978319423	0.0	79.02278315625104	47.77526248316882
28	47.12692011020909	1517.3189988531146	94.25187787473668	0.0	82.53098346797273	47.12692011020909
29	48.0649426279808	1565.3839414810964	91.05109043610672	0.0	84.33709717934903	48.0649426279808
30	48.03703162572076	1613.4209731068172	91.34528349572456	0.0	84.36098290449632	48.03703162572076
31	48.49005691046376	1661.91103001728	90.24749161712967	0.0	87.62967505967434	48.49005691046376
32	51.18198887897934	1713.0930188962602	90.23457599254608	0.0	89.02983804750825	51.18198887897934
33	49.64591752521784	1762.7389364214766	95.10429080749199	0.0	89.77110308450432	49.64591752521784
34	48.112250206331076	1810.8511866278088	94.01010021633861	0.0	89.73123472378305	48.112250206331076
35	48.91758378590679	1859.768770413716	96.01244899185623	0.0	92.6393579969946	48.91758378590679
36	49.83853716617103	1909.607307579887	96.84253240144498	0.0	94.08545335735667	49.83853716617103
37	50.2817703384772	1959.8890779183632	98.1791127242114	0.0	95.7976702890558	50.2817703384772
38	47.32607984348914	2007.2151577618542	98.13899537073802	0.0	95.0020233600497	47.32607984348914
39	51.89114402522839	2059.1063017870815	97.80397771216525	0.0	97.29040799558813	51.89114402522839
40	49.907891190274796	2109.0141929773545	101.31463385112221	0.0	98.40193396229542	49.907891190274796
41	48.972568115656834	2157.9867610930123	100.39314901558471	0.0	100.82561494352294	48.972568115656834
42	47.98409599616999	2205.970857089183	99.73788663447485	0.0	101.37629199138895	47.98409599616999
43	50.556644176308716	2256.527501265491	101.26363796570554	0.0	102.49840756179323	50.556644176308716
44	47.14640476162537	2303.673906027118	101.21293702995646	0.0	103.42375669092115	47.14640476162537
45	49.336016962874545	2353.009922989991	100.74040606703588	0.0	104.08427525786504	49.336016962874545
46	47.56425259976065	2400.5741755897516	97.48252399776214	0.0	105.16669388329468	47.56425259976065
47	49.549590086909475	2450.123765676661	98.77077119831225	0.0	106.7092507941091	49.549590086909475
48	47.84510192877385	2497.9688676054357	98.94191125283476	0.0	106.73917150025855	47.84510192877385
49	52.41240664357426	2550.3812742490104	102.27536120463526	0.0	110.29248908479106	52.41240664357426
50	48.80348467625881	2599.184758925269	100.59391613927417	0.0	111.24560390210125	48.80348467625881
51	50.33184398217149	2649.51660290744	102.05111193244643	0.0	114.24198842300967	50.33184398217149
52	48.71503037325554	2698.2316332806963	101.52065684649995	0.0	113.3823429431551	48.71503037325554
53	48.7370567760419	2746.9686900567367	100.17546688441574	0.0	113.25256840144053	48.7370567760419
54	49.92491472703835	2796.893604783775	101.48772759061765	0.0	115.32534744259574	49.92491472703835
55	48.81304008071405	2845.706644864489	100.53171258887507	0.0	116.4441709422985	48.81304008071405
56	48.29181340373166	2893.99845826822	99.97787598105218	0.0	116.53474525338387	48.29181340373166
57	48.498634184011856	2942.4970924522345	101.58099510061153	0.0	115.68947839782341	48.498634184011856
58	47.03340214375625	2989.5304945959897	101.40562540517351	0.0	118.7760937309461	47.03340214375625
59	46.461514399788854	3035.9920089957777	100.32683283081562	0.0	120.19730113568086	46.461514399788854
60	50.44959610124956	3086.4416050970285	97.7294623179394	0.0	121.52458905568349	50.44959610124956
61	49.22092243769108	3135.6625275347196	97.64038560695131	0.0	120.57144162115154	49.22092243769108
62	48.98515976359909	3184.6476872983203	99.03203420494955	0.0	120.95797689744036	48.98515976359909
63	52.05020095448909	3236.6978882528074	102.33489652038378	0.0	123.09959175949344	52.05020095448909
64	49.0021631931562	3285.700051445963	102.6766948023413	0.0	121.76948469080283	49.0021631931562
65	48.315327632139	3334.0153790781037	105.26463838472245	0.0	122.57655462928336	48.315327632139
66	50.76181326733983	3384.777192345444	106.50733489065246	0.0	123.39168340363202	50.76181326733983
67	45.5760767679631	3430.353269113406	104.32287305279479	0.0	125.2235053081933	45.5760767679631
68	47.06793006549141	3477.4211991788966	100.991854409708	0.0	124.43605572371717	47.06793006549141
69	49.04517259133809	3526.466371770237	102.28702679342464	0.0	124.40489398512715	49.04517259133809
70	51.34165908874596	3577.808030858979	103.27601797763654	0.0	125.35304002190219	51.34165908874596
71	49.737945353490105	3627.5459762124724	104.0792762592651	0.0	124.58795407641246	49.737945353490105
72	49.30413250491892	3676.850108717391	104.07149956195747	0.0	126.32759782661184	49.30413250491892
73	47.755205298316966	3724.6053140157087	102.32312251848549	0.0	127.20721614638371	47.755205298316966
74	47.64633029820856	3772.251644313916	103.3146191407155	0.0	128.25959413001186	47.64633029820856
75	49.95022532080807	3822.201869634725	104.51928410693174	0.0	129.22866968095443	49.95022532080807
76	48.98644157983492	3871.1883112145583	103.75806686426805	0.0	129.01332661820646	48.98644157983492
77	49.08946418571089	3920.277775400269	104.73158772841536	0.0	130.60720489313965	49.08946418571089
78	49.99819379966	3970.2759691999263	105.22581834430166	0.0	130.95569360485212	49.99819379966
79	48.27234209273057	4018.5483112926577	104.02820863795438	0.0	131.61275320284963	48.27234209273057
80	49.83629467853077	4068.3846059711914	105.16011582186195	0.0	131.00697677495	49.83629467853077
81	51.049749232299206	4119.434355203488	108.11458629608109	0.0	130.68466527648857	51.049749232299206
82	48.26955763172442	4167.7039128352135	108.10326857615473	0.0	130.80046595582957	48.26955763172442
83	50.09064148534915	4217.794554320562	110.53273681548191	0.0	128.6199735246922	50.09064148534915
84	47.3431383585469	4265.13769267911	108.12050409179581	0.0	128.3714386149635	47.3431383585469
85	47.871320625230965	4313.00901330434	108.90440470582656	0.0	125.39305688640158	47.871320625230965
86	48.504468353526725	4361.5134816578675	106.73916878140109	0.0	125.69539507139051	48.504468353526725
87	51.259337855769935	4412.772819513637	106.99136213085858	0.0	126.95550144788066	51.259337855769935
88	48.34716792700647	4461.119987440644	105.01663822238572	0.0	128.0136499716782	48.34716792700647
89	47.883460045741124	4509.003447486384	105.90270471599536	0.0	128.51527158375842	47.883460045741124
90	49.405086692546085	4558.4085341789305	108.33639243197418	0.0	127.77443504981922	49.405086692546085
91	51.929066015193904	4610.337600194128	110.82590871478365	0.0	127.68793580283612	51.929066015193904
92	51.579353375435886	4661.916953569557	115.80345180480064	0.0	127.09440272867266	51.579353375435886
93	47.57895926849985	4709.495912838061	114.14054350481568	0.0	128.6518550687507	47.57895926849985
94	48.18804282772287	4757.683955665785	114.01399901768211	0.0	128.2857820811461	48.18804282772287
95	46.654995440428905	4804.338951106211	112.68376761004286	0.0	127.4579643552336	46.654995440428905
96	48.943912615375574	4853.28286372159	112.66077247700555	0.0	128.26851910995862	48.943912615375574
97	50.5621277915911	4903.844991513179	113.95941057037899	0.0	132.40261164746804	50.5621277915911
98	49.25891999566624	4953.103911508845	114.21799704160362	0.0	133.92505031135983	49.25891999566624
99	48.47694606155843	5001.580857570407	114.01322080198725	0.0	132.61541383196746	48.47694606155843
100	48.64186268198767	5050.2227202523945	111.62099854385244	0.0	133.49827276452638	48.64186268198767
101	49.30330155442671	5099.526021806818	112.41574675133099	0.0	134.48459910094738	49.30330155442671
102	49.42776507704522	5148.953786883864	108.90681031359068	0.0	135.29067439239	49.42776507704522
103	48.29956646436695	5197.253353348231	109.83974192411064	0.0	132.87529438384527	48.29956646436695
104	47.218354409081876	5244.471707757312	107.91812313515328	0.0	133.2592409745769	47.218354409081876
105	49.33619201111489	5293.80789976843	106.97293320747387	0.0	135.47180153441784	49.33619201111489
106	48.45751182714038	5342.265411595568	106.71176627439436	0.0	135.31226167236125	48.45751182714038
107	52.32332848441053	5394.588740079979	110.92358796855096	0.0	137.17894737253962	52.32332848441053
108	49.3043725510499	5443.893112631029	113.9018736791897	0.0	139.75634866986425	49.3043725510499
109	48.362933861276126	5492.2560464923035	113.35754240777122	0.0	140.12125932012393	48.362933861276126
110	49.854097267259604	5542.110143759563	113.49597795333725	0.0	140.12986135298985	49.854097267259604
111	49.91865034206775	5592.028794101631	113.19240046716841	0.0	139.38986662311774	49.91865034206775
112	47.4850339112221	5639.513828012857	111.39437741745219	0.0	138.93972629552067	47.4850339112221
113	48.337761639071886	5687.8515896519275	112.21209826135764	0.0	138.8310490011051	48.337761639071886
114	49.185835161639446	5737.037424813564	113.26374070155987	0.0	138.83628255641557	49.185835161639446
115	49.28677057613297	5786.3241953896995	115.15880743397003	0.0	139.3131701921424	49.28677057613297
116	49.30320886753675	5835.627404257235	114.64341980342145	0.0	141.3230000658243	49.30320886753675
117	49.05524563258197	5884.682649889821	113.98411037435199	0.0	144.06849349406966	49.05524563258197
118	47.078940043069835	5931.7615899328885	110.5977266919992	0.0	143.8326095855402	47.078940043069835
119	50.31857299108625	5982.080162923974	111.53090656265496	0.0	142.4794393491412	50.31857299108625
120	47.63424902649593	6029.714411950467	110.27264305506704	0.0	142.47433937448633	47.63424902649593
121	49.81153461693725	6079.525946567405	111.89425566860871	0.0	143.3290790663358	49.81153461693725
122	50.853196101677405	6130.379142669084	114.83568493428335	0.0	143.57994785112115	50.853196101677405
123	48.42684991658077	6178.805992585665	112.2824643587823	0.0	143.52543189980935	48.42684991658077
124	48.78710410830135	6227.593096693965	111.98728243262688	0.0	142.72910356443967	48.78710410830135
125	50.59949160306196	6278.19258829703	112.27323309912063	0.0	142.76649415720664	50.59949160306196
126	49.491818513935876	6327.684406810963	112.84431847459997	0.0	140.54341262162467	49.491818513935876
127	50.065207849342215	6377.749614660305	114.40777611083166	0.0	141.6933432448351	50.065207849342215
128	49.39363844479037	6427.143253105099	116.52772504187122	0.0	140.6838355116269	49.39363844479037
129	49.32586368319524	6476.469116788294	117.59773942428583	0.0	140.40038072390385	49.32586368319524
130	48.32712262198649	6524.796239410281	115.03916089999025	0.0	139.7510048025222	48.32712262198649
131	47.88452338583026	6572.680762796111	115.82359106217169	0.0	136.6720351432667	47.88452338583026
132	49.02925009094524	6621.710012887056	117.18922019019342	0.0	136.93686648512764	49.02925009094524
133	47.88834843726059	6669.598361324319	114.13384152623672	0.0	137.41198081518232	47.88834843726059
134	48.27127759140435	6717.8696389157185	114.40636475816693	0.0	139.54183280917482	48.27127759140435
135	47.687384537855166	6765.557023453576	113.1050338499204	0.0	139.2410226480424	47.687384537855166
136	47.43440187917961	6812.991425332751	111.54749259967217	0.0	138.75356640592472	47.43440187917961
137	49.50672978345513	6862.498155116209	113.12241707984788	0.0	138.47685629220436	49.50672978345513
138	48.420927685161026	6910.91908280137	113.05585248175268	0.0	139.55738415506627	48.420927685161026
139	45.96947133056591	6956.888554131936	112.03831036961874	0.0	139.3547432903948	45.96947133056591
140	48.69846141548801	7005.587015547423	113.99412910163242	0.0	138.73097341980474	48.69846141548801
141	46.040756684453434	7051.627772231877	113.11698464771678	0.0	138.95181917780315	46.040756684453434
142	49.42899607257788	7101.056768304454	115.07128518387158	0.0	141.25068081322075	49.42899607257788
143	48.0271633512162	7149.083931655673	115.28281157570113	0.0	144.52499544764785	48.0271633512162
144	49.3138776448517	7198.397809300522	116.77237060816489	0.0	142.93239710206694	49.3138776448517
145	47.64932074596029	7246.04713004648	113.59233935408746	0.0	142.3271154516642	47.64932074596029
146	49.258780033067296	7295.305910079552	111.53448141297251	0.0	143.42306873111903	49.258780033067296
147	50.91400739237767	7346.219917471928	112.90142605754053	0.0	143.80539104612862	50.91400739237767
148	49.539555538516815	7395.759473010446	112.06535167670266	0.0	146.0554231517544	49.539555538516815
149	49.18193726679785	7444.941410277242	113.67394386931657	0.0	143.87661073640967	49.18193726679785
150	48.53330845209888	7493.474718729341	111.54160536674571	0.0	143.92907018682078	48.53330845209888
151	47.34700517256678	7540.821723901908	110.86483004655473	0.0	144.56226856185563	47.34700517256678
152	47.13443650242535	7587.956160404333	111.12015573205831	0.0	145.22787903886098	47.13443650242535
153	50.27141441014594	7638.2275748144775	112.40825195573579	0.0	145.89179292719768	50.27141441014594
154	48.88002687780619	7687.107601692286	110.9951242020394	0.0	147.86179605425275	48.88002687780619
155	46.55494033383505	7733.6625420261225	109.19432683770914	0.0	148.1966169036188	46.55494033383505
156	48.14362460378367	7781.806166629906	104.79574765173689	0.0	149.16431584051722	48.14362460378367
157	48.47320879459343	7830.279375424499	105.0925514065041	0.0	149.08218997685518	48.47320879459343
158	48.87134750371544	7879.150722928212	105.097514401944	0.0	152.59006035485996	48.87134750371544
159	49.14023449168842	7928.2909574199	106.80263140357077	0.0	155.0863229286967	49.14023449168842
160	49.10212597256363	7977.393083392467	105.71977505952744	0.0	156.89111211556016	49.10212597256363
161	46.634826163880376	8024.027909556343	108.14599012062499	0.0	157.92797408880799	46.634826163880376
162	49.04556270190693	8073.073472258252	107.9197996780177	0.0	159.77698316596067	49.04556270190693
163	49.949547624221196	8123.023019882473	110.14975137916886	0.0	158.36499168429322	49.949547624221196
164	49.94367005760474	8172.96668994008	111.02564033520586	0.0	156.93559450745786	49.94367005760474
165	49.89999755140987	8222.866687491485	113.10970416982056	0.0	156.77532250270173	49.89999755140987
166	51.04104638328312	8273.907733874772	115.67794682650656	0.0	156.25612893096888	51.04104638328312
167	50.43626478221888	8324.34399865699	118.86843370494925	0.0	158.27476121203748	50.43626478221888
168	48.98978954852516	8373.333788205515	117.17799348088279	0.0	158.88584882493387	48.98978954852516
169	49.45001087909009	8422.783799084607	116.47626554343809	0.0	158.18075038360178	49.45001087909009
170	50.27546252083042	8473.059261605438	118.8677137243913	0.0	158.47764544310115	50.27546252083042
171	46.02890430200783	8519.088165907444	116.2959420684144	0.0	159.18858299461786	46.02890430200783
172	49.61363826110986	8568.701804168553	118.76954753649434	0.0	158.94847022351172	49.61363826110986
173	51.37285525118952	8620.074659419743	121.40479081131384	0.0	159.48506907019154	51.37285525118952
174	48.70408723086685	8668.77874665061	122.32903152779976	0.0	161.28894654485978	48.70408723086685
175	51.202294395053784	8719.981041045661	124.24679086660569	0.0	163.24589623445024	51.202294395053784
176	47.114729238025895	8767.095770283693	120.98925459464643	0.0	165.92721155607552	47.114729238025895
177	49.028395314130854	8816.124165597817	122.11925497130761	0.0	165.47648269279213	49.028395314130854
178	46.70851515203779	8862.832680749856	119.2311990083167	0.0	165.20009947901013	46.70851515203779
179	48.71358592192753	8911.546266671787	120.18167053131161	0.0	166.50665027584554	48.71358592192753
180	49.60722044864328	8961.153487120431	123.89751713486307	0.0	166.4192937627494	49.60722044864328
181	46.711775986218406	9007.865263106649	120.26656970444195	0.0	167.73607972554592	46.711775986218406
182	52.38826921378732	9060.253532320434	124.40150372757563	0.0	170.20651765224227	52.38826921378732
183	50.37037119301027	9110.623903513444	125.83249435827264	0.0	169.90775423896554	50.37037119301027
184	50.239288219823464	9160.863191733268	126.51310480250142	0.0	170.6324362639652	50.239288219823464
185	48.71871975522742	9209.581911488498	125.7301693916166	0.0	170.87575385730048	48.71871975522742
186	49.02112812051318	9258.603039609008	126.52283754063808	0.0	170.02148798000206	49.02112812051318
187	48.474771113029476	9307.077810722043	127.51958036223967	0.0	167.4646999439369	48.474771113029476
188	48.70241473359872	9355.780225455637	127.2367372202559	0.0	167.02464737062934	48.70241473359872
189	49.55509046194902	9405.335315917586	127.17785441094574	0.0	167.13739879354844	49.55509046194902
190	49.02390926326515	9454.35922518085	128.8099640398472	0.0	167.5161509092375	49.02390926326515
191	47.33246903513794	9501.69169421599	128.527391565115	0.0	169.02900404551386	47.33246903513794
192	48.94456806993951	9550.63626228593	127.89832845778432	0.0	167.46233111831083	48.94456806993951
193	51.005290687141226	9601.641552973073	131.69387896596538	0.0	169.12940361321463	51.005290687141226
194	49.84024664551593	9651.481799618587	131.9072206467395	0.0	169.53559088184076	49.84024664551593
195	48.82974535604727	9700.311544974631	132.86197864043524	0.0	170.7682928924083	48.82974535604727
196	48.799417136826435	9749.11096211146	133.29179614032867	0.0	171.68605748032923	48.799417136826435
197	48.45102780716011	9797.561989918624	132.8797324170633	0.0	171.81244268276936	48.45102780716011
198	49.13749171979848	9846.699481638416	133.3580783298367	0.0	172.74704964155197	49.13749171979848
199	46.892138145982464	9893.591619784402	132.74091453835683	0.0	173.22216027443088	46.892138145982464
200	51.28812895172175	9944.879748736124	135.70057948854665	0.0	171.40152005164143	51.28812895172175
201	48.500277213393126	9993.380025949515	136.75896576422159	0.0	171.67738332776563	48.500277213393126
202	50.15169638114903	10043.531722330665	139.74680128614733	0.0	173.792400923186	50.15169638114903
203	49.02771301915986	10092.559435349825	141.09798978910973	0.0	172.44444063079757	49.02771301915986
204	48.84570046309431	10141.405135812922	141.6253461217526	0.0	173.42321107688383	48.84570046309431
205	47.33359804575503	10188.738733858674	138.79213959918386	0.0	177.26424046338505	47.33359804575503
206	48.387621387937536	10237.12635524661	137.4094616682028	0.0	177.28340523101542	48.387621387937536
207	49.60583451352837	10286.732189760141	139.34424388638786	0.0	177.57872453894905	49.60583451352837
208	50.90675301989484	10337.638942780037	143.80283706322277	0.0	180.17139777198688	50.90675301989484
209	49.56658415413833	10387.205526934174	144.49601428140835	0.0	178.26389052145367	49.56658415413833
210	48.275707323022	10435.481234257195	143.10694703234128	0.0	180.03854918841466	48.275707323022
211	49.82723374383551	10485.308468001032	144.42609447828872	0.0	177.72582620230202	49.82723374383551
212	46.49954965341249	10531.808017654444	141.5248220612738	0.0	178.64758468216152	46.49954965341249
213	48.59202991206323	10580.400047566503	140.64644848816505	0.0	176.71874244256966	48.59202991206323
214	51.21897090443649	10631.619018470943	144.82948727755561	0.0	177.48266430427398	51.21897090443649
215	49.447565385035084	10681.066583855974	144.8638522404687	0.0	177.1386849636812	49.447565385035084
216	48.9626918498518	10730.029275705832	146.45925822985785	0.0	177.2415031693486	48.9626918498518
217	49.72831637510854	10779.757592080943	148.96167662729624	0.0	179.647390811178	49.72831637510854
218	49.72962427752945	10829.487216358471	149.6001498094874	0.0	180.12587747226547	49.72962427752945
219	47.73327231436279	10877.220488672832	148.94748002173048	0.0	182.31585814416013	47.73327231436279
220	48.79435539715093	10926.01484406998	148.14179164598204	0.0	184.5258469447166	48.79435539715093
221	48.10299839256443	10974.117842462552	145.55023778898948	0.0	185.1794548072211	48.10299839256443
222	47.6544767498067	11021.772319212356	145.7521920074605	0.0	184.54278773452742	47.6544767498067
223	49.506344833606	11071.27866404596	145.72540779578947	0.0	182.96049844859982	49.506344833606
224	48.722048633773845	11120.00071267973	147.08624274404193	0.0	184.50154418240916	48.722048633773845
225	50.873545308805845	11170.874257988535	150.39631962894194	0.0	184.46461151820927	50.873545308805845
226	50.23673883485366	11221.110996823392	152.95744419276397	0.0	182.91778611742805	50.23673883485366
227	48.83676069399933	11269.94775751739	154.98800460057535	0.0	183.93194744559085	48.83676069399933
228	49.5718410470658	11319.519598564455	155.6675754573715	0.0	185.34719991638687	49.5718410470658
229	48.57671148398487	11368.09631004844	155.03474515308307	0.0	186.23741195544147	48.57671148398487
230	47.30414719411474	11415.40045724256	153.56955962494226	0.0	187.25631159893302	47.30414719411474
231	47.65405802635656	11463.05451526891	154.50136348440935	0.0	189.21971646249784	47.65405802635656
232	51.94296684930214	11514.997482118208	157.603499622907	0.0	191.00224599527252	51.94296684930214
233	50.248235959751156	11565.245718077966	157.93621086376115	0.0	192.34357840015878	50.248235959751156
234	48.685112280414614	11613.930830358384	158.95795204801237	0.0	193.8154789783202	48.685112280414614
235	48.549151573137166	11662.479981931518	158.50167082053397	0.0	193.34956754130965	48.549151573137166
236	47.258700415226976	11709.738682346746	158.78245441219966	0.0	192.42489571092494	47.258700415226976
237	48.62167780471357	11758.360360151457	157.18705190746616	0.0	195.09389773390967	48.62167780471357
238	48.91942224035487	11807.279782391815	157.83289700151028	0.0	196.0204751263776	48.91942224035487
239	46.912350897519225	11854.192133289333	155.47097061784243	0.0	194.70723428276148	46.912350897519225
240	48.74015584301774	11902.932289132348	157.62233381616056	0.0	194.93945942440422	48.74015584301774
241	48.6933767611681	11951.62566589352	156.140582370491	0.0	193.39493828480656	48.6933767611681
242	48.324453796941846	11999.950119690468	153.88325799679137	0.0	194.34318352549997	48.324453796941846
243	49.09169778473022	12049.041817475185	155.63117848058153	0.0	194.27865022067775	49.09169778473022
244	48.62694712361068	12097.668764598808	157.4019804470968	0.0	196.8611435894063	48.62694712361068
245	48.308718181526075	12145.977482780323	156.65873342744	0.0	195.50825122715753	48.308718181526075
246	47.65529343158905	12193.632776211914	156.5387902922728	0.0	195.45695390020018	47.65529343158905
247	50.967072578091	12244.599848790005	158.85787570846549	0.0	196.01098363827933	50.967072578091
248	47.662151168363735	12292.26199995837	159.3489995999775	0.0	193.60229664037536	47.662151168363735
249	46.894460578500336	12339.156460536871	157.8846912230471	0.0	193.59718534548958	46.894460578500336
250	48.4895231662695	12387.645983703143	154.11044852636206	0.0	193.441269852453	48.4895231662695
251	49.55398093998341	12437.199964643129	154.21554733122122	0.0	192.11718428518046	49.55398093998341
252	48.0704502828469	12485.27041492597	154.92406071283264	0.0	191.43571578128012	48.0704502828469
253	49.8625055946836	12535.132920520655	154.1639610040298	0.0	193.2468716482309	49.8625055946836
254	48.88728346265062	12584.020203983306	153.33840230366152	0.0	192.90178668716368	48.88728346265062
255	50.81977610807695	12634.839980091383	155.04664808428095	0.0	193.55154461612287	50.81977610807695
256	47.08528100641824	12681.9252610978	154.50337442430768	0.0	192.8232866204279	47.08528100641824
257	51.285822960194075	12733.211084058	156.9921195939201	0.0	194.66034657811633	51.285822960194075
258	49.76968046128035	12782.980764519272	159.04084075876278	0.0	194.47935549432972	49.76968046128035
259	49.18653700090044	12832.16730152018	161.2395429343021	0.0	192.58460648694748	49.18653700090044
260	47.384253212037784	12879.55155473221	157.7265137178109	0.0	190.96364947379513	47.384253212037784
261	48.0524231752807	12927.60397790749	157.57822699034944	0.0	191.43349950735444	48.0524231752807
262	48.05200792520875	12975.655985832705	156.98684122507973	0.0	193.31921691775455	48.05200792520875
263	47.39122729696311	13023.047213129665	158.42598878343549	0.0	193.8465698014882	47.39122729696311
264	48.962111135507946	13072.009324265176	159.66152782745928	0.0	193.8698062630709	48.962111135507946
265	47.54256780979378	13119.551892074975	156.15231280666904	0.0	195.61723211842215	47.54256780979378
266	50.21983212716435	13169.771724202137	157.10938545773584	0.0	193.48933620919107	50.21983212716435
267	48.57085169436368	13218.342575896495	158.45903154906992	0.0	194.4002527272097	48.57085169436368
268	48.43407831544707	13266.776654211939	156.96498054858776	0.0	193.06548286423023	48.43407831544707
269	48.23015120817199	13315.00680542012	154.64955262065408	0.0	193.76361152215915	48.23015120817199
270	48.57636411245485	13363.583169532563	153.38526724994423	0.0	190.96928787960417	48.57636411245485
271	48.89294561407296	13412.476115146645	153.68179402836103	0.0	189.82124325569757	48.89294561407296
272	49.51861942086862	13461.994734567508	153.90988363319838	0.0	189.34019252666525	49.51861942086862
273	49.428023858876585	13511.422758426386	153.9362774337022	0.0	189.96173847991827	49.428023858876585
274	47.486972576545966	13558.90973100293	150.15129856694736	0.0	192.1644620418205	47.486972576545966
275	50.095515996666585	13609.005246999599	150.66898269883384	0.0	192.56401725097092	50.095515996666585
276	48.56466332606507	13657.569910325668	148.09364569852983	0.0	192.16654694391775	48.56466332606507
277	49.65015289396203	13707.22006321963	148.56217606780953	0.0	193.82706895920145	49.65015289396203
278	47.05521714042794	13754.27528036006	146.9080423854859	0.0	195.00719417324393	47.05521714042794
279	51.8382304989261	13806.11351085899	149.6990547324194	0.0	196.496478692379	51.8382304989261
280	50.537038175509025	13856.65054903449	154.11995514072728	0.0	195.86219264831672	50.537038175509025
281	47.97759912795268	13904.628148162452	155.9581260093438	0.0	197.84038237070394	47.97759912795268
282	49.28342684302834	13953.911575005466	154.44766683597564	0.0	199.37580927975856	49.28342684302834
283	48.61316442804448	14002.524739433513	153.37042811881736	0.0	200.92201258998648	48.61316442804448
284	49.65664641604585	14052.181385849555	155.4015235797479	0.0	200.45772371569586	49.65664641604585
285	47.88970574422502	14100.071091593789	154.1974292418096	0.0	199.04402204563021	47.88970574422502
286	49.593752426679515	14149.66484402047	156.28047169979624	0.0	198.91477426928347	49.593752426679515
287	47.98450258243299	14197.649346602904	156.49758272954648	0.0	197.48485950120033	47.98450258243299
288	48.80802171266279	14246.457368315561	156.92655016920506	0.0	198.03911139439634	48.80802171266279
289	48.73128318202461	14295.188651497587	156.71160432287255	0.0	198.94112512471673	48.73128318202461
290	49.7556510683135	14344.944302565898	159.47852100542227	0.0	200.05118166161398	49.7556510683135
291	49.82597081599994	14394.7702733819	161.91201203622603	0.0	200.03728533895386	49.82597081599994
292	48.59771220739146	14443.367985589299	158.70858358670466	0.0	198.47882873989792	48.59771220739146
293	48.29311806164097	14491.661103650944	157.47720652841778	0.0	199.58628471132957	48.29311806164097
294	49.03287864017544	14540.693982291108	158.3508610334014	0.0	199.8772332956448	49.03287864017544
295	49.48158007327871	14590.17556236438	159.1637177207221	0.0	202.63269060392736	49.48158007327871
296	49.51442536655799	14639.68998773095	160.17551659991304	0.0	204.05252001347395	49.51442536655799
297	50.42150386479515	14690.111491595746	160.71234989382071	0.0	204.5927865509141	50.42150386479515
298	46.28606537934222	14736.397556975084	160.7153476972953	0.0	204.074360747986	46.28606537934222
299	47.01921835588927	14783.416775330976	158.691685709085	0.0	204.7806913729558	47.01921835588927
300	47.28773406488315	14830.704509395857	158.42508746045235	0.0	203.21087553935632	47.28773406488315
301	48.95728524794212	14879.661794643802	158.2636022662936	0.0	202.6638109269236	48.95728524794212
302	49.91284738551141	14929.574642029309	160.4583120450405	0.0	204.65423647056053	49.91284738551141
303	48.639106416209046	14978.21374844551	159.66622456951677	0.0	204.84922460203418	48.639106416209046
304	50.43114904172235	15028.64489748724	158.49540206078655	0.0	206.51597497755537	50.43114904172235
305	47.645309863828636	15076.290207351061	157.3197385591081	0.0	207.5447626487637	47.645309863828636
306	50.74065097109882	15127.030858322165	160.00554600694767	0.0	209.68402396200614	50.74065097109882
307	49.364511143285924	15176.395369465452	160.40177941890693	0.0	213.30823288384028	49.364511143285924
308	48.25912958162309	15224.654499047072	160.03725447704485	0.0	213.5444388857644	48.25912958162309
309	49.193113273623695	15273.8476123207	160.33039887557354	0.0	212.45024626895707	49.193113273623695
310	47.63670735860237	15321.484319679297	159.91008960941667	0.0	213.921770020432	47.63670735860237
311	44.67432316956584	15366.158642848863	154.0203247469427	0.0	216.00987824881662	44.67432316956584
312	48.86782029315205	15415.02646314202	154.40907269915675	0.0	217.89203873029456	48.86782029315205
313	50.48409552930574	15465.510558671325	154.77766638814913	0.0	218.47155701035402	50.48409552930574
314	49.448111158565325	15514.95866982989	155.62920350626416	0.0	218.67370318745824	49.448111158565325
315	49.755983094050755	15564.714652923944	157.0630616982661	0.0	219.27878533088267	49.755983094050755
316	48.15083753258046	15612.86549045652	156.28321787100995	0.0	219.86862836333228	48.15083753258046
317	50.33401795626007	15663.199508412776	159.7412268276374	0.0	221.94130837943771	50.33401795626007
318	46.70516996752972	15709.904678380308	157.46030511174206	0.0	219.86008604669138	46.70516996752972
319	48.93916226561241	15758.843840645928	157.6865375208795	0.0	220.21925258842597	48.93916226561241
320	49.401302136039604	15808.245142781963	157.2418533235299	0.0	221.01548493134658	49.401302136039604
321	47.18949668697104	15855.434639468936	155.9105606238862	0.0	219.50947012545916	47.18949668697104
322	50.06585311151821	15905.500492580459	159.31432816693402	0.0	218.95414570824911	50.06585311151821
323	49.47924273514813	15954.979735315605	161.6712114300479	0.0	220.60781244812884	49.47924273514813
324	49.68159753128562	16004.661332846892	163.19792201873946	0.0	219.8811889789254	49.68159753128562
325	49.74037504898938	16054.40170789588	162.33513451593663	0.0	221.23511251320267	49.74037504898938
326	47.63498115097377	16102.036689046845	160.43788033109655	0.0	220.3324897004845	47.63498115097377
327	49.56838837792321	16151.605077424778	159.37955717160077	0.0	219.36448506799778	49.56838837792321
328	47.387920350906015	16198.992997775691	157.80021164454013	0.0	218.72061252234255	47.387920350906015
329	47.50802821985712	16246.501025995538	155.21336317291446	0.0	219.51835931375481	47.50802821985712
330	47.97599253045357	16294.47701852599	154.81666684156	0.0	220.79417300375513	47.97599253045357
331	47.17549900452738	16341.652517530518	152.10300815633406	0.0	222.4731449235498	47.17549900452738
332	49.43549436126984	16391.088011891785	152.50152703861187	0.0	222.56906797368134	49.43549436126984
333	47.76350652687694	16438.85151841866	150.84930877632922	0.0	224.20589220414152	47.76350652687694
334	49.63188451266699	16488.483402931335	150.0468507734997	0.0	226.4299992882246	49.63188451266699
335	48.629764721856525	16537.113167653188	151.36551440228206	0.0	227.7752158856479	48.629764721856525
336	52.3123307519785	16589.42549840517	154.64100083315998	0.0	225.57387746649476	52.3123307519785
337	46.150014254417144	16635.575512659583	151.31134510490403	0.0	225.9624507089291	46.150014254417144
338	46.709890462592796	16682.285403122183	148.7484104912674	0.0	228.49551871240158	46.709890462592796
339	49.857734958184466	16732.143138080362	150.45074914188135	0.0	228.7174497033348	49.857734958184466
340	50.249601826778104	16782.392739907144	150.3623418152301	0.0	228.82104271720547	50.249601826778104
341	49.71762908527948	16832.110368992417	151.04263711402092	0.0	230.30721748477862	49.71762908527948
342	49.810957955566316	16881.92132694798	152.98784533645386	0.0	230.87459204192868	49.810957955566316
343	50.335114367753256	16932.256441315738	156.63362152533693	0.0	231.3045349041756	50.335114367753256
344	49.69671361579718	16981.95315493153	157.88287283285416	0.0	232.25431962366739	49.69671361579718
345	48.40653416580456	17030.359689097342	157.0826258335544	0.0	232.9433599578943	48.40653416580456
346	48.61775266310143	17078.977441760446	157.9507196324484	0.0	233.44835178166082	48.61775266310143
347	49.368897675503305	17128.346339435953	158.70326655889374	0.0	234.32622351947958	49.368897675503305
348	48.920103153289226	17177.266442589236	158.78154232653188	0.0	234.6385220660048	48.920103153289226
349	50.86692219009468	17228.13336477933	161.98394976917777	0.0	234.05797835695995	50.86692219009468
350	48.94386483883757	17277.077229618168	164.4005886357649	0.0	234.5049328883127	48.94386483883757
351	47.67374672867726	17324.750976346844	163.61570388909786	0.0	236.4407665453191	47.67374672867726
352	47.20307675816211	17371.954053105004	161.08048964220745	0.0	236.613740186931	47.20307675816211
353	49.32079555520757	17421.274848660207	159.56525494760103	0.0	237.97261105948166	49.32079555520757
354	47.6323025807465	17468.90715124096	155.9506914434468	0.0	238.21469677374358	47.6323025807465
355	48.78516694241944	17517.69231818338	153.96196193551924	0.0	237.73600751620296	48.78516694241944
356	49.50477763204816	17567.197095815423	154.41924866799673	0.0	238.68712357290255	49.50477763204816
357	52.36348611564638	17619.56058193108	157.760687062859	0.0	239.10942185462545	52.36348611564638
358	48.342025615587545	17667.902607546657	157.5041990466125	0.0	240.67548783168849	48.342025615587545
359	48.92716686500026	17716.829774411657	157.23559191452534	0.0	240.2392607717184	48.92716686500026
360	48.59642216894118	17765.426196580607	154.42762645190174	0.0	239.35421014746322	48.59642216894118
361	47.36865321605479	17812.794849796657	150.411120931188	0.0	239.59692875194727	47.36865321605479
362	48.78446834444069	17861.579318141095	151.43201260347635	0.0	239.44881672888906	48.78446834444069
363	48.49548348960067	17910.074801630693	153.08860730145608	0.0	239.7527950555359	48.49548348960067
364	48.497196600606024	17958.571998231313	153.08829725483483	0.0	237.42839157089145	48.497196600606024
365	47.95674430480787	18006.528742536124	151.81093443157425	0.0	237.7417101902213	47.95674430480787
366	47.20880993459306	18053.7375524707	150.7242900902736	0.0	238.4744805550815	47.20880993459306
367	49.564612728404406	18103.302165199108	150.20684934564295	0.0	238.31927607200856	49.564612728404406
368	47.68489045474737	18150.98705565386	148.21192126014662	0.0	237.9243641298669	47.68489045474737
369	47.1868291465016	18198.173884800355	147.1903957225832	0.0	237.5508853751333	47.1868291465016
370	46.763274872791456	18244.937159673147	144.89771022495827	0.0	237.69475029206853	46.763274872791456
371	51.12881490776174	18296.06597458091	149.2479452260167	0.0	237.0639926553739	51.12881490776174
372	49.58743629088067	18345.65341087179	149.85751325624304	0.0	237.29019985779215	49.58743629088067
373	47.79480560046076	18393.448216472243	148.49542112278567	0.0	238.18023444856306	47.79480560046076
374	48.632127043175316	18442.08034351543	149.89858000996796	0.0	236.90013928156674	48.632127043175316
375	49.39429748936911	18491.474641004796	148.3318063074052	0.0	236.79338088389707	49.39429748936911
376	45.980845578437275	18537.455486583236	144.5292724953788	0.0	236.06414136657594	45.980845578437275
377	49.25714688923943	18586.712633472474	144.69137529662058	0.0	234.84365865284798	49.25714688923943
378	48.02374917636231	18634.736382648844	143.6268732381445	0.0	236.83629183147912	48.02374917636231
379	48.85599179354839	18683.59237444239	143.99083422545317	0.0	236.99381539191123	48.85599179354839
380	49.479706886405346	18733.07208132879	143.19418694413145	0.0	237.65436829605815	49.479706886405346
381	48.96116632513883	18782.033247653933	143.11201296041338	0.0	238.69613530846442	48.96116632513883
382	48.20271924436049	18830.235966898297	138.77366138961554	0.0	239.26707762915876	48.20271924436049
383	49.52265054935259	18879.758617447635	138.7303207317262	0.0	240.51934875624673	49.52265054935259
384	48.29677283476008	18928.0553902824	139.35432781767267	0.0	241.66441759448392	48.29677283476008
385	48.60264790886784	18976.65803819127	136.53900966252564	0.0	243.80329900369955	48.60264790886784
386	48.830378973280524	19025.488417164554	139.1300908467647	0.0	243.24502284997996	48.830378973280524
387	46.70660561393876	19072.195022778484	135.3248122094882	0.0	241.29292833792496	46.70660561393876
388	49.17031503534398	19121.36533781383	135.3850777277303	0.0	240.78065530893295	49.17031503534398
389	49.32901478232625	19170.694352596165	135.47972807053324	0.0	241.72908950647553	49.32901478232625
390	50.2612799177803	19220.955632513946	135.46422619757905	0.0	242.77291999164973	50.2612799177803
391	50.632614587821756	19271.58824710176	137.2046269408437	0.0	240.6687000783682	50.632614587821756
392	49.52638328736482	19321.114630389126	137.8963349659105	0.0	241.4843561050263	49.52638328736482
393	49.60628010625852	19370.720910495387	140.235060548338	0.0	241.69879459666436	49.60628010625852
394	48.924397348909615	19419.6453078443	140.89751435460843	0.0	243.47321918800492	48.924397348909615
395	49.02590584616623	19468.67121369046	143.06712794508948	0.0	245.68153215013595	49.02590584616623
396	48.51317545335653	19517.18438914381	142.20976826285457	0.0	245.40232333682317	48.51317545335653
397	46.282038159738605	19563.46642730356	139.01678113324056	0.0	247.3948846075425	46.282038159738605
398	49.45460740525531	19612.92103470881	140.84793270896756	0.0	248.74750046137177	49.45460740525531
399	49.155136850666615	19662.076171559474	140.16869585137607	0.0	247.59535650276797	49.155136850666615
400	48.24925334329325	19710.32542490277	140.17339754574397	0.0	246.61878232314675	48.24925334329325
401	47.86927838547529	19758.19470328825	140.7523127933509	0.0	246.7901069591745	47.86927838547529
402	48.24465553878031	19806.439358827036	141.31829094917197	0.0	248.94785001946158	48.24465553878031
403	50.57475977507712	19857.014118602106	142.00072683349407	0.0	246.9477185696671	50.57475977507712
404	49.7200867327738	19906.734205334884	140.07435884040765	0.0	248.432849067855	49.7200867327738
405	50.523038858261195	19957.257244193148	144.33836383299865	0.0	248.69279161526393	50.523038858261195
406	49.123391546541	20006.38063573969	142.55345725025134	0.0	250.5078017349726	49.123391546541
407	47.842976587258306	20054.223612326936	141.51340316208646	0.0	250.58881510857972	47.842976587258306
408	48.57934462640038	20102.80295695334	139.53416816284982	0.0	250.91829975695643	48.57934462640038
409	48.749837494622135	20151.55279444796	138.3475151299613	0.0	250.29088437653382	48.749837494622135
410	48.69383627965157	20200.246630727604	139.4168915382208	0.0	251.4175378910721	48.69383627965157
411	48.760140356222195	20249.00677108384	139.26924369024738	0.0	250.44460529489214	48.760140356222195
412	50.14236785658817	20299.149138940422	141.4534797298789	0.0	251.31813720072708	50.14236785658817
413	50.24161927905437	20349.390758219488	144.64652375606303	0.0	251.5448072439245	50.24161927905437
414	50.538307201747806	20399.929065421227	146.66395427933966	0.0	254.06691261334598	50.538307201747806
415	49.77838367626323	20449.70744909749	149.24468997242573	0.0	255.36586258436742	49.77838367626323
416	49.311850564880395	20499.01929966236	148.07725795035813	0.0	254.996751107165	49.311850564880395
417	48.752843902304015	20547.77214356468	150.1938647706538	0.0	253.7797564949298	48.752843902304015
418	49.239041935986634	20597.011185500665	152.17288781986434	0.0	254.77398670365525	49.239041935986634
419	50.18460172781653	20647.19578722848	153.14331146620006	0.0	255.8766074935033	50.18460172781653
420	48.267181554234995	20695.462968782715	150.08936936555972	0.0	255.17762412449957	48.267181554234995
421	48.34931879018541	20743.8122875729	148.20078962988907	0.0	257.0395927953589	48.34931879018541
422	48.757373486148005	20792.56966105904	148.33181727831212	0.0	255.31625998823557	48.757373486148005
423	49.06393840688731	20841.633599465935	146.74800296250262	0.0	254.1501122400456	49.06393840688731
424	48.40588362245078	20890.039483088385	147.72363928639908	0.0	254.40961913024685	48.40588362245078
425	50.02820821562196	20940.067691304	150.0326943418809	0.0	255.03908419404175	50.02820821562196
426	48.560438278477015	20988.628129582474	151.1500906320666	0.0	253.64135587828872	48.560438278477015
427	47.674941863110256	21036.303071445585	150.41810719011485	0.0	255.79489570376245	47.674941863110256
428	47.43282561152641	21083.73589705712	148.69291145787196	0.0	253.7740502904362	47.43282561152641
429	51.311484717049076	21135.047381774162	152.5245661597313	0.0	255.68781893846474	51.311484717049076
430	49.59136974675686	21184.638751520924	154.68290362884238	0.0	255.22086523929585	49.59136974675686
431	49.385203913729484	21234.02395543466	156.70718161114416	0.0	255.49131808604972	49.385203913729484
432	48.987739220555305	21283.011694655215	154.1543283401096	0.0	254.9238352455968	48.987739220555305
433	46.891985072367795	21329.903679727573	152.8005599044973	0.0	254.41559948408803	46.891985072367795
434	49.13037375256512	21379.03405348015	152.85671008314785	0.0	255.3783562175429	49.13037375256512
435	51.212037652368245	21430.246091132507	154.46224999105584	0.0	255.5602497320788	51.212037652368245
436	48.44100105208596	21478.68709218459	153.95745069634916	0.0	254.69251221005837	48.44100105208596
437	48.973843587942056	21527.660935772536	154.01437827891164	0.0	252.7225715847012	48.973843587942056
438	48.4522184660818	21576.113154238625	153.97820292100286	0.0	251.5369846529507	48.4522184660818
439	48.876629712678806	21624.9897839513	154.27634933841836	0.0	251.60073395295663	48.876629712678806
440	49.719703828797556	21674.709487780096	157.99713417854753	0.0	251.4682540408378	49.719703828797556
441	49.093676315503274	21723.803164095603	159.74468347414182	0.0	252.2718209534643	49.093676315503274
442	49.80254188443032	21773.60570598004	159.32344488684265	0.0	252.67588554450862	49.80254188443032
443	49.450102850313094	21823.055808830337	160.62921965135752	0.0	252.88552771956822	49.450102850313094
444	48.99534327550619	21872.051152105854	159.44512287510884	0.0	252.31930642604755	48.99534327550619
445	48.57688759199267	21920.628039697862	157.66993856536826	0.0	252.30351618694255	48.57688759199267
446	49.3436594996795	21969.971699197526	158.83982604307056	0.0	253.83568071768252	49.3436594996795
447	48.20913839244444	22018.18083758996	158.85351105796894	0.0	253.10282703576294	48.20913839244444
448	49.85565341572735	22068.036491005703	160.8349392933413	0.0	254.13113910321837	49.85565341572735
449	47.98369976583713	22116.020190771535	159.6811901786223	0.0	253.5405467538822	47.98369976583713
450	49.493609573993005	22165.51380034553	159.51095603963287	0.0	252.60443652179464	49.493609573993005
451	48.71911291206613	22214.23291325759	161.14770884347428	0.0	253.23511019578484	48.71911291206613
452	48.54490802740614	22262.777821285	159.33712891489168	0.0	253.14936926143938	48.54490802740614
453	49.952429945641896	22312.730251230638	159.7866553704559	0.0	253.88946798655334	49.952429945641896
454	51.38275694776488	22364.113008178407	162.73548840584715	0.0	254.71061989832177	51.38275694776488
455	50.18022593605947	22414.293234114462	161.90076880759344	0.0	256.08376744427534	50.18022593605947
456	50.908483925078365	22465.20171803955	163.4281661898189	0.0	257.6298440395985	50.908483925078365
457	48.20003647958747	22513.40175451912	163.37083104473584	0.0	257.35600271341445	48.20003647958747
458	51.14432095808973	22564.54607547721	164.23989245500027	0.0	257.3199799307259	51.14432095808973
459	47.36202280769199	22611.908098284905	164.95609542750978	0.0	258.4840714084161	47.36202280769199
460	48.86418119874887	22660.772279483666	164.721821939749	0.0	258.6117272849641	48.86418119874887
461	49.249819110767675	22710.02209859443	167.19861382133752	0.0	260.44030917281077	49.249819110767675
462	48.76018760157339	22758.782286196	167.7011809865445	0.0	262.53033252682116	48.76018760157339
463	48.00153987286421	22806.783826068873	167.05661351544208	0.0	260.542071054811	48.00153987286421
464	47.85858908799018	22854.642415156864	166.6051001096968	0.0	260.8434876767863	47.85858908799018
465	51.105310254291425	22905.747725411136	171.37357514122348	0.0	260.4499782234776	51.105310254291425
466	49.87462789420375	22955.62235330536	173.73503941063984	0.0	262.0801737717586	49.87462789420375
467	47.58035495027828	23003.20270825562	171.4310406571959	0.0	262.59978549716385	47.58035495027828
468	49.072157638461604	23052.274865894084	171.25237222461385	0.0	262.1641791339019	49.072157638461604
469	47.31197501609208	23099.586840910186	169.9890425855091	0.0	260.7096773316188	47.31197501609208
470	48.18792313154997	23147.774764041744	169.39671513849487	0.0	262.64951874854006	48.18792313154997
471	49.490347553006714	23197.265111594726	166.18554272561997	0.0	263.19239172164043	49.490347553006714
472	49.76936691791568	23247.034478512658	169.44061517047976	0.0	263.4196794791205	49.76936691791568
473	48.01446551195903	23295.048944024606	169.14752281890458	0.0	263.9597791349344	48.01446551195903
474	50.421367524128165	23345.470311548732	169.24027311373408	0.0	264.50946035238485	50.421367524128165
475	51.061092506153145	23396.53140405489	171.6705640325069	0.0	265.99199555148857	51.061092506153145
476	48.642923813026364	23445.174327867924	170.5114793929913	0.0	266.61048080851174	48.642923813026364
477	49.282009799968634	23494.45633766789	169.81252074419098	0.0	264.8317095165026	49.282009799968634
478	47.64119665374372	23542.097534321634	168.3647824410856	0.0	266.30202510030756	47.64119665374372
479	48.74186740815259	23590.839401729783	168.98711401437825	0.0	266.41189923012695	48.74186740815259
480	46.307587900857506	23637.14698963064	166.40920377510912	0.0	267.1381848006682	46.307587900857506
481	49.40164727344907	23686.548636904085	168.08969214215855	0.0	268.1349622455224	49.40164727344907
482	49.07024042758148	23735.618877331675	168.10331180182595	0.0	267.27140115637746	49.07024042758148
483	47.120252095072765	23782.73912942673	168.44113099952133	0.0	270.1888870737394	47.120252095072765
484	49.18737808573773	23831.926507512468	167.6598008289953	0.0	268.8506226667658	49.18737808573773
485	49.68928395135882	23881.61579146383	168.11598178874868	0.0	270.2294957833971	49.68928395135882
486	46.55398057594133	23928.16977203977	165.19883900546662	0.0	269.1900212792063	46.55398057594133
487	51.36249464746253	23979.532266687238	167.4126287755093	0.0	269.3542924359709	51.36249464746253
488	49.55947562582223	24029.09174231308	170.39117768515072	0.0	269.76780535399774	49.55947562582223
489	50.53668163029979	24079.628423943373	172.94538774853234	0.0	267.72161452849537	50.53668163029979
490	48.26322605101116	24127.891649994384	171.2593823215329	0.0	267.2411006974163	48.26322605101116
491	49.05239836403549	24176.944048358426	171.1379175184953	0.0	268.9959366995174	49.05239836403549
492	49.67888751626223	24226.62293587467	172.99673869101534	0.0	269.672571457157	49.67888751626223
493	48.134242972241964	24274.75717884691	172.433004851772	0.0	270.54310585092026	48.134242972241964
494	47.50968441677033	24322.266863263692	170.1310565694391	0.0	270.7335198000662	47.50968441677033
495	48.36431237903018	24370.631175642713	169.40783991751053	0.0	269.40973999949586	48.36431237903018
496	46.74015327758898	24417.371328920308	166.9730872951363	0.0	270.29854058476536	46.74015327758898
497	52.036808231127765	24469.408137151437	168.76003331531797	0.0	268.6680675466324	52.036808231127765
498	47.491909589792584	24516.90004674122	167.44047169994224	0.0	267.21313671985473	47.491909589792584
499	48.2878444770647	24565.18789121831	167.11755424551473	0.0	268.1931203238357	48.2878444770647
500	49.93696114650025	24615.1248523648	171.50325462500666	0.0	268.3154946646656	49.93696114650025
501	48.58253506285635	24663.70738742765	170.0181255122826	0.0	268.04678648971355	48.58253506285635
502	50.07208400618031	24713.779471433834	170.0181255122826	0.0	267.57068400928733	50.07208400618031
