task	reward	total_reward	total_regret	relative	total_reward_dev
0	42.85978230834832	42.85978230834832	5.334472345585246	0.0	26.18389769871958
1	49.30727286369533	92.16705517204363	17.629807825499068	0.0	39.73432337663263
2	43.37140184953405	135.53845702157764	24.030062411959648	0.0	47.526216176400496
3	44.79509434132161	180.3335513628993	30.693244642924043	0.0	58.8932356616201
4	42.37363583283279	222.70718719573216	36.22630034627735	0.0	59.303816147756095
5	54.36938695005133	277.0765741457833	52.53773012967244	0.0	78.9651341202852
6	44.39948949547702	321.4760636412603	58.327940320087045	0.0	84.52876372450396
7	43.80693663668792	365.2830002779483	65.46227386653909	0.0	84.25332678281988
8	53.07880033902993	418.3618006169784	81.40728865929859	0.0	90.81900954422187
9	48.740329970525316	467.1021305875037	92.26849891872116	0.0	89.84372428916839
10	39.339628461352035	506.44175904885594	94.13403522296346	0.0	90.79705545750511
11	39.91114180488677	546.3529008537424	96.85066968535948	0.0	91.72415258396208
12	47.3353505861837	593.6882514399263	106.82862411061548	0.0	97.75282792082609
13	43.57160625112163	637.2598576910478	112.19528718210334	0.0	100.49090529535368
14	48.68456229463484	685.9444199856824	121.06376597579856	0.0	101.97117067868413
15	47.636862399848944	733.5812823855317	129.9404033263112	0.0	111.91837881270037
16	51.58545747372525	785.1667398592565	142.59478004065278	0.0	117.97427395466191
17	42.99102987277262	828.1577697320295	149.03080504598051	0.0	117.14704836100174
18	49.266967689427375	877.424737421457	160.51519652971766	0.0	119.74945286848086
19	46.118877714329685	923.5436151357867	168.10706823432957	0.0	122.52902940638667
20	42.26069874727796	965.8043138830647	171.89631372991423	0.0	125.39172351123499
21	46.210336928570406	1012.0146508116355	180.4171004639675	0.0	131.6388207601549
22	40.66228770897273	1052.676938520608	183.28025818521633	0.0	130.90022433495557
23	46.6965144358642	1099.3734529564722	192.34675027268852	0.0	138.06247020167768
24	46.34893040423711	1145.7223833607088	200.5497127206082	0.0	137.18111024450678
25	48.470442756470476	1194.192826117179	211.5025257182789	0.0	144.825935668537
26	51.22554906635527	1245.418375183535	224.32806542916995	0.0	151.77845106180106
27	44.22868361747993	1289.6470588010147	230.14840783065682	0.0	151.64113667781146
28	41.475286285357036	1331.1223450863713	233.41998346194777	0.0	151.42804576009596
29	39.836468989812644	1370.9588140761841	237.66948363287236	0.0	149.83097626788242
30	45.774617031241476	1416.733431107425	246.57090081736624	0.0	151.90947262081053
31	41.60324687464018	1458.3366779820662	248.6996529601217	0.0	151.49696580290606
32	41.80174733075413	1500.1384253128192	254.24475869420473	0.0	150.01952844029444
33	48.71700141984061	1548.8554267326604	265.1211666974556	0.0	149.3094558306051
34	45.13582771742699	1593.991254450088	271.05050142342094	0.0	150.14420230649398
35	48.95635164438317	1642.9476060944717	283.0946663631623	0.0	155.36239517284105
36	46.300434347695976	1689.2480404421667	292.1839368041921	0.0	155.3711824832831
37	45.38933818182467	1734.6373786239915	299.6912396559375	0.0	155.62519395168025
38	42.80770932069578	1777.4450879446874	304.8204317442635	0.0	154.37815500437907
39	43.359964711421235	1820.8050526561083	310.8248081041983	0.0	156.03482217578738
40	46.45706587204702	1867.2621185281555	319.9257817627413	0.0	158.7664514037747
41	43.447545355160486	1910.7096638833161	326.1395253794822	0.0	157.8324279934646
42	43.603504444448056	1954.3131683277645	332.6727100384513	0.0	158.91057789940874
43	44.25869863601181	1998.5718669637768	338.9473128361867	0.0	160.45056732433147
44	50.986707737259614	2049.5585747010364	350.0967993129375	0.0	163.9996888150757
45	43.49464537262113	2093.0532200736566	355.47909761319585	0.0	166.75691262224314
46	46.13866195612514	2139.191882029781	365.8488226681745	0.0	176.156100891694
47	45.930770854116766	2185.122652883898	372.9060332108256	0.0	181.54703073219605
48	45.857369615807286	2230.980022499706	380.60492380043814	0.0	180.80420012784066
49	47.32941795885392	2278.3094404585604	389.3369731602918	0.0	184.12326053045933
50	41.157337785908865	2319.4667782444685	392.9547410143455	0.0	186.2782875703162
51	42.25021754962635	2361.7169957940946	395.9305068432807	0.0	188.5301485850244
52	43.242120062946825	2404.959115857042	402.54663658345714	0.0	188.26757572171184
53	40.315624014637045	2445.2747398716783	404.7128167574507	0.0	186.9999636954429
54	42.9926489834144	2488.267388855092	409.848893489175	0.0	187.31633815751167
55	42.58930605824036	2530.856694913333	413.1350292355851	0.0	187.62666097261067
56	45.76564002035283	2576.622334933687	422.24271234428625	0.0	193.54360000702744
57	42.93495730443365	2619.55729223812	426.1006782325548	0.0	192.51735058784647
58	42.630097392613806	2662.1873896307334	429.95640031469384	0.0	194.58938653875998
59	45.84969027415388	2708.0370799048874	437.0260865526115	0.0	195.32945240896527
60	45.096984165412074	2753.1340640702983	442.7355082288585	0.0	196.44605766860536
61	46.139117224562284	2799.273181294861	451.2503235628966	0.0	197.55394968095533
62	45.32901087674391	2844.602192171606	457.20397508897435	0.0	198.16966704208676
63	47.40601025048568	2892.0082024220915	467.5412411313909	0.0	201.89028917147755
64	42.00155975715269	2934.0097621792443	471.2695710647551	0.0	207.6582657726052
65	43.22758389552466	2977.2373460747685	475.9942096096666	0.0	212.7553042589508
66	49.45841666550684	3026.6957627402753	488.28145831524694	0.0	218.22717655453482
67	39.07119142064763	3065.766954160923	490.22501381967027	0.0	219.7391946406967
68	44.73776869607553	3110.5047228569974	497.3867281823043	0.0	226.58838029565328
69	46.23444981742893	3156.739172674428	505.6099091032282	0.0	224.9972599207516
70	51.950945444491424	3208.690118118919	520.7624479434821	0.0	224.09468091680458
71	50.0387365601042	3258.728854679023	533.4049877096603	0.0	225.32224817337288
72	47.83845318534823	3306.5673078643704	543.2776542374895	0.0	232.38196718008288
73	43.53310975980539	3350.100417624177	549.4864986446374	0.0	234.6448288809426
74	42.500479913695784	3392.600897537873	554.4744003230362	0.0	234.85487080910696
75	46.824545758974324	3439.4254432968487	561.4960784460918	0.0	232.55196201231408
76	45.846336805814346	3485.271780102661	569.0413201128105	0.0	235.66497560685687
77	44.406349171403896	3529.678129274066	574.6110874857262	0.0	234.60708387289378
78	45.66397212156754	3575.3421013956317	582.2609584442131	0.0	240.46294839631048
79	45.458860908763796	3620.800962304397	590.2506303710519	0.0	241.97661621466492
80	47.65301108516733	3668.453973389564	599.0707730561768	0.0	243.49803634442935
81	47.792641699652485	3716.2466150892164	607.9654365308827	0.0	244.65425462548453
82	45.16680621846015	3761.4134213076754	614.4964988815266	0.0	251.9220757642483
83	45.423273964042416	3806.8366952717183	623.7705251018829	0.0	250.92431164642625
84	41.52953079831569	3848.366226070036	628.5139258145105	0.0	252.3846923552609
85	52.8544676976872	3901.22069376772	643.8462618566132	0.0	252.6590575968718
86	44.91120211364156	3946.131895881363	649.1199840388999	0.0	251.3044331085399
87	40.69651136178036	3986.828407243145	652.6042491636032	0.0	248.30852730155232
88	42.9737539238639	4029.8021611670083	657.445061088484	0.0	251.72242411210271
89	46.58643244299881	4076.388593610007	667.7992911262393	0.0	253.67991364047728
90	47.088842246136494	4123.477435856142	673.4436394033218	0.0	255.6861744315385
91	46.53307018962365	4170.0105060457645	680.6630643643757	0.0	252.1463047731712
92	50.45921657168581	4220.469722617454	693.4409389947094	0.0	260.02829545134887
93	42.282063238507234	4262.751785855959	698.5764600066733	0.0	265.79387823681185
94	39.31301111266611	4302.064796968626	701.4987673472311	0.0	265.8268390927175
95	43.579652102753535	4345.644449071379	707.8083016504366	0.0	270.2393130769663
96	43.08371683667727	4388.728165908058	711.6482081515786	0.0	271.3612269223384
97	43.44505570411805	4432.1732216121745	715.5648270280691	0.0	272.57698225296883
98	45.646836763231796	4477.820058375407	724.0410154406835	0.0	276.5546939302769
99	43.602767601571756	4521.422825976977	729.7207824007685	0.0	274.01725397021244
100	40.92889946031765	4562.351725437296	733.1683262365996	45.19491943128947	274.705410094334
101	48.651135087333785	4611.00286052463	744.6092170826961	45.188358053525846	280.2526220164037
102	42.44075695346964	4653.443617478099	748.011793831955	45.17905160456522	280.72579756989524
103	47.32786391021491	4700.771481388316	755.8738606613501	45.204379300254146	280.16077232958105
104	44.22317514628156	4744.994656534596	761.7660153235945	45.22287469338865	282.2449263094219
105	47.71701898198252	4792.711675516578	770.0124361733062	45.15635101370795	286.5943569526678
106	45.29292465705492	4838.004600173635	776.4147514272927	45.16528536532373	287.31375278438276
107	47.43879228456665	4885.443392458201	785.9342289844461	45.201603921802516	283.24598263814875
108	44.657807860015616	4930.101200318217	793.6478926737195	45.117393997012385	284.9562780317312
109	50.290628557945844	4980.391828876161	806.9998224074585	45.132896982886585	289.3811380015013
110	43.702222864057305	5024.094051740219	813.0946418946043	45.17652292691361	288.29459048306717
111	49.13071066284354	5073.2247624030615	824.9741532238087	45.2687186154932	292.804562063101
112	44.639359782161904	5117.864122185225	833.5972856128111	45.24175870745298	295.01396910054285
113	46.70744870540009	5164.571570890625	842.2011890294259	45.27311713199576	292.52541954671875
114	45.1565111138161	5209.728082004439	848.4631873318422	45.23783662018757	288.8810586697755
115	47.68905779098656	5257.417139795427	858.5439725839199	45.23835857409895	292.85470057726474
116	43.16835179974098	5300.585491595167	864.1777816587147	45.154187517359105	294.2480943186796
117	42.124823068137104	5342.710314663305	868.827247931174	45.14552544931276	297.2157770550468
118	45.175651308521964	5387.885965971826	876.8244785019139	45.10461228550369	297.48057191916814
119	42.27661996616507	5430.162585937993	881.587385871326	45.066189708022065	296.0850239036037
120	47.932589716765825	5478.095175654756	892.4417148599553	45.12290861771694	295.1350933039989
121	52.768989706531336	5530.86416536129	907.1509697910354	45.188495145496525	298.6634393649399
122	47.5654674711054	5578.429632832394	918.72026314495	45.25752694311787	298.1916814289038
123	50.72214139652735	5629.151774228926	931.908873368738	45.29778321272449	293.36806744128677
124	47.361287787470076	5676.513062016393	943.3458374907048	45.307906786556835	299.74243079258514
125	42.72679489078577	5719.239856907179	948.5150082470062	45.250470307899974	299.6347894843198
126	44.200303933283315	5763.440160840462	955.7582808889933	45.180217856569286	296.9289232512332
127	48.28611961040616	5811.72628045087	967.0704425413956	45.22079221649853	297.15763459049845
128	41.48448530635191	5853.210765757219	969.276310594056	45.22088420670847	299.48653247783426
129	43.46591566344355	5896.676681420665	974.190501303956	45.25717867344478	298.6913491689171
130	48.709596313900974	5945.386277734564	984.982426636038	45.28652846627136	303.73202407683846
131	41.086231318962575	5986.472509053527	986.5120275562772	45.281358310714594	302.69118449532516
132	43.607522160659855	6030.080031214184	992.1834147770497	45.29941605901367	303.9062774076469
133	48.676756624334196	6078.756787838523	1004.6253690579616	45.299013611058605	300.72194627733876
134	42.637844386958065	6121.394632225481	1009.0903646210093	45.274033777753914	299.48889450283855
135	44.68881165232009	6166.0834438778	1015.4088251387747	45.23135837783327	301.5069095327885
136	42.126024135243625	6208.209468013043	1019.9122272175907	45.18961427570876	301.16433862512275
137	43.847827138135635	6252.057295151177	1024.6906866732452	45.174199165271865	300.19515571572344
138	41.45685639129507	6293.514151542474	1029.1880204057827	45.16069063597785	300.9430794929805
139	46.63499396380109	6340.14914550628	1036.9658886193697	45.193440928501644	297.35597696698125
140	45.55872011669422	6385.707865622971	1044.25896031476	45.18445747094812	296.8260588898875
141	40.840209945276555	6426.54807556825	1047.4563218651303	45.158384116849284	295.00254630322667
142	47.53889322703365	6474.08696879528	1056.521383933074	45.19773800467514	294.38477081920604
143	47.78526768708746	6521.872236482367	1065.1868000033091	45.23300369518591	292.74740074019735
144	46.60361162546402	6568.475848107831	1074.5462695343776	45.18917273406795	294.8782047683997
145	43.53411413977584	6612.0099622476055	1080.3610372562312	45.18956742173948	298.4391511258486
146	44.11784036748546	6656.127802615094	1087.3485141295128	45.169359205853105	302.57371791505864
147	50.9974036920861	6707.125206307179	1098.9978564166631	45.22002553423279	308.8115764923711
148	48.37546007079095	6755.500666377968	1109.2009386862403	45.24520643878263	311.69241638677295
149	46.91859318865297	6802.419259566622	1119.6228813091268	45.24109819108061	309.1339099735811
150	48.09431953202753	6850.513579098649	1128.9381343181249	45.310468008541804	311.4432492041366
151	47.07495959019302	6897.588538688843	1137.179254893774	45.35871542894747	314.775611141235
152	47.517987295529565	6945.106525984372	1147.0451385976748	45.40147410127332	316.5055029767787
153	50.39306700323624	6995.499592987608	1159.0533781447127	45.502248531159275	319.18833262042216
154	41.48640041472455	7036.985993402336	1162.763922736994	45.4871860454724	318.3994219041408
155	44.97455130717246	7081.960544709508	1169.8118975505117	45.5110384979617	319.6922579612974
156	42.35042901538317	7124.31097372489	1174.711776573888	45.47688638791202	319.6396384521853
157	46.132437346341376	7170.443411071231	1183.4490888594582	45.50886118833108	321.1764955024186
158	46.35650161631217	7216.799912687541	1191.2107324744463	45.54612523056805	322.404264529641
159	43.81294782213772	7260.612860509678	1198.0622486178138	45.52575780604789	319.35165948779445
160	45.81892158759958	7306.431782097281	1206.5878782495458	45.53297718026978	322.98780278280975
161	46.457165511781504	7352.888947609068	1215.4327119671677	45.53615766314198	326.4148127809628
162	45.56099618191502	7398.449943790981	1224.586258151487	45.538477516193694	327.1076385698837
163	42.7054260034789	7441.155369794454	1229.7199033353743	45.49147167372362	322.90754796219943
164	47.883153284761484	7489.038523079217	1240.1184194270631	45.5502876089997	328.41603817898675
165	45.61923418996872	7534.657757269187	1248.274494516547	45.57420411194416	326.8525754993662
166	48.37684045501474	7583.034597724202	1258.531415244652	45.563388349839244	330.6628558513767
167	44.41822104229536	7627.4528187664955	1266.0815567300324	45.616858646055704	329.31076461357225
168	45.44110897074087	7672.893927737239	1272.4448100975414	45.62389204880236	330.2053250736832
169	43.33767871365448	7716.231606450892	1277.2751665312003	45.5949243377646	330.67534978384
170	45.67112909990847	7761.902735550803	1285.9372613844016	45.53212617431881	335.04103265818543
171	46.26801482859599	7808.170750379397	1295.5796692420774	45.49441895700371	336.3230282856095
172	46.65427466547041	7854.825025044867	1304.680554703716	45.482577171804934	337.0961033285608
173	41.20157399654236	7896.026599041414	1308.6486587006011	45.45926181417229	339.495451823039
174	43.587477758403956	7939.614076799811	1315.230857948201	45.47013179261938	338.9511938449397
175	41.84429763025849	7981.458374430073	1319.2305827823177	45.42032931133219	344.3277781595736
176	44.28943351445791	8025.74780794453	1325.5453498280579	45.40476027841865	347.47535348183453
177	40.56292658361905	8066.310734528145	1327.7766273219165	45.36632605254081	348.9970409597174
178	47.84566350565807	8114.15639803381	1339.1135881812181	45.38814296638173	351.8792141940107
179	48.025953453152304	8162.182351486958	1350.2510825120792	45.41381389182562	348.4522556824258
180	42.67227431091956	8204.854625797874	1355.6205155376697	45.36400652408311	349.87463566623865
181	42.509998330255286	8247.364624128133	1359.4790479405208	45.31118009038914	351.46782341648543
182	40.827932589260534	8288.192556717397	1363.4003888797356	45.26779135409717	352.75792959482027
183	48.03209379255409	8336.224650509952	1373.5534074564684	45.29387955238226	358.51102598400337
184	44.44208675343339	8380.666737263382	1379.3968167674734	45.32300511193347	359.6195435943165
185	45.72611834515111	8426.392855608532	1387.4088204060276	45.25172161840811	361.8616144791476
186	44.56211484319131	8470.954970451727	1393.032454727177	45.24823074570358	362.3645543787699
187	46.1934718618585	8517.14844231358	1401.5830101986537	45.303200350704365	363.7464361564823
188	53.71281230854271	8570.861254622127	1417.4489518987402	45.41059093455117	362.8949801361525
189	43.42389938415213	8614.285154006275	1422.8112029704685	45.3789656039627	366.11464962268576
190	46.623290415941845	8660.90844442222	1432.314057889742	45.37431008566074	364.0604558157271
191	46.9913957095267	8707.899840131748	1443.0215934674063	45.37889334085976	367.3312019517704
192	45.529554925469554	8753.429395057214	1451.5332592412303	45.329596724397604	364.26396794018206
193	48.04004566134734	8801.469440718563	1461.2185845854808	45.38717654862599	371.68005099672973
194	44.68636755255983	8846.155808271125	1468.2711086257689	45.440910113024955	374.14163865026967
195	46.11158429642492	8892.267392567543	1477.164671740655	45.466229434961676	376.36906392040817
196	43.00220312358469	8935.26959569113	1482.1590955896982	45.46541429783073	373.70361499309905
197	51.38428267938079	8986.653878370515	1498.3683376854688	45.54480656758334	374.30693810733675
198	48.1181641420778	9034.77204251259	1509.2653075441835	45.569519841371836	376.1127008017829
199	53.4696243485265	9088.241666861113	1524.5152801628897	45.66818840884136	381.77944664133264
200	50.944319594101806	9139.18598645522	1538.787735681503	45.768342610179204	382.7577642221454
201	44.32272466238408	9183.5087111176	1544.304141345919	45.72505850592972	377.94255847873666
202	43.40664209524263	9226.915353212842	1549.9115300032668	45.73471735734744	379.60564434106357
203	47.03604144178849	9273.951394654636	1560.014980491317	45.73179913266317	380.2735325978818
204	47.75695424956942	9321.708348904205	1569.0313240787425	45.767136923696036	386.24139748677123
205	41.274470646277315	9362.982819550478	1572.9910112545858	45.70271144033899	389.62801450381926
206	43.70174024670385	9406.684559797184	1579.723159441796	45.6867995962355	389.905875321176
207	46.513888161884715	9453.198447959068	1586.5199423509068	45.67755055500867	388.9212220335669
208	46.2373494421323	9499.435797401204	1596.133891575608	45.69334597082984	388.9327150378818
209	49.39616829540048	9548.831965696601	1608.6855753512348	45.6844013682044	395.4802046873078
210	46.5945837191128	9595.426549415715	1617.9756704470346	45.71332497675494	396.59407780080795
211	45.56699942722109	9640.993548842931	1625.1028510649478	45.677687864398735	396.9752690339393
212	48.14827940271491	9689.141828245647	1635.4848246552406	45.71277706060424	397.0720008115661
213	44.23854718163283	9733.380375427281	1641.4061062601497	45.68808804536657	402.7433552959648
214	43.75299303044034	9777.133368457726	1646.0725542125863	45.674052864532804	400.7101513265034
215	44.5106277325455	9821.643996190267	1652.4864910587398	45.6422685639484	401.57173563739934
216	46.00914697338853	9867.653143163656	1660.9042394989542	45.6706765156849	404.01712847663384
217	46.831411568491994	9914.484554732155	1672.2350894839908	45.71774240068842	405.0720261437143
218	43.79740629509806	9958.281961027244	1677.0088637702402	45.70395995055419	402.39594086930384
219	44.383689720881655	10002.66565074813	1683.8657604759067	45.725030648101345	402.07254710009954
220	43.85098924665747	10046.516639994785	1690.3596706050737	45.68421464340028	402.98413585573905
221	49.857738096859336	10096.374378091645	1702.7345849581627	45.655102127303564	407.08916970472677
222	50.44195608105931	10146.8163341727	1714.353323832516	45.68386701340308	407.7703010802395
223	42.83287881819163	10189.64921299089	1720.5197665478026	45.604974387619734	409.02892620016644
224	45.45595422399152	10235.105167214888	1729.035293685101	45.58592105198496	403.851691091444
225	44.9275303571209	10280.03269757201	1736.4321107462986	45.60792840664833	407.98859577617446
226	43.836982830847234	10323.869680402853	1742.618533158094	45.604295195623926	410.8097518255003
227	43.78053496871466	10367.650215371572	1749.2204502131833	45.55923934920702	412.28417940695454
228	42.643819537123946	10410.294034908695	1753.979710450053	45.57083269151475	411.36151924520635
229	45.504546335887134	10455.798581244577	1763.077413067518	45.5912189982392	414.0850667923721
230	47.27006755520908	10503.068648799795	1772.6946894631517	45.57682371065228	414.0898046788879
231	44.90864656820907	10547.977295367997	1779.4723203650192	45.6150478631447	414.44354954586424
232	47.5592009490506	10595.53649631705	1790.6426478417384	45.65456465102864	413.9214100252621
233	47.26960476966409	10642.806101086719	1800.1690469580526	45.64049313248195	413.08785168642237
234	43.63926629719198	10686.445367383909	1806.2965557234472	45.65050735158425	415.8937418101907
235	47.07170440680116	10733.517071790704	1815.128998648414	45.67433627912909	420.15088215549844
236	47.300390284251336	10780.81746207496	1826.2068662022998	45.72607994061919	420.6040280888362
237	43.70905745931483	10824.526519534276	1831.2484048785357	45.724692243830944	420.5855158153555
238	42.09088014969186	10866.617399683968	1834.80221741499	45.73103248141492	419.45025571055896
239	40.76780242522623	10907.385202109192	1837.0583462800255	45.672360566029184	417.90493612747065
240	50.20069522305252	10957.585897332243	1848.5382037653558	45.71878031709276	419.92146941182955
241	43.917637473117566	11001.503534805357	1854.0597473341095	45.74955459237116	420.81070632935774
242	45.51404746297843	11047.017582268338	1860.1504130605254	45.729306134730635	421.8003439211255
243	48.735474561714234	11095.753056830055	1869.092600516741	45.738808203476886	422.92961661659865
244	47.789769732228905	11143.542826562287	1878.7298270180179	45.750669784544534	420.1701893059542
245	45.1964029477356	11188.739229510016	1886.6768260850122	45.767292672624116	422.71836946674955
246	47.66301847108055	11236.402247981101	1896.2252555432362	45.80274445366009	426.26505787613337
247	46.16432918766118	11282.566577168762	1903.3508415325946	45.754413708615836	428.31041993111114
248	42.33918224528334	11324.905759414041	1906.3074249272315	45.694050930360746	433.64334731767735
249	42.565498611460185	11367.471258025502	1911.9759136876971	45.650519984588826	430.424940433875
250	43.81025716150355	11411.28151518701	1917.0782217430176	45.607679360883566	428.01214859506337
251	43.84474458038617	11455.126259767394	1921.1247576134765	45.57537721078552	429.60339300838785
252	47.34788278985174	11502.474142557243	1930.5078467247083	45.57367616572874	428.59763480945026
253	45.52276597886459	11547.996908536104	1938.0972850589997	45.52497315548501	426.01911396055726
254	45.456064144477395	11593.452972680587	1946.5583437086377	45.56466979278253	427.48687593073316
255	46.305332216405674	11639.75830489699	1955.3001802276017	45.577977601874885	428.9807395963633
256	49.65857050526049	11689.416875402247	1968.5519828652732	45.651059016773644	432.6797157095158
257	42.34817247833701	11731.76504788059	1973.101010998344	45.61321636809361	432.1747957019384
258	45.35857966103556	11777.123627541621	1980.2145081818362	45.60323714854083	431.80851915229135
259	43.355647333440544	11820.479274875062	1986.118166314256	45.598664143653885	430.2740005262082
260	48.03902790106784	11868.518302776138	1994.9443918253894	45.620865206788565	434.98937171747826
261	43.72918512776794	11912.247487903904	2001.7874081341795	45.59358540294843	435.390056580461
262	47.41836915526664	11959.665857059168	2010.275343916597	45.61215913268195	437.3155484667565
263	43.63083092193523	12003.296687981097	2015.8319868994192	45.6214131818665	441.88434333170477
264	40.278086668444566	12043.574774649544	2017.6948944272967	45.54536251570337	439.68136261060107
265	39.36408313158694	12082.938857781137	2018.6034231950937	45.48281100511951	441.59752453669074
266	48.22347195940484	12131.162329740542	2027.8604006406395	45.48127732016343	439.6886285161518
267	45.31865299556054	12176.4809827361	2035.1564828430207	45.49028163969606	441.6655052970874
268	41.16660671607974	12217.64758945218	2038.2055427858224	45.447536617149474	439.9534012942985
269	46.35480251591682	12264.002391968097	2048.6385568463293	45.477707855172085	434.2668250990057
270	43.2594857321286	12307.261877700226	2053.9136323394023	45.45359142149428	434.3875959590297
271	46.571979455905456	12353.833857156127	2061.695702504788	45.456631067767404	433.8091147250899
272	44.35367869166754	12398.187535847796	2067.644784654439	45.43362510802935	437.5924867136145
273	44.874996103403035	12443.0625319512	2073.9841782428125	45.47035932909795	440.16815821152755
274	47.53931030884928	12490.601842260048	2082.57528583145	45.50987765460243	444.3326910285558
275	41.75272634233331	12532.354568602377	2086.373881658609	45.508961941723186	444.9029112823973
276	46.96011142540818	12579.314680027786	2095.8231715049305	45.535668720832646	444.9632251094154
277	42.77089823511411	12622.0855782629	2099.7495347235185	45.55774843734763	448.5410916158559
278	44.480997116423914	12666.566575379333	2106.263973688526	45.52410177345526	451.8829283179252
279	46.80963142581328	12713.376206805142	2115.9464042048207	45.51193855318188	449.7943876042081
280	42.29750725643047	12755.67371406157	2121.005720806501	45.50819088263698	452.55636638506036
281	49.57633069352826	12805.2500447551	2132.3445299222567	45.57885420626971	455.09192753678735
282	42.866093932333314	12848.116138687434	2137.008710451985	45.599235819700425	452.07314094382133
283	41.860224046520095	12889.976362733958	2141.567469657517	45.537517122240125	451.76639268779445
284	50.98343333733172	12940.959796071284	2154.7827875468224	45.60293058807908	458.56216830415417
285	40.37101444547944	12981.330810516767	2157.0086784029145	45.549379549082374	458.21578664472975
286	43.98642825385402	13025.317238770618	2163.0572347704524	45.543622683188985	458.8657481249241
287	47.88040760284388	13073.197646373468	2173.4381481230776	45.56049204059888	466.24640847352214
288	40.9664568259119	13114.164103199379	2176.122435860048	45.433028485772546	469.58065443762007
289	39.84922266124838	13154.013325860626	2179.1512350638736	45.39728171854351	472.1198493975574
290	45.614361093098	13199.627686953714	2187.2662995987134	45.38719242531505	478.052508945002
291	49.52476056951917	13249.15244752324	2198.362587925053	45.412526073915	482.06985951942863
292	43.82242107122215	13292.974868594467	2205.052902797172	45.39545473537251	483.40448106362084
293	44.77754247252394	13337.752411066984	2212.830127873153	45.362829703484266	487.2216687455176
294	49.04299842714734	13386.795409494129	2224.774293052984	45.406396012230154	486.35725678509453
295	47.40533185731246	13434.20074135144	2235.1116285469197	45.41933348783904	479.589313639928
296	47.976721826385244	13482.17746317783	2245.8396403425604	45.46907867486702	480.39413990478124
297	44.29622757674016	13526.473690754578	2252.6214166049513	45.398198123840636	478.63952818224647
298	48.6638770988097	13575.137567853386	2264.435381369257	45.40365525340796	477.39786839329497
299	48.02855381063674	13623.166121664017	2275.775458085061	45.34924454802908	479.0253348747692
300	40.35485676526197	13663.520978429275	2278.389905856262	45.243349919740666	482.90101474588334
301	43.720549266704786	13707.24152769599	2283.3968286054755	45.237328165783865	488.79151039098167
302	44.96441276531949	13752.205940461296	2291.029850176863	45.25290587248465	484.94333100747946
303	49.01777457700969	13801.223715038312	2303.1087909448556	45.27272320383685	485.69871894808614
304	47.01365051521334	13848.23736555353	2313.3886756202537	45.26529016649331	482.2985269144529
305	45.52635530999778	13893.76372086353	2322.188440545766	45.30780901313047	484.6307905775305
306	48.33822184779979	13942.101942711328	2332.24308964873	45.354173829141466	487.90789827420986
307	47.93613605109788	13990.038078762416	2341.552098411059	45.36839630803359	492.3765242925968
308	48.422713936516956	14038.460792698941	2353.3686446503207	45.39024995297742	493.25264966255685
309	39.98946498473921	14078.450257683682	2356.3391974192236	45.29618291987084	494.5311738746748
310	40.800297945167316	14119.250555628847	2358.5565852056334	45.238240062131375	497.09700525411847
311	47.95819797428153	14167.208753603134	2368.910395734578	45.26215204760199	498.45954846706735
312	40.9018991218019	14208.110652724932	2372.827083864518	45.18968824479284	499.4939401871787
313	51.55256771744429	14259.663220442375	2385.9999826070143	45.262828450150955	495.73617829539614
314	45.58046807807237	14305.24368852045	2394.1894954225845	45.281103200627285	493.39200521234085
315	47.504692059657806	14352.748380580104	2403.94852030179	45.311043843898396	492.25006488980245
316	46.920298276772726	14399.66867885688	2414.1202023126566	45.32015535693224	497.769950632513
317	42.44327393995982	14442.11195279683	2419.5256566715652	45.27627398064691	501.4148386886158
318	47.07889321823651	14489.190846015073	2429.5366915503373	45.30908884987831	499.151807627341
319	45.7710953884739	14534.961941403537	2437.658360007283	45.322962906554224	497.91128871817153
320	43.72942514717605	14578.691366550727	2444.074634672007	45.321747265559395	500.09549231844426
321	41.50398181788285	14620.195348368607	2447.3623673293614	45.23820970276965	497.47699415877435
322	48.48621551151297	14668.681563880122	2458.365502924848	45.218652297074186	496.1031992574654
323	43.83278839540749	14712.514352275522	2464.3643755161706	45.22865139284635	500.6165175396706
324	43.68132208532477	14756.195674360846	2470.473723299837	45.21090507145968	490.83224617949077
325	44.021461384477085	14800.217135745326	2477.6074419465813	45.20184438173322	495.76573413034697
326	45.738140986853274	14845.955276732184	2487.1622349395393	45.22085596329328	502.8867658453568
327	50.16338461512619	14896.118661347306	2499.1872895146503	45.28468445975741	506.35515262614194
328	46.469533305610774	14942.588194652919	2507.3978199666712	45.32294159744227	508.6113067582468
329	43.554531169043706	14986.142725821957	2513.0009131546376	45.303441445773835	509.2117401203608
330	41.72106149679855	15027.863787318756	2516.982423926064	45.24795138518973	509.30833256691847
331	43.9053377107418	15071.769125029503	2522.8065287823683	45.237918296615064	509.2030065529239
332	42.01276966316991	15113.781894692667	2526.999527193231	45.18245398375626	513.8178044188552
333	44.31949433861654	15158.10138903129	2531.9601483027	45.15295287944578	517.4714070447998
334	41.257156473360325	15199.35854550465	2535.9219829791846	45.12913178120746	518.8827222650716
335	39.149057504883984	15238.507603009532	2537.4802439248397	45.049905312188294	518.0491155957492
336	42.222602035443835	15280.730205044982	2542.2650866087524	44.99912742970023	517.3505783437786
337	43.46255026360399	15324.192755308573	2548.8050746957465	44.9966623577431	518.1840134568954
338	45.159319327337705	15369.352074635919	2555.124706021157	45.027346749519566	520.7540915560556
339	42.97721392123745	15412.32928855715	2561.186291357387	45.04944086447968	523.3365569211244
340	43.358405398815464	15455.687693955973	2567.211835914734	44.98101796623732	517.0484012780881
341	48.12161177613347	15503.809305732098	2577.0603439937067	45.02305770926746	513.7243605319537
342	43.39587039170446	15547.205176123807	2583.189548189881	45.00187593855471	517.8904094207597
343	43.233883371190714	15590.439059495	2588.607963677098	44.946860026649475	516.4805846186072
344	48.22147834428637	15638.66053783929	2598.626365464642	44.951177112770075	516.4287922550739
345	44.031291733922195	15682.6918295732	2605.608677506802	44.93952600063193	513.18656368696
346	46.63238950602079	15729.324219079217	2614.622276796985	44.92921971098134	513.321854440018
347	47.43068521206209	15776.754904291287	2624.9633345332613	44.941883271225336	510.45862645123384
348	50.418391208157175	15827.173295499444	2637.9296311285307	45.02267536085408	510.74968336694974
349	39.49572333718615	15866.669018836628	2637.4169489974815	44.99197760811134	509.8984057915723
350	46.69256472907169	15913.361583565696	2645.35440031472	45.02080068378702	511.03464049973087
351	47.37728328669522	15960.738866852398	2655.1917573914398	45.05612607085011	513.1979309515951
352	53.26918513076527	16014.00805198317	2670.313825358579	45.11533909425924	513.4726117799448
353	49.23555383120386	16063.243605814367	2682.3803703873537	45.15246697278264	513.5049506609406
354	40.64567459351134	16103.88928040788	2683.836868993918	45.10436307727299	513.9818353136576
355	48.16133666617195	16152.050617074052	2693.6933138338127	45.12292312177065	516.927976664177
356	49.9872713752443	16202.037888449293	2706.3856456934427	45.12621013047049	515.9339801210448
357	43.16204873078056	16245.199937180078	2713.8672383443372	45.13434889299492	513.9729452103072
358	44.27170471304752	16289.471641893126	2718.3837463844	45.12348014351506	514.4230548296575
359	51.05139051765887	16340.523032410778	2731.732300113527	45.200437575357235	514.6474923103094
360	47.42466601780954	16387.947698428594	2739.9321427240766	45.19429395652465	517.3090747494072
361	49.696428808380325	16437.644127236967	2751.582389720739	45.25396639333078	514.4279525888654
362	43.813502867556195	16481.457630104513	2756.3852365893467	45.21791773045365	512.6384933217104
363	50.286935029399025	16531.74456513393	2769.8113142761354	45.28447877152831	516.8385946176485
364	50.273705542745155	16582.01827067668	2781.3118831836323	45.384434960271264	517.8498552366384
365	50.0065652549447	16632.024835931617	2793.0394618003	45.490859781504916	521.0073687931019
366	46.28498837682463	16678.309824308442	2801.733982795215	45.47147494567906	521.7175068889075
367	44.259406842752554	16722.569231151192	2808.2418204063097	45.46088248415101	522.3501630256222
368	46.826163849632685	16769.395395000825	2814.9942292886017	45.5174780554865	525.8793746673601
369	46.30388953290495	16815.699284533734	2824.0953362503815	45.516968925656414	526.9704532162693
370	43.88480485892848	16859.584089392658	2830.15892047076	45.52322211692441	528.2791957976966
371	49.129895337741274	16908.713984730395	2843.174052686468	45.548801275742754	528.0171003888194
372	41.69822995854913	16950.412214688957	2846.5634621981253	45.522246788411586	526.2528671696883
373	43.39350915555819	16993.80572384451	2851.3122067609497	45.507431918933136	527.782945902039
374	46.2235401662755	17040.029264010787	2859.972354626375	45.4942742175074	524.3310354778853
375	42.41266778926528	17082.441931800047	2863.760091380239	45.50087363197671	525.9147613720122
376	41.25259919455565	17123.69453099461	2867.743585689538	45.4437985096682	522.6834738418933
377	42.020531748926096	17165.715062743526	2871.8133386456307	45.4362948448063	522.7744734860063
378	43.47139386663992	17209.186456610172	2876.4948492358862	45.42619881230848	524.0296749973994
379	41.98601069875324	17251.172467308927	2881.4383544756365	45.37796260503787	523.6170135745577
380	44.135079621556905	17295.30754693047	2888.2299874779414	45.39633832868915	520.7011771746446
381	46.76594544050802	17342.073492370986	2897.031155912035	45.36823447615895	520.0684471430582
382	44.79411253428812	17386.86760490529	2903.56298387154	45.38751466217848	521.4619602514247
383	46.56486402040624	17433.432468925683	2913.298735329166	45.434561061917336	522.1523996115393
384	44.89179725465647	17478.32426618034	2920.5150021177374	45.37364470109059	521.0839883025574
385	47.21612053473587	17525.54038671507	2929.1799641790776	45.442095761983154	525.5766920489765
386	49.46252747163689	17575.002914186713	2941.548637534849	45.496856754160966	526.8957985528215
387	42.45305032332475	17617.455964510034	2945.0589280121576	45.4425831813658	526.6204796527471
388	45.833294772415	17663.28925928245	2952.683586545475	45.49125156083082	527.9047570708792
389	45.74486201682833	17709.03412129929	2960.275675814097	45.550207954386636	527.176566211868
390	42.21304248656286	17751.247163785843	2965.1477295661775	45.51619476832125	525.8932355856011
391	46.51646758367871	17797.763631369522	2973.9848313632356	45.486111838462854	528.8970481514116
392	40.85087180602818	17838.614503175548	2978.4249754965977	45.45639634581093	525.466208665091
393	44.26234661962654	17882.87684979518	2983.9046531741037	45.451244387281946	527.386902314318
394	46.19072716421203	17929.067576959395	2990.793556259359	45.422721674652585	525.0603715760515
395	43.69873697946549	17972.76631393886	2996.671435478098	45.38565572587411	529.0042191929437
396	49.39916071104524	18022.165474649904	3008.8703283091345	45.399880114720716	530.5405664410421
397	43.54874785719559	18065.7142225071	3015.3291842685426	45.392405317525274	531.4876324305454
398	47.98077972494999	18113.69500223205	3026.5468433962997	45.38557434378669	530.2479333746953
399	47.95917002068046	18161.65417225272	3036.3125282629685	45.384880505887125	529.9685067454856
400	42.36884866435898	18204.02302091708	3041.0649071533735	45.405020424878096	532.9079515957844
401	49.281174599242235	18253.304195516328	3051.52189054195	45.46062667820347	534.9424500041188
402	42.83789899377428	18296.1420945101	3057.844388076983	45.439361540488015	534.2752363105308
403	49.95201034958264	18346.094104859683	3069.0865278277574	45.44870389821374	535.2187804055038
404	49.04008261221682	18395.1341874719	3081.4108673440583	45.46896821918378	538.9038880660377
405	40.69236783602944	18435.82655530793	3083.2127842467057	45.42062834444412	539.7640821520979
406	45.3983024495492	18481.224857757465	3091.141564783206	45.391229150461584	540.9702905408961
407	44.28248063410666	18525.507338391588	3097.743028686276	45.35469259629167	544.2864534398717
408	44.51552629588028	18570.022864687468	3104.2509196068654	45.31562071988529	542.9614992186816
409	44.227861974770576	18614.250726662234	3110.9418548564636	45.35800468978564	544.6098135927303
410	47.08627380216385	18661.3370004644	3121.1202503772806	45.42086444835559	545.810733860954
411	46.780424118460026	18708.11742458286	3130.5049396330687	45.40908670979736	551.815639891731
412	42.387210719044376	18750.50463530191	3136.2830559547706	45.42393982576979	554.248347996189
413	43.04885129960528	18793.553486601508	3141.1050033230717	45.3389026615914	552.6389039744422
414	43.13114441594095	18836.684631017448	3145.724321456052	45.31440942497007	552.6906694807792
415	44.831954854110954	18881.516585871555	3151.8133096072766	45.287682052914626	553.4332301343462
416	50.36222980057488	18931.878815672128	3163.0969074585964	45.32210136815267	550.1846255383426
417	41.589490668361414	18973.468306340506	3166.7664217335423	45.31356353543668	553.0763866056756
418	43.22646579609639	19016.694772136594	3172.56457375692	45.27503926121526	553.614467835236
419	50.315126365230036	19067.00989850183	3186.386216137618	45.320479570982855	555.3201427053183
420	44.99582902969538	19112.005727531516	3194.7231682939573	45.33314360980801	553.3089135479221
421	46.25869016732931	19158.26441769885	3205.304127725184	45.3806906933025	549.4677014750139
422	49.103666009637834	19207.36808370848	3215.961230398259	45.38686519828372	555.2859762629241
423	45.77431667337332	19253.14240038187	3224.401972340719	45.406280481063405	558.5297326068774
424	42.971489528554656	19296.11388991042	3229.545826728955	45.399182155495694	557.3451931686493
425	39.417258203054814	19335.531148113467	3230.0318029419577	45.35314012368146	555.5486285407338
426	45.264930462153686	19380.796078575622	3237.143477578843	45.34840801843448	554.399954525627
427	46.96058905012793	19427.756667625756	3247.0780750320723	45.3163800627845	553.890883186725
428	44.11061207377384	19471.86727969952	3253.7001364675543	45.292790850466105	554.4915536534877
429	42.125305427992764	19513.992585127507	3259.3163724400797	45.27849859305558	552.4420849880992
430	49.46171515401066	19563.45430028153	3270.505293584374	45.355905129627715	551.6366982811992
431	45.035621069140724	19608.489921350672	3278.42576404231	45.36720796321172	547.898739180632
432	46.14909467097845	19654.63901602164	3286.94363463247	45.4085712132898	553.1494714899574
433	42.6500230293175	19697.28903905097	3291.636892485663	45.391876500196794	559.6325953188073
434	47.8657160353637	19745.15475508633	3302.9148099159124	45.457962095816846	557.6884227922153
435	44.99914530791264	19790.153900394238	3310.784401412569	45.51646297384715	557.9112430615255
436	42.7350358691788	19832.888936263415	3317.287380430006	45.52158731218447	556.826732079029
437	44.35039546860993	19877.239331732035	3321.396186965354	45.530465764234535	556.9234588038138
438	45.513515920679744	19922.7528476527	3328.613611405748	45.53400773016795	554.8408911834262
439	47.80833165805407	19970.56117931076	3339.507802259411	45.58231890753615	556.8938221964925
440	47.54122489541085	20018.10240420618	3350.232682409711	45.624147102502064	559.4391930401009
441	43.86839822402759	20061.9708024302	3359.090086532609	45.581614966981014	561.0221464695398
442	42.87374412747952	20104.844546557684	3363.910149713336	45.57639370433879	559.3051084438879
443	43.19638381265103	20148.040930370324	3371.4913268079404	45.576018708753374	564.0627650346617
444	43.18076130844641	20191.221691678777	3377.7753747176293	45.52561153839497	570.6242138191689
445	41.45050638793391	20232.67219806671	3380.610074687583	45.499803684935095	575.6957332183665
446	46.736995084113495	20279.409193150823	3389.5321325498335	45.500849740716006	573.7392078961894
447	43.35601631619813	20322.765209467027	3395.538468538622	45.46010305175738	571.6079222442951
448	44.18290921852479	20366.948118685556	3402.2231454031134	45.397748231861044	568.4126258578206
449	45.72424706061889	20412.672365746166	3409.4701125817846	45.4600334690954	565.4226445527545
450	42.77136934654917	20455.443735092715	3415.6452567198485	45.42082151527016	566.0540843152096
451	44.98563304924963	20500.429368141966	3422.7225375049534	45.3969050128957	564.3159866734887
452	45.566674941110605	20545.99604308308	3429.9621740546218	45.31987991099917	569.6783662175087
453	43.62058503013976	20589.616628113225	3435.5454853001906	45.263730222988514	571.0561936593202
454	46.19999266074813	20635.816620773963	3444.2283103458944	45.31927340366087	579.5150745854307
455	43.87791342399415	20679.69453419796	3450.7671596858527	45.276439171239126	578.7129217825028
456	49.6667101834371	20729.361244381394	3462.8722879126294	45.273233559321035	580.805265741887
457	46.89495396710367	20776.256198348503	3472.0580887484725	45.310562611684276	578.1744113945759
458	48.055688201050955	20824.311886549545	3482.4895765618585	45.34840244656431	575.7155074376816
459	48.44058835003333	20872.752474899582	3492.86405055867	45.32229442488804	580.1139319693027
460	45.18301371273472	20917.93548861232	3501.2770975316193	45.2998779018373	579.6648179167842
461	43.52195749493632	20961.45744610725	3508.023806689116	45.23813318870286	577.4393669080462
462	40.56346196172097	21002.02090806898	3509.663017356386	45.205632779644496	575.5256320684211
463	42.83870368459992	21044.859611753585	3514.5542192901207	45.13115046619652	577.0888620130866
464	47.18656946878516	21092.046181222362	3524.7822336800086	45.10027910545689	577.7817109748336
465	43.221482523110154	21135.267663745464	3530.425931673092	45.03242827813855	581.8709081746413
466	48.64194309450876	21183.909606839967	3540.709163714169	45.055997825315416	587.7183900125669
467	45.641839004923774	21229.5514458449	3549.086056816204	45.06982214693712	591.1233488936191
468	46.3157326550969	21275.867178499993	3558.7311894183217	45.064717834991754	595.9042868781615
469	43.666122342080335	21319.53330084207	3564.6546760432234	45.03834016308353	598.0850341557774
470	44.3400082758933	21363.873309117975	3571.5542067144456	45.042892197253174	595.4380066792168
471	39.3096709038258	21403.1829800218	3574.47280761932	44.94468995291401	598.7994577390829
472	44.02769049963876	21447.210670521436	3580.657461507107	44.96798455832492	601.586500000865
473	41.54062664890912	21488.75129717034	3583.8980830507357	44.94945573325839	602.0442605874674
474	40.55326093664592	21529.304558106985	3586.407723732891	44.89275294096211	602.8281699441344
475	41.14804313013075	21570.45260123712	3589.632546729915	44.88010669437078	601.3621627389116
476	41.08672697610069	21611.539328213214	3594.9722866393545	44.878447972186244	601.5272724483159
477	44.22639008228684	21655.765718295515	3602.302387363644	44.90050655551984	605.227587900198
478	47.71554060887444	21703.48125890439	3610.948751447704	44.942948022942176	606.8844082594395
479	45.94983679370038	21749.431095698077	3618.973788854892	44.982586283891614	610.3570562611046
480	43.98052106367309	21793.411616761754	3623.9249665317225	44.98104069831282	608.3908112041872
481	42.39204621865189	21835.803662980405	3628.4886002231146	44.93730170609423	608.962675401626
482	43.99263056815363	21879.796293548563	3634.5817670804863	44.929286886432884	609.2958103257157
483	48.64267777467535	21928.438971323245	3644.7822402415823	44.950065023975604	616.318194960312
484	40.35284773751629	21968.79181906076	3646.6241047464528	44.90467552880421	617.3679981471431
485	49.53710656384361	22018.328925624584	3657.812882256183	44.927885389095266	618.076829076552
486	48.1673787856253	22066.496304410215	3669.4287146207603	44.91493390223517	623.6707758699729
487	41.47923325704758	22107.97553766727	3672.135334040626	44.90519573157239	624.8934734608429
488	43.87969932189931	22151.855236989177	3677.4454233981046	44.88565977706721	623.5368294268119
489	48.775346927478175	22200.630583916645	3689.526075600895	44.91596462617371	623.6137666053792
490	44.923764126614266	22245.554348043246	3696.6789902037267	44.94307184257423	628.7811857274688
491	44.38298556549463	22289.937333608756	3703.9707927781246	44.921737022392406	631.4092961933093
492	44.20986172028041	22334.147195329027	3708.922015256955	44.95532692153493	634.9122138221431
493	41.47992698580157	22375.62712231483	3712.7545730060256	44.92750272519668	632.791797741234
494	41.93105696361588	22417.558179278447	3716.084372824258	44.88490602319071	632.4801073884205
495	54.99633275149054	22472.554512029936	3733.849810607374	44.99788198091096	632.6907881824816
496	44.95778854338869	22517.512300573333	3741.484226759919	44.953468259234384	633.9574982633468
497	44.49804041197997	22562.010340985315	3748.0767338859614	44.96296118478224	632.9220004102917
498	45.82118934982236	22607.83153033513	3754.9107704337557	44.94136528103097	631.0653777278043
499	43.789650060270404	22651.62118039541	3760.9935759144905	44.89967008142687	629.9005859210412
500	46.92372648182347	22698.544906877214	3770.6190795066705	44.94521885960152	627.6459898694056
501	46.65485254195075	22745.199759419178	3778.6912806839337	44.9189556390286	627.3216893164812
502	51.45837150671809	22796.658130925895	3791.90492794474	45.00516036415806	631.726902482165
503	43.90677637825189	22840.564907304146	3798.9612372021643	44.944708024444736	630.59112006543
504	48.85892900387737	22889.42383630803	3810.3167879225257	44.94289648836133	631.1111401100701
505	45.80735739968759	22935.231193707717	3817.6217475402127	44.994046383997926	634.6662233080525
506	46.300483631015375	22981.531677338728	3827.98059543804	45.00306819581257	629.996499480742
507	45.74911343844413	23027.280790777168	3836.649381204034	45.017734523855964	632.0504222764297
508	44.08717605002842	23071.36796682719	3843.6260518795434	45.01345102139743	634.8716806898625
509	48.94736936485034	23120.315336192056	3854.6969048407123	45.06064609529823	635.0076713115229
510	43.508872211651415	23163.8242084037	3861.106485564099	45.02487207939312	633.6185710748833
511	43.831675477879145	23207.655883881584	3868.2597816090115	44.99538459298728	633.4459616930429
512	46.50653625373473	23254.16242013531	3877.7779053768168	45.03657784833421	635.2754886053029
513	50.25431193906684	23304.416732074365	3889.6474966501532	45.108632454728806	638.7997874877133
514	49.42041849325126	23353.83715056763	3902.5626741433643	45.171525195501914	640.4715214744239
515	48.9134808287659	23402.750631396397	3913.8734558613046	45.21234045524849	644.2989248420082
516	49.37800544998359	23452.128636846373	3924.7116409801192	45.20249821174255	643.4116908956752
517	43.6560518541552	23495.78468870054	3929.442778996135	45.223163823600515	641.6782582595973
518	46.36218795902415	23542.14687665957	3937.6233043626853	45.254521045229765	644.5430724216486
519	42.7722487351667	23584.91912539473	3942.2069127460372	45.17909226892913	645.9321411730199
520	50.51683999763014	23635.435965392368	3956.8531901330493	45.23430237860848	642.8637218445092
521	41.027443195829385	23676.463408588188	3960.945756057014	45.18198990889348	641.320383655148
522	47.053399521396614	23723.516808109576	3969.774791358005	45.16148724401108	646.0891063623756
523	42.77924956404433	23766.296057673633	3973.326083271453	45.13153657291778	641.6589017920584
524	41.766559605909414	23808.062617279546	3973.326083271453	45.13153657291778	638.2510511305824
