task	reward	total_reward	total_regret	relative	total_reward_dev	joules
0	63.58477713276151	63.58477713276151	16.6219027093462	0.0	39.61224195223858	63.58477713276151
1	58.44663343140074	122.03141056416221	27.829338258329575	0.0	53.78053449188819	58.44663343140074
2	69.11621263904702	191.14762320320915	53.163719846208124	0.0	66.17203017901862	69.11621263904702
3	76.45776733571917	267.6053905389284	85.27431688864537	0.0	80.30627281085897	76.45776733571917
4	71.38355325508027	338.98894379400866	112.38557096992541	0.0	85.46061012445139	71.38355325508027
5	65.11764289623895	404.1065866902477	132.56833243000946	0.0	86.40246863634759	65.11764289623895
6	64.08059687818312	468.1871835684306	151.05182003941994	0.0	95.11828623319701	64.08059687818312
7	63.68529618916751	531.872479757598	169.23183362453605	0.0	104.74721194348409	63.68529618916751
8	78.44592156794911	610.3184013255474	201.02178079913898	0.0	107.66716273479317	78.44592156794911
9	79.84862772914872	690.1670290546963	235.2788648206557	0.0	115.18713070922354	79.84862772914872
10	77.55786579685429	767.72489485155	267.1997329803892	0.0	117.11922618604683	77.55786579685429
11	82.55028891257602	850.2751837641262	305.42469155989863	0.0	117.34635942658764	82.55028891257602
12	71.64236125514616	921.9175450192723	332.4951953034865	0.0	126.61406655997345	71.64236125514616
13	66.9325201716956	988.850065190968	354.3582331620283	0.0	140.462430777126	66.9325201716956
14	58.85176370815282	1047.7018288991208	367.3975654860574	0.0	149.82185079865877	58.85176370815282
15	64.69132469931685	1112.3931535984377	384.082793121304	0.0	155.10733430723866	64.69132469931685
16	69.32143306540624	1181.7145866638434	410.2547976256012	0.0	166.46696468666295	69.32143306540624
17	64.78076415984957	1246.4953508236931	428.79488363963816	0.0	175.73336297816647	64.78076415984957
18	61.51968435898408	1308.0150351826771	443.75406908341824	0.0	181.76639890168596	61.51968435898408
19	66.72943693119142	1374.744472113869	464.26590369518954	0.0	188.19637282014355	66.72943693119142
20	72.62869407400372	1447.373166187872	490.55016671550356	0.0	197.31948475059988	72.62869407400372
21	61.64559850679205	1509.0187646946642	505.00895443667787	0.0	203.2918963844732	61.64559850679205
22	63.097919352520655	1572.116684047185	519.7733527773478	0.0	202.62118120411094	63.097919352520655
23	73.53770371162722	1645.6543877588128	548.9959477189933	0.0	207.0740527166651	73.53770371162722
24	64.9005965670313	1710.5549843258443	569.8343638185395	0.0	215.08877250044515	64.9005965670313
25	57.16626115987545	1767.7212454857188	582.0552581357874	0.0	220.97797608577338	57.16626115987545
26	64.23150510955873	1831.9527505952774	600.7917109236307	0.0	225.59137729235096	64.23150510955873
27	67.95699606767631	1899.909746662954	621.5508067152947	0.0	229.1975264130369	67.95699606767631
28	67.93839979301207	1967.8481464559663	642.0734689421147	0.0	236.99452478726485	67.93839979301207
29	66.19454839981951	2034.042694855786	664.7685756844548	0.0	243.04872164505244	66.19454839981951
30	66.24438022428109	2100.2870750800666	685.3667726117018	0.0	252.99482947798097	66.24438022428109
31	62.662622743071445	2162.9496978231386	701.2769095099643	0.0	266.2222554608689	62.662622743071445
32	60.31923904777834	2223.268936870916	714.910994880815	0.0	271.0125270119104	60.31923904777834
33	60.57762156371813	2283.846558434635	729.9400991252687	0.0	272.13656671036983	60.57762156371813
34	67.17160780292984	2351.0181662375635	750.927610760616	0.0	280.5488032699782	67.17160780292984
35	60.98933003098469	2412.0074962685485	764.060550487172	0.0	283.13028559974407	60.98933003098469
36	63.65805618955737	2475.665552458107	781.914922434742	0.0	290.42171224447134	63.65805618955737
37	60.44204377343956	2536.1075962315454	797.7032058515964	0.0	294.7392586155277	60.44204377343956
38	59.66662042564949	2595.7742166571966	810.5627824176656	0.0	295.6336231168938	59.66662042564949
39	61.45751431046029	2657.2317309676564	825.8786499774299	0.0	298.27851364194527	61.45751431046029
40	60.25198712580744	2717.483718093462	840.9633645813407	0.0	304.9917597657842	60.25198712580744
41	64.9719757191345	2782.455693812598	860.1427478273962	0.0	306.1056196926833	64.9719757191345
42	66.73824144130086	2849.1939352539002	882.7995502601946	0.0	311.9168041864158	66.73824144130086
43	62.090507342895506	2911.284442596792	901.5018349560403	0.0	321.9465590847417	62.090507342895506
44	62.22363165437463	2973.5080742511664	920.2208767393957	0.0	332.0496359094679	62.22363165437463
45	71.46458838883143	3044.9726626399993	945.2013278434586	0.0	335.13650113612385	71.46458838883143
46	61.494149361195326	3106.4668120011947	963.2350076352777	0.0	341.2311227451775	61.494149361195326
47	61.38307530844297	3167.849887309638	981.2605577563695	0.0	346.156397923198	61.38307530844297
48	63.71454232097294	3231.5644296306104	1000.3071596761079	0.0	345.5820868316667	63.71454232097294
49	66.53450678269205	3298.0989364133006	1020.8129801001758	0.0	354.0821443453706	66.53450678269205
50	70.7994731630209	3368.898409576322	1047.2655008983404	0.0	360.4511816329217	70.7994731630209
51	58.07091695087035	3426.9693265271944	1059.0635168712893	0.0	365.57680114275234	58.07091695087035
52	63.90096093454437	3490.8702874617356	1077.0502162901146	0.0	373.8575724981903	63.90096093454437
53	66.91583764761334	3557.78612510935	1098.37600759004	0.0	382.0280429704359	66.91583764761334
54	68.04938426257495	3625.8355093719256	1122.9665924966755	0.0	387.9628594880085	68.04938426257495
55	64.94739672832691	3690.7829061002494	1141.9375419058517	0.0	388.8294447685396	64.94739672832691
56	64.17540631032448	3754.958312410579	1161.779620053658	0.0	400.2046033539559	64.17540631032448
57	63.40717382704998	3818.3654862376284	1180.5969494503863	0.0	412.5911594332147	63.40717382704998
58	72.84369326570227	3891.2091795033302	1209.1054863840986	0.0	419.01149814044396	72.84369326570227
59	63.81299762888522	3955.022177132215	1227.661110892467	0.0	426.6585151933816	63.81299762888522
60	72.9682191242653	4027.99039625648	1257.6201065169478	0.0	441.27888098985886	72.9682191242653
61	68.4837396386647	4096.474135895146	1278.4101487623627	0.0	445.01765414445475	68.4837396386647
62	64.13413366662535	4160.60826956177	1295.7796447221322	0.0	449.93106480744007	64.13413366662535
63	62.64088519439807	4223.2491547561685	1314.4775052420052	0.0	450.5842383294136	62.64088519439807
64	64.05969151990278	4287.3088462760725	1332.0108207532664	0.0	457.03761013347935	64.05969151990278
65	63.53403623578106	4350.842882511853	1350.695503449923	0.0	462.7955346351751	63.53403623578106
66	65.52842573001224	4416.371308241865	1372.4750273745099	0.0	465.63942081416235	65.52842573001224
67	61.857478420310024	4478.228786662175	1389.8144178544944	0.0	470.8891278308103	61.857478420310024
68	67.6757128102659	4545.904499472442	1411.4827590728264	0.0	482.45625215408865	67.6757128102659
69	67.28581700465426	4613.190316477096	1435.494528219547	0.0	488.9035702278913	67.28581700465426
70	62.90033896035649	4676.0906554374515	1451.86437068051	0.0	494.0333790335813	62.90033896035649
71	63.10735496395404	4739.198010401405	1470.4490607593061	0.0	496.0205354810302	63.10735496395404
72	69.7860536879776	4808.984064089384	1495.1003305734212	0.0	508.9888217372029	69.7860536879776
73	65.10067321954884	4874.084737308934	1516.995162826042	0.0	516.4826238877657	65.10067321954884
74	68.44468278907276	4942.529420098004	1540.321119635743	0.0	523.2017980076124	68.44468278907276
75	65.36110567441769	5007.890525772424	1559.1933593574151	0.0	524.781914490152	65.36110567441769
76	60.74552247724393	5068.636048249666	1575.4309548119793	0.0	528.2533855058301	60.74552247724393
77	68.78655172530146	5137.422599974967	1598.9488532926293	0.0	524.9834268745993	68.78655172530146
78	64.71743945245184	5202.1400394274215	1617.8519895730701	0.0	531.1411363799606	64.71743945245184
79	72.6068820701109	5274.74692149753	1645.3029277299063	0.0	537.511132126839	72.6068820701109
80	63.64063229059886	5338.387553788131	1663.5165052139314	0.0	544.6401497624628	63.64063229059886
81	59.62348235595819	5398.0110361440875	1679.6247129060669	0.0	551.1147287456047	59.62348235595819
82	59.323305486884266	5457.334341630974	1692.031175470881	0.0	556.170775924089	59.323305486884266
83	66.93285820949643	5524.2671998404685	1713.406798187686	0.0	566.1332048203287	66.93285820949643
84	57.169297482136955	5581.436497322605	1723.5533952789403	0.0	571.3820803516563	57.169297482136955
85	58.881503017866464	5640.318000340472	1737.9203542511023	0.0	577.0019676119213	58.881503017866464
86	61.33141929886801	5701.649419639338	1752.4441957519166	0.0	579.7341858124125	61.33141929886801
87	69.31477379645105	5770.964193435793	1774.9939352761287	0.0	584.4389721426156	69.31477379645105
88	68.04571913399394	5839.009912569785	1796.8174485906293	0.0	596.6688716265382	68.04571913399394
89	57.99606239114997	5897.005974960937	1808.0804375519458	0.0	604.6102571806802	57.99606239114997
90	59.11372582443859	5956.119700785374	1821.8291421877386	0.0	606.5477820397413	59.11372582443859
91	63.63866855257271	6019.758369337945	1840.8183982681858	0.0	610.294364364264	63.63866855257271
92	67.91389935315873	6087.672268691107	1863.1144691273332	0.0	617.8852117665665	67.91389935315873
93	63.99833537007018	6151.670604061176	1882.7220632460646	0.0	622.8592233915631	63.99833537007018
94	70.31515023065407	6221.9857542918335	1905.205892968453	0.0	625.8158702712432	70.31515023065407
95	56.29208187576976	6278.277836167599	1913.6349291679599	0.0	634.1934060822967	56.29208187576976
96	58.92228064621908	6337.200116813823	1928.93270236904	0.0	643.9074597090773	58.92228064621908
97	63.58640854697163	6400.78652536079	1948.0882209171073	0.0	643.9846074878592	63.58640854697163
98	69.63210129110058	6470.418626651892	1972.0817096408678	0.0	647.5678800744188	69.63210129110058
99	64.81908243923196	6535.237709091129	1992.3193751503134	0.0	652.7832548099037	64.81908243923196
100	61.83753865260676	6597.075247743733	2010.0925340714994	0.0	656.5171891036499	61.83753865260676
101	65.97525478832709	6663.050502532056	2030.8822804976191	0.0	664.5988540618388	65.97525478832709
102	63.51595545839826	6726.566457990458	2047.1384500283064	0.0	665.2777342180342	63.51595545839826
103	65.02379270944186	6791.590250699896	2066.8592154269218	0.0	677.0886686720888	65.02379270944186
104	62.13960438849476	6853.729855088393	2082.144201256355	0.0	682.3269487900845	62.13960438849476
105	60.478589625307684	6914.208444713702	2097.763970503536	0.0	689.5115257158753	60.478589625307684
106	70.45399192118316	6984.6624366348815	2122.3336436259942	0.0	692.1478592745514	70.45399192118316
107	66.78567710332622	7051.448113738209	2143.184423325106	0.0	700.873354925004	66.78567710332622
108	65.67380106794194	7117.121914806152	2164.4149770672875	0.0	708.4333559817825	65.67380106794194
109	65.92626548187415	7183.048180288021	2185.4434543697707	0.0	711.6698252748791	65.92626548187415
110	63.739948372740535	7246.788128660766	2203.2801603749026	0.0	718.8162909973564	63.739948372740535
111	63.344269531652344	7310.132398192417	2221.1786625153454	0.0	723.371357928541	63.344269531652344
112	59.63011546021862	7369.762513652639	2232.2600735329947	0.0	731.5550928536409	59.63011546021862
113	63.87824325180921	7433.640756904446	2249.1198617554487	0.0	732.425585038368	63.87824325180921
114	64.91960153825	7498.560358442698	2266.6416369693816	0.0	739.2882885547142	64.91960153825
115	63.88493470382007	7562.445293146517	2284.3194108882144	0.0	749.7520453019009	63.88493470382007
116	73.42294994366465	7635.868243090179	2311.4362322644447	0.0	761.94144759374	73.42294994366465
117	64.612175270288	7700.480418360467	2331.0290289323298	0.0	765.9285197014536	64.612175270288
118	65.7487674949586	7766.229185855428	2352.627332655087	0.0	765.2138592354086	65.7487674949586
119	62.94072831629586	7829.1699141717245	2369.644287106567	0.0	770.5185011822877	62.94072831629586
120	61.86565746537775	7891.035571637102	2386.3359774024816	0.0	780.1293748605335	61.86565746537775
121	60.561312058643196	7951.596883695743	2399.275235109718	0.0	785.9104433235652	60.561312058643196
122	64.39918208792459	8015.996065783666	2421.1190593000942	0.0	786.6780974267958	64.39918208792459
123	60.9821192171214	8076.978185000791	2435.7527921218702	0.0	791.5391752878645	60.9821192171214
124	67.87752115972636	8144.855706160521	2458.4019102116013	0.0	799.732308254723	67.87752115972636
125	64.19656457393235	8209.052270734448	2476.9628887634726	0.0	814.2061162261945	64.19656457393235
126	60.606255177735875	8269.65852591219	2490.357856511771	0.0	820.8431146962484	60.606255177735875
127	55.742022312013034	8325.400548224197	2498.8380014152795	0.0	829.3845816134973	55.742022312013034
128	62.922528531369764	8388.323076755565	2514.4347873631787	0.0	835.3715679623693	62.922528531369764
129	61.20619582087491	8449.529272576443	2528.925021247512	0.0	846.5228925697588	61.20619582087491
130	63.96765877415314	8513.496931350597	2547.4682647883415	0.0	853.8324963866942	63.96765877415314
131	70.87271281029875	8584.369644160894	2573.152426845321	0.0	855.6546203247478	70.87271281029875
132	66.71196365702046	8651.081607817918	2594.6892878587378	0.0	859.607286948493	66.71196365702046
133	59.16071749266877	8710.242325310586	2608.3773812938794	0.0	868.700215867471	59.16071749266877
134	66.22209327371824	8776.4644185843	2630.9086652556566	0.0	873.3000964220622	66.22209327371824
135	69.17473019936924	8845.639148783672	2656.1619339999015	0.0	887.4825323025616	69.17473019936924
136	62.01609232415648	8907.655241107828	2673.2260211375396	0.0	900.0382707854432	62.01609232415648
137	64.08781765296904	8971.743058760794	2691.315039383642	0.0	904.9269928314658	64.08781765296904
138	62.367138979709765	9034.110197740501	2708.512269214135	0.0	907.9545556467839	62.367138979709765
139	64.77503837769531	9098.885236118196	2728.944131733691	0.0	915.333700533848	64.77503837769531
140	63.216996108832156	9162.102232227038	2748.536696857713	0.0	915.9645544578314	63.216996108832156
141	69.35195466724502	9231.454186894276	2771.061509724947	0.0	917.9358363189065	69.35195466724502
142	66.58478525932429	9298.038972153601	2790.297661027337	0.0	926.0771666945564	66.58478525932429
143	59.20235352532888	9357.241325678935	2804.9338763336236	0.0	938.0958234581353	59.20235352532888
144	66.28346266185598	9423.524788340785	2823.088183303124	0.0	948.0404777970142	66.28346266185598
145	64.87034235289939	9488.395130693685	2842.4352464410563	0.0	954.8103279995734	64.87034235289939
146	62.676972137519925	9551.072102831205	2857.784904199153	0.0	957.9359917413349	62.676972137519925
147	62.96551779276005	9614.037620623965	2876.5333695482595	0.0	961.0482546308667	62.96551779276005
148	68.234021839523	9682.271642463491	2898.839195458936	0.0	966.4284143243776	68.234021839523
149	62.246881846836295	9744.518524310326	2917.1988685823226	0.0	971.5871393511092	62.246881846836295
150	66.83839152621226	9811.356915836537	2938.3830985523864	0.0	975.3160502444332	66.83839152621226
151	64.46782637616629	9875.824742212702	2957.1319565785675	0.0	979.149441187351	64.46782637616629
152	63.97069088948313	9939.795433102185	2978.10792029094	0.0	983.9141354865153	63.97069088948313
153	65.01227500187463	10004.807708104061	2998.4107730932174	0.0	986.7438299904798	65.01227500187463
154	58.62725381039774	10063.434961914458	3011.7019225150098	0.0	992.2164793671203	58.62725381039774
155	65.65980212424239	10129.0947640387	3031.6585392959114	0.0	996.596081673048	65.65980212424239
156	66.80969606514962	10195.904460103848	3051.8443961144235	0.0	1006.9076339902052	66.80969606514962
157	60.91715638392748	10256.821616487776	3065.957429657225	0.0	1011.3658728332359	60.91715638392748
158	59.389335834817146	10316.210952322595	3080.4024886543875	0.0	1022.0107292529281	59.389335834817146
159	71.52413829865935	10387.735090621252	3106.5450146742655	0.0	1023.1143175951751	71.52413829865935
160	68.37031603124775	10456.105406652503	3127.4293996447086	0.0	1029.394653078387	68.37031603124775
161	57.91205229237636	10514.017458944878	3140.422968043726	0.0	1037.5020003093775	57.91205229237636
162	59.251292574506486	10573.268751519385	3154.1288536503444	0.0	1048.6365216805063	59.251292574506486
163	60.83046463983238	10634.099216159218	3169.3099860818	0.0	1053.0878763279209	60.83046463983238
164	67.75364301450482	10701.852859173727	3191.11541146298	0.0	1060.266614938047	67.75364301450482
165	65.91448530846642	10767.767344482185	3210.4518807606382	0.0	1071.6730990135918	65.91448530846642
166	64.21165877126086	10831.979003253453	3228.8282006912577	0.0	1077.7029469873798	64.21165877126086
167	67.04793320499073	10899.02693645844	3250.9486942272038	0.0	1086.625721838027	67.04793320499073
168	68.25056624516263	10967.277502703604	3272.4279347687752	0.0	1091.149030099403	68.25056624516263
169	67.20688774223152	11034.484390445828	3293.186202206744	0.0	1092.4929222018218	67.20688774223152
170	63.67210823219114	11098.156498678023	3314.1536897176447	0.0	1101.8995261941416	63.67210823219114
171	65.9768936693029	11164.133392347325	3335.9372436222875	0.0	1111.8090882568192	65.9768936693029
172	70.75083011570256	11234.884222463024	3362.0035019963952	0.0	1118.9022248758326	70.75083011570256
173	62.321395090350705	11297.20561755338	3382.089779520909	0.0	1122.6773251952911	62.321395090350705
174	63.871036513696055	11361.076654067081	3397.636288843579	0.0	1127.1611693463428	63.871036513696055
175	53.953168780379656	11415.02982284745	3406.4024193543178	0.0	1135.4582428908382	53.953168780379656
176	63.94519919263417	11478.975022040091	3423.938353463837	0.0	1138.4164296620454	63.94519919263417
177	65.55657670617171	11544.53159874626	3444.727449629668	0.0	1145.550598916475	65.55657670617171
178	60.205922961686795	11604.737521707939	3461.4261309591175	0.0	1148.1615221281743	60.205922961686795
179	64.72025533023142	11669.457777038175	3480.497561416594	0.0	1153.1051270967973	64.72025533023142
180	65.38486457281469	11734.84264161099	3498.928438142701	0.0	1151.5311176304178	65.38486457281469
181	56.51012783410529	11791.352769445093	3509.0283788928514	0.0	1155.6570000714805	56.51012783410529
182	59.070555921268735	11850.423325366362	3523.820369583527	0.0	1162.6499891384426	59.070555921268735
183	71.51414209824907	11921.937467464611	3551.323007579624	0.0	1159.578989592631	71.51414209824907
184	66.71263308292586	11988.650100547538	3573.9822117411222	0.0	1168.8988724113221	66.71263308292586
185	66.76675400370418	12055.416854551246	3595.8459926259798	0.0	1173.5946747153139	66.76675400370418
186	62.777165351294634	12118.194019902547	3613.0793487459678	0.0	1181.7124086667432	62.777165351294634
187	64.14643530428587	12182.340455206824	3632.755497698787	0.0	1186.6144436835207	64.14643530428587
188	62.90974812463969	12245.250203331461	3650.8145038445077	0.0	1192.327848042612	62.90974812463969
189	60.70058504482757	12305.950788376293	3666.890679773854	0.0	1202.5684143992344	60.70058504482757
190	56.92509798331461	12362.875886359609	3676.434957073261	0.0	1211.3491130214738	56.92509798331461
191	61.25790833255767	12424.133794692161	3691.4807959281507	0.0	1219.1568917173593	61.25790833255767
192	63.514759658768554	12487.648554350932	3711.674734763543	0.0	1228.0357232055294	63.514759658768554
193	62.64201767249369	12550.290572023427	3728.1316956575056	0.0	1234.2379139117113	62.64201767249369
194	65.18616670359702	12615.476738727022	3748.2486303529204	0.0	1237.7754624591544	65.18616670359702
195	65.63005719403637	12681.10679592106	3770.5186690062255	0.0	1244.3702198821302	65.63005719403637
196	68.60570860697123	12749.712504528025	3791.094118592131	0.0	1246.4685423230235	68.60570860697123
197	67.78540533992832	12817.49790986796	3813.0056956082913	0.0	1255.041337804624	67.78540533992832
198	61.25334218437585	12878.751252052338	3828.7546331314097	0.0	1257.2649270363686	61.25334218437585
199	63.03927805229439	12941.790530104632	3844.4301646559884	0.0	1259.3419619382666	63.03927805229439
200	66.39501286806812	13008.185542972695	3863.444740150281	0.0	1261.9222607307033	66.39501286806812
201	65.76522380949774	13073.950766782194	3882.410272483583	0.0	1269.822774921935	65.76522380949774
202	64.08337175661863	13138.034138538811	3901.3320929800598	0.0	1281.6872561058913	64.08337175661863
203	59.820335904386994	13197.8544744432	3915.929594522005	0.0	1291.5918276425	59.820335904386994
204	65.63158975970161	13263.486064202903	3937.6490112620113	0.0	1297.9632310742475	65.63158975970161
205	60.694547528877735	13324.180611731781	3949.6820297620225	0.0	1305.1554904855925	60.694547528877735
206	63.52159754427498	13387.702209276054	3967.0349677853305	0.0	1307.0547790146923	63.52159754427498
207	67.54697107026466	13455.249180346314	3990.2711197085905	0.0	1309.8467597167657	67.54697107026466
208	67.6405753847963	13522.889755731116	4013.8824702238653	0.0	1312.0219188065198	67.6405753847963
209	60.35600696213984	13583.245762693248	4029.254008315472	0.0	1320.5604864522843	60.35600696213984
210	64.30126241264566	13647.5470251059	4048.305782122396	0.0	1328.5462136681288	64.30126241264566
211	61.10293182820088	13708.649956934101	4063.3811049349642	0.0	1336.0322742156377	61.10293182820088
212	62.83531980288169	13771.485276736978	4080.8079424414896	0.0	1338.2018048890102	62.83531980288169
213	62.41404550149479	13833.899322238478	4099.05764570163	0.0	1344.0731645801864	62.41404550149479
214	63.890792458408185	13897.790114696887	4114.081746288615	0.0	1347.0117192032158	63.890792458408185
215	58.75488255686807	13956.544997253755	4127.510905804553	0.0	1350.5067288570328	58.75488255686807
216	67.89004540368182	14024.435042657438	4149.5732146270675	0.0	1354.6881211618768	67.89004540368182
217	66.8468543017222	14091.281896959154	4171.6910704331085	0.0	1359.1418733869255	66.8468543017222
218	69.66078411521859	14160.942681074375	4196.452577986367	0.0	1353.972491008007	69.66078411521859
219	58.811012787137024	14219.753693861516	4208.18506451742	0.0	1361.4989658547313	58.811012787137024
220	65.1520118332309	14284.90570569475	4226.514531641064	0.0	1371.4549940696654	65.1520118332309
221	67.8946194742849	14352.800325169028	4245.152890122493	0.0	1374.2925802794398	67.8946194742849
222	62.445683945678994	14415.246009114704	4261.506928305648	0.0	1374.9888076792995	62.445683945678994
223	64.90589614710096	14480.15190526181	4281.214598152097	0.0	1375.526667372513	64.90589614710096
224	66.13749316934569	14546.289398431152	4302.478900925438	0.0	1382.19273135803	66.13749316934569
225	62.126521023515224	14608.415919454668	4316.149817930752	0.0	1390.7513361713015	62.126521023515224
226	59.11039980718573	14667.526319261851	4327.821043180071	0.0	1398.486119687099	59.11039980718573
227	62.15817396212645	14729.684493223973	4344.106140206957	0.0	1401.3462409280544	62.15817396212645
228	69.63057893494678	14799.315072158919	4367.989422210672	0.0	1411.4904437871446	69.63057893494678
229	64.82552705394343	14864.14059921286	4388.263723357187	0.0	1415.498687597276	64.82552705394343
230	66.94050803352688	14931.081107246397	4411.841526290353	0.0	1421.7347397021401	66.94050803352688
231	62.209253388154984	14993.290360634555	4430.616904922148	0.0	1424.2699886330986	62.209253388154984
232	61.460795580011194	15054.751156214574	4448.5094359854265	0.0	1433.5570665613016	61.460795580011194
233	65.55692732911501	15120.30808354368	4467.89688812638	0.0	1438.0927924249095	65.55692732911501
234	62.35497680925661	15182.663060352945	4485.708069579621	0.0	1445.5948182471352	62.35497680925661
235	64.3452934353587	15247.008353788291	4505.143606798026	0.0	1448.3252832794224	64.3452934353587
236	62.03427639453481	15309.042630182823	4521.7367903954255	0.0	1455.6205513414884	62.03427639453481
237	67.80429145645837	15376.84692163929	4545.960875652489	0.0	1453.3622837743035	67.80429145645837
238	61.71413600939417	15438.561057648674	4558.050855031712	0.0	1467.1958085425465	61.71413600939417
239	66.06757606442964	15504.628633713106	4579.174502422264	0.0	1471.920935862546	66.06757606442964
240	66.47034052814753	15571.09897424126	4598.115666864861	0.0	1477.615993754269	66.47034052814753
241	61.0417627708985	15632.140737012161	4614.283492581965	0.0	1479.3527902041064	61.0417627708985
242	56.41242510574563	15688.553162117903	4624.872337610192	0.0	1492.0072852070384	56.41242510574563
243	60.54289482640213	15749.0960569443	4640.887042428456	0.0	1500.584315274003	60.54289482640213
244	70.56543718888206	15819.66149413318	4667.794263055552	0.0	1501.4757233681198	70.56543718888206
245	58.01281235993255	15877.674306493118	4679.8115701327015	0.0	1504.4525344126287	58.01281235993255
246	67.41117954712065	15945.085486040241	4704.855269505425	0.0	1509.1546102807044	67.41117954712065
247	63.961823333822586	16009.04730937406	4722.675004562251	0.0	1515.5150439897668	63.961823333822586
248	63.38504430585869	16072.432353679927	4740.71705041658	0.0	1525.1238803604551	63.38504430585869
249	64.14816418364731	16136.580517863566	4757.8797749436935	0.0	1531.1048964432523	64.14816418364731
250	65.06465007425624	16201.645167937819	4777.359324730182	0.0	1532.5780686143296	65.06465007425624
251	59.48078011180407	16261.125948049617	4793.388760567747	0.0	1537.617570142014	59.48078011180407
252	59.55981259038757	16320.68576064001	4809.032652067138	0.0	1553.6003406703062	59.55981259038757
253	61.63509270671705	16382.320853346733	4825.146156946468	0.0	1560.35806705814	61.63509270671705
254	66.90938033975397	16449.23023368648	4843.65020067583	0.0	1564.4937947316346	66.90938033975397
255	62.4196156291272	16511.649849315607	4862.798861431429	0.0	1569.4676732448213	62.4196156291272
256	66.7364194749174	16578.386268790528	4882.6617629383	0.0	1574.9498497993986	66.7364194749174
257	61.14647885667335	16639.5327476472	4898.556205365801	0.0	1584.3700277572163	61.14647885667335
258	60.64923545673916	16700.18198310394	4915.468385218762	0.0	1591.5012304757934	60.64923545673916
259	67.81803724811803	16768.00002035206	4937.667455118119	0.0	1592.8559079116803	67.81803724811803
260	62.80636392784812	16830.8063842799	4954.317130485096	0.0	1597.6718107932577	62.80636392784812
261	63.88483295369074	16894.691217233594	4974.973312575983	0.0	1598.7969304376086	63.88483295369074
262	64.42350873379819	16959.11472596739	4996.813031030477	0.0	1604.9213641099595	64.42350873379819
263	68.6449115411645	17027.759637508556	5018.060606723773	0.0	1610.6702061810063	68.6449115411645
264	62.74315678578117	17090.502794294345	5036.294385577068	0.0	1612.7298994358423	62.74315678578117
265	65.93780198906113	17156.4405962834	5056.682806185854	0.0	1617.5445066981167	65.93780198906113
266	57.86201896225006	17214.30261524566	5071.128684874171	0.0	1626.375299425562	57.86201896225006
267	65.0915041158424	17279.3941193615	5090.494675324112	0.0	1634.6331058699743	65.0915041158424
268	70.48357445580926	17349.877693817303	5115.903802112868	0.0	1638.1974718256204	70.48357445580926
269	62.65895139342664	17412.536645210726	5133.421133692927	0.0	1643.6982958051642	62.65895139342664
270	63.30149393127042	17475.838139141997	5155.202853809569	0.0	1644.110093754321	63.30149393127042
271	65.62325677350282	17541.4613959155	5176.054155018944	0.0	1648.8242820145301	65.62325677350282
272	59.951500929062185	17601.412896844555	5191.206520941776	0.0	1653.8906103040702	59.951500929062185
273	65.03586069320583	17666.448757537764	5210.101424531228	0.0	1653.3212279230283	65.03586069320583
274	62.952262308672736	17729.401019846442	5227.690952798178	0.0	1661.6180371517119	62.952262308672736
275	60.12557426387248	17789.52659411032	5242.095477636692	0.0	1664.966794001591	60.12557426387248
276	61.18706781660394	17850.713661926926	5256.355461907694	0.0	1670.690467039508	61.18706781660394
277	63.66199638894925	17914.375658315865	5276.951379770637	0.0	1675.537727812493	63.66199638894925
278	68.03177324398024	17982.407431559855	5299.7810082986425	0.0	1680.0638148097541	68.03177324398024
279	67.69204819431282	18050.09947975416	5325.550373755512	0.0	1696.2232979873952	67.69204819431282
280	59.56277515623236	18109.662254910396	5338.880746870306	0.0	1702.5034123288835	59.56277515623236
281	63.77212247276543	18173.43437738316	5358.222064489422	0.0	1707.0573020142479	63.77212247276543
282	58.960011187798294	18232.394388570952	5369.882253734462	0.0	1711.8144725806437	58.960011187798294
283	65.58028054911499	18297.974669120063	5389.249974386335	0.0	1716.6379045718293	65.58028054911499
284	63.83266771575886	18361.807336835827	5407.778509070886	0.0	1724.6222126325556	63.83266771575886
285	58.70920435988083	18420.51654119571	5422.1815854617	0.0	1732.0568110565227	58.70920435988083
286	69.4532248962186	18489.969766091934	5445.465201367337	0.0	1745.4183307824765	69.4532248962186
287	67.43594910867635	18557.405715200606	5466.977428824463	0.0	1753.3782974346693	67.43594910867635
288	63.632467188879794	18621.038182389486	5485.585801387645	0.0	1762.712665466786	63.632467188879794
289	65.93794278766593	18686.976125177156	5503.303857720186	0.0	1771.7975667620321	65.93794278766593
290	63.73867449168474	18750.71479966883	5521.710033906591	0.0	1776.1704264582077	63.73867449168474
291	56.55258604397531	18807.267385712817	5530.560384769325	0.0	1783.5949100180821	56.55258604397531
292	69.10915634013065	18876.37654205294	5553.986606780514	0.0	1789.1192878959985	69.10915634013065
293	64.89702234910804	18941.27356440205	5572.039293913811	0.0	1797.1126837218255	64.89702234910804
294	58.12629187436032	18999.399856276406	5584.79781320992	0.0	1804.904839756609	58.12629187436032
295	65.34895140104167	19064.74880767745	5605.805183079217	0.0	1811.1323753629877	65.34895140104167
296	61.90522623952152	19126.654033916977	5622.970553525008	0.0	1819.8664314406228	61.90522623952152
297	66.43973460516013	19193.09376852213	5643.095687289262	0.0	1825.1852856093278	66.43973460516013
298	71.50163081218747	19264.595399334317	5669.55768521686	0.0	1830.370072055123	71.50163081218747
299	64.9308961363641	19329.526295470678	5691.099205048759	0.0	1828.5096984079328	64.9308961363641
300	58.85519116782615	19388.381486638504	5703.0496133131965	0.0	1834.9838024549101	58.85519116782615
301	59.345737973104086	19447.727224611604	5717.009688457712	0.0	1837.7328656385516	59.345737973104086
302	63.508996732849184	19511.236221344458	5735.325963396388	0.0	1844.4625261600343	63.508996732849184
303	62.44449899798415	19573.680720342443	5751.659020669488	0.0	1848.2035438465118	62.44449899798415
304	66.32664139988063	19640.007361742322	5773.3587844734375	0.0	1852.8417085333865	66.32664139988063
305	62.20025553517963	19702.20761727751	5789.515914416877	0.0	1862.8880180261851	62.20025553517963
306	63.2238790632341	19765.431496340745	5808.243977875083	0.0	1864.9699519837545	63.2238790632341
307	69.5106949786864	19834.942191319427	5832.785316643093	0.0	1864.1437360194227	69.5106949786864
308	66.58698743577304	19901.529178755198	5855.770369874841	0.0	1870.9350236481584	66.58698743577304
309	60.907154380818945	19962.43633313602	5871.128343646112	0.0	1874.2416042217585	60.907154380818945
310	70.64940756733309	20033.08574070335	5899.4809837527355	0.0	1876.1817024551488	70.64940756733309
311	59.626349240090356	20092.71208994344	5915.545271260908	0.0	1881.6124243293098	59.626349240090356
312	60.59120811105374	20153.303298054496	5929.945457614205	0.0	1885.0832044243414	60.59120811105374
313	70.90483890723615	20224.20813696173	5956.65692352995	0.0	1891.1460795093708	70.90483890723615
314	71.50982796628082	20295.717964928008	5982.690794076352	0.0	1895.655036827951	71.50982796628082
315	63.296244004297066	20359.0142089323	5998.022071595183	0.0	1898.5597633392224	63.296244004297066
316	58.99718233855232	20418.01139127086	6010.762236776509	0.0	1901.4164934876405	58.99718233855232
317	64.31365353212502	20482.325044802987	6028.980724019002	0.0	1902.815180776331	64.31365353212502
318	60.30173189954182	20542.626776702524	6041.602509863721	0.0	1911.175364035696	60.30173189954182
319	65.40842121383976	20608.035197916364	6060.140115040836	0.0	1917.3723563650544	65.40842121383976
320	61.89969747066324	20669.93489538702	6076.215191042894	0.0	1924.8343197597655	61.89969747066324
321	65.42541683108293	20735.36031221811	6096.762358412953	0.0	1927.645846169063	65.42541683108293
322	63.277198878359215	20798.63751109647	6115.924758958343	0.0	1927.8808608649863	63.277198878359215
323	61.227872401040344	20859.865383497516	6134.944222808778	0.0	1936.6053315889474	61.227872401040344
324	63.99314254303009	20923.858526040538	6154.08680245804	0.0	1949.2129092553453	63.99314254303009
325	62.33736465880692	20986.195890699353	6169.574148849223	0.0	1954.392640553831	62.33736465880692
326	65.35373428356107	21051.549624982905	6192.334307348864	0.0	1958.1896541135186	65.35373428356107
327	65.9848066186371	21117.534431601536	6211.40213748325	0.0	1963.321886264327	65.9848066186371
328	62.41927984636029	21179.9537114479	6228.529181350305	0.0	1968.186267109898	62.41927984636029
329	65.23519411596145	21245.188905563868	6247.592285054687	0.0	1973.4407547803219	65.23519411596145
330	64.61131898962813	21309.8002245535	6266.802709490381	0.0	1980.784037937184	64.61131898962813
331	65.5483716980889	21375.348596251588	6287.562723939944	0.0	1985.6715316636944	65.5483716980889
332	68.4590594292802	21443.807655680863	6310.207011051936	0.0	1987.1844674818833	68.4590594292802
333	56.0178003682933	21499.825456049162	6323.079502709081	0.0	1999.7468672737564	56.0178003682933
334	65.63590296998018	21565.46135901914	6343.497609377149	0.0	2001.8927534758454	65.63590296998018
335	61.832912701065176	21627.294271720202	6362.081853721011	0.0	2012.9727490792818	61.832912701065176
336	61.555439308057956	21688.849711028266	6377.2031748084755	0.0	2019.7116452750747	61.555439308057956
337	73.81396685095734	21762.663677879224	6405.202402896413	0.0	2017.6372757976517	73.81396685095734
338	68.34132519866324	21831.005003077873	6428.494754950509	0.0	2022.2978582088326	68.34132519866324
339	66.65271119448444	21897.65771427236	6452.1260158246705	0.0	2027.036944805516	66.65271119448444
340	66.91226481892187	21964.569979091295	6474.230458450213	0.0	2032.437335069198	66.91226481892187
341	70.10592909912728	22034.675908190413	6499.496459119826	0.0	2037.7333997829564	70.10592909912728
342	59.96837532554635	22094.644283515947	6512.5253566141	0.0	2047.5664549644307	59.96837532554635
343	61.845092483209626	22156.489375999154	6528.457160791213	0.0	2061.4192380556065	61.845092483209626
344	59.67551181800185	22216.164887817176	6544.546387053582	0.0	2066.689760912563	59.67551181800185
345	60.81570999762165	22276.9805978148	6559.198486630505	0.0	2067.9841748287517	60.81570999762165
346	61.55807548168412	22338.538673296473	6573.213445353463	0.0	2080.110778360333	61.55807548168412
347	69.65914979923747	22408.197823095707	6599.263863426791	0.0	2088.675750207856	69.65914979923747
348	59.08209599434212	22467.279919090055	6611.807871809597	0.0	2095.876734685577	59.08209599434212
349	57.19592207287048	22524.47584116293	6622.988811580299	0.0	2101.575087187863	57.19592207287048
350	66.59187312696012	22591.067714289882	6645.589657498511	0.0	2105.5755428958173	66.59187312696012
351	62.305662103135965	22653.373376393014	6665.072306468219	0.0	2115.241095967412	62.305662103135965
352	61.64494356175868	22715.018319954776	6680.701461411061	0.0	2124.6431671774053	61.64494356175868
353	59.20407140034972	22774.22239135512	6695.125479164458	0.0	2129.6978957453894	59.20407140034972
354	57.51338979117628	22831.735781146308	6709.286379538182	0.0	2137.6884384601663	57.51338979117628
355	66.4041513089132	22898.13993245521	6732.247824417233	0.0	2144.525483053893	66.4041513089132
356	65.4478159377211	22963.587748392936	6750.451025537732	0.0	2150.646209382004	65.4478159377211
357	64.45299686429479	23028.040745257233	6768.551456061242	0.0	2157.267881880532	64.45299686429479
358	66.45887421226318	23094.499619469494	6789.525023008062	0.0	2161.6387634469506	66.45887421226318
359	62.413549786598125	23156.913169256095	6806.306240319337	0.0	2168.0048244434856	62.413549786598125
360	66.15194644847814	23223.06511570458	6829.386977249862	0.0	2174.5215215135045	66.15194644847814
361	61.70739545271128	23284.77251115729	6844.514654788356	0.0	2182.6934922675146	61.70739545271128
362	63.9940938527392	23348.766605010027	6864.58244057131	0.0	2187.9275449900197	63.9940938527392
363	72.53903369426152	23421.305638704285	6891.261651623598	0.0	2193.3606334132005	72.53903369426152
364	65.71650378055482	23487.02214248484	6911.293937549087	0.0	2205.169316989662	65.71650378055482
365	63.71560023011047	23550.737742714948	6929.885985506174	0.0	2208.066265438398	63.71560023011047
366	62.21831794431784	23612.95606065926	6947.077587343059	0.0	2212.179724602344	62.21831794431784
367	57.61480223225371	23670.57086289152	6959.558299615943	0.0	2213.3256382744676	57.61480223225371
368	68.17202057440538	23738.742883465937	6983.580781803029	0.0	2213.2360509061086	68.17202057440538
369	64.6420073171831	23803.384890783116	7003.846984426353	0.0	2218.401332950102	64.6420073171831
370	68.30940828911827	23871.694299072242	7027.71894202077	0.0	2230.4738154149	68.30940828911827
371	59.96172091728661	23931.65601998952	7040.512242118532	0.0	2239.1343618635806	59.96172091728661
372	63.438027804681035	23995.094047794202	7055.238024580376	0.0	2244.041314147478	63.438027804681035
373	62.469874561985414	24057.56392235618	7069.170081948885	0.0	2248.0532311906054	62.469874561985414
374	62.28107681574232	24119.844999171928	7085.206399478187	0.0	2250.0192351372507	62.28107681574232
375	63.563978637138845	24183.408977809064	7101.771812662703	0.0	2256.9294643973353	63.563978637138845
376	58.9213726178584	24242.330350426913	7115.3674723886825	0.0	2262.537799844226	58.9213726178584
377	55.45470952519645	24297.785059952115	7126.157041532346	0.0	2271.440578868992	55.45470952519645
378	56.10739387874371	24353.892453830867	7138.643627488018	0.0	2281.20500006238	56.10739387874371
379	62.719406253071575	24416.61186008395	7155.566672911115	0.0	2288.2205554203206	62.719406253071575
380	59.57952881917862	24476.19138890312	7170.605342303331	0.0	2294.459052932275	59.57952881917862
381	63.36870980160773	24539.560098704715	7187.734030361702	0.0	2297.2310399880866	63.36870980160773
382	62.73603599914253	24602.296134703858	7207.396177667459	0.0	2301.40193595014	62.73603599914253
383	61.94909346223891	24664.245228166095	7224.049671627304	0.0	2302.5642036915347	61.94909346223891
384	70.49092074452348	24734.73614891062	7247.73928880771	0.0	2307.205099655539	70.49092074452348
385	66.85078884848927	24801.586937759104	7271.78948370484	0.0	2317.328953422986	66.85078884848927
386	61.72287311112748	24863.309810870243	7290.527528356055	0.0	2321.9423458193673	61.72287311112748
387	65.70120459127624	24929.011015461525	7309.605295691107	0.0	2333.6262553943407	65.70120459127624
388	63.653389415419326	24992.664404876927	7327.818699986185	0.0	2344.6915177190413	63.653389415419326
389	67.67089079786629	25060.335295674806	7349.702850412208	0.0	2352.9525134422734	67.67089079786629
390	62.061754199569265	25122.397049874373	7367.730210024279	0.0	2359.663200724074	62.061754199569265
391	65.25619457477737	25187.653244449146	7389.982299822327	0.0	2368.872853129257	65.25619457477737
392	61.45100211940187	25249.104246568553	7405.343488312954	0.0	2376.035669896338	61.45100211940187
393	68.45046328267065	25317.55470985121	7430.759081825227	0.0	2380.411552918827	68.45046328267065
394	66.07336527597124	25383.62807512719	7452.010852051009	0.0	2390.457915192672	66.07336527597124
395	60.383954694959655	25444.012029822137	7466.337364808161	0.0	2396.1464103031954	60.383954694959655
396	63.02799438429666	25507.040024206446	7481.97275912852	0.0	2396.405200877543	63.02799438429666
397	67.84609540613073	25574.886119612576	7502.497182624936	0.0	2400.4745432644754	67.84609540613073
398	58.81134398999527	25633.697463602562	7513.660454335216	0.0	2405.947688033918	58.81134398999527
399	69.4384850858007	25703.13594868837	7538.1998807120535	0.0	2413.9215545013635	69.4384850858007
400	64.36826077925508	25767.504209467632	7559.204780540359	0.0	2426.64027717504	64.36826077925508
401	58.54319012417819	25826.047399591815	7571.424098463737	0.0	2432.143978104312	58.54319012417819
402	67.8066345588374	25893.854034150638	7593.819201177139	0.0	2433.108682098907	67.8066345588374
403	67.91176771563075	25961.765801866277	7613.268510212701	0.0	2431.1069511119963	67.91176771563075
404	57.55846274182653	26019.3242646081	7625.600323844363	0.0	2435.2460207782833	57.55846274182653
405	63.5715271041886	26082.895791712297	7643.603635586801	0.0	2439.028838457134	63.5715271041886
406	61.412234997600905	26144.308026709896	7659.345574031999	0.0	2445.0434654967758	61.412234997600905
407	65.89852575370537	26210.206552463595	7679.465499445825	0.0	2455.7661888635375	65.89852575370537
408	65.00094108743549	26275.20749355103	7696.202912928353	0.0	2460.6424779626814	65.00094108743549
409	60.64884601517533	26335.856339566195	7711.493661618178	0.0	2465.2416123558605	60.64884601517533
410	70.64624283412735	26406.502582400335	7734.548719812478	0.0	2473.171054934661	70.64624283412735
411	67.48457087319804	26473.98715327353	7755.921680241461	0.0	2484.922610471212	67.48457087319804
412	68.31398424452021	26542.301137518065	7778.937500605236	0.0	2490.059386061203	68.31398424452021
413	62.32204995929936	26604.623187477355	7794.93516092984	0.0	2496.091532071305	62.32204995929936
414	62.286487733207295	26666.909675210565	7809.909899989916	0.0	2499.374658815755	62.286487733207295
415	61.52289907786082	26728.432574288418	7823.169318123126	0.0	2506.0184983440627	61.52289907786082
416	65.77200748358169	26794.204581771995	7843.457615171584	0.0	2508.038694004521	65.77200748358169
417	67.5781807998743	26861.782762571864	7867.354999368905	0.0	2520.2973953083633	67.5781807998743
418	63.666436512965504	26925.44919908483	7886.802516766459	0.0	2525.8812503785507	63.666436512965504
419	62.79960072580905	26988.24879981065	7904.301814810744	0.0	2527.3716344989543	62.79960072580905
420	63.16419178668392	27051.41299159732	7923.068228897417	0.0	2532.1198682497006	63.16419178668392
421	66.68413919531024	27118.097130792645	7944.983316356827	0.0	2535.346427057531	66.68413919531024
422	60.3504129968211	27178.447543789447	7960.140986966047	0.0	2543.502096559516	60.3504129968211
423	63.777024021794894	27242.22456781126	7978.884121459258	0.0	2555.043271232723	63.777024021794894
424	65.98358098572929	27308.208148796977	7996.746045957896	0.0	2555.592576394064	65.98358098572929
425	62.32870588639081	27370.536854683374	8013.828306446824	0.0	2558.455741979473	62.32870588639081
426	62.16378166629997	27432.70063634967	8030.737013110728	0.0	2565.04632452457	62.16378166629997
427	57.706947727983355	27490.40758407768	8043.168572516389	0.0	2567.5348244463494	57.706947727983355
428	57.11672831475627	27547.524312392423	8057.384133198194	0.0	2575.165438985423	57.11672831475627
429	68.62584998196857	27616.150162374397	8082.642742371469	0.0	2577.6597523682876	68.62584998196857
430	63.29913340887902	27679.44929578325	8098.7341095579695	0.0	2587.7817139925887	63.29913340887902
431	59.10307468338637	27738.55237046663	8110.551942723954	0.0	2592.520577982984	59.10307468338637
432	61.461253580648524	27800.01362404728	8125.20599682717	0.0	2600.1791858747624	61.461253580648524
433	65.75926325421013	27865.77288730151	8143.9505572636845	0.0	2608.273552044658	65.75926325421013
434	63.949279053563416	27929.722166355074	8162.201203362605	0.0	2612.061390699323	63.949279053563416
435	56.64200503228342	27986.36417138735	8172.286033141801	0.0	2618.060472365062	56.64200503228342
436	63.76980141139018	28050.13397279874	8191.271223523026	0.0	2626.9027272857893	63.76980141139018
437	62.276891110370606	28112.41086390912	8208.224427229523	0.0	2634.066135733285	62.276891110370606
438	61.67770373289052	28174.088567641982	8223.556513367514	0.0	2641.811307234496	61.67770373289052
439	61.790299162641006	28235.878866804658	8243.37147026521	0.0	2643.559416539156	61.790299162641006
440	67.16547161186394	28303.04433841652	8264.465135528148	0.0	2644.4387473456295	67.16547161186394
441	63.206794009840266	28366.251132426336	8281.794481103705	0.0	2646.9907619362557	63.206794009840266
442	66.43460907523014	28432.685741501584	8302.78795342826	0.0	2653.975564608695	66.43460907523014
443	63.2309183402708	28495.916659841867	8322.606190976576	0.0	2658.7941723957915	63.2309183402708
444	67.12727989713284	28563.04393973899	8344.369843111479	0.0	2666.8829366721734	67.12727989713284
445	62.48751906591554	28625.5314588049	8360.966749876063	0.0	2671.912849959366	62.48751906591554
446	61.57779494065936	28687.109253745555	8376.353460870461	0.0	2677.670358418685	61.57779494065936
447	68.06158774594553	28755.17084149152	8397.890954601256	0.0	2685.1622155588248	68.06158774594553
448	66.6983012771045	28821.86914276861	8418.899333238305	0.0	2691.3134930040665	66.6983012771045
449	63.07987614179856	28884.94901891042	8434.610133397968	0.0	2693.269316236861	63.07987614179856
450	66.38721319378656	28951.336232104193	8457.194133252442	0.0	2700.5967287729186	66.38721319378656
451	67.6676609792529	29019.00389308345	8479.906997432312	0.0	2707.3384293206886	67.6676609792529
452	64.35756508899271	29083.36145817245	8500.315390915906	0.0	2714.211932098146	64.35756508899271
453	69.67162079512644	29153.03307896756	8525.020248397996	0.0	2719.144567183987	69.67162079512644
454	60.91748316712152	29213.95056213469	8541.296047113217	0.0	2724.866329665805	60.91748316712152
455	68.2330781678211	29282.18364030252	8565.681176822993	0.0	2730.5746762149943	68.2330781678211
456	69.29893261160177	29351.482572914112	8593.68246597283	0.0	2729.200159470172	69.29893261160177
457	64.93628292830073	29416.418855842418	8612.92366000176	0.0	2735.535356011781	64.93628292830073
458	70.7874895926302	29487.206345435054	8638.507153593242	0.0	2748.4955427518616	70.7874895926302
459	59.59788539444506	29546.804230829483	8653.37565570011	0.0	2755.3813756940112	59.59788539444506
460	66.43306043872343	29613.2372912682	8674.008381322996	0.0	2760.498074371786	66.43306043872343
461	62.264040510548185	29675.501331778756	8689.819571890017	0.0	2767.3784909603955	62.264040510548185
462	69.89353618517049	29745.394867963925	8714.078168968008	0.0	2778.0476431568845	69.89353618517049
463	62.71799649214602	29808.112864456074	8729.976117733815	0.0	2785.5617024969542	62.71799649214602
464	59.36497417474143	29867.47783863082	8745.27125559853	0.0	2796.876194447406	59.36497417474143
465	61.78117187118956	29929.259010502017	8765.032905103919	0.0	2808.7273638214338	61.78117187118956
466	61.92221233150875	29991.181222833526	8781.577508971297	0.0	2814.7288129480726	61.92221233150875
467	66.14057226196019	30057.32179509547	8802.3206301986	0.0	2822.0685432083205	66.14057226196019
468	68.15018725827244	30125.471982353738	8825.974331894586	0.0	2829.9703656435595	68.15018725827244
469	63.49922506292147	30188.97120741667	8841.259192058926	0.0	2835.3551616842255	63.49922506292147
470	64.8825245362104	30253.853731952873	8862.039921463349	0.0	2840.23129075131	64.8825245362104
471	70.56824811313275	30324.421980066007	8886.31692912754	0.0	2840.8932901376734	70.56824811313275
472	66.9210567577856	30391.34303682381	8908.785151958476	0.0	2841.9619711260025	66.9210567577856
473	65.09631584697338	30456.43935267078	8927.156717828522	0.0	2848.3920083747425	65.09631584697338
474	67.93214917814947	30524.37150184893	8949.67305906988	0.0	2852.414742852921	67.93214917814947
475	63.00765372800945	30587.3791555769	8969.33259944116	0.0	2853.0988942082304	63.00765372800945
476	69.20291060068844	30656.582066177594	8994.22149764523	0.0	2858.724178187489	69.20291060068844
477	62.30234051006774	30718.884406687688	9013.567124236708	0.0	2863.0039300899693	62.30234051006774
478	69.25194887137106	30788.136355559076	9038.075809400705	0.0	2861.522686372192	69.25194887137106
479	66.42073124418381	30854.557086803256	9060.860992254333	0.0	2866.7139223155846	66.42073124418381
480	61.85075992630223	30916.407846729548	9078.029581012524	0.0	2873.8469864126823	61.85075992630223
481	57.50968991423869	30973.91753664378	9089.950666804965	0.0	2882.7914338705523	57.50968991423869
482	62.34641836444068	31036.263955008228	9106.417292643751	0.0	2892.5912404796723	62.34641836444068
483	60.81977806383269	31097.083733072035	9121.441261467322	0.0	2899.956356957275	60.81977806383269
484	66.57070741615466	31163.65444048821	9143.20585596389	0.0	2902.7220822080058	66.57070741615466
485	63.4587120027639	31227.113152490972	9162.678877417977	0.0	2905.6751564941655	63.4587120027639
486	65.72532233922118	31292.83847483019	9181.212200443928	0.0	2912.814627169802	65.72532233922118
487	65.41987038497481	31358.25834521518	9199.927690157128	0.0	2920.1352055446278	65.41987038497481
488	61.854978076223276	31420.1133232914	9217.466100393092	0.0	2926.5584158459833	61.854978076223276
489	68.82158268812427	31488.934905979513	9240.195827545878	0.0	2926.8160897906027	68.82158268812427
490	64.20339197300237	31553.13829795251	9260.02969285088	0.0	2925.8210332244357	64.20339197300237
491	66.10367607703225	31619.241974029545	9281.013246740677	0.0	2932.666206580195	66.10367607703225
492	64.16135253212205	31683.40332656169	9297.318951726478	0.0	2940.6195315342	64.16135253212205
493	66.49272801433736	31749.896054576016	9319.291288605149	0.0	2946.5314414180307	66.49272801433736
494	66.78487503205766	31816.680929608076	9338.730138345545	0.0	2948.2785034560507	66.78487503205766
495	61.92476521869942	31878.605694826772	9357.531792842921	0.0	2956.7897341726225	61.92476521869942
496	61.50803549350343	31940.11373032026	9373.998795608843	0.0	2962.979510294233	61.50803549350343
497	64.29542298903638	32004.409153309316	9392.73624662885	0.0	2971.408655146285	64.29542298903638
498	63.953644676243414	32068.362797985566	9413.835834703235	0.0	2977.4970370270826	63.953644676243414
499	66.98790174752898	32135.350699733077	9435.860104090265	0.0	2980.2072366718685	66.98790174752898
500	60.85301817354172	32196.203717906632	9449.67222716318	0.0	2988.973776952781	60.85301817354172
501	60.520064155174566	32256.723782061796	9466.630539854434	0.0	2989.3418383321177	60.520064155174566
502	60.92905470527719	32317.65283676708	9482.192504547826	0.0	2991.773112709341	60.92905470527719
503	61.32144256603185	32378.974279333106	9497.022946046467	0.0	3000.9653769490537	61.32144256603185
504	63.07841585494654	32442.052695188057	9515.665037369337	0.0	3010.863490076258	63.07841585494654
505	62.145580107161585	32504.198275295214	9533.825518475505	0.0	3021.717077088629	62.145580107161585
506	62.816047067883076	32567.014322363106	9554.527719556534	0.0	3025.590304777883	62.816047067883076
507	57.27367741532502	32624.287999778426	9569.498099245711	0.0	3033.107024744555	57.27367741532502
508	60.850504754659035	32685.138504533068	9585.21618421702	0.0	3042.050400059927	60.850504754659035
509	66.36273554396539	32751.501240077043	9607.322678160277	0.0	3041.27805735793	66.36273554396539
510	68.42617104078472	32819.92741111784	9629.366036434536	0.0	3045.6964473720905	68.42617104078472
511	54.30012935005347	32874.22754046789	9635.69551751651	0.0	3055.034973334425	54.30012935005347
512	60.721086843571555	32934.94862731146	9635.69551751651	0.0	3054.2253004327436	60.721086843571555
