task	reward	total_reward	total_regret	relative	total_reward_dev	joules
0	72.17941337780152	72.17941337780152	24.387971854844718	0.0	7.339931289680901	72.17941337780152
1	71.5294032007829	143.7088165785844	45.871071712101774	0.0	11.932722234950365	71.5294032007829
2	70.08627067393336	213.79508725251762	65.28868707105397	0.0	14.696415265518468	70.08627067393336
3	71.92117923908586	285.7162664916036	87.7193691835235	0.0	15.898846895246953	71.92117923908586
4	71.06952480209314	356.7857912936968	112.15827095899998	0.0	18.564547123419104	71.06952480209314
5	71.29312152519992	428.07891281889664	136.49858802289077	0.0	20.819685693191268	71.29312152519992
6	73.68855943778965	501.76747225668646	158.38528033980754	0.0	22.11384984294834	73.68855943778965
7	72.21213025017373	573.9796025068604	182.65154198772368	0.0	23.76928535345203	72.21213025017373
8	71.98283107378937	645.9624335806496	204.97117134444295	0.0	26.864747767907758	71.98283107378937
9	69.90420147008832	715.8666350507375	227.37226741450104	0.0	27.722560371265207	69.90420147008832
10	48.196681081989006	764.0633161327269	225.4504344004871	0.0	29.773127174864243	48.196681081989006
11	48.321690047271595	812.3850061799984	224.26782482661568	0.0	34.47514172707847	48.321690047271595
12	50.482296756724	862.8673029367226	226.92834903895175	0.0	38.473544370482095	50.482296756724
13	50.082207713340566	912.9495106500633	227.4873897765214	0.0	40.37508496016037	50.082207713340566
14	46.77826207209675	959.7277727221599	225.7493742836145	0.0	42.536753891855994	46.77826207209675
15	50.59588189862131	1010.3236546207808	226.99539226989845	0.0	44.85328583247387	50.59588189862131
16	48.58192678066494	1058.9055814014457	226.15739894507414	0.0	45.52369751227147	48.58192678066494
17	49.60092004339887	1108.5065014448448	228.23956063431606	0.0	47.83521679192094	49.60092004339887
18	47.78627795914597	1156.2927794039908	229.769716405001	0.0	48.19943904520758	47.78627795914597
19	51.61177112787378	1207.9045505318643	230.59392575123857	0.0	50.49682224591358	51.61177112787378
20	49.18617357658864	1257.0907241084533	230.04875532552222	0.0	50.98625603952811	49.18617357658864
21	52.2373653135576	1309.3280894220113	234.7839864063436	0.0	52.36359312980208	52.2373653135576
22	50.54107584627105	1359.8691652682817	236.8725173224032	0.0	51.18388884735844	50.54107584627105
23	46.53623492205809	1406.4054001903396	234.51376865820959	0.0	52.67045786023981	46.53623492205809
24	49.70728183978122	1456.1126820301217	234.1689095588788	0.0	52.68492930188216	49.70728183978122
25	49.09117977497274	1505.203861805093	234.64003103765705	0.0	56.070833770397876	49.09117977497274
26	49.71942874800817	1554.9232905531023	233.71807234521683	0.0	57.41542641137069	49.71942874800817
27	48.88081362534872	1603.8041041784516	234.77217718428662	0.0	58.825005791145756	48.88081362534872
28	49.005386889277204	1652.8094910677273	234.16776741190483	0.0	61.78791646184797	49.005386889277204
29	47.63159702417102	1700.4410880918988	231.50888748008646	0.0	60.9489723118642	47.63159702417102
30	49.55044240685255	1749.9915304987524	232.90934139541798	0.0	60.53968253898561	49.55044240685255
31	47.769494252181815	1797.761024750933	233.92664656622944	0.0	62.06321332880719	47.769494252181815
32	48.39286308862804	1846.1538878395618	232.91819735669486	0.0	61.58999166600002	48.39286308862804
33	47.39616715781377	1893.5500549973754	232.17775900513124	0.0	64.77584501986225	47.39616715781377
34	47.347807090681705	1940.8978620880569	230.55953067229177	0.0	64.90911642172237	47.347807090681705
35	49.51547927933656	1990.4133413673937	230.30626231643956	0.0	64.9076796341684	49.51547927933656
36	45.964668472029416	2036.3780098394222	228.0982888253155	0.0	67.04211577670071	45.964668472029416
37	48.35305917619708	2084.7310690156205	228.08254941412383	0.0	68.11022760391039	48.35305917619708
38	49.179315941554485	2133.9103849571734	227.99237389791767	0.0	68.5352013203754	49.179315941554485
39	48.33781994304802	2182.248204900223	227.10591894264678	0.0	68.5314411632804	48.33781994304802
40	46.8059322770398	2229.0541371772615	224.33810422344402	0.0	68.97710121041759	46.8059322770398
41	51.165209232218324	2280.21934640948	226.50755301245496	0.0	69.10667149874816	51.165209232218324
42	46.44980310165519	2326.669149511136	224.6758337285895	0.0	69.26237137868392	46.44980310165519
43	49.85782072888083	2376.526970240017	228.55135701105502	0.0	69.32892502938824	49.85782072888083
44	47.839165692272125	2424.3661359322887	225.57983523272577	0.0	68.08538512282888	47.839165692272125
45	49.03556909279535	2473.401705025085	226.5486345910479	0.0	69.6651720928098	49.03556909279535
46	47.45654467134986	2520.8582496964345	227.84424808826185	0.0	70.5362341659012	47.45654467134986
47	48.949573724053295	2569.8078234204872	227.3015599290369	0.0	72.24509873990046	48.949573724053295
48	48.07191479414275	2617.8797382146295	226.35182398265187	0.0	73.3761333390566	48.07191479414275
49	47.53198885838938	2665.41172707302	225.19620814681497	0.0	77.06863673906288	47.53198885838938
50	47.97652432408741	2713.388251397108	225.98295275059914	0.0	77.93016217764772	47.97652432408741
51	48.47154426660566	2761.8597956637136	223.725169090034	0.0	80.93540144629728	48.47154426660566
52	49.164204198766946	2811.02399986248	221.92064783916186	0.0	81.45375646865762	49.164204198766946
53	46.71519644790065	2857.7391963103805	219.77653654587937	0.0	80.67699247987488	46.71519644790065
54	50.31862748262389	2908.057823793005	220.00224248487285	0.0	80.8919902378571	50.31862748262389
55	48.68839565049464	2956.7462194435	218.92472370540628	0.0	82.28366192604976	48.68839565049464
56	48.08185888965544	3004.8280783331534	219.15475063682123	0.0	82.84305165119288	48.08185888965544
57	51.214853703903074	3056.0429320370586	222.97955425368454	0.0	83.68371930907625	51.214853703903074
58	48.40575650595485	3104.448688543011	221.80250373937398	0.0	84.12255098901545	48.40575650595485
59	49.85681723942065	3154.3055057824326	222.53255786239538	0.0	85.76823395902221	49.85681723942065
60	49.44463562111424	3203.7501414035464	224.07539301490985	0.0	88.89563462554564	49.44463562111424
61	49.66594061792522	3253.416082021473	223.71366358321924	0.0	88.97450297594064	49.66594061792522
62	48.19595775156135	3301.612039773034	222.88299269724632	0.0	91.74922942664489	48.19595775156135
63	49.35194243018269	3350.9639822032163	224.24238318669697	0.0	93.2930743593896	49.35194243018269
64	49.344272653930695	3400.308254857147	227.2288535744028	0.0	95.20073994802671	49.344272653930695
65	49.78035187942873	3450.088606736575	229.05837392806487	0.0	94.17904777462411	49.78035187942873
66	46.99698266801884	3497.085589404595	228.5793988962819	0.0	97.16499978779886	46.99698266801884
67	50.10497845617294	3547.1905678607664	231.58764417573065	0.0	97.86536480223455	50.10497845617294
68	49.98288941342968	3597.1734572741966	232.58797783812176	0.0	98.07915138938486	49.98288941342968
69	49.92800096931336	3647.1014582435096	236.36108523402297	0.0	99.35021360237491	49.92800096931336
70	49.0791904201208	3696.180648663632	235.7099559242605	0.0	98.73360750205256	49.0791904201208
71	50.19574253829582	3746.3763912019263	237.12657519727045	0.0	100.87104668962574	50.19574253829582
72	49.73942074099123	3796.1158119429188	236.44489867709044	0.0	101.48861000737682	49.73942074099123
73	48.579990474108556	3844.6958024170262	233.9085292302404	0.0	102.68180813334256	48.579990474108556
74	49.485298186592146	3894.181100603619	232.58710033706586	0.0	105.28834901251197	49.485298186592146
75	48.153311770681015	3942.334412374301	230.50582156946305	0.0	106.86353588406256	48.153311770681015
76	48.39258001458675	3990.7269923888857	231.8747898558477	0.0	107.61393193656518	48.39258001458675
77	48.274976517622825	4039.0019689065084	231.3248015117307	0.0	109.18447071378706	48.274976517622825
78	47.45905148085546	4086.4610203873635	230.25598095558945	0.0	108.36131191692876	47.45905148085546
79	47.66655916059478	4134.1275795479605	229.06026994382864	0.0	106.0217892673956	47.66655916059478
80	47.972375460577176	4182.099955008536	227.7045345933528	0.0	106.06944111371499	47.972375460577176
81	46.326923877164525	4228.426878885701	225.26308510334547	0.0	105.39640467704545	46.326923877164525
82	49.2130100513488	4277.639888937051	227.64713185915232	0.0	106.34065384991128	49.2130100513488
83	51.00692442352706	4328.646813360576	229.7027217347919	0.0	106.00827817054008	51.00692442352706
84	48.031160895945376	4376.677974256521	230.2572567697914	0.0	104.61412696454838	48.031160895945376
85	48.03991644714304	4424.717890703664	229.67412980014112	0.0	104.43138562785644	48.03991644714304
86	48.047722314235024	4472.765613017901	228.34427577329413	0.0	104.4479912999505	48.047722314235024
87	48.10153219525668	4520.8671452131575	228.7231920945405	0.0	105.7595169577614	48.10153219525668
88	48.791208561811075	4569.658353774968	228.8233609804088	0.0	107.76782903556536	48.791208561811075
89	49.344977914028014	4619.003331688997	229.8274103544403	0.0	108.87909245264511	49.344977914028014
90	51.17473139615704	4670.178063085153	234.19092555560215	0.0	109.7211436259631	51.17473139615704
91	49.6130224086065	4719.79108549376	234.5784679661115	0.0	109.91272063387017	49.6130224086065
92	47.03245801762068	4766.82354351138	234.25670214832346	0.0	111.29673903550392	47.03245801762068
93	51.13761347244874	4817.96115698383	237.3090417849715	0.0	111.045721887756	51.13761347244874
94	50.56037544117825	4868.521532425009	239.02953281560994	0.0	111.60080235445797	50.56037544117825
95	47.96134671452156	4916.4828791395275	239.35987925086468	0.0	113.45560962886684	47.96134671452156
96	50.56672295713864	4967.0496020966675	239.92511119255775	0.0	116.26368561143934	50.56672295713864
97	51.93700224111659	5018.986604337783	244.74509699058115	0.0	118.26609155969975	51.93700224111659
98	49.148957849438894	5068.135562187223	245.98124962521499	0.0	117.6651691508784	49.148957849438894
99	48.23924384062745	5116.37480602785	243.63222723907253	0.0	118.43433330937297	48.23924384062745
100	49.30162304527878	5165.676429073128	244.6400805494214	0.0	118.7339596682883	49.30162304527878
101	48.593435561081485	5214.2698646342105	244.4119076378847	0.0	117.43583572313254	48.593435561081485
102	47.45503163272199	5261.724896266932	240.9376156798441	0.0	117.61102713436414	47.45503163272199
103	49.85410411539161	5311.579000382326	242.38954927822127	0.0	117.45244623190779	49.85410411539161
104	48.24538759288382	5359.824387975209	242.18716882628559	0.0	116.96474475017392	48.24538759288382
105	50.864329542325706	5410.688717517532	244.61261392736245	0.0	116.71561371726924	50.864329542325706
106	49.594860305616564	5460.283577823149	248.14228301203082	0.0	118.61356596869061	49.594860305616564
107	48.05005257566489	5508.333630398817	249.08322769755395	0.0	120.29720748286283	48.05005257566489
108	48.086619403616005	5556.420249802428	249.81257712106807	0.0	120.56897808242351	48.086619403616005
109	47.76201817423861	5604.182267976668	249.8167271219282	0.0	121.94593734884704	47.76201817423861
110	48.46085816284654	5652.643126139517	251.27130170567472	0.0	122.69978602180824	48.46085816284654
111	48.86844482114582	5701.5115709606625	251.0248871561003	0.0	123.55612659352175	48.86844482114582
112	49.28851959538149	5750.800090556042	251.68153037381163	0.0	124.10741598237489	49.28851959538149
113	49.10185227721504	5799.901942833257	253.58775153230735	0.0	124.83272124262642	49.10185227721504
114	50.044736950000406	5849.946679783262	254.1679608844661	0.0	126.21533519023885	50.044736950000406
115	48.373144890214725	5898.319824673473	253.18534415634994	0.0	125.76802998986317	48.373144890214725
116	49.38992527217854	5947.70974994565	253.01095168928543	0.0	127.47556937776486	49.38992527217854
117	48.299266080822484	5996.009016026474	252.1906730817508	0.0	127.91638294137252	48.299266080822484
118	48.77067627481028	6044.779692301288	252.52495516289983	0.0	127.80608822821094	48.77067627481028
119	48.44962665891248	6093.229318960197	253.82986901866428	0.0	131.73030383786178	48.44962665891248
120	46.09724077892887	6139.326559739128	251.91316026464494	0.0	130.93656015422596	46.09724077892887
121	48.25121660931155	6187.577776348442	252.0660347371066	0.0	131.49702097013343	48.25121660931155
122	44.83745932848264	6232.415235676922	248.14298796648222	0.0	132.6476424252754	44.83745932848264
123	49.15775325652907	6281.572988933452	249.35125773755465	0.0	134.68523251203476	49.15775325652907
124	46.89813842237117	6328.471127355823	247.71010475224074	0.0	134.44489170891538	46.89813842237117
125	48.28000668094651	6376.751134036766	246.38789744534398	0.0	135.48132698328513	48.28000668094651
126	48.23379350203474	6424.984927538803	246.27324105065455	0.0	136.16232746171804	48.23379350203474
127	48.455224037503704	6473.440151576306	247.17093658973485	0.0	137.83399726488008	48.455224037503704
128	47.60857117633912	6521.0487227526455	245.16147037943887	0.0	139.00811039775314	47.60857117633912
129	49.06888480934368	6570.117607561992	242.4545429820747	0.0	140.8456080256561	49.06888480934368
130	46.447124477113846	6616.564732039103	241.75840183780866	0.0	141.72612181635228	46.447124477113846
131	48.20751270633201	6664.772244745434	242.75431216544854	0.0	143.98030476604708	48.20751270633201
132	48.02773068060585	6712.799975426042	242.7585647539835	0.0	142.94060356735065	48.02773068060585
133	48.357854342617294	6761.157829768654	240.1404796991999	0.0	143.29064818670895	48.357854342617294
134	50.70500023790701	6811.862830006568	242.75940438621075	0.0	142.95973607880202	50.70500023790701
135	50.11821318430845	6861.981043190874	243.676686098141	0.0	143.1007424044805	50.11821318430845
136	47.03284921212614	6909.013892403001	240.63823937161956	0.0	144.37478682665937	47.03284921212614
137	48.94741587616649	6957.961308279171	240.3698332477114	0.0	143.68114901442348	48.94741587616649
138	48.73829001344962	7006.699598292617	242.2442971695265	0.0	144.94574315239095	48.73829001344962
139	44.9534809093538	7051.653079201973	240.2511554829528	0.0	145.85351660763308	44.9534809093538
140	47.111264765682336	7098.76434396765	240.03051387293598	0.0	148.1584762812644	47.111264765682336
141	46.87705283631568	7145.641396803964	235.39046242000353	0.0	148.17400023393577	46.87705283631568
142	47.73285712789989	7193.37425393187	233.38533038148697	0.0	148.2459440842154	47.73285712789989
143	47.6826022351029	7241.056856166967	232.35342533875777	0.0	150.66789286729033	47.6826022351029
144	48.107032316334916	7289.163888483305	232.59173081521723	0.0	150.73868515864612	48.107032316334916
145	49.05506569360685	7338.218954176915	233.2105692893442	0.0	151.2474165939118	49.05506569360685
146	48.40557176049546	7386.624525937408	234.65829151319107	0.0	150.84353070723353	48.40557176049546
147	48.99380339476726	7435.618329332174	237.1032285883521	0.0	153.49578148830622	48.99380339476726
148	48.5450599835612	7484.163389315736	236.86826163679183	0.0	153.31384216755023	48.5450599835612
149	49.23379972560278	7533.397189041339	238.6052046892402	0.0	153.9852681958833	49.23379972560278
150	48.39119107643639	7581.788380117775	238.56055435629642	0.0	155.7995123413598	48.39119107643639
151	49.577166629140386	7631.365546746915	239.0470683065395	0.0	155.83733938207155	49.577166629140386
152	47.17209403970544	7678.537640786619	239.41147735218635	0.0	159.20033033813843	47.17209403970544
153	46.93674420978681	7725.474384996403	239.6338297587107	0.0	158.72369362312776	46.93674420978681
154	49.29834924048907	7774.7727342369035	237.81872126716908	0.0	157.92394887315447	49.29834924048907
155	48.38816607077445	7823.160900307673	235.86153022317714	0.0	156.75293055703725	48.38816607077445
156	47.232556433541006	7870.393456741212	235.42390209686567	0.0	158.44191785759912	47.232556433541006
157	49.324378013460404	7919.717834754676	237.53944395127175	0.0	157.15141626825195	49.324378013460404
158	49.62634309591688	7969.344177850588	239.40185576841876	0.0	157.92610801871828	49.62634309591688
159	48.54999650298964	8017.89417435358	241.4110874074972	0.0	157.19399070650377	48.54999650298964
160	50.9890396430412	8068.8832139966225	243.45936339798232	0.0	158.06480685307497	50.9890396430412
161	48.954869037984416	8117.838083034607	240.5660529548872	0.0	157.6212416946745	48.954869037984416
162	49.338014408507505	8167.176097443108	242.2131976207154	0.0	156.536002654028	49.338014408507505
163	49.9673272755948	8217.143424718706	245.02339833663763	0.0	155.90428080403132	49.9673272755948
164	48.109088654510515	8265.252513373218	241.98141148422926	0.0	155.36781199884967	48.109088654510515
165	49.46456949691506	8314.717082870135	243.1199540227103	0.0	154.5830695684895	49.46456949691506
166	48.15099224969409	8362.868075119824	242.41998263576986	0.0	156.510505103079	48.15099224969409
167	50.32192385127051	8413.189998971096	241.28151192727506	0.0	155.9805988510458	50.32192385127051
168	49.4104860081427	8462.60048497924	241.9676363403719	0.0	156.08648202952108	49.4104860081427
169	48.28506796552574	8510.885552944766	242.893621314106	0.0	155.46869881692274	48.28506796552574
170	48.408274928086605	8559.293827872854	242.93350600706995	0.0	153.2045973644818	48.408274928086605
171	49.94523400102009	8609.23906187387	244.7041677205637	0.0	152.0764692147983	49.94523400102009
172	46.58547523864957	8655.824537112525	241.9315335798436	0.0	151.95317916158368	46.58547523864957
173	48.67383274500614	8704.49836985753	241.39037330227774	0.0	154.16765394698675	48.67383274500614
174	50.1605104542785	8754.658880311807	243.56122860327622	0.0	154.64407056759268	50.1605104542785
175	50.822252378578106	8805.48113269038	245.66321255624337	0.0	156.05766330162592	50.822252378578106
176	51.215375436628875	8856.696508127014	247.47336607029618	0.0	157.2698816288682	51.215375436628875
177	49.019022866659846	8905.715530993675	246.45639173861352	0.0	159.13584020255192	49.019022866659846
178	49.41109418579513	8955.126625179466	246.28418675295862	0.0	159.11662800031192	49.41109418579513
179	48.93045300381423	9004.057078183281	245.0903328301158	0.0	162.12366668010833	48.93045300381423
180	47.38415677160096	9051.441234954882	245.1747632693418	0.0	162.3569242885503	47.38415677160096
181	46.527559656436644	9097.968794611319	242.5549275682025	0.0	159.49623186442702	46.527559656436644
182	48.71041910249564	9146.679213713815	244.8520619311257	0.0	158.92970775660334	48.71041910249564
183	49.77516941947955	9196.454383133298	244.63287385608157	0.0	158.38789057072577	49.77516941947955
184	50.134436833810724	9246.588819967103	245.82650145412444	0.0	159.91229867112568	50.134436833810724
185	49.44036000765589	9296.029179974765	245.81411215968495	0.0	163.53363211515105	49.44036000765589
186	48.929142506342195	9344.958322481105	245.71269445498473	0.0	163.96764411030153	48.929142506342195
187	47.42541182225928	9392.383734303361	244.08532758198956	0.0	166.73566641869297	47.42541182225928
188	49.254488209957934	9441.638222513324	245.43542982158965	0.0	166.10439743013802	49.254488209957934
189	48.97513509686353	9490.613357610184	247.50052162937732	0.0	165.53490833489852	48.97513509686353
190	47.38824293276435	9538.001600542948	247.3134521147171	0.0	164.817211275716	47.38824293276435
191	46.862881028074135	9584.864481571023	245.95625205847855	0.0	164.8076973700106	46.862881028074135
192	48.993116016871156	9633.857597587896	246.98280080258922	0.0	166.2524857396349	48.993116016871156
193	49.51721146210811	9683.374809050003	249.75059750607556	0.0	167.2714575057632	49.51721146210811
194	48.51259803784222	9731.887407087843	249.07179052464147	0.0	167.77342483883	48.51259803784222
195	50.33648875160037	9782.223895839446	251.39215727080176	0.0	165.2668915232171	50.33648875160037
196	46.22594531592799	9828.449841155372	249.66950313030648	0.0	164.02144890770037	46.22594531592799
197	48.65621119675395	9877.106052352126	250.9203601049263	0.0	161.44423313791305	48.65621119675395
198	48.23051732740578	9925.336569679534	251.45802855600755	0.0	163.6306442878888	48.23051732740578
199	47.74086220601849	9973.077431885555	251.70374107820157	0.0	164.19888305945472	47.74086220601849
200	49.20504263701342	10022.282474522568	249.58957879904003	0.0	166.95858409954542	49.20504263701342
201	49.73279460547022	10072.015269128038	250.16149393017702	0.0	168.05605148491705	49.73279460547022
202	48.79499580197947	10120.810264930014	250.75682598490596	0.0	168.34529961857996	48.79499580197947
203	49.66033453675508	10170.470599466771	252.03609803651887	0.0	169.2763175121834	49.66033453675508
204	48.14506364724888	10218.615663114017	249.95632574858865	0.0	168.03101917532325	48.14506364724888
205	46.97828974339793	10265.593952857416	247.73956971535858	0.0	167.5705928245178	46.97828974339793
206	46.77923460208646	10312.373187459498	247.73263250982177	0.0	169.18586333515034	46.77923460208646
207	47.30771228589425	10359.680899745394	247.19018097928785	0.0	171.20852958330346	47.30771228589425
208	49.87189921143593	10409.552798956838	248.4089073174201	0.0	170.80557486454174	49.87189921143593
209	52.32161871628225	10461.874417673116	251.64547303174896	0.0	172.14599349585922	52.32161871628225
210	47.1934296270807	10509.067847300195	249.92597755271618	0.0	174.04917995278632	47.1934296270807
211	48.92094595294822	10557.98879325315	248.41798081991757	0.0	175.55350172538223	48.92094595294822
212	48.88342100949885	10606.872214262643	248.7499406350038	0.0	175.87477747563506	48.88342100949885
213	46.76291218043675	10653.635126443083	243.90787696091866	0.0	175.8860852780922	46.76291218043675
214	48.97172286580601	10702.606849308884	245.07522875175644	0.0	174.8752523190132	48.97172286580601
215	48.54562185462257	10751.15247116351	243.1417755100733	0.0	175.85959015064378	48.54562185462257
216	48.164407259124324	10799.316878422636	241.8126484940692	0.0	177.34915521041023	48.164407259124324
217	48.31532949306584	10847.6322079157	239.6520624369368	0.0	178.36697428166278	48.31532949306584
218	49.02506297655284	10896.657270892254	240.36984364891617	0.0	179.03289281461585	49.02506297655284
219	49.352061993659355	10946.00933288591	239.87830222981168	0.0	178.79153433205087	49.352061993659355
220	49.02636124362253	10995.035694129532	240.55966676658224	0.0	178.05252003873437	49.02636124362253
221	50.01707524579291	11045.052769375327	243.38513283689915	0.0	182.16045338591564	50.01707524579291
222	48.75094256419549	11093.803711939518	243.73621373893909	0.0	184.19746410559043	48.75094256419549
223	49.727684773180954	11143.531396712706	242.26879546343196	0.0	182.4410694090608	49.727684773180954
224	49.14294679468756	11192.674343507386	240.2144386984413	0.0	183.49375561517942	49.14294679468756
225	49.232436172722046	11241.906779680116	240.26097900676257	0.0	184.48029713228095	49.232436172722046
226	48.301884306432974	11290.208663986545	240.74451074921097	0.0	183.10623712265186	48.301884306432974
227	47.375335297322955	11337.583999283872	240.12160764997054	0.0	184.05482748855408	47.375335297322955
228	51.28341194342831	11388.867411227297	242.59266734637833	0.0	184.94043020164264	51.28341194342831
229	49.25618519239502	11438.123596419686	241.55131209388773	0.0	185.27596766500773	49.25618519239502
230	51.728920574793534	11489.852516994488	244.96238686721867	0.0	185.83494952861133	51.728920574793534
231	48.29414827369386	11538.14666526818	243.75299108719034	0.0	185.45726561482365	48.29414827369386
232	49.777436694718375	11587.924101962899	244.69691192929776	0.0	184.90094094626846	49.777436694718375
233	51.07088441927026	11638.994986382166	246.52000812803723	0.0	183.7324839872155	51.07088441927026
234	49.832219168917234	11688.82720555108	246.696329624108	0.0	184.56467800752228	49.832219168917234
235	50.57240689696164	11739.399612448047	247.83613285649568	0.0	184.47564670237034	50.57240689696164
236	49.19334587694484	11788.592958324987	246.1935341532655	0.0	182.6565094475119	49.19334587694484
237	48.81996315203789	11837.412921477027	247.12948581088548	0.0	182.79268690952915	48.81996315203789
238	49.214109469646246	11886.627030946673	247.67531792588295	0.0	185.06950586276616	49.214109469646246
239	49.255033888828784	11935.88206483551	247.1618619435846	0.0	185.89402078960578	49.255033888828784
240	51.46495591290272	11987.347020748402	250.85783482403053	0.0	187.92754258772416	51.46495591290272
241	48.843262586987905	12036.190283335394	251.31782794306912	0.0	187.6183628689155	48.843262586987905
242	49.1102671477599	12085.300550483156	252.4484309138378	0.0	186.3717447401978	49.1102671477599
243	48.86912919874443	12134.169679681903	253.42718744215773	0.0	185.49079215139236	48.86912919874443
244	48.08688712207318	12182.25656680397	254.02063988888887	0.0	186.7513330904788	48.08688712207318
245	50.55780146071558	12232.814368264682	255.61882305206097	0.0	186.0127513948013	50.55780146071558
246	47.63344832700247	12280.447816591683	253.59890676127318	0.0	184.1320329755143	47.63344832700247
247	51.650934620228384	12332.098751211912	257.0377037821501	0.0	185.79998614029304	51.650934620228384
248	48.71455950534827	12380.813310717267	257.6501028030294	0.0	188.44624305927775	48.71455950534827
249	49.0992507550683	12429.912561472333	257.4178653597365	0.0	187.5243756583154	49.0992507550683
250	47.81141923206684	12477.723980704399	257.42247733023214	0.0	187.58491195469895	47.81141923206684
251	49.41589517186704	12527.13987587627	259.1906870125612	0.0	190.5667440653976	49.41589517186704
252	48.65898866096876	12575.798864537242	258.2354995517685	0.0	191.15744020149188	48.65898866096876
253	49.650716692296285	12625.449581229534	259.61888458167067	0.0	191.83154878340886	49.650716692296285
254	49.74550128750522	12675.195082517033	261.7368353654341	0.0	193.17052926002893	49.74550128750522
255	48.75479573673462	12723.949878253778	262.62701624953286	0.0	191.624163596626	48.75479573673462
256	49.34947464186735	12773.299352895638	264.7867766730726	0.0	194.55646372920341	49.34947464186735
257	49.33125005961785	12822.630602955262	264.6956723136027	0.0	192.98063061599362	49.33125005961785
258	45.97642551807731	12868.607028473332	261.4724334361035	0.0	191.40831775790315	45.97642551807731
259	48.69129488729264	12917.298323360636	261.671381794392	0.0	191.83033390046515	48.69129488729264
260	48.54677449656035	12965.845097857185	259.6921112149298	0.0	191.97684964212223	48.54677449656035
261	47.377965022544394	13013.223062879728	257.2416573637744	0.0	194.23888922330624	47.377965022544394
262	47.213377235250434	13060.43644011498	255.9785722516061	0.0	195.46634032690304	47.213377235250434
263	49.49167349971865	13109.928113614702	256.399183008139	0.0	193.57575854605997	49.49167349971865
264	49.465762767436125	13159.393876382139	258.03004592927095	0.0	192.05217467637223	49.465762767436125
265	46.97235617970434	13206.366232561842	254.3391738115366	0.0	190.9056906559124	46.97235617970434
266	46.83707714163464	13253.203309703486	253.859026999887	0.0	192.65427554007059	46.83707714163464
267	51.139187641002565	13304.342497344483	256.9770291153925	0.0	192.3713503271151	51.139187641002565
268	47.974240905622445	13352.316738250114	255.86489768241196	0.0	192.27950717466777	47.974240905622445
269	49.47358381519009	13401.790322065293	255.97294946436642	0.0	191.31170676998332	49.47358381519009
270	48.63947721235347	13450.429799277648	253.8403477982252	0.0	191.39933842366796	48.63947721235347
271	47.14391220910332	13497.573711486744	252.18146259022643	0.0	193.01260154281684	47.14391220910332
272	47.474647768777814	13545.04835925553	250.4139530633277	0.0	195.76288171083343	47.474647768777814
273	48.41552482141658	13593.463884076944	251.57923204870704	0.0	194.80474770055446	48.41552482141658
274	48.05731794864491	13641.521202025588	250.4526792217169	0.0	196.68226962824883	48.05731794864491
275	49.5121350499692	13691.033337075569	251.701400773208	0.0	197.8526581771358	49.5121350499692
276	47.872061527339035	13738.905398602896	249.07991133412034	0.0	197.36338883432194	47.872061527339035
277	47.63045995306206	13786.535858555962	248.5453778613337	0.0	198.26373136966302	47.63045995306206
278	48.2143925287248	13834.750251084692	246.98234923762732	0.0	197.38264897370053	48.2143925287248
279	48.32726704111155	13883.077518125805	248.90047900707708	0.0	195.9571170474946	48.32726704111155
280	49.86658410338705	13932.944102229187	249.32556989768688	0.0	193.78056060811306	49.86658410338705
281	47.902347159953806	13980.846449389132	249.14294072359561	0.0	195.48436632823575	47.902347159953806
282	48.13650040397904	14028.982949793117	251.1354883204341	0.0	195.55686603742103	48.13650040397904
283	48.91918619547583	14077.90213598859	250.06247985684956	0.0	196.64467409131115	48.91918619547583
284	49.70910355888434	14127.611239547481	252.33103331196503	0.0	197.64870402492713	49.70910355888434
285	48.38098151394834	14175.992221061426	250.20764895304217	0.0	198.8884219224328	48.38098151394834
286	47.40658552890528	14223.398806590329	248.37842417984444	0.0	200.39383785489332	47.40658552890528
287	48.90793251792811	14272.306739108253	250.6326259215483	0.0	199.9953151373319	48.90793251792811
288	47.43197527446584	14319.738714382725	249.1282608073946	0.0	198.6158199762835	47.43197527446584
289	49.613753972327686	14369.352468355053	250.235830542818	0.0	198.17908049933678	49.613753972327686
290	48.06997533986356	14417.42244369491	248.89368775649052	0.0	196.7077541563687	48.06997533986356
291	47.52577134670878	14464.948215041632	247.4423657171061	0.0	195.93616551992267	47.52577134670878
292	46.94545775840136	14511.893672800024	246.14483770823418	0.0	197.03638089445874	46.94545775840136
293	49.15621325181327	14561.049886051842	248.63955575850662	0.0	197.7463373827925	49.15621325181327
294	49.301387261302395	14610.35127331314	247.95564600580693	0.0	200.15013108395127	49.301387261302395
295	48.92152608751203	14659.272799400656	247.3833601845395	0.0	200.4023314847693	48.92152608751203
296	47.789938687592986	14707.06273808824	244.0212870142959	0.0	198.35330226750952	47.789938687592986
297	48.65615693965681	14755.71889502791	246.01055233128886	0.0	198.64661244518598	48.65615693965681
298	47.647353248393536	14803.366248276294	246.4993749922577	0.0	198.40476382638852	47.647353248393536
299	48.540763709548536	14851.907011985842	244.5170441431691	0.0	197.32572537763733	48.540763709548536
300	47.14004841433636	14899.047060400184	241.31036276513413	0.0	196.45357842615186	47.14004841433636
301	49.62025544919191	14948.667315849372	241.54628376636384	0.0	198.54154027167417	49.62025544919191
302	47.9292115963161	14996.59652744569	241.11209433882607	0.0	198.96702024289664	47.9292115963161
303	48.68377045760148	15045.280297903284	241.585571476608	0.0	198.52764410592317	48.68377045760148
304	46.7471986785127	15092.027496581806	239.36209657059305	0.0	198.3797435914127	46.7471986785127
305	48.42298763976812	15140.450484221574	240.01178664276583	0.0	200.1943813289912	48.42298763976812
306	47.816576549680285	15188.26706077125	237.2730345537753	0.0	199.51963083299495	47.816576549680285
307	47.107127832755886	15235.374188604002	235.2278361086386	0.0	199.82069983729647	47.107127832755886
308	49.444087809676056	15284.818276413682	235.43084899526082	0.0	200.4071884660526	49.444087809676056
309	47.55744488087647	15332.375721294555	233.49636847374808	0.0	199.76893155182367	47.55744488087647
310	49.593978102498625	15381.969699397057	236.26508408760347	0.0	200.62951533198603	49.593978102498625
311	49.56367378547101	15431.533373182534	236.11145266473272	0.0	200.75671277831515	49.56367378547101
312	47.357097809006206	15478.89047099153	232.27345033764266	0.0	202.25870881193677	47.357097809006206
313	45.97305690528762	15524.863527896821	227.62499685221172	0.0	205.43712035644256	45.97305690528762
314	49.18445944628995	15574.04798734311	228.54976008627094	0.0	205.7466107755094	49.18445944628995
315	47.72276423843388	15621.770751581558	227.16964912953193	0.0	206.87787163733918	47.72276423843388
316	49.38389338564416	15671.154644967197	227.07811448779378	0.0	208.74921234900998	49.38389338564416
317	51.36751097613023	15722.522155943321	229.63213244287195	0.0	209.78068773806746	51.36751097613023
318	49.11872464241198	15771.64088058573	232.5597809587864	0.0	209.1331941219764	49.11872464241198
319	47.51642486467935	15819.157305450417	231.17887640255518	0.0	209.76878390240697	47.51642486467935
320	49.154585136435884	15868.311890586847	230.46952053193098	0.0	208.2417515442453	49.154585136435884
321	49.429163980346246	15917.7410545672	232.31770750729927	0.0	209.33320624228395	49.429163980346246
322	49.451644777035675	15967.192699344232	232.05607583541962	0.0	208.19963645292765	49.451644777035675
323	51.09971136601964	16018.29241071025	235.3208022818755	0.0	208.91096944694252	51.09971136601964
324	48.447177771050555	16066.739588481301	234.42184950177725	0.0	209.52194604752665	48.447177771050555
325	48.24002646961613	16114.979614950915	232.2146427461414	0.0	209.6153821550246	48.24002646961613
326	47.63489879935914	16162.614513750277	228.76157436464942	0.0	211.68572417922027	47.63489879935914
327	48.424651615334824	16211.03916536561	227.71136640944212	0.0	212.32131106602824	48.424651615334824
328	48.117182463887254	16259.15634782949	225.56917595412378	0.0	213.30887615612016	48.117182463887254
329	49.4409972636082	16308.597345093114	224.33580993777431	0.0	215.16430238444062	49.4409972636082
330	49.50307145128595	16358.100416544394	225.2494211454414	0.0	213.8723195611813	49.50307145128595
331	48.85186433141635	16406.95228087581	227.27287942410476	0.0	214.5900283747916	48.85186433141635
332	48.17505657014948	16455.12733744596	226.66962865278126	0.0	214.61603923669838	48.17505657014948
333	47.54607031689943	16502.673407762857	227.53655072214912	0.0	216.3141083879046	47.54607031689943
334	49.80506171282595	16552.478469475678	227.92451568710854	0.0	218.0375460963299	49.80506171282595
335	50.49214770354606	16602.970617179235	228.18709753643188	0.0	219.37354351420026	50.49214770354606
336	49.2664464135067	16652.237063592747	230.04284064172407	0.0	221.18126314558995	49.2664464135067
337	47.796933979486454	16700.033997572224	230.5591625880648	0.0	221.96009983883198	47.796933979486454
338	47.54552213657646	16747.579519708805	228.89867239901497	0.0	222.34358192273788	47.54552213657646
339	47.213854192794	16794.793373901597	225.7276840108929	0.0	221.17430117542995	47.213854192794
340	47.41382790745353	16842.20720180905	224.38579719012242	0.0	221.80254178712462	47.41382790745353
341	49.22523664755896	16891.4324384566	225.5408486775399	0.0	222.37393650289673	49.22523664755896
342	47.26028867196006	16938.692727128564	223.64234290661935	0.0	219.7915435087121	47.26028867196006
343	47.08401952845855	16985.776746657033	221.59752948324152	0.0	221.8469677134134	47.08401952845855
344	51.12355680171399	17036.900303458748	224.18197608054732	0.0	221.1636407833891	51.12355680171399
345	46.732381729971124	17083.632685188713	221.17220085270608	0.0	222.4837004069699	46.732381729971124
346	49.70650960941492	17133.33919479812	222.2589924637114	0.0	223.8247373394425	49.70650960941492
347	48.707162080184055	17182.046356878313	221.7950099512322	0.0	223.04483882457814	48.707162080184055
348	48.40851131282719	17230.454868191133	224.4015290225585	0.0	223.40980218424977	48.40851131282719
349	48.68942096569876	17279.144289156833	225.67939076245645	0.0	226.38880857701835	48.68942096569876
350	47.48391597780779	17326.62820513465	222.5997015367312	0.0	227.75673469333378	47.48391597780779
351	48.652008461712654	17375.280213596357	222.41936839011203	0.0	226.3519977885145	48.652008461712654
352	49.530335158116344	17424.810548754474	225.0875936113336	0.0	225.06167128614388	49.530335158116344
353	50.3928170145975	17475.203365769066	226.64752346463152	0.0	225.4399850931987	50.3928170145975
354	47.14827226360117	17522.35163803267	223.96645306118637	0.0	225.91479751245538	47.14827226360117
355	53.31835748777653	17575.669995520442	228.1986080732844	0.0	227.6962531554224	53.31835748777653
356	50.70162286036875	17626.371618380806	229.5741607988063	0.0	226.81392005511574	50.70162286036875
357	47.58518179633734	17673.95680017716	230.24273825282253	0.0	226.35122731175235	47.58518179633734
358	46.53757517716381	17720.49437535431	230.00762850876694	0.0	224.50573931243858	46.53757517716381
359	46.4699563805432	17766.964331734856	227.44604995418015	0.0	223.92763360634817	46.4699563805432
360	50.3422542618115	17817.306585996674	229.65340750467686	0.0	224.17241211746457	50.3422542618115
361	48.77704969588942	17866.083635692554	229.5496676550404	0.0	222.01289129844426	48.77704969588942
362	47.05441103757666	17913.13804673013	228.06472225282977	0.0	220.3431832423062	47.05441103757666
363	49.07248122174226	17962.210527951884	226.58926316307762	0.0	219.64755996327315	49.07248122174226
364	50.15430770683034	18012.364835658715	228.46393496870803	0.0	220.49499716090025	50.15430770683034
365	49.25456769914728	18061.61940335786	228.91867821616088	0.0	223.66340546071444	49.25456769914728
366	46.820728317291525	18108.44013167515	226.72401861793452	0.0	224.19979293978554	46.820728317291525
367	47.90086663578252	18156.340998310927	225.15630109871014	0.0	225.00425177689303	47.90086663578252
368	49.87327167679634	18206.21426998773	224.10992224862707	0.0	225.52765055087772	49.87327167679634
369	49.5635607373656	18255.777830725096	226.5059774077119	0.0	224.4124454219596	49.5635607373656
370	48.75720687299005	18304.535037598085	226.17681748082066	0.0	225.8935735932741	48.75720687299005
371	50.564006717104746	18355.099044315182	228.51335131819673	0.0	223.6587137917164	50.564006717104746
372	48.36631489893467	18403.46535921413	229.0070703652504	0.0	226.1976042304088	48.36631489893467
373	48.84928704638684	18452.31464626051	227.84599954715742	0.0	226.54906393980727	48.84928704638684
374	47.013822702468005	18499.328468962976	227.67234705884235	0.0	227.56287223504043	47.013822702468005
375	49.98845903532041	18549.316927998298	229.02862397108922	0.0	230.89334005574386	49.98845903532041
376	51.18076750586771	18600.497695504164	232.5499921465214	0.0	233.2751586533749	51.18076750586771
377	46.12089689542374	18646.618592399594	228.87601961184103	0.0	231.8846248660299	46.12089689542374
378	47.34815236755851	18693.96674476714	225.58770671864752	0.0	233.49435451156145	47.34815236755851
379	48.610101904431104	18742.576846671578	225.59728344493539	0.0	231.9617034283793	48.610101904431104
380	49.66058181243135	18792.237428484008	225.1517138432541	0.0	233.57640864023165	49.66058181243135
381	47.4310554107963	18839.668483894802	222.5814971856288	0.0	235.1184143888137	47.4310554107963
382	49.00057185672247	18888.669055751525	221.40580190584726	0.0	237.08046618735696	49.00057185672247
383	48.67930624167661	18937.34836199319	222.271428510933	0.0	237.44900910261563	48.67930624167661
384	48.15631947576317	18985.504681468963	219.2814695744685	0.0	240.44623117400573	48.15631947576317
385	49.13532550161117	19034.640006970578	220.5630112644692	0.0	241.57324522075496	49.13532550161117
386	49.520118436771845	19084.16012540735	220.98586549272517	0.0	243.3762850408035	49.520118436771845
387	49.74412076577181	19133.90424617313	222.2847927330939	0.0	243.48133486694263	49.74412076577181
388	46.829242491483484	19180.733488664602	220.0569880146196	0.0	244.43643244448162	46.829242491483484
389	50.04162768728483	19230.775116351888	221.28904564913054	0.0	244.1417324500281	50.04162768728483
390	49.54586345676524	19280.32097980867	222.1396317044781	0.0	246.5086604521531	49.54586345676524
391	47.26968812248707	19327.59066793114	222.03500595652375	0.0	245.89387728429594	47.26968812248707
392	48.18457414704959	19375.7752420782	222.66046162747946	0.0	246.4368305859808	48.18457414704959
393	51.294254896923384	19427.06949697512	224.8717332025827	0.0	246.11270890690406	51.294254896923384
394	48.607389756667715	19475.676886731788	224.5394772922821	0.0	246.16420895735172	48.607389756667715
395	49.00310130952264	19524.679988041302	225.7963358143379	0.0	244.03363257114341	49.00310130952264
396	49.00651124271577	19573.686499284024	226.6939923814629	0.0	244.44008918735216	49.00651124271577
397	50.99317388896818	19624.679673172977	229.52474053168643	0.0	242.03721427659474	50.99317388896818
398	48.325049019434346	19673.004722192432	229.19619460580267	0.0	244.14114478628704	48.325049019434346
399	48.377478863509886	19721.38220105595	227.5146380555811	0.0	243.2828254242901	48.377478863509886
400	49.889270553801886	19771.271471609736	229.93284954064478	0.0	241.80411497880561	49.889270553801886
401	47.94334737438095	19819.214818984117	227.9092412523978	0.0	241.55041202662926	47.94334737438095
402	48.64045469995396	19867.855273684083	229.688334695925	0.0	241.4539317550735	48.64045469995396
403	50.99352105587227	19918.848794739937	233.68867542092886	0.0	239.35691150845753	50.99352105587227
404	46.68991635310308	19965.538711093042	231.43729180700964	0.0	239.1126088267709	46.68991635310308
405	48.00407913701236	20013.54279023005	230.8301995950116	0.0	237.99578792503706	48.00407913701236
406	50.173711698390456	20063.71650192846	231.38076286571842	0.0	238.36981849207442	50.173711698390456
407	51.137926735700994	20114.854428664155	233.39061646638757	0.0	237.90716408656348	51.137926735700994
408	47.84737222887412	20162.70180089303	233.03467024290217	0.0	238.0675580745735	47.84737222887412
409	47.11627129441292	20209.818072187438	231.7335055584554	0.0	236.96233799634587	47.11627129441292
410	49.414756703422526	20259.232828890857	230.3526464364347	0.0	238.2376884275016	49.414756703422526
411	48.49765261785747	20307.730481508715	231.17315586458125	0.0	240.79540856001609	48.49765261785747
412	47.009118087785126	20354.739599596505	227.29068960766293	0.0	242.27464111551905	47.009118087785126
413	49.29341498923357	20404.03301458574	230.24199097252247	0.0	243.8725810881642	49.29341498923357
414	51.229334437055826	20455.26234902279	232.78429450302073	0.0	243.06709789350919	51.229334437055826
415	48.70035804314535	20503.96270706593	232.79618138825296	0.0	243.62057665016576	48.70035804314535
416	49.11356658509839	20553.076273651048	233.38230093762684	0.0	244.57599322929917	49.11356658509839
417	48.99224638349888	20602.068520034536	236.80410740224514	0.0	245.57883034399455	48.99224638349888
418	50.58079288702779	20652.649312921567	237.93322017358628	0.0	247.22449808339897	50.58079288702779
419	50.087146053095374	20702.73645897466	239.66763766564077	0.0	248.326834491254	50.087146053095374
420	48.417336056757414	20751.153795031427	238.12356293052423	0.0	249.59151819125523	48.417336056757414
421	49.34160334529188	20800.495398376708	239.0378120361063	0.0	248.96499369768054	49.34160334529188
422	48.37132417379296	20848.866722550505	237.0483531122689	0.0	249.24879914194392	48.37132417379296
423	50.32300774675456	20899.189730297254	240.55658593285318	0.0	249.5215473842762	50.32300774675456
424	48.88960426848072	20948.079334565733	242.37541931951264	0.0	249.7512230966159	48.88960426848072
425	49.9108253381853	20997.99015990392	243.0491910290228	0.0	252.58220462997937	49.9108253381853
426	51.347226880610236	21049.337386784544	244.36859155794536	0.0	251.4034970766216	51.347226880610236
427	50.94531079168339	21100.28269757622	243.97280742018467	0.0	253.2204671136995	50.94531079168339
428	47.48776954410048	21147.770467120306	241.8695868911422	0.0	254.37601515453102	47.48776954410048
429	47.068825449627155	21194.839292569945	241.29509173723645	0.0	254.3103637146341	47.068825449627155
430	50.59334671096582	21245.432639280916	243.99642029667783	0.0	254.82799187759997	50.59334671096582
431	47.51467216321421	21292.94731144412	243.2009815614214	0.0	254.94167145512836	47.51467216321421
432	51.443474070381846	21344.39078551451	246.95338278894005	0.0	253.42074339597315	51.443474070381846
433	49.51868429046985	21393.90946980497	248.67659119636625	0.0	253.99199917111915	49.51868429046985
434	50.87206866252727	21444.78153846751	250.51879683854906	0.0	254.9203968030307	50.87206866252727
435	48.27363442373975	21493.05517289124	250.30735257378447	0.0	255.41985078461514	48.27363442373975
436	47.94640951637338	21541.001582407625	251.3665994130897	0.0	253.34843847920828	47.94640951637338
437	48.5757742413689	21589.577356648984	251.65210070964065	0.0	254.03091463063225	48.5757742413689
438	50.29663478600745	21639.873991434994	252.4194503812922	0.0	255.13740180740092	50.29663478600745
439	48.415683103306726	21688.289674538293	251.40425006044347	0.0	254.17145061716286	48.415683103306726
440	48.49471443624809	21736.784388974538	251.57744146596232	0.0	254.6747680193725	48.49471443624809
441	48.36601627179389	21785.15040524635	250.1090564121975	0.0	256.1891221250121	48.36601627179389
442	47.07316826614595	21832.223573512485	248.06322762638348	0.0	256.75427127359046	47.07316826614595
443	47.37990282617647	21879.603476338667	244.36747626957512	0.0	257.05660846776243	47.37990282617647
444	48.394876421967595	21927.99835276063	245.08929202985763	0.0	255.4536839210858	48.394876421967595
445	49.13932961331142	21977.13768237394	245.83659326870057	0.0	255.53311560714997	49.13932961331142
446	47.857872778046385	22024.995555151985	243.53435096024998	0.0	254.54576305734176	47.857872778046385
447	49.74544390146938	22074.740999053454	245.4394783316415	0.0	254.66923600192308	49.74544390146938
448	47.90004497315784	22122.641044026608	243.71024875057333	0.0	252.88452092482493	47.90004497315784
449	47.30824757216692	22169.949291598787	243.11082908308708	0.0	254.375453245091	47.30824757216692
450	48.86316194340643	22218.812453542192	244.95422319378065	0.0	253.09085506295145	48.86316194340643
451	49.704677458818054	22268.51713100101	245.21575103525632	0.0	250.8458353777523	49.704677458818054
452	46.72660012732051	22315.24373112833	241.47674349319476	0.0	250.64603765300745	46.72660012732051
453	48.79357101474118	22364.037302143075	243.88458708116897	0.0	252.24289263438797	48.79357101474118
454	47.76884818660941	22411.806150329678	242.95261807334356	0.0	251.14143177552748	47.76884818660941
455	48.23434848449264	22460.040498814164	242.2299833798006	0.0	249.52769486480602	48.23434848449264
456	49.010717092089514	22509.051215906264	244.92729544431302	0.0	247.73957814440965	49.010717092089514
457	46.01879676279083	22555.07001266906	242.01932763357607	0.0	247.83690856072704	46.01879676279083
458	47.74774821457706	22602.817760883627	240.52279413132956	0.0	247.2960980619853	47.74774821457706
459	47.767450213651564	22650.585211097266	239.18325022217348	0.0	246.59130206420747	47.767450213651564
460	47.220153516675026	22697.805364613956	238.54007953709305	0.0	247.1458040008611	47.220153516675026
461	48.311263367915345	22746.116627981868	238.53174158411574	0.0	249.01056241731092	48.311263367915345
462	49.63115361918188	22795.747781601058	240.97511660096384	0.0	252.4999837467376	49.63115361918188
463	51.90656866986186	22847.654350270917	243.41249365859144	0.0	252.4386331430887	51.90656866986186
464	48.091186016559675	22895.745536287483	243.86353024972922	0.0	252.22962997245511	48.091186016559675
465	46.856484178185276	22942.602020465652	240.96663018259002	0.0	253.0420039255007	46.856484178185276
466	47.032730470354515	22989.634750936017	239.12984096336626	0.0	254.73233296611784	47.032730470354515
467	49.460482156012034	23039.095233092034	236.65509835142203	0.0	253.3584670413012	49.460482156012034
468	47.018167380365405	23086.1134004724	235.83802322722477	0.0	254.4492090182346	47.018167380365405
469	47.12206077668615	23133.235461249067	233.667183868027	0.0	254.8423745115421	47.12206077668615
470	47.92715639097251	23181.162617640057	232.881116188102	0.0	255.55521061476796	47.92715639097251
471	48.915100543504906	23230.077718183547	232.51849429700167	0.0	255.0900353823084	48.915100543504906
472	50.32723807435549	23280.4049562579	233.9967732343145	0.0	256.137492403945	50.32723807435549
473	46.865605789695245	23327.2705620476	232.04912570354298	0.0	256.7088493289537	46.865605789695245
474	47.19590021733259	23374.466462264936	229.0197287821907	0.0	258.71224031676496	47.19590021733259
475	50.43026948570752	23424.896731750643	231.14682054742275	0.0	258.2402337154365	50.43026948570752
476	48.704288709819046	23473.601020460468	229.5437850661048	0.0	257.7703384174233	48.704288709819046
477	51.343465073855384	23524.944485534328	233.59422196428838	0.0	256.74067060791106	51.343465073855384
478	48.19990043247506	23573.144385966792	231.89792896731848	0.0	257.1689782182499	48.19990043247506
479	49.84497833715815	23622.989364303954	230.28925816324238	0.0	258.85707583359687	49.84497833715815
480	48.14955291261134	23671.13891721657	229.9393036098516	0.0	260.0319736609101	48.14955291261134
481	48.16014581271231	23719.29906302928	230.27955433265808	0.0	258.95332612181187	48.16014581271231
482	46.262525311506494	23765.5615883408	227.765693505477	0.0	258.1967407489079	46.262525311506494
483	48.56900742141764	23814.13059576221	225.92205221759326	0.0	258.1716087639646	48.56900742141764
484	49.9490002790917	23864.079596041305	230.55430658533012	0.0	258.90123187625613	49.9490002790917
485	47.768058320380966	23911.847654361663	229.09555938821006	0.0	258.5223157953597	47.768058320380966
486	47.30965510106425	23959.157309462727	228.1831418149151	0.0	258.5911491915511	47.30965510106425
487	46.80663387323905	24005.963943335977	225.21077417262939	0.0	258.2045065807487	46.80663387323905
488	48.53732498870601	24054.50126832467	225.49304896056944	0.0	257.03547729276033	48.53732498870601
489	49.23740547126847	24103.738673795946	228.29083415471501	0.0	259.2221209092106	49.23740547126847
490	49.494917567200574	24153.233591363154	229.01936855900922	0.0	260.99975856520155	49.494917567200574
491	49.906558431606236	24203.14014979475	231.50830261011052	0.0	260.0350884306806	49.906558431606236
492	52.361311299862	24255.501461094624	234.932314736752	0.0	263.0332539838816	52.361311299862
493	48.022457703580976	24303.523918798208	234.22246916258055	0.0	263.6283473244902	48.022457703580976
494	47.7036396421412	24351.227558440347	233.69108492736095	0.0	265.5494736772599	47.7036396421412
495	46.27035185179511	24397.49791029214	232.9626016952233	0.0	267.5895109033521	46.27035185179511
496	48.91005525554777	24446.40796554769	233.9234458375302	0.0	270.2569152689211	48.91005525554777
497	48.70768176149311	24495.115647309194	234.2421296395428	0.0	269.7465171692873	48.70768176149311
498	48.24951907620426	24543.365166385378	233.19728455435413	0.0	270.4063682930859	48.24951907620426
499	49.513542858239276	24592.87870924361	234.2430354439631	0.0	270.9039006013819	49.513542858239276
500	49.62998963546572	24642.50869887908	234.69183116451663	0.0	269.6339019489632	49.62998963546572
501	51.68441950294345	24694.193118382027	238.40933789287428	0.0	271.4072286151529	51.68441950294345
502	48.655848933951305	24742.84896731599	238.67804241334258	0.0	271.4967739045101	48.655848933951305
503	48.52567729717686	24791.374644613163	238.75887637823456	0.0	271.5242245832255	48.52567729717686
504	49.49263799186255	24840.86728260502	237.37418666287883	0.0	271.40007075044576	49.49263799186255
505	49.47439723210459	24890.341679837125	238.48716432709094	0.0	270.6850958416783	49.47439723210459
506	49.45613587657073	24939.797815713697	240.1822192717772	0.0	270.7378939754717	49.45613587657073
507	48.65127481906513	24988.449090532773	239.4086765825327	0.0	269.44890803399966	48.65127481906513
508	47.389466146887656	25035.83855667966	237.33972281613555	0.0	270.0733403221603	47.389466146887656
509	48.419664768619874	25084.25822144827	235.11358480452975	0.0	268.86982804081487	48.419664768619874
510	48.75246451961346	25133.010685967874	232.4264155453003	0.0	268.59833895708823	48.75246451961346
511	47.454634588737484	25180.46532055662	230.72341348090646	0.0	270.7095195255648	47.454634588737484
512	47.242615043970964	25227.707935600585	228.6254276818028	0.0	270.4835838265208	47.242615043970964
513	51.997021647980546	25279.70495724857	233.01050096783695	0.0	270.86567831668657	51.997021647980546
514	50.82461247580377	25330.52956972438	233.36874250766104	0.0	271.5279533879095	50.82461247580377
515	46.40390417874487	25376.933473903133	230.3272331496404	0.0	271.4059215481255	46.40390417874487
516	49.10189612724609	25426.035370030353	227.95411146047206	0.0	273.7326318431283	49.10189612724609
517	49.89593618678281	25475.93130621715	229.64973110208385	0.0	274.228052910155	49.89593618678281
518	49.19756015590945	25525.128866373052	228.52127550749802	0.0	276.2130313629215	49.19756015590945
519	46.59565386937069	25571.724520242427	225.7374893686207	0.0	274.7825518271625	46.59565386937069
520	48.424840140827094	25620.149360383246	225.7374893686207	0.0	276.0101228906661	48.424840140827094
