task	reward	total_reward	total_regret	relative	total_reward_dev	joules
0	75.40466815307282	75.40466815307282	4.126610705609734	0.0	17.581774514569528	75.40466815307282
1	74.81265829419078	150.21732644726362	6.531332864035558	0.0	28.24488200086568	74.81265829419078
2	75.29856637994818	225.51589282721164	12.007789942876675	0.0	33.49233803764689	75.29856637994818
3	78.24448343874867	303.76037626596036	19.151748403011535	0.0	43.48442170509807	78.24448343874867
4	78.54520070321831	382.30557696917873	26.57565395997061	0.0	53.401665484612266	78.54520070321831
5	73.69996658109035	456.00554355026924	29.518040992677175	0.0	59.07153286938702	73.69996658109035
6	76.49614530705531	532.5016888573241	34.975085859029086	0.0	64.2250380246948	76.49614530705531
7	73.54923195809441	606.0509208154186	36.98362017588418	0.0	64.14158283904143	73.54923195809441
8	77.70012873519366	683.7510495506125	42.87597457099237	0.0	66.32537467647393	77.70012873519366
9	74.41072137271205	758.1617709233245	44.953025248018776	0.0	73.99606197048264	74.41072137271205
10	74.21136872331765	832.3731396466421	47.42555840243318	0.0	77.62333402557782	74.21136872331765
11	75.85883930502793	908.2319789516705	52.4198575334406	0.0	84.71515176026297	75.85883930502793
12	73.9690464883925	982.2010254400624	56.1676786122883	0.0	86.46806712540916	73.9690464883925
13	79.32500569786288	1061.5260311379252	64.45495349598957	0.0	89.81669134305358	79.32500569786288
14	71.66519110723092	1133.191222245156	65.79006001309368	0.0	88.135311227032	71.66519110723092
15	74.93782300950413	1208.1290452546605	69.51437447054619	0.0	97.59136671363369	74.93782300950413
16	74.76844527339476	1282.897490528055	73.05592361357803	0.0	95.62357978634846	74.76844527339476
17	73.1712723501133	1356.0687628781689	75.94092818591744	0.0	97.65372453136109	73.1712723501133
18	75.91997456741328	1431.9887374455823	81.0012087830055	0.0	99.07425433725267	75.91997456741328
19	76.61026780421433	1508.5990052497968	86.18762974899768	0.0	104.14978417335537	76.61026780421433
20	73.47313504714396	1582.0721402969398	87.97223405930727	0.0	105.52111863208634	73.47313504714396
21	74.15244012801647	1656.2245804249565	92.22031188157092	0.0	106.03278164125206	74.15244012801647
22	82.40069371198977	1738.6252741369462	103.3414036772558	0.0	109.8513888051288	82.40069371198977
23	76.83514665881935	1815.4604207957652	108.61439628615561	0.0	117.05818666893258	76.83514665881935
24	71.17755665362107	1886.6379774493862	109.14441436713682	0.0	116.97918895796755	71.17755665362107
25	72.70850388901653	1959.3464813384032	109.99829081419979	0.0	117.80633836975659	72.70850388901653
26	74.914344282124	2034.2608256205274	113.59778129053608	0.0	120.13015130701275	74.914344282124
27	74.43251562340839	2108.6933412439357	116.85848687298311	0.0	121.90140603752472	74.43251562340839
28	76.36178071816794	2185.055121962103	121.81313283581915	0.0	126.2358735977193	76.36178071816794
29	75.14828753832121	2260.2034095004246	126.4763530889884	0.0	131.29843104592308	75.14828753832121
30	76.6140897408309	2336.817499241255	131.8310094172395	0.0	131.64790442265348	76.6140897408309
31	70.58728292447117	2407.4047821657264	131.1503204592445	0.0	132.40055782127112	70.58728292447117
32	76.68141679202982	2484.086198957756	136.4502789833374	0.0	134.74976296456998	76.68141679202982
33	74.0553823475862	2558.1415813053436	140.10842909590127	0.0	137.3197303981889	74.0553823475862
34	75.09636352632519	2633.2379448316683	143.73161217420963	0.0	138.2673811781734	75.09636352632519
35	72.18780951143437	2705.4257543431017	144.03123771371466	0.0	140.72440205907745	72.18780951143437
36	74.67663446466422	2780.102388807767	146.8355538662637	0.0	142.53597898451244	74.67663446466422
37	77.93130603470551	2858.0336948424706	153.3679432067037	0.0	143.78495777482942	77.93130603470551
38	73.37827217435141	2931.4119670168225	155.88910424247632	0.0	143.7675942447472	73.37827217435141
39	74.29442798133289	3005.7063949981566	158.45188987171986	0.0	142.8342836798877	74.29442798133289
40	73.25051234517228	3078.956907343329	160.15072474894598	0.0	142.71223588556433	73.25051234517228
41	76.86249812185326	3155.8194054651817	167.13220202632172	0.0	148.4685128441441	76.86249812185326
42	75.6989790083549	3231.518384473537	172.56123051892843	0.0	148.201181755291	75.6989790083549
43	74.5720352507573	3306.090419724292	176.64378545806068	0.0	148.86880813279694	74.5720352507573
44	74.04267638117288	3380.1330961054655	179.1922722095336	0.0	149.45865532037308	74.04267638117288
45	74.52143013389576	3454.654526239363	182.7867587358981	0.0	149.25574097862318	74.52143013389576
46	75.85590061032251	3530.5104268496852	186.65689659086576	0.0	148.1557861200692	75.85590061032251
47	73.58819816560823	3604.0986250152932	190.48266896652888	0.0	145.32996278810074	73.58819816560823
48	76.60659927394344	3680.7052242892364	195.6109560548679	0.0	150.71199891578598	76.60659927394344
49	77.67075702394808	3758.3759813131865	202.1897414555084	0.0	153.62910625151557	77.67075702394808
50	74.44446605269827	3832.820447365883	204.70992912791982	0.0	151.95802178780463	74.44446605269827
51	74.79201376523561	3907.6124611311166	208.72482609188125	0.0	150.49065840731927	74.79201376523561
52	74.83525380901166	3982.4477149401296	212.28466945710457	0.0	151.3925217519923	74.83525380901166
53	76.47109333922297	4058.918808279353	218.33794977638146	0.0	156.97027073482198	76.47109333922297
54	79.96424605549392	4138.883054334848	227.71842975563374	0.0	158.983724485862	79.96424605549392
55	71.04737713111233	4209.93043146596	227.2773063245056	0.0	160.2397937783099	71.04737713111233
56	72.74109879785006	4282.6715302638095	228.33312236896793	0.0	160.23846746546658	72.74109879785006
57	75.58426712342424	4358.255797387234	233.8294299327938	0.0	161.9485570024359	75.58426712342424
58	74.24842394231628	4432.50422132955	237.67851482872763	0.0	165.9456877728455	74.24842394231628
59	75.50727834296308	4508.011499672513	242.2691310906085	0.0	166.96848288383012	75.50727834296308
60	73.18469238744734	4581.196192059959	244.78681252896814	0.0	169.1361899219321	73.18469238744734
61	76.8938444949625	4658.090036554922	250.89947884812096	0.0	166.3337591117341	76.8938444949625
62	74.96567630355337	4733.055712858476	253.84991666652243	0.0	172.9608728935122	74.96567630355337
63	74.43597573536978	4807.491688593846	257.7654995425545	0.0	172.77306543122788	74.43597573536978
64	77.44350291844172	4884.935191512286	265.60245129894656	0.0	174.45340397797636	77.44350291844172
65	75.62478868233912	4960.559980194626	270.7097093929106	0.0	179.0099420557612	75.62478868233912
66	73.3486688181712	5033.908649012798	272.7478162924609	0.0	179.11616082780932	73.3486688181712
67	76.10282955439929	5110.011478567198	277.9570760959234	0.0	180.33739555944345	76.10282955439929
68	72.71434464962702	5182.725823216823	280.1129645696792	0.0	182.10354745047988	72.71434464962702
69	73.5950723600849	5256.320895576909	283.00131041337505	0.0	181.4939479638688	73.5950723600849
70	74.5689544775005	5330.889850054411	286.79487922048156	0.0	182.59962198508208	74.5689544775005
71	77.40429852370184	5408.29414857811	293.4976012647001	0.0	179.94952912651127	77.40429852370184
72	76.35107324598441	5484.6452218240975	299.06737698111397	0.0	181.10732050093	76.35107324598441
73	77.19653653791757	5561.841758362015	305.60520829724504	0.0	181.5775390896733	77.19653653791757
74	74.86190734867058	5636.703665710689	308.9899452551228	0.0	180.67569404122034	74.86190734867058
75	75.3010891158889	5712.004754826575	312.28835474926683	0.0	181.71920919484205	75.3010891158889
76	72.95076315611728	5784.955517982693	314.6504805564266	0.0	182.82993975150322	72.95076315611728
77	73.6064708698876	5858.561988852577	316.33637858907764	0.0	183.32143401531127	73.6064708698876
78	76.54462131414887	5935.1066101667275	321.6807706335547	0.0	189.50563734968415	76.54462131414887
79	76.4941749220143	6011.600785088742	327.3987223258658	0.0	189.99514825156143	76.4941749220143
80	73.58793236430033	6085.188717453045	331.4162864431295	0.0	192.8428199771202	73.58793236430033
81	77.21266005058511	6162.401377503626	337.28763228608955	0.0	191.3288850429145	77.21266005058511
82	73.16258685543495	6235.56396435906	339.52598667542014	0.0	191.76208349957435	73.16258685543495
83	75.58006000745607	6311.144024366517	344.315657118953	0.0	191.64859948979583	75.58006000745607
84	76.6550997474184	6387.799124113935	348.90681344999626	0.0	197.03781186587165	76.6550997474184
85	75.00374818955352	6462.802872303491	352.3456611849744	0.0	195.68546298887182	75.00374818955352
86	74.2525338592223	6537.0554061627145	356.100541457426	0.0	198.4918886098735	74.2525338592223
87	80.51259011859733	6617.567996281307	365.9123744442627	0.0	199.62405970768708	80.51259011859733
88	72.93811059682527	6690.506106878137	368.83150601844085	0.0	201.1474206078042	72.93811059682527
89	76.70859469496179	6767.214701573098	372.76584561314684	0.0	202.2386557076065	76.70859469496179
90	75.30528164259056	6842.519983215689	378.53608837114007	0.0	202.70621090678745	75.30528164259056
91	79.2265269416222	6921.746510157307	387.209583536556	0.0	204.84220611017878	79.2265269416222
92	75.17720620608664	6996.923716363398	392.5241213216488	0.0	206.12234665721186	75.17720620608664
93	75.95283813880798	7072.876554502204	397.5614919469593	0.0	208.99617009623506	75.95283813880798
94	77.27635752902728	7150.15291203123	404.1870301761651	0.0	208.33378943012593	77.27635752902728
95	72.41060847476119	7222.563520505994	405.6871528378195	0.0	209.1574135728279	72.41060847476119
96	72.18347400057111	7294.746994506567	407.2127118153127	0.0	210.8293876080424	72.18347400057111
97	78.49990095425201	7373.246895460818	414.76274240936715	0.0	211.51063509677226	78.49990095425201
98	75.88010310051648	7449.126998561331	419.74116779394285	0.0	210.57113273852545	75.88010310051648
99	75.23597166884109	7524.362970230177	424.13035545660466	0.0	210.63556680301392	75.23597166884109
100	75.36061238842801	7599.723582618599	428.9968180443089	0.0	211.25451694774463	75.36061238842801
101	76.74207438678785	7676.46565700539	434.9591322568018	0.0	211.47379010550063	76.74207438678785
102	75.93865611082384	7752.4043131162125	439.8420560502555	0.0	212.77777799745303	75.93865611082384
103	78.17200380822717	7830.576316924443	447.47751238384825	0.0	213.9047449039582	78.17200380822717
104	75.65662772653008	7906.232944650974	451.7410868355268	0.0	214.97920585105578	75.65662772653008
105	75.0243161105873	7981.25726076156	454.84479225986126	0.0	217.55750476168254	75.0243161105873
106	77.862157974345	8059.1194187359015	462.17576118655757	0.0	220.80907384077562	77.862157974345
107	75.66684838608253	8134.786267121981	466.83383764321786	0.0	220.4246064696204	75.66684838608253
108	78.52419107853063	8213.310458200518	475.88452021897064	0.0	220.15189641633287	78.52419107853063
109	75.75262309022963	8289.063081290746	481.1961964097898	0.0	223.11915408508384	75.75262309022963
110	76.79632610765158	8365.859407398397	486.9498642090696	0.0	229.02304684231908	76.79632610765158
111	74.49976730439815	8440.359174702802	490.94352244661	0.0	228.40680093910277	74.49976730439815
112	74.16518750380507	8514.524362206601	494.9637808238091	0.0	230.2354476883895	74.16518750380507
113	79.36703473710025	8593.891396943698	503.3884700472682	0.0	240.27199366938072	79.36703473710025
114	78.25789410797387	8672.149291051675	510.40427738002984	0.0	239.9202650495324	78.25789410797387
115	74.38616989665407	8746.535460948326	513.5038223536231	0.0	245.86382811928982	74.38616989665407
116	73.11472107384866	8819.650182022175	515.3355845701557	0.0	249.09691159512505	73.11472107384866
117	76.08100328031182	8895.731185302491	519.3717913841218	0.0	244.92279109595447	76.08100328031182
118	74.26238621687621	8969.993571519368	522.4930567926921	0.0	242.806982710165	74.26238621687621
119	78.07910791276925	9048.072679432134	529.0293185402173	0.0	242.5984525069467	78.07910791276925
120	74.98663308923099	9123.059312521362	532.0504361269877	0.0	242.10495515558765	74.98663308923099
121	79.75204986731794	9202.81136238868	540.6700827584004	0.0	245.601961821836	79.75204986731794
122	77.00817916590415	9279.819541554589	547.4664481219952	0.0	248.7635516403703	77.00817916590415
123	77.02071051166378	9356.840252066251	553.2929219222158	0.0	252.44382532179023	77.02071051166378
124	71.79071768188246	9428.630969748134	554.1149634014561	0.0	251.9523150865101	71.79071768188246
125	74.23851332467059	9502.869483072804	556.9459508543234	0.0	252.53207112111642	74.23851332467059
126	74.36784390320685	9577.237326976008	559.5283875644975	0.0	251.2099460467832	74.36784390320685
127	74.592844650766	9651.830171626776	562.6415669006218	0.0	251.28179710073564	74.592844650766
128	72.57915760058185	9724.409329227357	564.6286859694529	0.0	254.23530836895944	72.57915760058185
129	79.04311742454071	9803.4524466519	573.3192363265949	0.0	253.5878946860461	79.04311742454071
130	75.78628707625204	9879.238733728149	579.2002041920614	0.0	251.87700760710024	75.78628707625204
131	78.14962285922306	9957.388356587373	586.7748414415096	0.0	253.00374215949043	78.14962285922306
132	72.87041852497225	10030.258775112346	587.9834616855879	0.0	254.0686567337313	72.87041852497225
133	74.91147104672152	10105.170246159065	590.9947206362393	0.0	257.2730577601431	74.91147104672152
134	78.64963009650523	10183.819876255571	599.6749114759842	0.0	263.431426822464	78.64963009650523
135	74.29241464565982	10258.11229090123	603.4252106225947	0.0	266.3608274543413	74.29241464565982
136	78.84479848332438	10336.957089384552	610.9131666504837	0.0	268.6756710755672	78.84479848332438
137	74.9883273855841	10411.945416770137	614.4521114130833	0.0	270.94404249217035	74.9883273855841
138	74.62373044673338	10486.569147216878	618.1144300182578	0.0	269.80323255307934	74.62373044673338
139	76.57946991456582	10563.14861713144	624.2018607160712	0.0	271.5893571188761	76.57946991456582
140	74.76267697513164	10637.911294106574	628.7640756730891	0.0	269.8960159844109	74.76267697513164
141	72.51869484773795	10710.429988954309	630.2051297907899	0.0	273.70373401454	72.51869484773795
142	75.75953508200718	10786.189524036316	634.5884419485542	0.0	273.13393888603076	75.75953508200718
143	73.06242523251261	10859.251949268826	636.305866364816	0.0	273.08224658903055	73.06242523251261
144	72.11951359679287	10931.371462865622	636.9272946071801	0.0	272.34462455474187	72.11951359679287
145	75.64065488826137	11007.01211775388	641.3274450619194	0.0	273.1271244953672	75.64065488826137
146	76.37009050485	11083.38220825873	646.8320769816685	0.0	274.1105220978693	76.37009050485
147	76.96035791428636	11160.342566173022	652.6074374424909	0.0	276.12121716605327	76.96035791428636
148	79.10186351929889	11239.444429692316	660.5442989235103	0.0	278.2404296072988	79.10186351929889
149	76.23961631829667	11315.684046010614	665.809004364423	0.0	277.86094373398623	76.23961631829667
150	73.79426073518486	11389.478306745797	667.780181392123	0.0	279.9316491647379	73.79426073518486
151	78.74817624175493	11468.22648298756	675.84415984615	0.0	278.9426044647984	78.74817624175493
152	74.42186989327956	11542.648352880831	679.5418977734552	0.0	283.38108177035355	74.42186989327956
153	76.33639781204482	11618.984750692875	684.2935752706101	0.0	285.3769293812016	76.33639781204482
154	76.31842338532014	11695.303174078195	689.7835370219752	0.0	285.5598131734218	76.31842338532014
155	72.28422134752998	11767.587395425728	689.929238508267	0.0	284.9524989934189	72.28422134752998
156	83.55976300898021	11851.147158434705	702.4113753346617	0.0	290.92348649089496	83.55976300898021
157	75.62363449971305	11926.77079293443	707.5848697772954	0.0	293.51277050782886	75.62363449971305
158	74.8963513224059	12001.667144256826	711.0873265231919	0.0	292.6036864414391	74.8963513224059
159	74.48613162233653	12076.153275879164	714.1882457770721	0.0	290.8924581965022	74.48613162233653
160	78.3538112052387	12154.507087084397	722.8585928581084	0.0	288.14479619645397	78.3538112052387
161	74.18322562890516	12228.690312713305	725.5170546069676	0.0	284.10371440211793	74.18322562890516
162	75.77234365920526	12304.462656372512	729.6297198808979	0.0	285.97629355621365	75.77234365920526
163	73.75869107745245	12378.221347449966	731.5078861873662	0.0	283.6920371836953	73.75869107745245
164	73.77569524957374	12451.99704269954	735.8053121838375	0.0	281.0767320880815	73.77569524957374
165	75.15157011189527	12527.148612811432	741.4795899717255	0.0	279.7387667103237	75.15157011189527
166	77.61689295323832	12604.765505764675	748.6002149860095	0.0	282.08196717637685	77.61689295323832
167	78.41856588963991	12683.184071654305	755.8685424114743	0.0	280.83096933316637	78.41856588963991
168	72.30495673615277	12755.48902839046	756.340899453658	0.0	280.8219855724275	72.30495673615277
169	78.58700459688774	12834.076032987348	765.4937027607634	0.0	286.9282902447998	78.58700459688774
170	78.83970322943786	12912.915736216795	774.6470289909548	0.0	289.40224194340084	78.83970322943786
171	75.23679897243815	12988.152535189225	778.7353451215595	0.0	289.83908462452064	75.23679897243815
172	77.12880852192073	13065.281343711144	784.8878527451002	0.0	290.58282985220956	77.12880852192073
173	75.43555577463809	13140.716899485786	790.0554231787596	0.0	292.86468407880704	75.43555577463809
174	74.27159863756256	13214.988498123348	793.6080146594762	0.0	292.7100183825643	74.27159863756256
175	73.79044061612787	13288.778938739479	796.5784671166009	0.0	292.6339846842715	73.79044061612787
176	75.41484055562015	13364.193779295096	800.583792378478	0.0	296.18773919217205	75.41484055562015
177	74.96691135135298	13439.160690646446	805.409347656578	0.0	297.04424194430624	74.96691135135298
178	74.45147199787999	13513.612162644333	807.4889847307579	0.0	295.946164590881	74.45147199787999
179	72.83630004936082	13586.448462693696	810.1901482138934	0.0	295.12835042779	72.83630004936082
180	72.87230899092032	13659.320771684606	812.5457700422157	0.0	296.1448527670838	72.87230899092032
181	71.91703795399162	13731.237809638593	812.2551758990354	0.0	296.6873189068961	71.91703795399162
182	75.88369604353619	13807.121505682138	817.7762529943188	0.0	301.28824735442737	75.88369604353619
183	73.89243501323482	13881.013940695382	822.342519949603	0.0	299.81369301264937	73.89243501323482
184	77.91851695838334	13958.932457653755	828.6266641402685	0.0	305.160040125053	77.91851695838334
185	74.82311069942575	14033.755568353183	831.1639281273497	0.0	303.55549485204205	74.82311069942575
186	76.51950289101183	14110.275071244194	837.8818626312152	0.0	305.30256183737765	76.51950289101183
187	76.98534142676928	14187.260412670956	843.631264250789	0.0	306.4092878810989	76.98534142676928
188	75.00380585524977	14262.26421852622	847.1849529749653	0.0	309.77167564728796	75.00380585524977
189	77.68961378974491	14339.953832315961	854.34985854921	0.0	310.28575831521323	77.68961378974491
190	78.06324509073839	14418.017077406692	862.0280472180763	0.0	311.29097920762393	78.06324509073839
191	78.33411775170917	14496.351195158404	868.4336380754532	0.0	312.9248436080655	78.33411775170917
192	76.9589524726926	14573.3101476311	873.8549286126233	0.0	316.061285058997	76.9589524726926
193	75.56977821224632	14648.879925843345	877.814096784863	0.0	313.8771298385826	75.56977821224632
194	75.08961805075234	14723.969543894098	881.6988783189441	0.0	313.89554649740813	75.08961805075234
195	78.8265521403268	14802.79609603442	888.940741448754	0.0	313.7814451448293	78.8265521403268
196	77.34611827133905	14880.142214305763	893.8679436148211	0.0	312.82504832066047	77.34611827133905
197	76.35766698675509	14956.49988129252	899.7072983509295	0.0	312.85341707592016	76.35766698675509
198	74.67386951667726	15031.173750809201	904.0716252963261	0.0	314.83362687490114	74.67386951667726
199	72.97722357707386	15104.150974386263	905.6877224049239	0.0	313.29191138688424	72.97722357707386
200	78.82004994124878	15182.971024327511	912.4383578699017	0.0	318.39782805500596	78.82004994124878
201	73.0004398981549	15255.971464225675	914.1040243007682	0.0	318.60908761527674	73.0004398981549
202	79.25976746616477	15335.231231691838	922.6807112773067	0.0	320.6012260917791	79.25976746616477
203	72.7788660739896	15408.01009776582	924.8794488037645	0.0	324.4491867223345	72.7788660739896
204	73.57713390001535	15481.58723166584	926.3818151199891	0.0	325.7099800594639	73.57713390001535
205	74.16135231607547	15555.748583981926	928.9951749148738	0.0	327.41674176573497	74.16135231607547
206	76.60120061574811	15632.349784597662	934.6440884021599	0.0	325.54610013892784	76.60120061574811
207	74.46426376697801	15706.81404836465	936.9384684301594	0.0	324.4284671782171	74.46426376697801
208	76.66266472395013	15783.47671308859	942.7321168287881	0.0	323.4465665903538	76.66266472395013
209	73.94835093581416	15857.4250640244	947.0209192797157	0.0	322.3198831968154	73.94835093581416
210	74.74383601786008	15932.16890004227	951.537764675805	0.0	321.2934689074789	74.74383601786008
211	73.54902159963612	16005.717921641903	953.2399271057809	0.0	317.82273771396177	73.54902159963612
212	76.70819570947972	16082.426117351379	958.6841289150464	0.0	315.5555780544493	76.70819570947972
213	75.48137170216401	16157.907489053545	964.3527619148771	0.0	316.22537930961465	75.48137170216401
214	73.40682001495615	16231.314309068495	967.320156460157	0.0	315.30890098456365	73.40682001495615
215	74.92767563431008	16306.24198470281	971.4438066330381	0.0	316.4422442226008	74.92767563431008
216	72.74275095939225	16378.984735662207	973.7638543113997	0.0	316.43824086226937	72.74275095939225
217	73.49153413344179	16452.47626979565	975.9968772527839	0.0	316.58885257442176	73.49153413344179
218	73.90083445034979	16526.377104246	978.3123376148606	0.0	318.9788319331503	73.90083445034979
219	77.65426938892749	16604.031373634924	984.2141835929569	0.0	319.3086559841952	77.65426938892749
220	74.13695060531775	16678.168324240247	985.9621424970189	0.0	317.0470148217958	74.13695060531775
221	74.23790470082906	16752.40622894108	989.6613439307424	0.0	314.76718047929137	74.23790470082906
222	74.28393052574977	16826.690159466812	993.2307582421251	0.0	315.4783368956049	74.28393052574977
223	76.96254505217586	16903.65270451899	999.8719861940766	0.0	315.397121543591	76.96254505217586
224	74.58119614265482	16978.23390066165	1002.7368644320459	0.0	317.067029251001	74.58119614265482
225	75.61723550382116	17053.851136165475	1006.229686799615	0.0	317.4325920012004	75.61723550382116
226	78.54492593597307	17132.39606210144	1014.8319610793463	0.0	312.985089529782	78.54492593597307
227	74.5148318172508	17206.91089391869	1017.1517810382479	0.0	313.5949764406916	74.5148318172508
228	74.42680491700125	17281.337698835694	1020.6053402024107	0.0	312.3993628376431	74.42680491700125
229	75.35683645522164	17356.694535290917	1024.5427224743596	0.0	310.616050388743	75.35683645522164
230	79.04541065650487	17435.73994594743	1031.4404431006633	0.0	315.240739091333	79.04541065650487
231	77.31988128743181	17513.059827234858	1037.5904047140205	0.0	317.2718355289878	77.31988128743181
232	75.78485647136998	17588.844683706222	1042.44093172698	0.0	316.6126562013065	75.78485647136998
233	70.9529098667507	17659.797593572974	1041.7646726193834	0.0	315.7603377678742	70.9529098667507
234	76.79391894584003	17736.59151251882	1046.3861077050858	0.0	320.98186089888594	76.79391894584003
235	73.13034140666402	17809.721853925486	1047.4669442697027	0.0	320.3895345374153	73.13034140666402
236	71.50857701103672	17881.230430936514	1047.7394904046732	0.0	319.22405385587854	71.50857701103672
237	73.13972358320798	17954.370154519725	1049.1707437096088	0.0	320.53005334404014	73.13972358320798
238	77.3755383770806	18031.745692896806	1055.2064722817404	0.0	326.3492632029511	77.3755383770806
239	75.60761184392386	18107.353304740733	1058.883570222093	0.0	328.25956222811453	75.60761184392386
240	73.41473086614315	18180.768035606874	1060.8812655280399	0.0	325.90011855660055	73.41473086614315
241	73.6257383809639	18254.39377398784	1063.9703518059805	0.0	325.11069307393075	73.6257383809639
242	76.98497010875002	18331.37874409659	1069.7558746614525	0.0	327.3604876928635	76.98497010875002
243	76.71975123312964	18408.098495329712	1075.3952985038093	0.0	328.01994744273765	76.71975123312964
244	74.27446069148691	18482.37295602121	1080.447567302745	0.0	329.9299219123144	74.27446069148691
245	79.67874731141958	18562.05170333262	1088.0937822522742	0.0	329.9652773035781	79.67874731141958
246	76.99951907780036	18639.05122241042	1093.4024353513348	0.0	333.13321310760466	76.99951907780036
247	76.36668246397899	18715.41790487439	1098.2684676495512	0.0	329.76869624333295	76.36668246397899
248	81.66844116054962	18797.086346034946	1109.2535901476942	0.0	326.4468923836195	81.66844116054962
249	78.85556796975267	18875.941914004707	1116.6470998793554	0.0	326.33633147578155	78.85556796975267
250	71.6938643301159	18947.63577833482	1116.6686663890325	0.0	325.8376717876686	71.6938643301159
251	73.68726359337606	19021.323041928197	1119.8665777301755	0.0	323.51731004527346	73.68726359337606
252	77.69565619228139	19099.018698120468	1126.3047358363276	0.0	324.07472838907745	77.69565619228139
253	73.42468451095625	19172.443382631427	1127.4658050819917	0.0	323.4302339372651	73.42468451095625
254	73.84646589272795	19246.28984852416	1129.9822812822063	0.0	326.38015436362855	73.84646589272795
255	76.31135309186772	19322.601201616024	1135.2366535573549	0.0	327.55524780013434	76.31135309186772
256	75.82170620909864	19398.422907825126	1140.6255962759815	0.0	328.3426468111874	75.82170620909864
257	74.05001885122934	19472.472926676357	1144.1465170491717	0.0	328.97146284095714	74.05001885122934
258	74.46079558913746	19546.933722265498	1148.8048122658518	0.0	330.85407390884694	74.46079558913746
259	75.24881967743501	19622.18254194292	1152.7652076628424	0.0	331.4162809089204	75.24881967743501
260	75.64626348379586	19697.82880542673	1157.29407039744	0.0	331.84321463030125	75.64626348379586
261	77.33112326084081	19775.159928687568	1164.2495286162878	0.0	333.91191566589487	77.33112326084081
262	80.72717286638093	19855.88710155394	1174.2344111313917	0.0	339.4467477061658	80.72717286638093
263	75.76589484594359	19931.652996399887	1178.1008613394768	0.0	335.54928978686127	75.76589484594359
264	76.27947420683002	20007.932470606705	1183.633887597382	0.0	338.95066805580814	76.27947420683002
265	75.56537818474526	20083.497848791456	1188.5893990548311	0.0	337.509847159115	75.56537818474526
266	72.12033858933195	20155.61818738079	1189.5964621306202	0.0	342.04250934786234	72.12033858933195
267	74.28638366596492	20229.90457104675	1191.539986597896	0.0	341.5090524646468	74.28638366596492
268	72.98665059261587	20302.89122163938	1193.3909097872163	0.0	340.80181348300624	72.98665059261587
269	77.19742958764608	20380.088651227023	1198.7903954485687	0.0	341.1923363999883	77.19742958764608
270	75.01814899783577	20455.106800224854	1202.1474072384306	0.0	342.17412787017156	75.01814899783577
271	77.29119223810585	20532.397992462953	1208.6980871657659	0.0	339.54917334404746	77.29119223810585
272	77.51420146138489	20609.91219392435	1214.7630256421016	0.0	338.59450574000715	77.51420146138489
273	77.21076409646413	20687.12295802082	1219.887305468767	0.0	341.4858612517302	77.21076409646413
274	74.2201150280915	20761.343073048905	1223.5748153828736	0.0	342.70741638725127	74.2201150280915
275	73.11436074262905	20834.457433791533	1224.9357124929345	0.0	342.5755721272191	73.11436074262905
276	74.52566721572376	20908.983101007252	1228.6734648403944	0.0	341.26109083981135	74.52566721572376
277	77.44283250636556	20986.425933513623	1235.5996629693668	0.0	343.29941060862984	77.44283250636556
278	76.19329519431851	21062.619228707943	1241.7983989833417	0.0	346.85271029223804	76.19329519431851
279	76.00060126932618	21138.61982997726	1247.8808429655328	0.0	346.9164745028256	76.00060126932618
280	78.54279013868036	21217.162620115945	1254.9367933320752	0.0	345.3741729941523	78.54279013868036
281	75.94072774360394	21293.103347859556	1260.471434371288	0.0	348.0967809043783	75.94072774360394
282	76.54433974828069	21369.647687607827	1265.3420254567607	0.0	350.39185453037584	76.54433974828069
283	75.79496868807573	21445.442656295905	1271.6073819455903	0.0	351.2713812921772	75.79496868807573
284	74.51694494313057	21519.959601239036	1274.8033459420296	0.0	351.5618584462812	74.51694494313057
285	76.40396589015687	21596.363567129196	1279.2099825575633	0.0	352.92690082471336	76.40396589015687
286	74.88648902591073	21671.2500561551	1283.6652185291769	0.0	351.3750786036388	74.88648902591073
287	77.85149287859542	21749.101549033694	1290.426862063031	0.0	352.4603893043441	77.85149287859542
288	76.71712110818159	21825.81867014188	1295.876064821812	0.0	353.86492881283766	76.71712110818159
289	77.8462067609818	21903.664876902854	1303.338589454752	0.0	355.45190485791176	77.8462067609818
290	75.3502559014269	21979.01513280429	1306.9349714080565	0.0	355.09186543062594	75.3502559014269
291	74.82565518642808	22053.840787990728	1311.6440303427592	0.0	358.1281116951912	74.82565518642808
292	76.39331061493583	22130.234098605644	1317.5797581465306	0.0	360.2278361048239	76.39331061493583
293	77.46364271200754	22207.697741317657	1324.2311376791072	0.0	363.1212136242032	77.46364271200754
294	76.15732547359612	22283.85506679126	1330.5200159004723	0.0	368.55424216987103	76.15732547359612
295	78.7393069353147	22362.594373726573	1337.843174621751	0.0	369.3585504867394	78.7393069353147
296	76.3540581448335	22438.948431871402	1344.2299290324381	0.0	370.1939153717202	76.3540581448335
297	74.7946382419771	22513.74307011339	1348.2769710521006	0.0	370.31862939010983	74.7946382419771
298	71.82276235022294	22585.565832463595	1350.1151631241364	0.0	372.3224970242378	71.82276235022294
299	75.85256754416443	22661.418400007784	1355.232664422311	0.0	373.2883764265396	75.85256754416443
300	76.7968826349346	22738.2152826427	1359.2639762735644	0.0	370.80017136060377	76.7968826349346
301	78.6681788656177	22816.883461508332	1367.2046752990636	0.0	376.6098017296712	78.6681788656177
302	71.68118779209472	22888.564649300417	1368.8693630487176	0.0	375.7428105572497	71.68118779209472
303	76.06586224016266	22964.63051154058	1374.824123369062	0.0	376.50989912372063	76.06586224016266
304	75.9916309793273	23040.622142519896	1381.2514193607285	0.0	381.74169268237705	75.9916309793273
305	72.25330427408787	23112.87544679399	1383.0556273072084	0.0	383.9339973710934	72.25330427408787
306	76.62296384992032	23189.49841064391	1388.5854603611733	0.0	381.14720782327896	76.62296384992032
307	76.44898312345566	23265.947393767365	1394.7719971483818	0.0	382.07493902145455	76.44898312345566
308	75.58990001367742	23341.537293781043	1399.14910948424	0.0	379.2006585247719	75.58990001367742
309	74.81246110192717	23416.349754882976	1402.672103479434	0.0	379.01238517209646	74.81246110192717
310	76.28973026591676	23492.6394851489	1406.8592306841838	0.0	378.40350490029766	76.28973026591676
311	74.67798829812138	23567.317473447005	1411.2210949843345	0.0	380.6756046626327	74.67798829812138
312	76.04920784766765	23643.366681294676	1415.7069999973362	0.0	382.98226059852266	76.04920784766765
313	75.159578262297	23718.526259556973	1418.9761234400692	0.0	381.55247812251594	75.159578262297
314	75.42177472794009	23793.948034284924	1423.7187882415021	0.0	384.2186238859416	75.42177472794009
315	75.23874419212879	23869.186778477033	1427.5615819815073	0.0	385.91491288051486	75.23874419212879
316	81.49496108820713	23950.681739565254	1439.4016959421976	0.0	389.65027201777065	81.49496108820713
317	76.11008666643578	24026.79182623169	1444.0101999453677	0.0	386.4604128130739	76.11008666643578
318	75.05542656368067	24101.847252795367	1448.0055412567945	0.0	387.1546530122948	75.05542656368067
319	78.75174242274744	24180.598995218115	1455.926674364218	0.0	390.61041822680215	78.75174242274744
320	75.75461263977826	24256.353607857887	1460.915469324124	0.0	391.4881131703825	75.75461263977826
321	76.0336208561938	24332.387228714088	1465.2959103417102	0.0	394.39976322163363	76.0336208561938
322	75.73120216216698	24408.118430876246	1469.7625511967892	0.0	395.6398681919517	75.73120216216698
323	75.6042211305194	24483.722652006767	1474.1428762302728	0.0	394.06912406826604	75.6042211305194
324	73.92525187857844	24557.64790388536	1476.1553472121125	0.0	396.02694910361174	73.92525187857844
325	75.69318320505653	24633.341087090415	1481.2234484786698	0.0	397.11800075538304	75.69318320505653
326	75.01680061874856	24708.35788770915	1485.3608253932764	0.0	398.40712937560323	75.01680061874856
327	75.92270351644294	24784.280591225597	1490.2035069052554	0.0	400.10587733218404	75.92270351644294
328	82.93476947752605	24867.215360703125	1503.3976712898686	0.0	398.2070953529566	82.93476947752605
329	77.55690308856373	24944.7722637917	1509.3704507514296	0.0	405.1170306006775	77.55690308856373
330	78.3634892832154	25023.135753074897	1516.1865158711385	0.0	405.2783075462173	78.3634892832154
331	75.40266457587852	25098.538417650772	1521.0826611274379	0.0	407.7229412972255	75.40266457587852
332	73.76035528973242	25172.298772940507	1524.197874228317	0.0	410.4696459165203	73.76035528973242
333	75.82354358147893	25248.122316521996	1528.8864335295004	0.0	411.1870443418767	75.82354358147893
334	77.9076322375818	25326.02994875957	1535.911990153472	0.0	419.9578776074872	77.9076322375818
335	72.78359325336757	25398.813542012944	1537.1413466824663	0.0	420.05517747099685	72.78359325336757
336	73.05777860445058	25471.871320617396	1539.527293294959	0.0	419.4554943848094	73.05777860445058
337	74.82153703291338	25546.692857650312	1543.5781902529543	0.0	421.7028121609112	74.82153703291338
338	74.61575822868608	25621.308615878992	1546.9751386465286	0.0	425.10300335088255	74.61575822868608
339	73.00490688983724	25694.313522768818	1548.6266893961886	0.0	424.77502176678433	73.00490688983724
340	76.27005471853833	25770.583577487367	1554.1155698790399	0.0	426.06081080629923	76.27005471853833
341	76.89361705941306	25847.477194546795	1559.96757104172	0.0	425.89787362273285	76.89361705941306
342	74.2522746129889	25921.72946915977	1563.7790325086776	0.0	422.7772926189506	74.2522746129889
343	78.45492210578223	26000.18439126555	1571.7076025181311	0.0	423.1754269155778	78.45492210578223
344	77.45431270358124	26077.63870396914	1577.9886065278813	0.0	423.68237632151016	77.45431270358124
345	77.68146656078751	26155.320170529918	1583.4141353017333	0.0	422.9750764796389	77.68146656078751
346	74.97944647605317	26230.29961700599	1588.2148351355254	0.0	422.6485430208334	74.97944647605317
347	75.39618565813647	26305.695802664104	1591.8363811359468	0.0	425.47667875361964	75.39618565813647
348	75.29973462423398	26380.99553728834	1595.289593120478	0.0	427.3081840934081	75.29973462423398
349	73.24980517539603	26454.245342463735	1597.8409399623479	0.0	426.5768861371255	73.24980517539603
350	77.48028843502989	26531.725630898774	1604.3471019586868	0.0	426.3433384244085	77.48028843502989
351	78.59823609188403	26610.323866990664	1610.2818016724766	0.0	425.93253091780844	78.59823609188403
352	70.84881336229476	26681.17268035295	1610.3101847178941	0.0	424.64420863276314	70.84881336229476
353	74.85395640562689	26756.026636758572	1614.3924376545192	0.0	422.75367104704975	74.85395640562689
354	77.83875895306996	26833.86539571165	1621.3459049672854	0.0	426.5776755548042	77.83875895306996
355	75.34503553675194	26909.210431248397	1626.4094744930449	0.0	426.94832784103033	75.34503553675194
356	74.18509323302939	26983.39552448143	1628.9979204358012	0.0	423.4539085237722	74.18509323302939
357	69.6543002527086	27053.049824734124	1627.3539259818763	0.0	422.9523353180324	69.6543002527086
358	77.84793409547265	27130.897758829593	1635.8394932875497	0.0	421.28181195021455	77.84793409547265
359	71.45480655543577	27202.35256538504	1637.9974673659335	0.0	422.00512221478783	71.45480655543577
360	73.5629019939649	27275.915467379018	1641.3744015794289	0.0	424.62316642441164	73.5629019939649
361	79.72786789755695	27355.64333527656	1649.7374177607292	0.0	424.46757917461434	79.72786789755695
362	74.0510122546061	27429.694347531156	1652.7309927249182	0.0	423.2160578241301	74.0510122546061
363	74.01040975009643	27503.704757281263	1655.0290458415714	0.0	422.59576282648845	74.01040975009643
364	78.16952126474979	27581.874278546024	1661.6867895213927	0.0	422.0703627373744	78.16952126474979
365	75.88238391129642	27657.7566624573	1667.0954860474678	0.0	421.90223326024557	75.88238391129642
366	77.28715754952556	27735.043820006842	1672.6068519725097	0.0	422.13768613290677	77.28715754952556
367	76.28886174748023	27811.332681754324	1678.418829409258	0.0	423.8229741866264	76.28886174748023
368	76.53789835885809	27887.87058011319	1683.004638954358	0.0	424.8912128841489	76.53789835885809
369	72.26412862096862	27960.13470873415	1683.6916295919511	0.0	427.4168056924214	72.26412862096862
370	77.97462565721177	28038.10933439137	1690.469410157955	0.0	424.2750515358226	77.97462565721177
371	76.01614315940893	28114.125477550766	1696.0182740781593	0.0	422.68986890533756	76.01614315940893
372	81.16749820350084	28195.292975754273	1705.5737192938502	0.0	430.84914765567527	81.16749820350084
373	75.0236521519405	28270.316627906217	1709.5787695605372	0.0	430.9507306196822	75.0236521519405
374	74.71858489218268	28345.03521279839	1713.2445371931005	0.0	429.50043124271565	74.71858489218268
375	74.65446744216673	28419.689680240568	1717.986880979509	0.0	432.6003867844522	74.65446744216673
376	73.10842355628466	28492.79810379684	1719.6491564168218	0.0	433.5292399447791	73.10842355628466
377	75.61558475525887	28568.413688552082	1724.660526555525	0.0	432.61246207314423	75.61558475525887
378	72.31217345309874	28640.725862005205	1726.7327491481183	0.0	433.7087436022052	72.31217345309874
379	77.90722000990175	28718.633082015112	1733.1516191567334	0.0	433.47838922334347	77.90722000990175
380	77.14802720909132	28795.78110922419	1739.1981957281505	0.0	433.7999757014604	77.14802720909132
381	73.52816421369457	28869.30927343788	1740.1559725836255	0.0	433.42744337098674	73.52816421369457
382	73.14455188834971	28942.453825326236	1742.2477892762795	0.0	434.68561392876444	73.14455188834971
383	71.77623818597048	29014.230063512205	1742.498794428419	0.0	435.9192176032648	71.77623818597048
384	73.31403112626008	29087.54409463847	1744.9903700786513	0.0	438.59136599135155	73.31403112626008
385	73.26098169893821	29160.8050763374	1746.6475000768953	0.0	441.52766605212923	73.26098169893821
386	75.77830251780358	29236.583378855205	1750.7009040338733	0.0	439.8386184599315	75.77830251780358
387	74.65282069926933	29311.236199554485	1753.1387308279445	0.0	440.54055608736724	74.65282069926933
388	73.39918331281457	29384.635382867287	1756.0145344091902	0.0	443.364736005142	73.39918331281457
389	74.72492448329825	29459.360307350573	1759.250364917247	0.0	441.7119888996982	74.72492448329825
390	73.14640782522225	29532.506715175823	1760.778273345916	0.0	443.03619974162467	73.14640782522225
391	73.37442662786324	29605.881141803682	1763.202922657733	0.0	445.2215008748579	73.37442662786324
392	77.41935261461616	29683.300494418294	1770.2135356579447	0.0	449.3174664538211	77.41935261461616
393	75.34212386804654	29758.642618286325	1774.1192975159092	0.0	453.7389498819255	75.34212386804654
394	74.03856887928114	29832.681187165614	1776.2255774276011	0.0	450.14830609197594	74.03856887928114
395	77.91605158827072	29910.597238753893	1782.975263990059	0.0	448.45501170377224	77.91605158827072
396	76.8923301353341	29987.489568889236	1788.046825615733	0.0	446.0910580182343	76.8923301353341
397	75.78884383597318	30063.278412725198	1793.3522567258335	0.0	446.6383205752473	75.78884383597318
398	76.86350274612161	30140.141915471326	1799.4670996243128	0.0	445.0511488801401	76.86350274612161
399	77.23638845389836	30217.378303925212	1804.7357021780842	0.0	443.4981781959519	77.23638845389836
400	73.42115822718641	30290.799462152394	1807.691834226578	0.0	445.3921886122749	73.42115822718641
401	77.07589228084223	30367.87535443325	1813.83087180278	0.0	447.64281885157743	77.07589228084223
402	76.00379937841956	30443.879153811657	1818.4568606163805	0.0	451.04966498296653	76.00379937841956
403	75.5190531955248	30519.398207007205	1823.37161530655	0.0	453.6277934591282	75.5190531955248
404	78.22505412753543	30597.623261134733	1830.2119138873877	0.0	455.6607593486224	78.22505412753543
405	74.85305340891625	30672.476314543645	1834.723525082947	0.0	453.17478373622055	74.85305340891625
406	73.55160054719869	30746.02791509083	1837.1324506851233	0.0	453.8468545861271	73.55160054719869
407	78.22945679494012	30824.257371885797	1843.553597905302	0.0	453.9284821136346	78.22945679494012
408	77.93359459042304	30902.190966476188	1849.2225569684108	0.0	460.70372430583507	77.93359459042304
409	75.01432380744679	30977.20529028366	1853.2689962130817	0.0	459.84671543384775	75.01432380744679
410	76.22437039878318	31053.42966068243	1859.2157909112555	0.0	463.02145831929164	76.22437039878318
411	78.91724887825511	31132.346909560685	1867.0038670249276	0.0	464.03885052134336	78.91724887825511
412	75.09655344552603	31207.443463006217	1869.5978638108882	0.0	463.59473444305036	75.09655344552603
413	74.87642950382538	31282.31989251003	1872.4825034287453	0.0	460.3488985781002	74.87642950382538
414	75.95617054164491	31358.276063051675	1877.3705499579671	0.0	458.76630959030786	75.95617054164491
415	76.72666266027808	31435.00272571197	1883.1328007661502	0.0	464.13682363516	76.72666266027808
416	78.91507754342564	31513.917803255386	1892.59435000424	0.0	463.708854138373	78.91507754342564
417	76.32810990625869	31590.24591316165	1898.5413217682133	0.0	462.3133474469817	76.32810990625869
418	78.91758899357815	31669.16350215522	1905.5734139424849	0.0	460.1946219655976	78.91758899357815
419	76.70231172983242	31745.865813885048	1912.7495512323062	0.0	462.65702498236897	76.70231172983242
420	76.76631178483095	31822.632125669887	1918.4631443821156	0.0	462.47727484956897	76.76631178483095
421	73.29753514466138	31895.929660814534	1921.1937776578072	0.0	464.5029369502024	73.29753514466138
422	75.89842358156966	31971.82808439611	1925.0196017672704	0.0	468.1336456527154	75.89842358156966
423	76.167036302768	32047.99512069889	1931.6680843249974	0.0	463.0152795765451	76.167036302768
424	74.54250651334495	32122.53762721224	1936.8197717061394	0.0	465.2591647977623	74.54250651334495
425	75.66876734408838	32198.206394556317	1940.3477799930447	0.0	460.87790887365406	75.66876734408838
426	78.12046614876878	32276.326860705078	1948.2570116113136	0.0	463.22712499849666	78.12046614876878
427	73.66540821929247	32349.99226892437	1949.573564726433	0.0	464.90844800698596	73.66540821929247
428	76.42081771405455	32426.413086638433	1955.3579912565847	0.0	462.9706669006938	76.42081771405455
429	76.19330658224196	32502.60639322067	1959.5635899734043	0.0	463.12978853481667	76.19330658224196
430	71.71990732267513	32574.326300543362	1959.4110629003924	0.0	463.91206788058594	71.71990732267513
431	75.78521457199601	32650.11151511535	1964.377900051689	0.0	465.4850668345737	75.78521457199601
432	74.69277850204392	32724.804293617395	1968.4083220000841	0.0	467.7730039018337	74.69277850204392
433	74.7552024803454	32799.55949609774	1972.2135571552344	0.0	471.54057737564295	74.7552024803454
434	73.40115476370323	32872.960650861445	1975.2738381778338	0.0	471.01333493795016	73.40115476370323
435	75.95271439350668	32948.91336525495	1979.9903569490523	0.0	473.7041938502697	75.95271439350668
436	74.30110451846186	33023.21446977342	1984.0932637980532	0.0	475.12343903349586	74.30110451846186
437	79.3597957445669	33102.57426551797	1992.2895960167018	0.0	473.5642832500658	79.3597957445669
438	74.09260696484803	33176.66687248282	1995.310918736495	0.0	470.89535469205475	74.09260696484803
439	73.97707845002014	33250.64395093283	1998.8310384990548	0.0	473.09668658671205	73.97707845002014
440	77.40859730323695	33328.052548236075	2003.643250785977	0.0	472.8257593875549	77.40859730323695
441	73.72704433102128	33401.7795925671	2006.364628696196	0.0	475.6667406771687	73.72704433102128
442	79.23741414237753	33481.017006709495	2014.3483917365731	0.0	477.11081686293926	79.23741414237753
443	77.02511319450836	33558.042119903985	2020.6623512254935	0.0	480.4357753482126	77.02511319450836
444	76.76926542170509	33634.81138532569	2027.0115927460972	0.0	480.40773164124687	76.76926542170509
445	76.60639105095721	33711.417776376664	2032.5834758791432	0.0	484.0293400411783	76.60639105095721
446	78.96314810101764	33790.38092447768	2039.3603404829314	0.0	490.0167399681546	78.96314810101764
447	75.06229002453463	33865.443214502215	2042.963783045519	0.0	489.92683664353154	75.06229002453463
448	81.5384920203524	33946.981706522565	2052.396611147852	0.0	491.97046760448285	81.5384920203524
449	75.92242821737848	34022.90413473993	2056.732064343594	0.0	490.6032165219172	75.92242821737848
450	72.89766242835918	34095.80179716831	2058.535600927124	0.0	492.4673507511681	72.89766242835918
451	73.26643827806585	34169.068235446364	2062.094880564876	0.0	493.1988453333715	73.26643827806585
452	74.13720046018321	34243.20543590656	2066.456941443845	0.0	494.8411095557757	74.13720046018321
453	79.25432616088045	34322.459762067425	2076.1501466609084	0.0	490.69195705438614	79.25432616088045
454	76.60105048090719	34399.06081254834	2081.9456909290243	0.0	491.8021102041706	76.60105048090719
455	75.7448641376018	34474.80567668594	2087.5754437411506	0.0	493.23410768206895	75.7448641376018
456	74.28875522886943	34549.09443191481	2089.846280798784	0.0	495.41115646721454	74.28875522886943
457	75.38540950364596	34624.47984141846	2094.576131515793	0.0	499.0883252963095	75.38540950364596
458	79.88180814158133	34704.36164956004	2102.8159059655227	0.0	497.5800720815391	79.88180814158133
459	75.68574127638995	34780.04739083643	2108.4841570739773	0.0	499.45348248171075	75.68574127638995
460	75.59982554686245	34855.64721638328	2112.9250340227672	0.0	499.6868693262231	75.59982554686245
461	72.86408028950136	34928.51129667279	2115.283528711964	0.0	501.29522367291446	72.86408028950136
462	76.23166757786672	35004.742964250676	2120.299914479722	0.0	499.8141705701593	76.23166757786672
463	76.05842800656512	35080.80139225721	2124.2108583062204	0.0	503.80345064036055	76.05842800656512
464	76.43986603496785	35157.24125829218	2129.5561321836108	0.0	505.3033453744743	76.43986603496785
465	75.6475442596463	35232.888802551846	2132.514709493321	0.0	503.6757419596902	75.6475442596463
466	74.73549466859086	35307.62429722043	2134.534554647101	0.0	503.4504196874744	74.73549466859086
467	74.59539592569853	35382.21969314614	2137.65628077938	0.0	504.30809863172584	74.59539592569853
468	73.62388119920195	35455.843574345345	2139.592827592558	0.0	502.2402249912652	73.62388119920195
469	76.42786901515424	35532.2714433605	2144.6070297999586	0.0	501.5902310337026	76.42786901515424
470	74.87154831876285	35607.14299167925	2148.1091168258467	0.0	504.63308465420073	74.87154831876285
471	78.48426288875996	35685.627254568004	2156.5572842364327	0.0	504.97667218656784	78.48426288875996
472	73.89950119428501	35759.52675576227	2159.213656418291	0.0	505.1023027990166	73.89950119428501
473	75.71921856217622	35835.245974324476	2164.1834560587945	0.0	506.548663406861	75.71921856217622
474	75.14590300104791	35910.391877325535	2169.386021910266	0.0	508.42075930672803	75.14590300104791
475	78.32893604463163	35988.720813370164	2177.5768376521055	0.0	511.0239313729336	78.32893604463163
476	70.48855437363798	36059.209367743795	2177.9237376106553	0.0	511.35833400911986	70.48855437363798
477	71.56905641417225	36130.77842415797	2177.7345967715187	0.0	511.06819666065263	71.56905641417225
478	71.60056234083663	36202.378986498785	2179.529484428175	0.0	509.6269155886262	71.60056234083663
479	71.66721790653824	36274.04620440534	2181.7493124100647	0.0	509.74945878524744	71.66721790653824
480	75.49631196131502	36349.54251636666	2186.23416597715	0.0	512.0160368094214	75.49631196131502
481	80.04372380381798	36429.58624017049	2195.9954122680642	0.0	515.3558205130474	80.04372380381798
482	72.58736981446536	36502.173609984944	2197.7623906827257	0.0	516.7412030281023	72.58736981446536
483	72.85873628331944	36575.032346268265	2199.4686684716326	0.0	517.29365620753	72.85873628331944
484	73.6209863383636	36648.65333260662	2201.5276889526776	0.0	515.3842049105938	73.6209863383636
485	75.55607657611078	36724.209409182746	2203.640251253593	0.0	514.2294750499456	75.55607657611078
486	72.86257577606776	36797.07198495879	2205.7135995318827	0.0	513.2777446597387	72.86257577606776
487	75.48955006408573	36872.56153502289	2209.1280331640155	0.0	512.9685831951115	75.48955006408573
488	82.25815386041039	36954.8196888833	2221.901178978852	0.0	514.2662276117807	82.25815386041039
489	75.51845892297207	37030.338147806295	2227.911720754461	0.0	514.1391727523795	75.51845892297207
490	77.16836221380596	37107.50651002007	2234.0581989875236	0.0	514.5682503899554	77.16836221380596
491	77.73231784111917	37185.238827861205	2240.7802184989077	0.0	513.6978603514339	77.73231784111917
492	74.88060866733102	37260.119436528534	2243.7083184668754	0.0	517.2329432049606	74.88060866733102
493	79.79439850414448	37339.913835032654	2251.37783690127	0.0	516.9659877677899	79.79439850414448
494	76.21646611057403	37416.130301143254	2255.88515383565	0.0	519.9896531268123	76.21646611057403
495	76.03244791910836	37492.162749062336	2260.465488031323	0.0	518.1617653049271	76.03244791910836
496	75.92586858167334	37568.08861764403	2266.183273757872	0.0	519.9303287703871	75.92586858167334
497	75.64305883424062	37643.731676478266	2270.299339405982	0.0	522.7574464092966	75.64305883424062
498	74.5768019374161	37718.30847841568	2274.189202202917	0.0	524.8545291867025	74.5768019374161
499	77.31084549988215	37795.61932391556	2281.137243824381	0.0	527.8719583935743	77.31084549988215
500	76.61861683864065	37872.2379407542	2286.8403514751444	0.0	526.6842595315297	76.61861683864065
501	71.75953806335657	37943.99747881757	2287.165235653023	0.0	525.1447460407198	71.75953806335657
502	79.68025412458329	38023.67773294215	2287.165235653023	0.0	529.7000408504778	79.68025412458329
