task	reward	total_reward	total_regret	relative	total_reward_dev	joules
0	56.95598177715362	56.95598177715362	18.861443627783363	0.0	40.52694587000167	56.95598177715362
1	61.891119625898426	118.84710140305197	42.38989923233041	0.0	59.56242572117144	61.891119625898426
2	59.531568818316394	178.37867022136837	64.37479994490596	0.0	74.6635114091552	59.531568818316394
3	57.03714667625124	235.41581689761958	83.74110973401635	0.0	85.39179546229093	57.03714667625124
4	68.47865821637356	303.894475113993	115.06065916697942	0.0	94.01644734546358	68.47865821637356
5	65.6800797105326	369.57455482452565	142.75964765407068	0.0	104.86058011061574	65.6800797105326
6	62.79600744868683	432.3705622732125	167.8615708718757	0.0	114.85365201494182	62.79600744868683
7	74.11891894176694	506.4894812149794	203.5851944767968	0.0	118.31192784078668	74.11891894176694
8	72.04530662023404	578.5347878352135	238.15883972815328	0.0	122.79875894427802	72.04530662023404
9	73.14999202126161	651.6847798564747	272.4528461013513	0.0	117.41119807347582	73.14999202126161
10	79.48958245154489	731.1743623080199	314.0968481096043	0.0	118.69852959393104	79.48958245154489
11	81.1408255846489	812.3151878926686	357.03947054921684	0.0	122.61380997427482	81.1408255846489
12	58.27022587335693	870.5854137660258	375.07301268220266	0.0	125.02335055976161	58.27022587335693
13	66.56410554607808	937.1495193121041	403.7840524078798	0.0	125.56939520208199	66.56410554607808
14	66.39674987591637	1003.5462691880198	433.73068059382234	0.0	130.62736578585339	66.39674987591637
15	59.137485094272336	1062.6837542822918	454.88089034762476	0.0	135.34134307005618	59.137485094272336
16	64.13484555537715	1126.8185998376698	481.31847134065464	0.0	142.2891243056337	64.13484555537715
17	61.92098518381203	1188.7395850214814	504.64638130368223	0.0	144.46118937655922	61.92098518381203
18	66.82270805478926	1255.5622930762713	533.1395831222267	0.0	152.5755360186507	66.82270805478926
19	64.22062560348736	1319.7829186797578	561.2785217236834	0.0	157.6869620581418	64.22062560348736
20	65.01582997165914	1384.7987486514178	588.0027388874801	0.0	159.89562171946415	65.01582997165914
21	67.28356669090867	1452.0823153423255	618.2489768909123	0.0	159.89028388823706	67.28356669090867
22	64.19884661552176	1516.281161957847	643.9672392554228	0.0	162.93963302521553	64.19884661552176
23	68.35420582618057	1584.635367784028	675.3863620802294	0.0	172.79358371481914	68.35420582618057
24	62.899497038134385	1647.5348648221627	701.4880292691294	0.0	174.36682907048197	62.899497038134385
25	63.05696283772666	1710.5918276598886	727.2584008518643	0.0	179.37849549282922	63.05696283772666
26	61.726432167834766	1772.3182598277242	751.0718099938365	0.0	178.8630282642224	61.726432167834766
27	66.63722137249661	1838.9554812002202	779.3065660157778	0.0	184.34119001021125	66.63722137249661
28	65.67313613755377	1904.6286173377746	806.2652655654078	0.0	185.2124592469004	65.67313613755377
29	63.93272907541034	1968.5613464131854	832.3952851371478	0.0	189.42601656473164	63.93272907541034
30	62.602372019875766	2031.16371843306	857.0253535200236	0.0	197.31198067037556	62.602372019875766
31	67.46855663621679	2098.6322750692766	885.9149750646378	0.0	203.01390155117116	67.46855663621679
32	62.17026065315399	2160.8025357224305	908.8491090850206	0.0	204.77937426202516	62.17026065315399
33	63.038392104694196	2223.8409278271256	933.8151698574749	0.0	208.93969855046268	63.038392104694196
34	59.82905285397217	2283.669980681096	955.1791188722855	0.0	210.3513783961526	59.82905285397217
35	64.24855951091621	2347.918540192014	981.7070828672582	0.0	213.12578756645274	64.24855951091621
36	66.17261724732184	2414.091157439335	1009.9174396654757	0.0	219.90409265003584	66.17261724732184
37	58.05935155259154	2472.150508991927	1030.5478530821765	0.0	224.14183851795087	58.05935155259154
38	63.50442395017374	2535.6549329421005	1058.4151189200888	0.0	235.9256100284843	63.50442395017374
39	67.64785679756908	2603.3027897396696	1088.4623781262678	0.0	242.55511115226176	67.64785679756908
40	65.48962020081217	2668.792409940481	1118.848339568854	0.0	238.5460759770087	65.48962020081217
41	63.49961886588074	2732.292028806362	1144.8437003854558	0.0	239.02859532867672	63.49961886588074
42	65.89364911444032	2798.1856779208024	1173.1717272763667	0.0	241.5814087130182	65.89364911444032
43	64.94083858943455	2863.1265165102363	1200.1153489738174	0.0	247.3484935687063	64.94083858943455
44	65.0416596844749	2928.1681761947134	1227.8127203659271	0.0	251.20550169536259	65.0416596844749
45	62.03672635268694	2990.2049025473993	1251.1198329260526	0.0	260.91370264196206	62.03672635268694
46	65.54217450112377	3055.7470770485234	1280.4286186534446	0.0	268.10033623346567	65.54217450112377
47	62.337923860730314	3118.0850009092533	1303.8469635599408	0.0	273.23314315321034	62.337923860730314
48	68.11822422433748	3186.20322513359	1334.3675072836859	0.0	271.0503886060779	68.11822422433748
49	67.04667128104856	3253.249896414639	1364.6650157297136	0.0	272.3060445345758	67.04667128104856
50	63.857004084348915	3317.106900498988	1389.4163901336908	0.0	273.8066579059626	63.857004084348915
51	66.68858231707193	3383.7954828160596	1420.125754861207	0.0	274.5683968040603	66.68858231707193
52	58.02100609436754	3441.8164889104287	1440.7717628285045	0.0	273.01409371897955	58.02100609436754
53	62.58426141992903	3504.400750330354	1464.789884587826	0.0	283.47583931560735	62.58426141992903
54	59.737640287777424	3564.138390618133	1486.6504181045063	0.0	281.63608885025917	59.737640287777424
55	61.88622084555748	3626.0246114636907	1510.2493230714565	0.0	280.5600874223949	61.88622084555748
56	57.37887280322215	3683.403484266912	1530.1414686535084	0.0	286.1546036856302	57.37887280322215
57	64.33850040862731	3747.741984675539	1556.140842399437	0.0	289.64365075867477	64.33850040862731
58	72.26271729674835	3820.0047019722865	1590.7022830620203	0.0	301.3328325905849	72.26271729674835
59	63.73811081804272	3883.7428127903313	1616.5845215418658	0.0	298.64474269009145	63.73811081804272
60	63.096578118233985	3946.839390908566	1641.9815132008014	0.0	304.11926567871154	63.096578118233985
61	62.558078888528236	4009.3974697970934	1666.6423743554014	0.0	308.58915502609284	62.558078888528236
62	64.93229478832042	4074.3297645854145	1692.9628928246284	0.0	313.7069098826146	64.93229478832042
63	64.68211192095177	4139.011876506368	1718.2864847592507	0.0	313.85656490820804	64.68211192095177
64	68.6087676536338	4207.620644159999	1749.265952189973	0.0	312.3536676987195	68.6087676536338
65	64.49453907391506	4272.115183233915	1776.0657663182749	0.0	316.22766959897496	64.49453907391506
66	64.44233404732736	4336.557517281241	1802.7909930825956	0.0	318.4950513246978	64.44233404732736
67	67.42333760142506	4403.980854882667	1832.4287588101358	0.0	316.29919161518535	67.42333760142506
68	66.94534321351215	4470.926198096176	1861.3919929971642	0.0	322.39338746721626	66.94534321351215
69	72.82901638295712	4543.755214479138	1894.9192961940164	0.0	326.65692077547794	72.82901638295712
70	67.55172906042093	4611.306943539558	1926.510048332303	0.0	324.8458197904529	67.55172906042093
71	64.74514045686797	4676.052083996426	1954.3130099276123	0.0	324.1790275117775	64.74514045686797
72	63.964318490672674	4740.016402487097	1978.9051839421209	0.0	328.1399210986739	63.964318490672674
73	64.3256069803569	4804.342009467457	2005.60873189595	0.0	330.89570403911944	64.3256069803569
74	63.66735052276309	4868.009359990218	2031.3910761864672	0.0	331.0482089625012	63.66735052276309
75	70.74639400309061	4938.75575399331	2065.7715654952617	0.0	333.00060697253394	70.74639400309061
76	64.34074884715994	5003.09650284047	2092.37432382518	0.0	333.6616245518028	64.34074884715994
77	59.344770791159064	5062.441273631629	2112.3022529910854	0.0	334.9543637333828	59.344770791159064
78	60.87006736950745	5123.311341001135	2136.1191402641184	0.0	336.2056060769821	60.87006736950745
79	65.34046911771937	5188.651810118857	2163.143508471852	0.0	340.3545457805583	65.34046911771937
80	59.71794471108239	5248.369754829936	2183.6038107863133	0.0	340.8174100550977	59.71794471108239
81	65.09732481036903	5313.467079640307	2210.115645331466	0.0	343.7119393493115	65.09732481036903
82	61.84284994758448	5375.309929587889	2232.6434855802136	0.0	348.1688445162474	61.84284994758448
83	77.06022115748867	5452.370150745382	2269.865933595463	0.0	364.2606793696134	77.06022115748867
84	59.35906169493754	5511.7292124403175	2291.080853699652	0.0	362.4968425166368	59.35906169493754
85	64.91476814441286	5576.643980584729	2318.17104634405	0.0	365.01059755340066	64.91476814441286
86	72.52120348179251	5649.165184066525	2352.7623742077167	0.0	371.29237267007903	72.52120348179251
87	62.4306708122037	5711.5958548787285	2378.469855128872	0.0	369.54219423823486	62.4306708122037
88	55.73757305209258	5767.333427930817	2397.974513841035	0.0	375.18260295752907	55.73757305209258
89	69.65268480444604	5836.986112735262	2429.2572768974437	0.0	376.6782137337646	69.65268480444604
90	65.09520334248258	5902.081316077749	2457.7707737574015	0.0	375.9460780483477	65.09520334248258
91	69.2127820092048	5971.294098086952	2488.576543776944	0.0	378.85307224381944	69.2127820092048
92	64.33085436050334	6035.624952447455	2514.8322292220496	0.0	377.05322321830704	64.33085436050334
93	62.5244248739737	6098.149377321432	2538.3852413747177	0.0	374.50114258005885	62.5244248739737
94	62.87880769233042	6161.02818501376	2565.339526451552	0.0	377.4070602922897	62.87880769233042
95	66.84860341931635	6227.876788433075	2595.304371234109	0.0	385.7021902661763	66.84860341931635
96	52.9846732599668	6280.861461693044	2610.4691181380404	0.0	384.02462991502364	52.9846732599668
97	61.95041967095575	6342.811881363999	2634.3878768722793	0.0	387.7726244158174	61.95041967095575
98	66.20398092663265	6409.015862290634	2662.3415604795887	0.0	385.6278485625498	66.20398092663265
99	66.69813043987347	6475.713992730507	2691.8956247696246	0.0	395.45333824062953	66.69813043987347
100	67.9135078174341	6543.627500547939	2723.1608703563625	0.0	395.6581696536984	67.9135078174341
101	60.708605914656076	6604.336106462594	2746.8543215679097	0.0	406.04560359948954	60.708605914656076
102	64.9145359238076	6669.250642386403	2774.5386770328273	0.0	404.466946183283	64.9145359238076
103	63.297747432067865	6732.548389818474	2800.1822250090418	0.0	410.88583941615843	63.297747432067865
104	63.02435678214784	6795.572746600617	2824.7825177833397	0.0	408.607729362171	63.02435678214784
105	63.14320372433284	6858.715950324951	2850.7683963867207	0.0	417.98188672067965	63.14320372433284
106	59.95484210457109	6918.670792429522	2870.67095014385	0.0	418.80351300549745	59.95484210457109
107	55.12489156668904	6973.795683996212	2889.0881862518345	0.0	419.92461952500065	55.12489156668904
108	53.2995962631903	7027.095280259399	2905.2292381402867	0.0	423.4857848779826	53.2995962631903
109	64.63247010026979	7091.727750359669	2931.547250767319	0.0	430.19018700295464	64.63247010026979
110	56.55351662546802	7148.28126698514	2950.589836721238	0.0	432.6776584641886	56.55351662546802
111	67.89049359142201	7216.171760576565	2980.61208682526	0.0	432.5222965464048	67.89049359142201
112	59.32485876535425	7275.49661934192	3002.150582306189	0.0	436.1672791310439	59.32485876535425
113	62.605385008730565	7338.10200435065	3026.3464393652475	0.0	440.44301326526005	62.605385008730565
114	59.92519038854005	7398.0271947391875	3047.31494854427	0.0	442.7767407006461	59.92519038854005
115	62.98532683265876	7461.012521571843	3072.25000045132	0.0	449.14627451221196	62.98532683265876
116	61.47986214023454	7522.492383712082	3095.8543511341813	0.0	453.5281680055866	61.47986214023454
117	58.304874374108785	7580.797258086194	3118.341999408943	0.0	452.3011209793782	58.304874374108785
118	57.43457341619305	7638.231831502382	3137.948514976624	0.0	457.190110507649	57.43457341619305
119	54.97073792920619	7693.202569431591	3156.3603065851257	0.0	461.10372535397465	54.97073792920619
120	65.59112164876346	7758.79369108035	3184.670800065535	0.0	467.27985017151536	65.59112164876346
121	66.85308870494272	7825.646779785296	3214.898078762288	0.0	462.7223541417653	66.85308870494272
122	58.98382416948109	7884.63060395477	3236.22796148172	0.0	457.2117318263512	58.98382416948109
123	59.02325884910394	7943.65386280388	3255.937094234545	0.0	466.3289891262776	59.02325884910394
124	67.60479436049889	8011.2586571643815	3289.429844837205	0.0	464.6465033950065	67.60479436049889
125	58.85243706314116	8070.111094227518	3311.1516115288	0.0	469.57111166377933	58.85243706314116
126	59.03305026425382	8129.144144491775	3332.5475741892133	0.0	463.2183939492249	59.03305026425382
127	66.40305270245835	8195.547197194232	3360.969222205735	0.0	467.825778635289	66.40305270245835
128	60.715981203463144	8256.263178397692	3386.015600537457	0.0	460.43947347677243	60.715981203463144
129	61.44998798036053	8317.713166378055	3409.969558233906	0.0	453.72204504244905	61.44998798036053
130	61.91311679784285	8379.6262831759	3434.4263798550887	0.0	452.9113436970597	61.91311679784285
131	52.635885796393985	8432.262168972293	3448.592178925739	0.0	454.8515844814115	52.635885796393985
132	57.00758365495415	8489.26975262725	3468.1684924945744	0.0	460.67191150160676	57.00758365495415
133	61.65545769662563	8550.925210323872	3491.3335095469506	0.0	463.46125072961064	61.65545769662563
134	61.00928188468709	8611.93449220856	3514.7213895730965	0.0	464.94067931034215	61.00928188468709
135	61.458350905262094	8673.39284311382	3537.050559571229	0.0	463.5270246540629	61.458350905262094
136	65.57870183610724	8738.971544949927	3564.2312184566454	0.0	458.5631214972576	65.57870183610724
137	58.092936736213936	8797.064481686142	3584.1169136805047	0.0	457.8386874702141	58.092936736213936
138	69.6101034208304	8866.674585106975	3612.768981969944	0.0	456.1336284964909	69.6101034208304
139	62.10255217793902	8928.777137284906	3636.1901073869108	0.0	458.60088488740166	62.10255217793902
140	60.73543176404192	8989.512569048955	3659.8081763609243	0.0	464.01229920965466	60.73543176404192
141	66.00317612119532	9055.51574517015	3686.4838852798434	0.0	468.9706150744564	66.00317612119532
142	59.440182027445815	9114.955927197596	3708.5828910225136	0.0	475.45292427475056	59.440182027445815
143	64.97587589037164	9179.931803087968	3736.162996495731	0.0	477.1434649790476	64.97587589037164
144	62.34479521198855	9242.276598299957	3761.2352479132755	0.0	478.2048789216542	62.34479521198855
145	63.46500127625659	9305.74159957621	3787.0070796520367	0.0	478.93180401164284	63.46500127625659
146	62.75284671709703	9368.494446293307	3812.417511156496	0.0	478.4047867624657	62.75284671709703
147	60.861868280798326	9429.356314574105	3836.399898902472	0.0	479.6475832084814	60.861868280798326
148	61.269590908215584	9490.62590548232	3860.916477419954	0.0	481.0046450564732	61.269590908215584
149	62.35167269083237	9552.977578173148	3884.3639906833764	0.0	476.46050574842974	62.35167269083237
150	55.94968803801277	9608.927266211169	3903.8543669993524	0.0	474.9462228386325	55.94968803801277
151	64.80498952324625	9673.732255734412	3932.0834870620565	0.0	479.72146054323787	64.80498952324625
152	59.5835044832683	9733.315760217678	3954.705281381237	0.0	483.1005142576613	59.5835044832683
153	60.88784199747357	9794.203602215151	3975.951584248382	0.0	484.9284984699993	60.88784199747357
154	67.64098740456824	9861.844589619723	4006.2411668271625	0.0	485.92957109898697	67.64098740456824
155	57.87977109092835	9919.724360710652	4025.6555418719076	0.0	493.2079111749577	57.87977109092835
156	71.90979233539588	9991.634153046045	4059.2918057582656	0.0	492.81269563848383	71.90979233539588
157	63.434013003673265	10055.068166049714	4082.59263992064	0.0	487.1320407824809	63.434013003673265
158	57.736333636998936	10112.80449968672	4102.681976200022	0.0	482.810388898212	57.736333636998936
159	54.02584691884185	10166.83034660556	4118.9107692556945	0.0	480.8520485677539	54.02584691884185
160	66.56563701361684	10233.395983619175	4148.337636390393	0.0	488.01222109843917	66.56563701361684
161	51.87878704652153	10285.274770665692	4164.642190986146	0.0	484.91320231892234	51.87878704652153
162	61.1072233247648	10346.38199399046	4187.06455976213	0.0	493.73755712477526	61.1072233247648
163	61.385378888356165	10407.767372878816	4210.69338057999	0.0	495.607271144372	61.385378888356165
164	66.42931258801399	10474.196685466835	4238.578159674899	0.0	504.353561371308	66.42931258801399
165	62.87075663416378	10537.067442100995	4262.847573114719	0.0	511.6156878153618	62.87075663416378
166	58.09160279532525	10595.15904489632	4282.862257338956	0.0	510.4940904849425	58.09160279532525
167	64.07432827109427	10659.23337316741	4309.308408615853	0.0	512.998551787795	64.07432827109427
168	62.356060294268	10721.589433461686	4331.533098390707	0.0	510.8755475854154	62.356060294268
169	62.31410159400053	10783.90353505568	4356.801760595624	0.0	512.1493314987359	62.31410159400053
170	61.94674758168012	10845.850282637368	4379.883537211141	0.0	515.6516883186271	61.94674758168012
171	61.94585344402254	10907.796136081392	4404.994487155739	0.0	523.4643378541939	61.94585344402254
172	63.51739655354661	10971.313532634938	4430.455439920303	0.0	525.1855857529358	63.51739655354661
173	58.0501674499354	11029.363700084872	4450.523034075976	0.0	525.0898692686966	58.0501674499354
174	61.63433084508718	11090.998030929957	4474.411150478994	0.0	524.2906134284852	61.63433084508718
175	57.88042485628856	11148.878455786245	4493.302030513317	0.0	532.7791961824116	57.88042485628856
176	67.64083048703726	11216.519286273278	4522.812756701449	0.0	540.6117582226536	67.64083048703726
177	57.78407989831423	11274.303366171593	4541.159645741578	0.0	539.1532901300667	57.78407989831423
178	63.978965705622414	11338.282331877212	4567.9087990035405	0.0	538.0039541442753	63.978965705622414
179	59.34528625256584	11397.627618129784	4587.739959907438	0.0	540.8584798126702	59.34528625256584
180	62.55729075769246	11460.184908887479	4613.036174546892	0.0	543.7514818808366	62.55729075769246
181	62.561815556703465	11522.746724444178	4637.971581805555	0.0	544.1133408668351	62.561815556703465
182	54.312595922263114	11577.05932036644	4653.354868696914	0.0	546.5773123296776	54.312595922263114
183	61.078882665142764	11638.138203031585	4676.593285446784	0.0	543.2011378286302	61.078882665142764
184	55.11905663821516	11693.257259669797	4694.098339571949	0.0	544.1061365180291	55.11905663821516
185	55.69965563558222	11748.956915305382	4712.203095153903	0.0	547.5739343943374	55.69965563558222
186	65.7251740882885	11814.68208939367	4739.443202034765	0.0	552.0770007556827	65.7251740882885
187	62.78977106344259	11877.47186045711	4764.172824386367	0.0	553.1426906789262	62.78977106344259
188	62.2099189346329	11939.681779391742	4787.798606572285	0.0	553.9794695603214	62.2099189346329
189	60.775976254298364	12000.457755646046	4810.22672986611	0.0	549.2237039334303	60.775976254298364
190	61.48488356901643	12061.942639215065	4833.70920410514	0.0	548.2263955016033	61.48488356901643
191	58.53893721579063	12120.481576430853	4854.407881393593	0.0	550.3393138781139	58.53893721579063
192	67.14616546397073	12187.62774189482	4884.20298814651	0.0	556.3929328178325	67.14616546397073
193	62.2457284163107	12249.873470311133	4909.4202814632445	0.0	560.9228558105938	62.2457284163107
194	60.22885465670688	12310.102324967838	4931.917921610641	0.0	570.2876517972951	60.22885465670688
195	62.93622283355117	12373.038547801392	4957.998629120379	0.0	577.6137546565354	62.93622283355117
196	59.60252003548446	12432.641067836872	4979.447308122352	0.0	576.4900211486779	59.60252003548446
197	56.368975206251555	12489.010043043127	4996.747349837983	0.0	576.2118321455818	56.368975206251555
198	62.174168250895136	12551.18421129402	5021.210191435202	0.0	580.5709469514402	62.174168250895136
199	65.594788242739	12616.778999536764	5048.561602937978	0.0	579.6481685941371	65.594788242739
200	60.97479064926097	12677.753790186027	5072.418330748102	0.0	583.6023519017732	60.97479064926097
201	61.654895755291776	12739.40868594131	5096.2417733658895	0.0	590.8239186632849	61.654895755291776
202	60.15583212525516	12799.564518066563	5119.064104597555	0.0	598.2765218977405	60.15583212525516
203	61.64403547701411	12861.208553543578	5143.650693542844	0.0	603.4687664621923	61.64403547701411
204	56.26184310367417	12917.470396647252	5163.345013404964	0.0	599.3823914984919	56.26184310367417
205	60.20440096379669	12977.674797611046	5184.191028607831	0.0	606.7254652680011	60.20440096379669
206	57.54657578394098	13035.221373394994	5202.482270653221	0.0	605.6816384043145	57.54657578394098
207	64.1174161824188	13099.33878957741	5229.305223885001	0.0	605.9901760664457	64.1174161824188
208	63.71114543405534	13163.04993501146	5256.186530652706	0.0	601.3444951076436	63.71114543405534
209	55.07285975848296	13218.122794769944	5271.74149630444	0.0	606.4832663809038	55.07285975848296
210	59.90709032099457	13278.029885090938	5294.550849587868	0.0	605.9160958328682	59.90709032099457
211	59.064967518882696	13337.094852609825	5315.747409266432	0.0	608.6270424818476	59.064967518882696
212	60.758414463675074	13397.853267073499	5338.766542831984	0.0	609.2506935871772	60.758414463675074
213	64.87071015321185	13462.723977226717	5367.040084055016	0.0	615.190080478313	64.87071015321185
214	64.58352978732476	13527.307507014035	5391.969554633336	0.0	613.608510649469	64.58352978732476
215	61.05179413741949	13588.359301151451	5414.659376218753	0.0	611.4097846273298	61.05179413741949
216	63.60492081249878	13651.964221963952	5440.996488001817	0.0	613.3715224701979	63.60492081249878
217	61.10512898856419	13713.069350952517	5466.22960314069	0.0	617.7041963422985	61.10512898856419
218	63.354120326722025	13776.423471279246	5491.978601135751	0.0	617.7913134958326	63.354120326722025
219	57.51073837954172	13833.93420965878	5514.01903345808	0.0	619.5662871997843	57.51073837954172
220	64.48315096354172	13898.41736062233	5541.580941974644	0.0	623.0772704085027	64.48315096354172
221	62.66404652886386	13961.08140715119	5567.8300607251085	0.0	625.3507395241666	62.66404652886386
222	51.90281003963525	14012.984217190831	5582.77525116852	0.0	625.929157999365	51.90281003963525
223	60.167681266831316	14073.151898457654	5603.862115764707	0.0	631.5671921438711	60.167681266831316
224	60.94798207711229	14134.099880534757	5626.9202475955935	0.0	635.6967758750144	60.94798207711229
225	57.983520303266125	14192.083400838028	5647.601780916392	0.0	636.2251310579823	57.983520303266125
226	60.27226071246393	14252.355661550493	5671.453369374247	0.0	633.1168521023712	60.27226071246393
227	58.47115963385827	14310.826821184352	5692.020172405656	0.0	638.8063183424103	58.47115963385827
228	59.970071613379474	14370.796892797727	5714.071667868686	0.0	639.158114607586	59.970071613379474
229	53.82460205150116	14424.621494849229	5730.447602559106	0.0	644.4158963338057	53.82460205150116
230	65.0296972849954	14489.651192134228	5756.885935044717	0.0	643.675924962876	65.0296972849954
231	58.92992023679875	14548.581112371032	5778.071454228281	0.0	648.2216622548193	58.92992023679875
232	59.44458152523575	14608.025693896267	5800.232952713818	0.0	653.5174174062431	59.44458152523575
233	54.073344170159324	14662.099038066426	5815.674963022814	0.0	658.8820737338311	54.073344170159324
234	52.40393147140637	14714.502969537829	5830.045242802147	0.0	661.7219580407941	52.40393147140637
235	63.89903553689711	14778.402005074731	5857.699082504739	0.0	662.1691860674583	63.89903553689711
236	57.19314222257327	14835.5951472973	5875.4922365454	0.0	666.7810337074923	57.19314222257327
237	60.11717144205403	14895.712318739354	5897.778374398028	0.0	668.4925770873567	60.11717144205403
238	58.944481654156924	14954.656800393515	5919.345040281602	0.0	671.8778211242466	58.944481654156924
239	63.365101162694124	15018.021901556207	5945.573795762191	0.0	676.7648662939303	63.365101162694124
240	65.4896009035218	15083.511502459725	5973.029130827749	0.0	681.8962816585164	65.4896009035218
241	57.073040227961954	15140.584542687686	5991.063712846998	0.0	682.6286474311955	57.073040227961954
242	56.691777712168786	15197.27632039985	6009.0094292382555	0.0	687.1053430018735	56.691777712168786
243	57.57302371921274	15254.849344119071	6030.003655322722	0.0	691.1338404573014	57.57302371921274
244	63.01839843800131	15317.867742557068	6056.001581047779	0.0	702.2505655231745	63.01839843800131
245	60.38343978868219	15378.251182345748	6079.249425407211	0.0	698.4224786953779	60.38343978868219
246	61.09602016909851	15439.347202514857	6101.784927580105	0.0	698.4764360939325	61.09602016909851
247	61.71435607885417	15501.061558593712	6125.620852519985	0.0	703.6790186257808	61.71435607885417
248	62.964579009069304	15564.026137602772	6151.2253830811915	0.0	712.8093205786769	62.964579009069304
249	69.9976335798435	15634.023771182618	6185.129326504061	0.0	717.8305629491292	69.9976335798435
250	61.16087536672583	15695.184646549338	6208.594320804087	0.0	712.7893828185739	61.16087536672583
251	58.86712684056406	15754.051773389901	6230.179158241126	0.0	715.3775953962414	58.86712684056406
252	67.7387983099299	15821.790571699836	6259.700816798046	0.0	718.8565312133009	67.7387983099299
253	56.67687596881147	15878.467447668649	6278.446211136682	0.0	719.4628101383151	56.67687596881147
254	57.31646973672124	15935.783917405373	6299.32272816022	0.0	722.9349473761546	57.31646973672124
255	53.887145229312445	15989.671062634681	6316.256578499486	0.0	725.8177936532203	53.887145229312445
256	65.3901946497307	16055.061257284407	6343.5240429685255	0.0	727.4482805724416	65.3901946497307
257	60.00644675245543	16115.067704036866	6366.332262464958	0.0	727.4799914970401	60.00644675245543
258	61.013258289337635	16176.080962326205	6389.42197092287	0.0	728.2698394701512	61.013258289337635
259	60.13230512156458	16236.213267447767	6410.743314729999	0.0	729.6798906302671	60.13230512156458
260	60.53581712800333	16296.749084575775	6433.900908160733	0.0	727.9281786430945	60.53581712800333
261	60.8949496174693	16357.644034193238	6456.108052742612	0.0	734.2485053193934	60.8949496174693
262	68.65640357876444	16426.300437772003	6488.0196589161105	0.0	734.6769546601867	68.65640357876444
263	57.779598593873416	16484.080036365882	6509.301663367329	0.0	734.3453866990378	57.779598593873416
264	65.20703825459199	16549.287074620468	6536.597104379354	0.0	737.1947751801628	65.20703825459199
265	61.486230695374864	16610.773305315848	6560.9610867656875	0.0	737.6776000178781	61.486230695374864
266	67.22567125918705	16677.998976575032	6589.312324350713	0.0	742.252058012512	67.22567125918705
267	65.40226468510782	16743.40124126013	6616.356863924827	0.0	751.7332270977984	65.40226468510782
268	61.68410024566997	16805.08534150581	6638.179819144216	0.0	755.3050152910978	61.68410024566997
269	56.76846486500497	16861.85380637081	6656.788630071756	0.0	751.4756619827901	56.76846486500497
270	57.55226907082436	16919.40607544164	6676.026014045655	0.0	751.2737595087627	57.55226907082436
271	54.36648822214343	16973.772563663788	6691.78319016397	0.0	752.8681542602624	54.36648822214343
272	59.697824276111334	17033.47038793989	6713.075585525604	0.0	749.0503383798178	59.697824276111334
273	59.16943984782574	17092.639827787723	6733.386975674591	0.0	750.1012897381869	59.16943984782574
274	68.3083433189561	17160.94817110668	6765.250289366534	0.0	754.0241189526546	68.3083433189561
275	61.22430702067867	17222.17247812735	6788.528737681081	0.0	747.5496442052493	61.22430702067867
276	60.17084878658141	17282.34332691394	6811.321715778034	0.0	758.4213624348469	60.17084878658141
277	60.92991708170596	17343.273243995638	6834.33603732321	0.0	762.9689755659593	60.92991708170596
278	53.97431782669189	17397.24756182233	6850.191592662845	0.0	761.0550349918037	53.97431782669189
279	57.41350468703496	17454.661066509365	6869.583617596841	0.0	758.562220986244	57.41350468703496
280	59.354020557423574	17514.01508706679	6891.189702253979	0.0	756.0270704653833	59.354020557423574
281	59.53875411456043	17573.553841181354	6914.064352208898	0.0	755.1996422553688	59.53875411456043
282	57.78869081872488	17631.34253200007	6934.541743423111	0.0	762.5516953035005	57.78869081872488
283	57.22642417568305	17688.568956175768	6954.758959605703	0.0	768.5766671226957	57.22642417568305
284	63.85805811365951	17752.42701428942	6982.631305121917	0.0	779.542276076874	63.85805811365951
285	58.85026973825091	17811.277284027667	7004.335779697633	0.0	783.2471098550733	58.85026973825091
286	62.654977424827855	17873.9322614525	7029.3811947628365	0.0	778.045381858324	62.654977424827855
287	63.24757346312545	17937.17983491563	7054.4845791400785	0.0	776.4692326868932	63.24757346312545
288	58.59186174225864	17995.77169665787	7076.022172354424	0.0	782.0990217310433	58.59186174225864
289	60.77021050652327	18056.541907164403	7099.626227528002	0.0	781.1810768430655	60.77021050652327
290	55.287054211014194	18111.828961375413	7115.017754191856	0.0	782.8469318515102	55.287054211014194
291	55.031596375308006	18166.860557750726	7132.36547877681	0.0	782.617697290989	55.031596375308006
292	52.89397844613084	18219.75453619686	7147.7355457795575	0.0	791.6528006813118	52.89397844613084
293	62.64217064471651	18282.396706841573	7172.847104834163	0.0	791.8370463096976	62.64217064471651
294	47.92306325763908	18330.31977009921	7181.376959533944	0.0	791.5102654310939	47.92306325763908
295	57.135761331424625	18387.455531430634	7201.109344606787	0.0	799.6327967311983	57.135761331424625
296	55.64346381137005	18443.098995242006	7219.502545818122	0.0	802.1391401564911	55.64346381137005
297	63.05527995262625	18506.154275194636	7242.027993259635	0.0	801.7632520371479	63.05527995262625
298	58.29114956106163	18564.44542475569	7262.779915028401	0.0	808.5044565626722	58.29114956106163
299	59.86083113636013	18624.306255892057	7284.019558200267	0.0	810.9717403958628	59.86083113636013
300	61.36781808754881	18685.674073979604	7307.181657151485	0.0	810.91547660824	61.36781808754881
301	59.63166490400349	18745.30573888361	7329.1659727685	0.0	806.3939308566488	59.63166490400349
302	64.14036209681812	18809.44610098042	7356.096266547858	0.0	807.1869957487316	64.14036209681812
303	60.09601510062433	18869.54211608105	7380.145186293841	0.0	811.9766041931315	60.09601510062433
304	61.81023916022969	18931.352355241273	7403.691360592657	0.0	810.9311066267602	61.81023916022969
305	52.83404517573728	18984.186400417017	7417.606365131061	0.0	815.2815295205908	52.83404517573728
306	56.28329287585636	19040.469693292875	7435.346208923595	0.0	814.0596340329951	56.28329287585636
307	55.484797314696905	19095.954490607575	7453.035014546047	0.0	816.3782095304433	55.484797314696905
308	56.47712645592327	19152.431617063492	7472.023133389892	0.0	820.9249907714728	56.47712645592327
309	54.80075662302738	19207.232373686522	7487.502364678329	0.0	819.4514890470393	54.80075662302738
310	60.397254500824786	19267.629628187344	7511.333420728486	0.0	819.4666306146885	60.397254500824786
311	64.77446001050478	19332.404088197847	7537.787515856108	0.0	826.1873759675706	64.77446001050478
312	62.489368879620564	19394.89345707747	7561.909673613988	0.0	833.9910978463164	62.489368879620564
313	57.7456040273403	19452.6390611048	7582.193643129523	0.0	840.6895990418301	57.7456040273403
314	55.377123674573426	19508.01618477938	7598.83373615079	0.0	850.0427710876552	55.377123674573426
315	57.65531808589171	19565.671502865272	7618.435143227108	0.0	852.5724773598826	57.65531808589171
316	62.737684866080734	19628.409187731355	7642.781374607585	0.0	853.9517526033118	62.737684866080734
317	59.18334742281296	19687.59253515417	7664.758244070133	0.0	858.8385724139531	59.18334742281296
318	54.36558758388184	19741.958122738044	7681.180948879715	0.0	859.3085438726704	54.36558758388184
319	60.86511914606091	19802.823241884118	7705.162536980122	0.0	863.013214279844	60.86511914606091
320	48.376995938671335	19851.200237822784	7715.054674505426	0.0	863.8877257325737	48.376995938671335
321	59.534011121612856	19910.734248944394	7735.514159702251	0.0	866.9621588091013	59.534011121612856
322	55.76611300715139	19966.50036195155	7752.5825558262	0.0	873.0636740087808	55.76611300715139
323	62.65527237302168	20029.155634324572	7777.244941247697	0.0	876.7309290601493	62.65527237302168
324	61.40123208480136	20090.55686640937	7801.238265628606	0.0	882.2644718814221	61.40123208480136
325	48.43880200397326	20138.995668413343	7812.92067649449	0.0	882.4950253368926	48.43880200397326
326	55.10187971572337	20194.09754812907	7829.2474391310625	0.0	884.4600036535829	55.10187971572337
327	58.470596777742784	20252.568144906814	7849.864368807551	0.0	887.4261869737734	58.470596777742784
328	59.310203556742756	20311.87834846355	7872.18493063545	0.0	893.4243748652151	59.310203556742756
329	58.47803622825497	20370.356384691804	7892.978759736983	0.0	898.8440376119491	58.47803622825497
330	61.274715319953195	20431.631100011753	7917.2110678114395	0.0	901.3426853199284	61.274715319953195
331	56.72874947419714	20488.359849485947	7935.792276619072	0.0	907.5315218374008	56.72874947419714
332	57.183403198147786	20545.543252684103	7954.914796919255	0.0	907.7765137667675	57.183403198147786
333	58.658761836330854	20604.20201452043	7974.412433828452	0.0	909.8243586347579	58.658761836330854
334	60.60207104944879	20664.80408556988	7996.893449265411	0.0	910.5569848973531	60.60207104944879
335	58.66630528084205	20723.470390850718	8016.471559769877	0.0	907.1775522684168	58.66630528084205
336	53.42060577181952	20776.890996622536	8030.889743861959	0.0	913.9071525013446	53.42060577181952
337	57.31574382623446	20834.20674044878	8049.383386226962	0.0	921.2406138301808	57.31574382623446
338	62.62888629214786	20896.835626740933	8072.975461334007	0.0	921.4340999294302	62.62888629214786
339	63.13803804737104	20959.973664788304	8097.059660445112	0.0	921.9251705527238	63.13803804737104
340	64.10177168923208	21024.075436477528	8123.6662594643085	0.0	917.0335709700481	64.10177168923208
341	58.93822042880275	21083.01365690632	8145.531984041889	0.0	917.9307359849155	58.93822042880275
342	55.67190901092483	21138.685565917243	8162.897781969026	0.0	917.9376726720609	55.67190901092483
343	55.423857812067524	21194.109423729325	8181.074929280914	0.0	921.5249773120806	55.423857812067524
344	62.2344542401954	21256.34387796952	8205.876418387212	0.0	923.1231646814796	62.2344542401954
345	54.882251239213836	21311.22612920874	8222.55320422215	0.0	926.0430657137823	54.882251239213836
346	58.47835066527348	21369.704479874006	8242.747480364358	0.0	930.4039275273761	58.47835066527348
347	57.04440484086844	21426.748884714874	8262.056856186031	0.0	930.2717512082015	57.04440484086844
348	53.51133505746071	21480.26021977233	8277.281241002533	0.0	935.586157610041	53.51133505746071
349	50.04328682574613	21530.303506598077	8291.109450969636	0.0	935.4109862582264	50.04328682574613
350	53.37528001163293	21583.678786609715	8307.113096269602	0.0	942.3809929397881	53.37528001163293
351	62.34085964493986	21646.01964625465	8331.278932494692	0.0	941.6521334346255	62.34085964493986
352	64.84900577808946	21710.86865203274	8360.405358118996	0.0	948.1156141692937	64.84900577808946
353	53.720024836049625	21764.588676868792	8376.97592895875	0.0	952.7625080105303	53.720024836049625
354	59.925808335961264	21824.514485204756	8400.071375656737	0.0	962.1503447461203	59.925808335961264
355	55.042262124533764	21879.556747329276	8416.118620110361	0.0	965.3958343662626	55.042262124533764
356	57.23464238785892	21936.791389717157	8435.202957665322	0.0	967.0753256601795	57.23464238785892
357	61.02336827654712	21997.81475799369	8458.960314732618	0.0	968.8327892189117	61.02336827654712
358	61.04769695713005	22058.862454950824	8482.41884065866	0.0	977.6803460696215	61.04769695713005
359	54.87475947030645	22113.737214421133	8499.618466950178	0.0	983.5484357882456	54.87475947030645
360	57.676306905792025	22171.41352132692	8520.651471075804	0.0	988.9462862155704	57.676306905792025
361	51.12913862223002	22222.542659949144	8533.916998109107	0.0	989.4688617770802	51.12913862223002
362	68.35938761079169	22290.902047559946	8565.001129399061	0.0	996.9756830948644	68.35938761079169
363	54.684345913320016	22345.58639347326	8582.143439901978	0.0	1009.7985363633995	54.684345913320016
364	58.92364747371877	22404.510040946967	8603.946465195968	0.0	1016.5846123894991	58.92364747371877
365	53.297353565664295	22457.807394512634	8618.791505090989	0.0	1019.9922932389633	53.297353565664295
366	60.079257010983255	22517.886651523633	8641.660102945381	0.0	1016.1642992057897	60.079257010983255
367	58.42739388645786	22576.314045410083	8662.6370695067	0.0	1022.6863102954113	58.42739388645786
368	55.04115183594864	22631.355197246034	8679.88084000548	0.0	1027.3294844626118	55.04115183594864
369	59.60417193038964	22690.959369176417	8702.587805241194	0.0	1033.5768612879062	59.60417193038964
370	60.70500534158412	22751.664374518008	8725.767364798658	0.0	1027.755761296798	60.70500534158412
371	62.434296321863584	22814.09867083987	8751.693318711898	0.0	1031.42502852339	62.434296321863584
372	57.2447036655765	22871.343374505454	8771.160441070133	0.0	1035.0769468854255	57.2447036655765
373	61.91099598958235	22933.254370495033	8794.11874464362	0.0	1035.2430446229532	61.91099598958235
374	58.17730446533623	22991.431674960357	8814.204443577488	0.0	1037.1804873583499	58.17730446533623
375	51.58393942731911	23043.015614387685	8826.868607777447	0.0	1042.9331160243996	51.58393942731911
376	53.59196070820268	23096.607575095895	8843.436808560675	0.0	1045.0128061569776	53.59196070820268
377	56.55739006896365	23153.16496516485	8861.459817990317	0.0	1046.6790595728964	56.55739006896365
378	57.87096573212892	23211.035930896975	8882.21562608873	0.0	1051.177838658418	57.87096573212892
379	58.430197507203445	23269.466128404183	8902.651598504593	0.0	1054.9734919061025	58.430197507203445
380	59.12402173332106	23328.5901501375	8922.744746174189	0.0	1056.63602344101	59.12402173332106
381	58.107388394559365	23386.697538532055	8943.922933400141	0.0	1056.4399359175027	58.107388394559365
382	54.707775091454714	23441.40531362352	8961.051574388572	0.0	1054.3665307105011	54.707775091454714
383	58.719699396817965	23500.12501302034	8982.81340940886	0.0	1051.3959411620851	58.719699396817965
384	52.14092700460765	23552.265940024936	8998.06963787555	0.0	1055.212793359781	52.14092700460765
385	57.027099841900274	23609.293039866836	9017.788714112608	0.0	1054.3872773906064	57.027099841900274
386	58.19412534548278	23667.48716521233	9039.44299341023	0.0	1059.1422790934996	58.19412534548278
387	55.05529472070875	23722.54245993304	9057.587813775513	0.0	1060.2526481411996	55.05529472070875
388	59.07669419080304	23781.619154123826	9080.169376131138	0.0	1065.9913914775113	59.07669419080304
389	62.44014606190195	23844.05930018574	9105.694979910877	0.0	1074.7341298933816	62.44014606190195
390	57.05281875416647	23901.11211893989	9124.317520336897	0.0	1074.9204927335704	57.05281875416647
391	60.978824667189755	23962.09094360709	9148.869629336765	0.0	1075.632268912947	60.978824667189755
392	57.27053147749849	24019.361475084588	9169.361383330608	0.0	1082.3953969344593	57.27053147749849
393	61.36747682467853	24080.728951909266	9193.057408069268	0.0	1075.7325326928951	61.36747682467853
394	57.630588072919345	24138.35953998218	9212.806841165611	0.0	1074.4278980447434	57.630588072919345
395	58.848388240075394	24197.207928222255	9234.372239372291	0.0	1073.918895373136	58.848388240075394
396	59.159577548598264	24256.367505770864	9256.004703164932	0.0	1071.0886651946382	59.159577548598264
397	58.57870187949432	24314.94620765035	9274.412991758758	0.0	1072.5643112096768	58.57870187949432
398	56.61918184877871	24371.565389499123	9291.344535795222	0.0	1070.7067627456333	56.61918184877871
399	62.430865715953274	24433.996255215086	9317.17369903488	0.0	1074.1867252712657	62.430865715953274
400	57.95357541066608	24491.949830625752	9337.46766526993	0.0	1080.1662618172938	57.95357541066608
401	61.51983290372381	24553.46966352949	9362.071063967214	0.0	1077.5740766817148	61.51983290372381
402	59.32860599233864	24612.798269521827	9385.782139677405	0.0	1075.5807478039849	59.32860599233864
403	50.78695168679358	24663.5852212086	9397.310481737515	0.0	1075.6720997684063	50.78695168679358
404	54.50339298468356	24718.088614193286	9413.170816338794	0.0	1076.9421873525523	54.50339298468356
405	54.68336521221484	24772.77197940551	9430.535738600041	0.0	1076.2012979219696	54.68336521221484
406	58.202199519134254	24830.97417892464	9448.563659780557	0.0	1074.5058864515433	58.202199519134254
407	57.67539775338934	24888.649576678035	9470.371462589914	0.0	1070.3673952279896	57.67539775338934
408	63.52347762997456	24952.173054308012	9497.548826103797	0.0	1070.9803324887932	63.52347762997456
409	54.03673252588498	25006.209786833893	9513.372777519642	0.0	1068.169156960045	54.03673252588498
410	60.60340005833717	25066.81318689223	9537.444185976798	0.0	1070.709714218488	60.60340005833717
411	59.71604444897142	25126.529231341192	9559.789378242553	0.0	1072.378525132224	59.71604444897142
412	59.35228264070898	25185.881513981913	9582.135367650633	0.0	1078.7700006193136	59.35228264070898
413	59.6024071614327	25245.483921143332	9603.368673445691	0.0	1082.0418501834995	59.6024071614327
414	54.334658788553796	25299.81857993188	9620.591545293746	0.0	1083.6998542778979	54.334658788553796
415	49.525325855099865	25349.343905786987	9631.9862453584	0.0	1083.3862438117067	49.525325855099865
416	59.93063556615735	25409.274541353152	9654.541340150041	0.0	1085.1702768137823	59.93063556615735
417	58.00143497722593	25467.27597633039	9675.37739123186	0.0	1087.642582354932	58.00143497722593
418	63.38651313241322	25530.662489462782	9702.292376061512	0.0	1093.6411475631094	63.38651313241322
419	53.60681299458648	25584.269302457375	9717.40900238047	0.0	1096.1256280813943	53.60681299458648
420	56.18744612401236	25640.456748581386	9735.483943903791	0.0	1103.3980605663494	56.18744612401236
421	56.328673628184276	25696.785422209578	9755.147225619748	0.0	1106.412605113235	56.328673628184276
422	53.4709692556439	25750.256391465213	9772.128403342324	0.0	1108.863711023906	53.4709692556439
423	57.30484440671471	25807.56123587193	9791.508775052842	0.0	1117.6867752124501	57.30484440671471
424	59.48820748209602	25867.049443354026	9813.300345335347	0.0	1123.3822521546326	59.48820748209602
425	51.325936781256985	25918.375380135287	9826.205385054218	0.0	1129.7878444313162	51.325936781256985
426	63.44198530836807	25981.817365443654	9851.320269797054	0.0	1131.4669525475729	63.44198530836807
427	56.81003829712691	26038.62740374079	9869.94690273455	0.0	1133.1834118192298	56.81003829712691
428	56.49965178859861	26095.127055529374	9888.076896769118	0.0	1136.3500268946461	56.49965178859861
429	56.326962518502434	26151.454018047865	9906.406794250204	0.0	1138.040040690915	56.326962518502434
430	61.05831218777547	26212.51233023566	9930.465196196423	0.0	1139.7815666891972	61.05831218777547
431	55.45182967627874	26267.96415991193	9948.77478987167	0.0	1141.944454884591	55.45182967627874
432	60.32978670859354	26328.29394662052	9972.544330886583	0.0	1146.0097104513854	60.32978670859354
433	55.27592835953516	26383.56987498007	9990.301002152697	0.0	1149.673825075408	55.27592835953516
434	69.47595035008793	26453.045825330162	10020.921247374677	0.0	1151.8279863555913	69.47595035008793
435	57.91500526915942	26510.960830599313	10039.876188796956	0.0	1154.233992794212	57.91500526915942
436	58.5063665390378	26569.46719713834	10061.297194671924	0.0	1163.2044107143354	58.5063665390378
437	53.839273183387235	26623.30647032174	10077.410887550586	0.0	1170.8782809385473	53.839273183387235
438	60.24027914948448	26683.54674947122	10100.083739909274	0.0	1179.2517945737613	60.24027914948448
439	54.8312637367368	26738.378013207956	10116.981171755919	0.0	1183.076174955589	54.8312637367368
440	54.6570279734889	26793.035041181454	10132.99111634928	0.0	1185.5010877420223	54.6570279734889
441	54.14434648550247	26847.17938766695	10148.291663264223	0.0	1194.4579660960057	54.14434648550247
442	55.110144678896866	26902.289532345836	10165.444544805687	0.0	1196.6328489280017	55.110144678896866
443	57.4591779951771	26959.74871034101	10185.602780608882	0.0	1191.8333662515392	57.4591779951771
444	54.61683598155546	27014.365546322566	10201.640683084084	0.0	1192.7369908934684	54.61683598155546
445	58.480801240725576	27072.8463475633	10224.197745865933	0.0	1195.3900625479296	58.480801240725576
446	54.68963917951621	27127.53598674283	10243.726386645845	0.0	1199.1893758611009	54.68963917951621
447	56.543714515234896	27184.07970125804	10263.076732289574	0.0	1204.3923300619442	56.543714515234896
448	59.26569848281184	27243.34539974087	10285.833675575015	0.0	1204.4535497892196	59.26569848281184
449	57.18082961789599	27300.526229358773	10305.845849223486	0.0	1209.9492920392397	57.18082961789599
450	58.177412350282154	27358.703641709035	10325.94270979135	0.0	1205.1081616564368	58.177412350282154
451	58.58778256516418	27417.291424274194	10346.73385420391	0.0	1208.5212190307077	58.58778256516418
452	58.62854529138515	27475.919969565584	10367.23376579956	0.0	1214.3377901139597	58.62854529138515
453	59.67267950277813	27535.592649068367	10389.329724238822	0.0	1215.1487436297139	59.67267950277813
454	55.43101575925799	27591.023664827597	10407.253142821934	0.0	1218.8380132357922	55.43101575925799
455	55.00554155702652	27646.029206384654	10425.469288191158	0.0	1225.962976497607	55.00554155702652
456	58.18509329784103	27704.21429968248	10445.97081513419	0.0	1228.4952078183364	58.18509329784103
457	59.02015525918002	27763.23445494167	10467.853177082548	0.0	1237.001140869417	59.02015525918002
458	58.71081940360767	27821.945274345297	10489.905671237575	0.0	1235.5632240260518	58.71081940360767
459	61.080135745890104	27883.02541009116	10511.320992869203	0.0	1239.7594544193848	61.080135745890104
460	57.57356456351019	27940.59897465468	10531.297293196427	0.0	1238.7889454290817	57.57356456351019
461	54.21081837851894	27994.809793033193	10548.447043781329	0.0	1243.3098817118148	54.21081837851894
462	56.83217299133867	28051.641966024526	10568.221160831268	0.0	1253.5061645905191	56.83217299133867
463	51.66005876857929	28103.302024793113	10582.695647618233	0.0	1253.8910974980743	51.66005876857929
464	53.21823488069786	28156.52025967381	10596.868391717542	0.0	1256.3379168433023	53.21823488069786
465	60.01817567600682	28216.538435349805	10619.454229343231	0.0	1252.3885839519041	60.01817567600682
466	54.9920607613326	28271.530496111158	10636.869920555891	0.0	1249.1520166631642	54.9920607613326
467	61.05959790227566	28332.590094013434	10661.184137920744	0.0	1246.9855924716312	61.05959790227566
468	51.82368940294304	28384.413783416374	10675.800924576146	0.0	1252.5806912623602	51.82368940294304
469	57.09619488689414	28441.509978303264	10695.113677584974	0.0	1261.9639890295305	57.09619488689414
470	50.63353069631682	28492.14350899959	10709.024724989627	0.0	1272.8951272481575	50.63353069631682
471	59.40388669945	28551.54739569903	10730.24635778966	0.0	1270.5322813312237	59.40388669945
472	55.30059845532754	28606.847994154363	10747.630178604995	0.0	1270.6026186044667	55.30059845532754
473	57.31425948126891	28664.16225363563	10766.929287290617	0.0	1275.490316071834	57.31425948126891
474	60.96206419186914	28725.12431782749	10790.21984762381	0.0	1270.2934039765967	60.96206419186914
475	53.62848287070091	28778.752800698207	10805.423399554717	0.0	1269.989599003693	53.62848287070091
476	50.580712935193915	28829.33351363339	10819.697908783162	0.0	1273.5242046493763	50.580712935193915
477	60.804912501545466	28890.138426134945	10844.62435988578	0.0	1275.0497570458167	60.804912501545466
478	55.904864423396475	28946.043290558337	10862.231461287683	0.0	1272.536779130198	55.904864423396475
479	56.31454450093397	29002.35783505927	10881.804549191289	0.0	1277.5213658635478	56.31454450093397
480	61.911368998326346	29064.2692040576	10906.291491145592	0.0	1295.3172844094347	61.911368998326346
481	56.10739273498948	29120.376596792586	10926.527230015707	0.0	1292.9624527026192	56.10739273498948
482	63.131861581206834	29183.508458373788	10952.149123313451	0.0	1288.861518891998	63.131861581206834
483	52.81210116701258	29236.320559540807	10969.113114767499	0.0	1294.0015593098442	52.81210116701258
484	57.12540606008139	29293.44596560088	10988.652613223387	0.0	1300.148170799455	57.12540606008139
485	56.44610799891686	29349.8920735998	11006.73700248197	0.0	1303.4880642812925	56.44610799891686
486	59.54847172398361	29409.440545323767	11030.208061569669	0.0	1307.9332970162668	59.54847172398361
487	62.81792897537081	29472.258474299157	11056.439200710436	0.0	1318.694304923446	62.81792897537081
488	60.09564876393379	29532.354123063087	11078.350831304859	0.0	1320.1736085774246	60.09564876393379
489	59.62235122608626	29591.97647428917	11097.513609000767	0.0	1333.089857790779	59.62235122608626
490	60.13979020330348	29652.116264492477	11120.07520327832	0.0	1339.5545119165347	60.13979020330348
491	51.809162530514534	29703.925427023	11135.334165698001	0.0	1349.3275376275035	51.809162530514534
492	54.39023555649526	29758.315662579498	11150.961929712063	0.0	1355.6180155746374	54.39023555649526
493	60.434845724246664	29818.75050830374	11173.44658047844	0.0	1358.1285017423272	60.434845724246664
494	53.92957950122721	29872.68008780496	11190.220174618105	0.0	1357.1105493453451	53.92957950122721
495	67.67747009603927	29940.357557901	11220.808697207058	0.0	1358.5430247614556	67.67747009603927
496	54.012714558001065	29994.370272458997	11237.58469786123	0.0	1356.246260710584	54.012714558001065
497	57.14364989504183	30051.51392235404	11256.228159222694	0.0	1351.8446156863793	57.14364989504183
498	58.83751315347402	30110.351435507513	11276.840854677539	0.0	1358.167870833987	58.83751315347402
499	61.722282096193105	30172.073717603715	11300.685332692285	0.0	1365.582949858625	61.722282096193105
500	60.63016935478591	30232.7038869585	11321.40083169954	0.0	1367.3390086264835	60.63016935478591
501	64.60019244467216	30297.30407940318	11349.617233751946	0.0	1368.3932706261257	64.60019244467216
502	59.95587698334723	30357.25995638651	11372.714226912942	0.0	1378.7209781457518	59.95587698334723
503	53.50982615723716	30410.76978254375	11387.897428057324	0.0	1377.0235875851656	53.50982615723716
504	57.19458577391486	30467.96436831766	11406.464542502204	0.0	1372.3961361828308	57.19458577391486
505	53.7232529556286	30521.687621273286	11420.25437115765	0.0	1378.6772820101032	53.7232529556286
506	56.38776033334275	30578.075381606635	11440.823542398524	0.0	1381.2306717660363	56.38776033334275
507	62.01062216932694	30640.08600377597	11463.89198787605	0.0	1385.364305815222	62.01062216932694
508	53.57261485505218	30693.65861863102	11479.495645568146	0.0	1387.3553689408757	53.57261485505218
509	59.736572707342084	30753.395191338364	11501.235562840782	0.0	1385.04180613622	59.736572707342084
510	54.14214609870711	30807.53733743706	11517.70929722761	0.0	1389.563661155973	54.14214609870711
511	63.02583965392446	30870.563177090986	11545.197305045755	0.0	1393.1178396658313	63.02583965392446
512	65.23115052948812	30935.794327620486	11545.197305045755	0.0	1396.5594893733664	65.23115052948812
