task	reward	total_reward	total_regret	relative	total_reward_dev	joules
0	61.77059249744041	61.77059249744041	16.320157131663915	0.0	36.18494649565132	61.77059249744041
1	73.00344090008721	134.77403339752757	42.82523505886254	0.0	49.91640592865197	73.00344090008721
2	66.49078852782715	201.2648219253547	63.06639265955451	0.0	61.43081601129696	66.49078852782715
3	58.465927062006315	259.7307489873611	77.64001020990366	0.0	68.46425399520439	58.465927062006315
4	75.76902437710736	335.4997733644682	107.70372170081095	0.0	70.15549048213303	75.76902437710736
5	75.56794252912759	411.0677158935959	140.32502311618128	0.0	70.05043189009456	75.56794252912759
6	65.61813603556946	476.6858519291654	160.70476895816626	0.0	77.74905006391484	65.61813603556946
7	71.97585429987133	548.6617062290366	187.19982631253828	0.0	84.77903583904181	71.97585429987133
8	74.95571029915	623.6174165281868	219.38528068375112	0.0	95.30488587277256	74.95571029915
9	68.29184741483515	691.9092639430218	242.2521012688895	0.0	99.9247941251473	68.29184741483515
10	67.94848622869446	759.8577501717161	263.12922203357357	0.0	104.28691700817117	67.94848622869446
11	70.9935222694131	830.8512724411294	289.0610534670078	0.0	109.70776497082049	70.9935222694131
12	69.71597616424387	900.567248605373	313.1271375362666	0.0	113.05905637204945	69.71597616424387
13	72.90336174274472	973.470610348118	341.98267649858565	0.0	123.38129468330742	72.90336174274472
14	66.77593461031387	1040.2465449584317	360.4001286811987	0.0	130.10984275494621	66.77593461031387
15	68.92748633379114	1109.1740312922232	386.5508955502438	0.0	136.80343413944502	68.92748633379114
16	73.12296358633989	1182.296994878563	413.48407377567804	0.0	148.2339369220284	73.12296358633989
17	72.52603805042878	1254.8230329289913	441.45171807570614	0.0	153.52849083890567	72.52603805042878
18	69.21529519210186	1324.0383281210932	461.4441123738642	0.0	152.29925710728665	69.21529519210186
19	75.42121049754755	1399.4595386186404	491.15572500157805	0.0	160.08951402798772	75.42121049754755
20	74.31876584900525	1473.778304467646	521.7683448876978	0.0	166.26421081254074	74.31876584900525
21	66.49437699797956	1540.272681465625	545.5646163892346	0.0	164.74379740824233	66.49437699797956
22	66.87074692830718	1607.1434283939325	565.3525845098977	0.0	171.13686124165315	66.87074692830718
23	67.4033835518445	1674.546811945777	587.3247096162917	0.0	171.0089889165327	67.4033835518445
24	67.06754273144642	1741.6143546772232	609.5812048970835	0.0	180.5412290026185	67.06754273144642
25	72.50147661369822	1814.1158312909206	636.9723315839415	0.0	189.97886605824962	72.50147661369822
26	69.38379832490494	1883.499629615826	660.0784829992922	0.0	191.2452944093231	69.38379832490494
27	72.46211293716964	1955.9617425529962	689.8707698165194	0.0	195.28540097222813	72.46211293716964
28	72.85425798294597	2028.816000535942	716.7476993263923	0.0	197.60423908044353	72.85425798294597
29	65.01925184749979	2093.835252383442	737.6373695170856	0.0	198.5508957636238	65.01925184749979
30	69.79391985157903	2163.62917223502	760.8146993835745	0.0	208.27071269273017	69.79391985157903
31	67.47265018512688	2231.101822420148	783.2601239653959	0.0	212.91082347373026	67.47265018512688
32	68.95060019810722	2300.0524226182547	809.135256954461	0.0	223.68349217927204	68.95060019810722
33	69.22638873185846	2369.278811350113	833.033207304508	0.0	223.69636587187716	69.22638873185846
34	73.905677660017	2443.1844890101293	859.2623347350342	0.0	229.9327410117077	73.905677660017
35	66.53220403124037	2509.7166930413705	881.0676378378556	0.0	232.75830631672613	66.53220403124037
36	66.97303141536413	2576.6897244567335	903.2278787285222	0.0	236.69040685856757	66.97303141536413
37	67.38817494409464	2644.077899400829	923.4613556415476	0.0	246.2161766532143	67.38817494409464
38	67.91240336941719	2711.9903027702453	947.1485080264276	0.0	248.94645415188646	67.91240336941719
39	71.83644514325266	2783.8267479134993	972.6539314885116	0.0	251.37669285619936	71.83644514325266
40	65.11863182266251	2848.945379736162	991.9869331876627	0.0	252.9403034522374	65.11863182266251
41	68.47081608462432	2917.4161958207865	1012.8925857604937	0.0	261.239929103483	68.47081608462432
42	69.55834267744898	2986.9745384982343	1038.1625998799182	0.0	266.4699462430303	69.55834267744898
43	66.86075070827667	3053.835289206512	1058.9857370330712	0.0	270.6290847873063	66.86075070827667
44	72.78515077491619	3126.620439981428	1088.59275716965	0.0	272.1670975292983	72.78515077491619
45	70.44148161343978	3197.0619215948664	1113.4675153944604	0.0	277.9685862793132	70.44148161343978
46	65.01131908381633	3262.073240678684	1131.084969023112	0.0	284.97530697269065	65.01131908381633
47	65.89196554514196	3327.9652062238256	1153.6751742920032	0.0	289.49783033002404	65.89196554514196
48	63.05323273310951	3391.0184389569345	1171.325325293659	0.0	292.25966532836173	63.05323273310951
49	68.90057832630205	3459.919017283237	1195.589740153119	0.0	297.86446145064826	68.90057832630205
50	60.00770877040002	3519.9267260536367	1209.5337850308808	0.0	307.2975015112873	60.00770877040002
51	64.69032170057821	3584.6170477542146	1230.3648365214017	0.0	307.62793628467324	64.69032170057821
52	63.03849042812201	3647.6555381823373	1247.3004447498963	0.0	310.9515918863448	63.03849042812201
53	67.30692457774859	3714.962462760086	1270.293656206216	0.0	319.1121764854454	67.30692457774859
54	64.74027580024602	3779.702738560331	1287.6496366390375	0.0	320.391862804761	64.74027580024602
55	60.23109161533895	3839.9338301756707	1301.0839767998164	0.0	321.4051264476317	60.23109161533895
56	65.5210367683643	3905.454866944034	1322.1599616610642	0.0	331.5672043511447	65.5210367683643
57	68.78925727151632	3974.244124215551	1346.1325973578057	0.0	334.18203836366115	68.78925727151632
58	67.40635642408351	4041.650480639638	1367.5652456787602	0.0	335.6627892581391	67.40635642408351
59	68.51347842736017	4110.163959066996	1389.8033010272002	0.0	335.59173487957815	68.51347842736017
60	68.09211311551016	4178.256072182505	1411.8963378706467	0.0	343.86258522273664	68.09211311551016
61	64.1478804991868	4242.403952681692	1432.1442894789436	0.0	347.1880099385579	64.1478804991868
62	71.42630282984285	4313.830255511532	1459.4171563552254	0.0	342.1370947854159	71.42630282984285
63	71.2147857746788	4385.045041286214	1485.2861698684687	0.0	352.9716138056819	71.2147857746788
64	69.22913645530811	4454.274177741522	1511.1439704600666	0.0	353.9901918947459	69.22913645530811
65	65.28875393320538	4519.562931674727	1532.9724056075338	0.0	356.1090989028761	65.28875393320538
66	72.4758119136291	4592.038743588358	1559.0046455449567	0.0	356.7833601032531	72.4758119136291
67	62.540300949484866	4654.57904453784	1576.1155254448988	0.0	357.1650157082579	62.540300949484866
68	69.2380947976998	4723.817139335542	1598.6070877148488	0.0	355.94374201218335	69.2380947976998
69	68.23751169315167	4792.054651028691	1619.8179176761457	0.0	354.029563016455	68.23751169315167
70	65.74164583835304	4857.796296867046	1639.3937256590714	0.0	357.2351449691561	65.74164583835304
71	65.6199570382006	4923.416253905247	1658.432882945992	0.0	361.5213995238643	65.6199570382006
72	64.19107601969051	4987.607329924939	1679.0119072020636	0.0	360.6667937705339	64.19107601969051
73	65.15869082936636	5052.766020754303	1700.1925378486203	0.0	366.13612950472026	65.15869082936636
74	66.70062163019426	5119.466642384498	1722.7723196800962	0.0	366.6314181969527	66.70062163019426
75	65.32951480601315	5184.796157190511	1742.561115226862	0.0	368.8068298418519	65.32951480601315
76	64.72275400885975	5249.5189111993695	1762.1984134620973	0.0	372.55243114170935	64.72275400885975
77	61.34979769708055	5310.868708896452	1776.9158905390486	0.0	374.9896797223751	61.34979769708055
78	75.08621901111646	5385.954927907566	1806.7573800427533	0.0	371.0433951026111	75.08621901111646
79	63.397952293005034	5449.352880200571	1823.4099615007972	0.0	373.36894849678	63.397952293005034
80	61.56635533793389	5510.9192355385085	1841.3638701527827	0.0	373.7182318413448	61.56635533793389
81	64.66074638244719	5575.579981920951	1860.8442002666782	0.0	379.7263421985421	64.66074638244719
82	66.6979802723837	5642.277962193337	1883.0140679869562	0.0	383.9591052826128	66.6979802723837
83	68.80013790784912	5711.0781001011865	1908.089315038579	0.0	384.13529433617214	68.80013790784912
84	69.06360109507739	5780.141701196265	1932.7328383991905	0.0	382.9025517574787	69.06360109507739
85	63.28506653170979	5843.426767727972	1952.1343818467224	0.0	381.48125920687977	63.28506653170979
86	65.44834317007695	5908.875110898053	1971.990362042617	0.0	384.8614754190734	65.44834317007695
87	69.0222120148261	5977.897322912874	1995.9771428125296	0.0	388.29733026343143	69.0222120148261
88	63.038609242341934	6040.935932155221	2014.4525534134996	0.0	389.58289987030065	63.038609242341934
89	67.88952984232759	6108.825461997546	2036.2677083406245	0.0	390.17107644895486	67.88952984232759
90	63.148284261861114	6171.97374625941	2052.1868182859544	0.0	398.1718367815989	63.148284261861114
91	69.34735035043008	6241.321096609836	2075.8936306071455	0.0	400.0596353504207	69.34735035043008
92	61.290825669612424	6302.611922279449	2093.3821008566815	0.0	408.85787260982556	61.290825669612424
93	64.87873880912557	6367.490661088576	2113.4661684002217	0.0	412.6154451301734	64.87873880912557
94	62.74494341877747	6430.235604507353	2132.1266914265752	0.0	415.07225965954956	62.74494341877747
95	68.38294726297444	6498.618551770331	2154.79435923252	0.0	421.0944221488119	68.38294726297444
96	64.46272432872843	6563.081276099057	2172.6236180771816	0.0	420.59586920691976	64.46272432872843
97	65.38327308152822	6628.464549180587	2194.0795774083886	0.0	416.7633611665571	65.38327308152822
98	60.04871490747431	6688.513264088063	2209.1720569361405	0.0	418.9540412621021	60.04871490747431
99	70.53746478298443	6759.050728871043	2233.7148295315114	0.0	427.0363362279854	70.53746478298443
100	58.68536594760118	6817.736094818647	2248.67716551403	0.0	429.58274644125254	58.68536594760118
101	67.41673731303402	6885.152832131684	2269.0291141780713	0.0	433.142331731968	67.41673731303402
102	66.7988247615162	6951.951656893194	2291.574264326546	0.0	438.2719500303704	66.7988247615162
103	69.69987098999918	7021.651527883198	2314.672411244903	0.0	442.3366381743841	69.69987098999918
104	66.06058534846318	7087.712113231656	2335.8790477102802	0.0	440.7164703685963	66.06058534846318
105	65.79042412754899	7153.502537359209	2357.2632796031885	0.0	437.43799096543154	65.79042412754899
106	64.86867291817337	7218.37121027738	2373.418404322509	0.0	436.5637438275769	64.86867291817337
107	66.20872815828919	7284.579938435672	2393.335337724416	0.0	439.5528215797401	66.20872815828919
108	62.47595995726105	7347.05589839293	2411.404197817486	0.0	441.06123349837264	62.47595995726105
109	66.21932743368473	7413.275225826611	2433.704324936878	0.0	443.3120295402688	66.21932743368473
110	61.54624839324833	7474.821474219869	2449.231002637676	0.0	443.65569200136844	61.54624839324833
111	66.90734061023458	7541.728814830099	2470.592516769012	0.0	452.56255293532485	66.90734061023458
112	65.56577864358357	7607.294593473684	2493.7659819818273	0.0	454.566125233713	65.56577864358357
113	61.03906265916541	7668.333656132846	2512.0335315349535	0.0	458.5441812050633	61.03906265916541
114	61.1335266350502	7729.4671827679	2526.6514403990313	0.0	461.48262969908797	61.1335266350502
115	66.49049702497352	7795.957679792869	2546.5448124920986	0.0	466.05870662120634	66.49049702497352
116	61.00846571113797	7856.966145504011	2560.4230824515357	0.0	471.5190024955729	61.00846571113797
117	67.63431217980839	7924.6004576838195	2580.9752426005534	0.0	471.98267814759254	67.63431217980839
118	66.1894337162957	7990.789891400113	2603.906223289411	0.0	465.83721502918405	66.1894337162957
119	72.3960753434042	8063.185966743518	2629.503673508576	0.0	469.450828056608	72.3960753434042
120	63.06683902189084	8126.252805765412	2647.66346542547	0.0	467.5499908140518	63.06683902189084
121	63.43267860128579	8189.685484366699	2666.64580728854	0.0	477.00159388872254	63.43267860128579
122	61.52157204753303	8251.207056414225	2686.086615700322	0.0	473.422816255739	61.52157204753303
123	66.86057377546494	8318.067630189686	2709.4893635279955	0.0	475.14941106145255	66.86057377546494
124	70.76028953426272	8388.827919723955	2734.314172395773	0.0	479.1060285879302	70.76028953426272
125	62.20351965536672	8451.031439379325	2750.459539810767	0.0	480.3264612148133	62.20351965536672
126	59.42916114152201	8510.460600520844	2763.340541430672	0.0	484.3751791487744	59.42916114152201
127	64.63759225225337	8575.098192773095	2780.9132884658284	0.0	494.29800516483584	64.63759225225337
128	57.585161898855404	8632.68335467195	2793.890638356442	0.0	498.90234384488554	57.585161898855404
129	64.26617959116354	8696.949534263114	2811.790462554395	0.0	502.1827838800901	64.26617959116354
130	63.07085954382085	8760.020393806937	2829.7421170133225	0.0	510.77996657342567	63.07085954382085
131	64.36406153864056	8824.384455345575	2850.5749652545746	0.0	512.5568347356992	64.36406153864056
132	73.87957645633513	8898.264031801911	2879.575645946915	0.0	517.6724333005358	73.87957645633513
133	65.4596850396791	8963.723716841592	2897.528749550651	0.0	516.8970768629474	65.4596850396791
134	64.36616614074724	9028.089882982336	2916.1676148098713	0.0	514.2586253167824	64.36616614074724
135	61.17140386990072	9089.261286852236	2931.809803139082	0.0	516.8956258975904	61.17140386990072
136	63.92645649811528	9153.187743350354	2947.52589885346	0.0	521.0605983424527	63.92645649811528
137	63.878715730419906	9217.066459080772	2966.3606688569735	0.0	524.4849696029444	63.878715730419906
138	61.76053553353215	9278.826994614303	2984.5837130295495	0.0	527.06541276881	61.76053553353215
139	65.92207688721128	9344.749071501517	3006.9788184874024	0.0	533.7902791397876	65.92207688721128
140	59.45612916921124	9404.205200670727	3020.019742956117	0.0	535.7185101910599	59.45612916921124
141	64.07781096689146	9468.283011637617	3040.8752231797143	0.0	536.7219405234902	64.07781096689146
142	68.08477593258634	9536.367787570207	3065.0295144701377	0.0	536.2852155242686	68.08477593258634
143	63.10636563774236	9599.474153207942	3082.284570310705	0.0	539.116893834044	63.10636563774236
144	73.64202531486579	9673.116178522814	3108.7075157371128	0.0	542.7283656592181	73.64202531486579
145	63.41525445091118	9736.531432973723	3127.309184516208	0.0	544.4793012298406	63.41525445091118
146	63.73687204164987	9800.268305015372	3148.0370615013717	0.0	538.830626510685	63.73687204164987
147	66.73885714175864	9867.007162157137	3168.1620407353453	0.0	539.8091404331655	66.73885714175864
148	67.09672567481509	9934.103887831947	3188.9008715647465	0.0	543.5002375193475	67.09672567481509
149	65.4914402147524	9999.5953280467	3207.775386136921	0.0	542.5276627818124	65.4914402147524
150	61.42494530017875	10061.020273346881	3222.243365804291	0.0	546.5952852293	61.42494530017875
151	61.615642321179585	10122.63591566806	3240.7593769980804	0.0	552.754150851725	61.615642321179585
152	58.92362318321007	10181.559538851265	3254.3184236183483	0.0	550.7110965883877	58.92362318321007
153	61.239548050928576	10242.799086902196	3269.31306172449	0.0	552.1973148420532	61.239548050928576
154	59.08688271847689	10301.885969620671	3285.1852235643187	0.0	550.2134908431113	59.08688271847689
155	63.82822064304582	10365.71419026372	3304.517647162285	0.0	555.823494838255	63.82822064304582
156	62.715763024661186	10428.429953288378	3322.4085877418443	0.0	554.200229776022	62.715763024661186
157	60.89635216025252	10489.326305448629	3339.1398192671745	0.0	555.2442634590179	60.89635216025252
158	59.163355307017575	10548.489660755655	3353.2962923511745	0.0	562.1591990678608	59.163355307017575
159	66.09945556613634	10614.589116321782	3374.1514480623473	0.0	563.60707137029	66.09945556613634
160	62.166328551125815	10676.75544487291	3392.050893226584	0.0	566.0864230471041	62.166328551125815
161	68.6761090233417	10745.431553896251	3414.966857586049	0.0	565.9101463054922	68.6761090233417
162	62.89692237452642	10808.328476270783	3433.4921884448668	0.0	564.372108485774	62.89692237452642
163	68.02152498530715	10876.350001256087	3458.1388531760244	0.0	565.6277179696208	68.02152498530715
164	70.7022126264097	10947.052213882496	3482.874927560808	0.0	571.0578702865376	70.7022126264097
165	72.32995018870918	11019.382164071205	3512.162589657671	0.0	576.2901000596239	72.32995018870918
166	57.6964021950476	11077.07856626625	3523.333314798033	0.0	579.4437583283085	57.6964021950476
167	64.55440084413634	11141.632967110383	3540.182771330116	0.0	582.1739391011155	64.55440084413634
168	69.44396550577352	11211.076932616164	3563.87056725546	0.0	585.6882610504366	69.44396550577352
169	60.38035657929897	11271.457289195454	3578.2726669425115	0.0	589.1778304461893	60.38035657929897
170	64.00055812777842	11335.457847323243	3597.992534926122	0.0	597.2152064729613	64.00055812777842
171	55.45380226209994	11390.911649585334	3606.92992749963	0.0	601.1278331985885	55.45380226209994
172	67.89723638245692	11458.808885967792	3629.7774241214006	0.0	607.7684616206101	67.89723638245692
173	63.75279610644448	11522.56168207424	3647.275932487749	0.0	602.303330532675	63.75279610644448
174	61.98236062910132	11584.544042703339	3664.402433217439	0.0	594.5951441707886	61.98236062910132
175	60.31106658062484	11644.855109283964	3679.619443541977	0.0	589.2152500248244	60.31106658062484
176	67.99859471524195	11712.853703999208	3701.6432625438306	0.0	593.0269247570664	67.99859471524195
177	62.73435994157804	11775.588063940786	3719.538330198337	0.0	593.8317942981648	62.73435994157804
178	66.76469711612685	11842.352761056909	3741.245107744218	0.0	597.3349644438218	66.76469711612685
179	64.09391796293068	11906.446679019846	3758.0620325556124	0.0	601.3148454496276	64.09391796293068
180	66.07803184889359	11972.524710868734	3779.1266194960813	0.0	602.3607034465999	66.07803184889359
181	62.43516256061746	12034.959873429352	3797.6963559606834	0.0	609.8080379152653	62.43516256061746
182	60.63429502962384	12095.594168458976	3811.9196428814816	0.0	608.9548633016326	60.63429502962384
183	66.3172130349626	12161.911381493941	3834.3627366684527	0.0	613.8036686638702	66.3172130349626
184	63.38438462643097	12225.295766120376	3853.5514165446266	0.0	619.6712615633817	63.38438462643097
185	55.4855557840928	12280.78132190447	3865.1893188573913	0.0	618.8280239860776	55.4855557840928
186	63.80222531759208	12344.58354722206	3884.54954149698	0.0	621.0684946577936	63.80222531759208
187	60.342477085415666	12404.926024307473	3898.454309154566	0.0	620.6662180537569	60.342477085415666
188	66.40562211757273	12471.331646425042	3921.147132077487	0.0	619.3734051115966	66.40562211757273
189	61.626464755147474	12532.958111180185	3938.105773957282	0.0	619.5986889685472	61.626464755147474
190	67.33494806364043	12600.293059243826	3961.6716772222244	0.0	622.7510571926836	67.33494806364043
191	66.12617145221797	12666.419230696054	3982.9775339695348	0.0	627.1388904695103	66.12617145221797
192	63.81551576051511	12730.234746456568	4004.531498363182	0.0	621.5986442090261	63.81551576051511
193	59.11029550834768	12789.345041964913	4018.7864121944685	0.0	625.9315712270388	59.11029550834768
194	58.54299223091373	12847.888034195821	4030.8933484228687	0.0	622.626612525762	58.54299223091373
195	64.86241439798239	12912.750448593812	4051.4875040349625	0.0	629.2100929223218	64.86241439798239
196	60.19933891842169	12972.949787512229	4066.1220660748	0.0	632.4140147287503	60.19933891842169
197	63.98078315083093	13036.930570663062	4084.720523711198	0.0	630.8329790216613	63.98078315083093
198	56.86119948941136	13093.791770152468	4098.163199941092	0.0	624.3488621487128	56.86119948941136
199	65.26168957353512	13159.053459726014	4119.470295104877	0.0	627.5740602571332	65.26168957353512
200	64.69659130946137	13223.750051035478	4137.420799720613	0.0	628.4636873848563	64.69659130946137
201	66.7432453823609	13290.493296417833	4158.809400701017	0.0	625.4730666266786	66.7432453823609
202	64.69978425419788	13355.193080672023	4177.226956215312	0.0	628.6185400626127	64.69978425419788
203	62.743465377210114	13417.93654604923	4194.164654861929	0.0	632.4371418151809	62.743465377210114
204	58.3639945836213	13476.30054063286	4208.1438156546665	0.0	634.9338556046928	58.3639945836213
205	60.197250097502526	13536.497790730351	4222.900437239138	0.0	639.7425014767799	60.197250097502526
206	59.19324044286791	13595.69103117322	4236.458335453954	0.0	636.9702913508205	59.19324044286791
207	64.43682599633794	13660.12785716957	4257.063526262601	0.0	642.9396821008484	64.43682599633794
208	59.952898376184855	13720.08075554575	4271.397601353356	0.0	643.6508291671156	59.952898376184855
209	61.14382517872043	13781.224580724474	4289.083738041315	0.0	642.7806270626312	61.14382517872043
210	57.38722216290204	13838.611802887377	4300.882667496624	0.0	647.6170959740108	57.38722216290204
211	60.5499587538756	13899.161761641246	4314.999925105856	0.0	653.8679869444433	60.5499587538756
212	60.46106408802641	13959.622825729271	4326.161856435306	0.0	655.6970294649078	60.46106408802641
213	60.38163345292154	14020.004459182197	4340.91376433374	0.0	659.2121318537037	60.38163345292154
214	61.58541595555035	14081.589875137746	4359.170945283218	0.0	659.5912622554082	61.58541595555035
215	55.11464192834067	14136.704517066088	4366.704420518504	0.0	660.4838279113595	55.11464192834067
216	64.32271315562511	14201.027230221714	4385.045069735499	0.0	663.1859851267473	64.32271315562511
217	61.50766698529518	14262.534897207006	4401.468002867677	0.0	663.0164706692522	61.50766698529518
218	58.02267331284136	14320.55757051985	4415.777822133528	0.0	670.875771227366	58.02267331284136
219	58.33858120852055	14378.896151728371	4426.800267356488	0.0	666.2144584765616	58.33858120852055
220	65.31927955334174	14444.215431281715	4446.2599366751	0.0	669.9128047577233	65.31927955334174
221	67.94761726063001	14512.163048542343	4469.354553025286	0.0	670.9029609593559	67.94761726063001
222	66.51707289560956	14578.680121437954	4491.073897419011	0.0	671.0365421390569	66.51707289560956
223	64.70107697569705	14643.381198413648	4512.772784189478	0.0	678.8493972792978	64.70107697569705
224	61.05319937722102	14704.434397790867	4527.805255721971	0.0	680.2030876225423	61.05319937722102
225	59.479053173091664	14763.913450963953	4542.044825495412	0.0	685.5755401449725	59.479053173091664
226	61.16037597383031	14825.073826937794	4559.014339151731	0.0	689.2211025135462	61.16037597383031
227	65.64666427103616	14890.720491208825	4578.289649729164	0.0	692.3374920179956	65.64666427103616
228	62.29611867168505	14953.016609880508	4596.128716736105	0.0	698.1268037178085	62.29611867168505
229	62.718872862357564	15015.735482742872	4615.884264988829	0.0	696.7079684989163	62.718872862357564
230	57.165881870535394	15072.901364613404	4628.688356338388	0.0	700.7347793325561	57.165881870535394
231	63.097894478465676	15135.999259091866	4646.935135048179	0.0	701.8817071876997	63.097894478465676
232	59.21410582082003	15195.21336491269	4661.6012627636655	0.0	703.5279641161515	59.21410582082003
233	59.154393359655245	15254.36775827234	4675.543715989808	0.0	703.2575352069551	59.154393359655245
234	61.56563695996867	15315.933395232314	4693.147714994658	0.0	705.5635882600455	61.56563695996867
235	60.13998727385676	15376.073382506169	4706.968311233676	0.0	706.6394807312982	60.13998727385676
236	65.48762065213286	15441.561003158298	4728.035475483684	0.0	709.0579928387002	65.48762065213286
237	63.642803747209754	15505.203806905502	4745.292093511059	0.0	710.2196262097107	63.642803747209754
238	63.73090221971739	15568.934709125231	4763.65998637804	0.0	715.4439664799147	63.73090221971739
239	59.40941450385371	15628.344123629086	4777.140976147564	0.0	718.307365890551	59.40941450385371
240	61.05611452334562	15689.40023815243	4792.5572960239215	0.0	718.3326864244168	61.05611452334562
241	57.94086054233629	15747.34109869477	4805.9937804758265	0.0	712.6782072308631	57.94086054233629
242	65.01665677000202	15812.357755464762	4825.856443196378	0.0	720.9926033654327	65.01665677000202
243	62.23371358405238	15874.591469048813	4841.799872798761	0.0	723.0672615065283	62.23371358405238
244	54.934584958009744	15929.526054006825	4852.7195427244405	0.0	723.8002278514598	54.934584958009744
245	57.63818682408526	15987.16424083091	4863.340787663192	0.0	723.7180551148978	57.63818682408526
246	62.843520617397736	16050.007761448316	4879.800830070577	0.0	727.7082000334698	62.843520617397736
247	56.89646325883037	16106.90422470714	4892.22474366185	0.0	731.8962346147975	56.89646325883037
248	61.10834767779797	16168.012572384938	4908.593893773117	0.0	733.3979394434183	61.10834767779797
249	64.94706059928858	16232.95963298423	4929.643180693395	0.0	735.7064778418385	64.94706059928858
250	60.70949887926242	16293.66913186349	4944.542216940441	0.0	738.5114354074359	60.70949887926242
251	65.7194510324183	16359.388582895892	4964.518520497104	0.0	745.4531964202871	65.7194510324183
252	66.12073456949776	16425.509317465403	4986.642707087774	0.0	748.9358469979418	66.12073456949776
253	68.45389710324417	16493.963214568652	5009.950418836572	0.0	749.0845194650011	68.45389710324417
254	61.475787368563644	16555.439001937208	5026.307958600602	0.0	751.9402511812831	61.475787368563644
255	60.32681845351155	16615.765820390716	5040.764744826229	0.0	755.8337806720289	60.32681845351155
256	55.96826302630686	16671.734083417035	5052.977574183569	0.0	760.466638653969	55.96826302630686
257	63.71778331236926	16735.451866729396	5074.440983785868	0.0	763.937425821361	63.71778331236926
258	60.038370727937654	16795.490237457336	5088.754095091471	0.0	764.8876556291488	60.038370727937654
259	68.84191704855692	16864.332154505886	5113.823309198056	0.0	772.7522202621145	68.84191704855692
260	65.42717866299633	16929.759333168884	5134.2417480341755	0.0	774.3729306667811	65.42717866299633
261	57.668368296133714	16987.427701465018	5148.957612135581	0.0	774.9927027204267	57.668368296133714
262	61.65934114510437	17049.087042610125	5167.4527231853	0.0	776.067663142193	61.65934114510437
263	57.754514660000716	17106.841557270123	5181.313115128616	0.0	784.0095912705123	57.754514660000716
264	65.71115002364446	17172.552707293773	5199.162249832861	0.0	790.7147766805784	65.71115002364446
265	59.25444657651817	17231.807153870282	5213.090302006127	0.0	790.4190481641081	59.25444657651817
266	64.47275183851531	17296.279905708805	5229.462008045575	0.0	792.8285266238962	64.47275183851531
267	63.77971427929436	17360.059619988104	5247.1290710745825	0.0	797.4194915434147	63.77971427929436
268	62.3223565634178	17422.381976551518	5267.048670728683	0.0	797.964821345381	62.3223565634178
269	66.80200859821228	17489.18398514973	5288.760307493415	0.0	803.7162675538027	66.80200859821228
270	52.03645785744914	17541.220443007172	5294.488132330898	0.0	800.1219623560255	52.03645785744914
271	60.671327298576905	17601.891770305752	5309.651948231378	0.0	795.7638968267562	60.671327298576905
272	53.235821466307605	17655.12759177206	5314.58923120476	0.0	797.3405954967382	53.235821466307605
273	63.82400852588759	17718.951600297944	5333.221034808129	0.0	800.7776629416697	63.82400852588759
274	63.19308833359028	17782.14468863154	5351.557310173692	0.0	802.2567455737618	63.19308833359028
275	60.507410921711646	17842.65209955326	5365.638169952655	0.0	798.6195971157244	60.507410921711646
276	60.51039298465786	17903.162492537915	5378.997611270612	0.0	798.6529521116889	60.51039298465786
277	62.86773983434883	17966.03023237225	5395.569184687692	0.0	804.6955688104051	62.86773983434883
278	61.3036378411624	18027.33387021343	5411.315116789201	0.0	807.6172223541892	61.3036378411624
279	56.739962479304765	18084.073832692724	5425.220174001892	0.0	814.595076046435	56.739962479304765
280	63.11771361415056	18147.191546306876	5444.944245523939	0.0	812.2962998536958	63.11771361415056
281	61.84390384886771	18209.035450155745	5458.7393959125	0.0	811.9419772132212	61.84390384886771
282	60.83517393109364	18269.870624086838	5472.319590224081	0.0	816.0266076512731	60.83517393109364
283	63.57235106131134	18333.44297514815	5489.060418243319	0.0	816.3886541058782	63.57235106131134
284	68.24049326311648	18401.683468411265	5510.865784592069	0.0	824.6045497921783	68.24049326311648
285	67.31630079615984	18468.999769207414	5532.732823313676	0.0	829.7270711322982	67.31630079615984
286	61.250506129458344	18530.250275336875	5549.931758578783	0.0	827.9409357898498	61.250506129458344
287	61.81753264349349	18592.06780798037	5566.12702874506	0.0	826.7350358025847	61.81753264349349
288	57.91990878159518	18649.98771676196	5580.785923136375	0.0	825.603738030138	57.91990878159518
289	58.529790886946294	18708.517507648914	5594.297522484936	0.0	827.6649754372182	58.529790886946294
290	62.44240945765641	18770.959917106575	5608.433599313858	0.0	839.0287292295668	62.44240945765641
291	61.918081029513914	18832.877998136082	5626.894284944099	0.0	841.7791929352553	61.918081029513914
292	58.877273114401866	18891.755271250477	5639.644218302856	0.0	844.6110108306733	58.877273114401866
293	62.712084686301075	18954.467355936787	5654.180524083523	0.0	850.0517837533922	62.712084686301075
294	62.076578269551035	19016.54393420634	5670.899285598152	0.0	855.8004272411407	62.076578269551035
295	57.99222525783863	19074.536159464173	5679.994825216013	0.0	859.4627485795334	57.99222525783863
296	58.559881306293526	19133.09604077048	5691.790485536833	0.0	862.8196835604437	58.559881306293526
297	52.865156593343244	19185.96119736381	5695.718368412437	0.0	864.4906315557281	52.865156593343244
298	55.94697071867489	19241.908168082497	5705.630909998852	0.0	863.8243966893481	55.94697071867489
299	62.978696006575355	19304.886864089065	5723.249229035582	0.0	866.056726284399	62.978696006575355
300	66.25303927770564	19371.13990336677	5745.009432262719	0.0	877.4285835227455	66.25303927770564
301	67.36747851869902	19438.507381885476	5767.05731074159	0.0	875.8164664341002	67.36747851869902
302	58.86161026933483	19497.368992154807	5778.5561750275665	0.0	881.7310817142342	58.86161026933483
303	61.181634918105765	19558.550627072906	5794.2405352620335	0.0	882.8975574352191	61.181634918105765
304	61.296285895549815	19619.84691296846	5810.593539189613	0.0	875.7394745901537	61.296285895549815
305	66.74656978095206	19686.593482749417	5832.62760845598	0.0	878.7326133980754	66.74656978095206
306	61.53475393516653	19748.128236684573	5848.706597595464	0.0	880.8170620786591	61.53475393516653
307	56.582204537576445	19804.710441222156	5858.83667377214	0.0	886.8474453380629	56.582204537576445
308	57.998011977764726	19862.708453199913	5871.022558218674	0.0	884.5313515562391	57.998011977764726
309	59.89922401126441	19922.607677211185	5886.742445993438	0.0	888.64566247738	59.89922401126441
310	62.96137867182044	19985.569055883003	5905.242327352272	0.0	890.572643481305	62.96137867182044
311	57.963350794509225	20043.532406677514	5916.317559272863	0.0	893.2415546363727	57.963350794509225
312	60.207932991554564	20103.740339669064	5931.054589985737	0.0	894.7389189053181	60.207932991554564
313	59.648926011927436	20163.38926568099	5946.43411663856	0.0	893.8940245972949	59.648926011927436
314	66.99843355680487	20230.387699237795	5965.124756406101	0.0	894.1675921196511	66.99843355680487
315	56.430457216657175	20286.81815645445	5976.16356813216	0.0	896.867218621374	56.430457216657175
316	61.28803246134762	20348.1061889158	5990.643483601649	0.0	899.5616893327631	61.28803246134762
317	61.57246534406936	20409.67865425987	6006.723768415619	0.0	899.2479748276525	61.57246534406936
318	67.81743469539965	20477.496088955275	6029.859633579853	0.0	895.6731350732734	67.81743469539965
319	61.18953910467281	20538.68562805994	6045.482947946028	0.0	902.5878518212169	61.18953910467281
320	59.32610615845002	20598.0117342184	6060.219043007982	0.0	897.9106969441576	59.32610615845002
321	67.5504677568275	20665.56220197522	6082.526881656366	0.0	907.8038700787415	67.5504677568275
322	63.61262189170617	20729.174823866928	6101.355498433629	0.0	905.4912405452374	63.61262189170617
323	56.647136709264466	20785.82196057619	6112.581983619557	0.0	904.2606210397853	56.647136709264466
324	61.582875977604765	20847.4048365538	6128.609150444593	0.0	904.9018845581772	61.582875977604765
325	59.51972527545315	20906.924561829244	6140.466596175304	0.0	912.596460703189	59.51972527545315
326	59.488500192797176	20966.41306202205	6153.846135192548	0.0	921.7165528986658	59.488500192797176
327	61.63101467533874	21028.04407669739	6168.301481694423	0.0	922.9534161803845	61.63101467533874
328	55.677622266541505	21083.721698963927	6177.876028110017	0.0	924.6783701836858	55.677622266541505
329	59.66893441145985	21143.390633375395	6189.911714907157	0.0	927.7553125523544	59.66893441145985
330	61.88789067684769	21205.278524052246	6206.868586842943	0.0	922.9656003742056	61.88789067684769
331	57.30636864468366	21262.584892696916	6215.372778261559	0.0	928.1918123867026	57.30636864468366
332	62.91937087579233	21325.504263572697	6231.396392026374	0.0	932.4233959873549	62.91937087579233
333	62.274567821941574	21387.778831394655	6246.298332921767	0.0	938.0947000756593	62.274567821941574
334	60.03023538411769	21447.809066778762	6264.423128700157	0.0	932.947530875268	60.03023538411769
335	62.26144084804966	21510.07050762681	6280.939729251539	0.0	931.0668941782046	62.26144084804966
336	56.05306531533717	21566.123572942153	6288.420198023227	0.0	936.6891485063591	56.05306531533717
337	62.593241360681205	21628.716814302843	6306.630278857812	0.0	937.7703723293374	62.593241360681205
338	59.04593881519417	21687.762753118033	6319.481282706486	0.0	938.7913883819779	59.04593881519417
339	66.95293210513331	21754.715685223167	6340.874723750349	0.0	938.4168491720415	66.95293210513331
340	65.0848625841256	21819.800547807292	6358.046552379591	0.0	939.2065647862516	65.0848625841256
341	57.538261906565864	21877.338809713856	6368.79258175244	0.0	941.1665090595384	57.538261906565864
342	59.93486810872416	21937.27367782257	6384.481272180406	0.0	945.7472639016321	59.93486810872416
343	65.73331150377972	22003.00698932635	6405.686313823776	0.0	953.3335813669572	65.73331150377972
344	57.05777539656808	22060.06476472293	6416.402443937596	0.0	953.7107816558046	57.05777539656808
345	67.75634456356525	22127.821109286495	6439.568779581437	0.0	947.8682898932858	67.75634456356525
346	64.31968919846767	22192.140798484954	6458.130154653961	0.0	957.7152573968829	64.31968919846767
347	67.37568307190156	22259.51648155688	6478.669025826243	0.0	957.7871022723967	67.37568307190156
348	62.64177847752262	22322.158260034383	6496.926446907516	0.0	956.4727134495004	62.64177847752262
349	62.31995378830659	22384.47821382269	6512.643600651567	0.0	953.670780634581	62.31995378830659
350	60.3546364104953	22444.83285023319	6524.734546718696	0.0	952.0862406664547	60.3546364104953
351	67.47031460756598	22512.30316484076	6546.337710994232	0.0	958.1703900391539	67.47031460756598
352	63.79086141853385	22576.094026259274	6564.560396766253	0.0	951.6610684184114	63.79086141853385
353	56.731341018029546	22632.82536727732	6577.268890619037	0.0	953.0694512204184	56.731341018029546
354	60.299979020661425	22693.12534629798	6592.3358784649545	0.0	945.3245602341933	60.299979020661425
355	58.0337410403302	22751.159087338317	6604.903119457489	0.0	952.9194328797912	58.0337410403302
356	62.909773028208726	22814.06886036652	6620.608437054092	0.0	954.3863973809771	62.909773028208726
357	60.55721074235095	22874.626071108854	6634.232490109254	0.0	958.3718841924335	60.55721074235095
358	60.83731253654367	22935.463383645412	6650.193237048708	0.0	958.9897760667227	60.83731253654367
359	61.14991612762752	22996.613299773042	6665.029469244208	0.0	962.6165427413961	61.14991612762752
360	66.75781965764601	23063.37111943068	6685.4122762435245	0.0	959.9768060800269	66.75781965764601
361	57.9192337161833	23121.290353146866	6695.808412917707	0.0	959.263500306789	57.9192337161833
362	60.06703794654203	23181.35739109341	6706.863497062577	0.0	957.4359404186249	60.06703794654203
363	58.49778694350158	23239.855178036905	6719.341623247342	0.0	957.0947768433265	58.49778694350158
364	57.58430046430824	23297.43947850121	6733.176576658243	0.0	957.0846929556427	57.58430046430824
365	55.28777416701581	23352.72725266823	6745.883319071177	0.0	957.5483773731311	55.28777416701581
366	61.76446278138097	23414.491715449607	6762.896163603392	0.0	961.9100494226057	61.76446278138097
367	58.348409624115135	23472.84012507373	6776.967675699837	0.0	959.7389873194015	58.348409624115135
368	63.86692891791634	23536.707053991635	6793.488884860172	0.0	961.5159146752899	63.86692891791634
369	60.031377271153076	23596.7384312628	6807.549343942659	0.0	961.7433098133456	60.031377271153076
370	64.89471070378664	23661.63314196659	6828.186830699075	0.0	964.3890406743039	64.89471070378664
371	59.34656444568613	23720.97970641228	6842.631328528453	0.0	964.5563571624609	59.34656444568613
372	64.52719853483318	23785.50690494711	6860.586017531911	0.0	965.2070401600176	64.52719853483318
373	55.25855096451257	23840.765455911624	6869.967190178008	0.0	969.098391594501	55.25855096451257
374	60.50215737813706	23901.267613289758	6883.164862284827	0.0	966.741856163064	60.50215737813706
375	66.18400497934458	23967.451618269097	6904.247378881419	0.0	965.5152945531258	66.18400497934458
376	61.57888777832465	24029.030506047417	6919.258475387611	0.0	961.5311098691222	61.57888777832465
377	60.23951379183179	24089.270019839263	6935.154943362535	0.0	966.290368027345	60.23951379183179
378	63.472329515489946	24152.742349354747	6955.496480574508	0.0	967.8261019755787	63.472329515489946
379	65.20625964883206	24217.948609003568	6973.541896092796	0.0	969.9336606923149	65.20625964883206
380	63.508374661845735	24281.456983665423	6991.376536626152	0.0	973.5552447375355	63.508374661845735
381	62.78296317645192	24344.239946841877	7008.576214380029	0.0	974.6596867934534	62.78296317645192
382	59.9127844375332	24404.152731279406	7021.088931426883	0.0	977.5732771608621	59.9127844375332
383	60.3433484511485	24464.496079730554	7034.867925114729	0.0	980.1991308146362	60.3433484511485
384	61.37195081573807	24525.868030546288	7051.337536700226	0.0	976.6805752547729	61.37195081573807
385	70.56641616084089	24596.43444670713	7078.590174686771	0.0	971.0204774361226	70.56641616084089
386	60.49110889498901	24656.92555560212	7094.643425528683	0.0	976.7207413723522	60.49110889498901
387	66.69534708892043	24723.620902691047	7115.786271992989	0.0	975.3448932508029	66.69534708892043
388	59.81333635136136	24783.43423904241	7129.936707880427	0.0	973.7278916822339	59.81333635136136
389	57.86890330315642	24841.303142345558	7145.275441978567	0.0	969.2086400516698	57.86890330315642
390	62.18606445757187	24903.489206803126	7160.667186532741	0.0	971.1554604837495	62.18606445757187
391	58.059386080865536	24961.548592884006	7172.944270130894	0.0	970.9418573831932	58.059386080865536
392	55.93486688600796	25017.48345977001	7183.362432469212	0.0	975.390392143709	55.93486688600796
393	61.29368016594207	25078.777139935948	7200.354664830569	0.0	980.8299446657282	61.29368016594207
394	61.765589209997316	25140.542729145942	7213.641050548046	0.0	978.1469549325188	61.765589209997316
395	68.45171176251735	25208.99444090847	7236.625811723515	0.0	982.5905925080125	68.45171176251735
396	68.15232682261872	25277.146767731076	7259.715460298193	0.0	980.6566923702652	68.15232682261872
397	72.1194088509671	25349.26617658205	7287.479198723854	0.0	978.0462620025855	72.1194088509671
398	63.00941921335033	25412.275595795392	7304.436105419658	0.0	983.7795051619239	63.00941921335033
399	55.42550060328225	25467.70109639867	7314.738965751762	0.0	982.6118024312467	55.42550060328225
400	68.06182140684415	25535.762917805525	7335.7937267771185	0.0	985.6173155848167	68.06182140684415
401	68.13717260872869	25603.90009041425	7355.642829422863	0.0	986.951452768752	68.13717260872869
402	64.80454181687406	25668.704632231118	7373.544762880799	0.0	988.3815914792102	64.80454181687406
403	59.715447540956596	25728.420079772084	7389.049250439288	0.0	986.1387952798526	59.715447540956596
404	63.61061172644762	25792.030691498523	7408.558437598707	0.0	985.803394370461	63.61061172644762
405	61.337083283939485	25853.36777478247	7424.704662856259	0.0	990.2265171144409	61.337083283939485
406	63.79555543663329	25917.1633302191	7443.820844533237	0.0	986.7419132132082	63.79555543663329
407	60.92699252804864	25978.09032274715	7457.195086294196	0.0	987.3646015158085	60.92699252804864
408	62.09967477159233	26040.18999751874	7475.344759157263	0.0	990.4511428612416	62.09967477159233
409	62.34425815055093	26102.534255669292	7492.59501088608	0.0	999.6025157001555	62.34425815055093
410	65.63792261156044	26168.172178280845	7512.544666446756	0.0	994.8101000840844	65.63792261156044
411	57.17757036471708	26225.349748645574	7525.128665662767	0.0	998.7813421353062	57.17757036471708
412	58.3526570463614	26283.702405691933	7538.328395547753	0.0	1003.0509574137167	58.3526570463614
413	59.31214899936118	26343.01455469129	7549.4422865545275	0.0	999.5266864219155	59.31214899936118
414	58.67016024106099	26401.684714932348	7566.8493943568155	0.0	1001.4847551777325	58.67016024106099
415	60.63177763470187	26462.316492567057	7584.528974007467	0.0	1000.2577961887746	60.63177763470187
416	56.51340800490863	26518.82990057196	7591.286410343429	0.0	1005.7469174631341	56.51340800490863
417	59.85027199751285	26578.68017256947	7604.620860765369	0.0	1005.7150418349906	59.85027199751285
418	64.52100751230147	26643.201180081796	7621.548980240532	0.0	1002.224593900647	64.52100751230147
419	57.92034760528012	26701.12152768706	7635.3077591523415	0.0	1005.5243370043376	57.92034760528012
420	58.832160214927974	26759.953687901976	7649.00204442851	0.0	1009.7991660283676	58.832160214927974
421	57.558005522297215	26817.511693424294	7660.142432660769	0.0	1015.5177957310678	57.558005522297215
422	63.216638078547646	26880.728331502844	7675.027453410671	0.0	1013.16744850378	63.216638078547646
423	51.21488678234164	26931.94321828518	7680.682376720518	0.0	1011.4085107886108	51.21488678234164
424	60.86415536187321	26992.80737364706	7696.177615000668	0.0	1015.1405286008642	60.86415536187321
425	52.4231426710113	27045.230516318068	7703.624461443291	0.0	1020.4934779063273	52.4231426710113
426	51.93298145053548	27097.163497768594	7710.915154475079	0.0	1024.7922565630865	51.93298145053548
427	60.06094573829209	27157.224443506893	7724.356689133761	0.0	1024.2423533131223	60.06094573829209
428	62.95523189665785	27220.17967540354	7744.50590273494	0.0	1026.6954519875378	62.95523189665785
429	62.23202466775783	27282.411700071305	7761.957389462336	0.0	1031.9652789910665	62.23202466775783
430	66.12121878080174	27348.53291885209	7783.599961184003	0.0	1035.617088603318	66.12121878080174
431	60.43871076489291	27408.97162961699	7799.910397801788	0.0	1032.166014423528	60.43871076489291
432	65.06678411269772	27474.038413729686	7820.485339193612	0.0	1032.9800738834922	65.06678411269772
433	67.32533406052777	27541.36374779021	7841.849782717852	0.0	1036.4177533849386	67.32533406052777
434	68.39757374899071	27609.76132153922	7866.194352016344	0.0	1033.6353637040038	68.39757374899071
435	68.75442745557739	27678.515748994774	7888.647249721847	0.0	1031.5067891414387	68.75442745557739
436	61.989280543817365	27740.505029538603	7908.1628464802525	0.0	1029.8980287340228	61.989280543817365
437	66.32021990557028	27806.825249444166	7927.50455657824	0.0	1035.7115407775952	66.32021990557028
438	59.57218602903154	27866.397435473216	7941.125471019243	0.0	1034.565263638297	59.57218602903154
439	60.396911221065764	27926.79434669427	7956.3155201693135	0.0	1033.5413406567748	60.396911221065764
440	66.88239716061894	27993.676743854896	7977.7650107008685	0.0	1037.9649731820555	66.88239716061894
441	65.36009982499742	28059.03684367989	7996.153829556092	0.0	1039.608375691608	65.36009982499742
442	60.58775875935888	28119.62460243923	8011.471512002538	0.0	1035.4576321295117	60.58775875935888
443	60.338618589310705	28179.963221028545	8025.935125969237	0.0	1038.6767004583955	60.338618589310705
444	56.75923644381426	28236.722457472373	8038.137069846545	0.0	1039.4220656551395	56.75923644381426
445	66.42507778823507	28303.147535260603	8060.462219947213	0.0	1040.4254816867915	66.42507778823507
446	61.568625802855905	28364.71616106345	8077.324632687811	0.0	1042.218375132882	61.568625802855905
447	68.45610262636694	28433.172263689834	8099.175531012488	0.0	1041.709510088463	68.45610262636694
448	62.85755806867089	28496.029821758486	8114.83300685947	0.0	1048.991660663592	62.85755806867089
449	61.413866075410105	28557.443687833907	8129.495799220755	0.0	1053.9659214069673	61.413866075410105
450	64.34248352993981	28621.78617136385	8147.305410496361	0.0	1053.120832106028	64.34248352993981
451	70.10628616175741	28691.892457525606	8172.723371496537	0.0	1052.8838957040805	70.10628616175741
452	56.93973862618081	28748.832196151783	8184.84276270466	0.0	1054.7822542766282	56.93973862618081
453	55.53395669692455	28804.36615284872	8197.484405753754	0.0	1051.6885477839676	55.53395669692455
454	58.455125854750435	28862.821278703446	8209.409352568608	0.0	1055.5467635963362	58.455125854750435
455	60.625025954339925	28923.446304657802	8225.317425863657	0.0	1060.830750418455	60.625025954339925
456	67.12205865426867	28990.568363312064	8244.94881162721	0.0	1060.28219890492	67.12205865426867
457	63.940890433924544	29054.509253745986	8264.579282388988	0.0	1063.277370686455	63.940890433924544
458	63.02477290005581	29117.53402664604	8283.465855959323	0.0	1067.2741140161463	63.02477290005581
459	66.05141440454035	29183.58544105058	8302.2930154497	0.0	1075.6373947445984	66.05141440454035
460	59.23640816427689	29242.821849214874	8315.675350323412	0.0	1080.6019628487654	59.23640816427689
461	61.67353190375035	29304.495381118617	8330.711064584006	0.0	1078.0068105080302	61.67353190375035
462	59.72310081482246	29364.218481933436	8345.055085611237	0.0	1080.112708644013	59.72310081482246
463	57.106748852228336	29421.325230785664	8357.772455621809	0.0	1082.154706634393	57.106748852228336
464	55.148219410949	29476.47345019662	8369.081687494194	0.0	1085.9591975572087	55.148219410949
465	66.81428038053359	29543.28773057714	8389.819992679993	0.0	1094.2276019687436	66.81428038053359
466	58.50561544237344	29601.793346019524	8403.75608616146	0.0	1095.5449295351898	58.50561544237344
467	67.15023372252134	29668.943579742037	8426.675856798665	0.0	1093.8280549966478	67.15023372252134
468	53.95340170485494	29722.896981446902	8436.412478172315	0.0	1096.8726502631605	53.95340170485494
469	62.54235694693827	29785.439338393837	8455.28654321562	0.0	1097.7924406005332	62.54235694693827
470	60.29276868166832	29845.732107075524	8466.492578119249	0.0	1099.4810258393788	60.29276868166832
471	52.77239409041721	29898.50450116594	8474.408782458771	0.0	1100.24010428035	52.77239409041721
472	58.52944637524702	29957.033947541193	8488.032515071269	0.0	1107.1134364955824	58.52944637524702
473	59.86654130698922	30016.900488848154	8502.348081242804	0.0	1122.1815316420564	59.86654130698922
474	68.9354130515567	30085.835901899718	8524.885843731094	0.0	1120.9389298612962	68.9354130515567
475	72.82119578497027	30158.65709768469	8550.507029108036	0.0	1115.4881884139684	72.82119578497027
476	61.88945274109242	30220.54655042578	8566.182981604137	0.0	1115.0373404019147	61.88945274109242
477	60.74560107367297	30281.29215149946	8582.278124145892	0.0	1110.7479947232493	60.74560107367297
478	58.708384376613424	30340.00053587606	8596.662784772507	0.0	1115.5906202187323	58.708384376613424
479	66.85559189428346	30406.85612777035	8618.75562495521	0.0	1126.527876619903	66.85559189428346
480	58.99168437978638	30465.84781215014	8633.357975965673	0.0	1124.8090815234987	58.99168437978638
481	62.55780098053914	30528.40561313067	8651.383500823811	0.0	1127.319941211303	62.55780098053914
482	61.92585163344246	30590.33146476411	8667.683928957593	0.0	1125.3885214678023	61.92585163344246
483	64.83456381353889	30655.16602857765	8686.73823101924	0.0	1127.4696876378318	64.83456381353889
484	53.40272755894377	30708.568756136607	8694.090884472736	0.0	1128.7604337562327	53.40272755894377
485	63.564594422461276	30772.133350559063	8712.915519622342	0.0	1128.743411703916	63.564594422461276
486	62.9886011453681	30835.12195170441	8732.799026024079	0.0	1127.5059844648047	62.9886011453681
487	66.26892804478443	30901.390879749208	8751.34358919906	0.0	1129.8843259331518	66.26892804478443
488	60.92512735286637	30962.316007102072	8767.287535138887	0.0	1123.7963045426307	60.92512735286637
489	55.16957895032711	31017.485586052393	8775.202929867226	0.0	1130.5144031866362	55.16957895032711
490	63.670391004627476	31081.155977057013	8793.643644914155	0.0	1135.957655486177	63.670391004627476
491	54.965584451521174	31136.121561508553	8804.865233014445	0.0	1136.7317609837448	54.965584451521174
492	56.976748256853256	31193.0983097654	8815.499287052693	0.0	1139.6766985797763	56.976748256853256
493	61.60220603358161	31254.700515798977	8832.260078116962	0.0	1143.1261820543796	61.60220603358161
494	57.71050934388563	31312.41102514287	8843.783791708465	0.0	1144.607698258924	57.71050934388563
495	58.325385372181614	31370.736410515055	8858.702650461839	0.0	1141.5498421088428	58.325385372181614
496	57.55312683149707	31428.289537346544	8873.401859255178	0.0	1140.8481850458932	57.55312683149707
497	61.02455271511657	31489.31409006167	8890.000485008215	0.0	1136.7865800888478	61.02455271511657
498	60.704073202596774	31550.01816326424	8906.77199103	0.0	1141.4444968774421	60.704073202596774
499	57.90856030719625	31607.92672357148	8918.3801600555	0.0	1141.9676733633291	57.90856030719625
500	61.06910588706856	31668.99582945852	8933.836903024938	0.0	1141.7622898118284	61.06910588706856
501	61.64068839611549	31730.636517854637	8950.998259642842	0.0	1143.8626220921274	61.64068839611549
502	69.32757108546384	31799.964088940127	8977.450071420195	0.0	1149.0031455353078	69.32757108546384
503	61.823916768703604	31861.788005708797	8993.127870123993	0.0	1156.2967299322775	61.823916768703604
504	63.745352141024426	31925.533357849847	9010.350199942533	0.0	1146.2879424008433	63.745352141024426
505	61.62136491690785	31987.154722766736	9025.727542233282	0.0	1147.9833722261683	61.62136491690785
506	66.86695805768362	32054.021680824422	9025.727542233282	0.0	1148.0325680009498	66.86695805768362
