task	reward	total_reward	total_regret	relative	total_reward_dev	joules
0	45.57746333575188	45.57746333575188	0.40514076851878683	0.0	12.458595511248792	45.57746333575188
1	58.00923123308261	103.58669456883445	13.028120587297158	0.0	24.65077302972287	58.00923123308261
2	57.70474135925596	161.2914359280905	24.25595414642058	0.0	32.14431593009774	57.70474135925596
3	50.197987460619004	211.4894233887095	28.782067547491593	0.0	34.11733583398395	50.197987460619004
4	71.14694899883845	282.63637238754785	55.828582040192515	0.0	34.57816647031446	71.14694899883845
5	70.89739455908908	353.5337669466372	81.55571617239569	0.0	34.95101863315703	70.89739455908908
6	50.61985804246105	404.15362498909803	86.20611943947188	0.0	39.734473925166576	50.61985804246105
7	47.623793745587236	451.7774187346851	89.05486531537865	0.0	42.05018701807306	47.623793745587236
8	51.07482061862581	502.8522393533112	93.29897932279997	0.0	43.80470143750032	51.07482061862581
9	51.15837178424859	554.0106111375596	99.46851583853298	0.0	46.817070449858804	51.15837178424859
10	50.96696773756887	604.9775788751285	104.28852255133552	0.0	51.067691068711255	50.96696773756887
11	49.455481090487275	654.4330599656156	105.69214415144988	0.0	53.297334494743225	49.455481090487275
12	51.060147084299906	705.4932070499152	111.91107538042993	0.0	60.0618903120898	51.060147084299906
13	49.70559817180664	755.1988052217222	116.6739972104124	0.0	64.60004631428404	49.70559817180664
14	47.47865744442866	802.6774626661511	117.93440947158862	0.0	66.69533663007009	47.47865744442866
15	46.269308007363314	848.9467706735142	120.26268991516852	0.0	70.63465826063799	46.269308007363314
16	48.407361680295416	897.3541323538091	121.63465224579903	0.0	72.71650650037215	48.407361680295416
17	48.75580144735941	946.1099338011693	124.06570653742381	0.0	73.76754894340297	48.75580144735941
18	49.167893243063816	995.2778270442332	128.87225880254016	0.0	76.74486234772426	49.167893243063816
19	46.55981158548424	1041.837638629717	129.9076386847195	0.0	78.58532632256025	46.55981158548424
20	47.35408425573823	1089.1917228854554	132.56846197069854	0.0	80.18879102110668	47.35408425573823
21	48.95587752124414	1138.1476004067	135.81817080976248	0.0	80.50485752632994	48.95587752124414
22	46.725169290125095	1184.8727696968244	135.5684921352313	0.0	80.05566020780057	46.725169290125095
23	47.91546375264705	1232.7882334494723	138.39560120875208	0.0	82.19138870953054	47.91546375264705
24	48.807297778445616	1281.5955312279177	143.79195417864574	0.0	85.71571128680814	48.807297778445616
25	48.62548422800959	1330.2210154559268	147.25687119209573	0.0	87.82130836079877	48.62548422800959
26	48.503478741845264	1378.724494197772	152.33744808996872	0.0	91.29586112598628	48.503478741845264
27	50.02994651512147	1428.754440712894	157.96814810522937	0.0	92.62926348639762	50.02994651512147
28	49.06917186105796	1477.8236125739516	162.021794578248	0.0	94.18910778748229	49.06917186105796
29	48.562296800823425	1526.385909374775	164.27665536324167	0.0	96.65969850417304	48.562296800823425
30	47.893575479822765	1574.2794848545984	165.32976084559843	0.0	102.60704722221058	47.893575479822765
31	48.18307145405618	1622.4625563086543	171.04073917074518	0.0	107.34004614359158	48.18307145405618
32	50.01696065260863	1672.4795169612635	175.78296610065277	0.0	112.40848289270099	50.01696065260863
33	46.97008329937327	1719.4496002606365	176.44877507701406	0.0	115.39462172874543	46.97008329937327
34	45.824703889499034	1765.2743041501349	176.39896325584775	0.0	117.9473997603235	45.824703889499034
35	47.213558615882306	1812.4878627660178	181.7957704707065	0.0	118.43369340108892	47.213558615882306
36	45.92077274354232	1858.4086355095599	182.46342274203695	0.0	120.58690013176452	45.92077274354232
37	47.71982181352393	1906.1284573230837	184.98105843202325	0.0	121.74468160381613	47.71982181352393
38	45.49136005586419	1951.6198173789473	183.9310946000836	0.0	121.50910774619472	45.49136005586419
39	47.83331309330996	1999.4531304722577	188.1942332225031	0.0	124.99498152220603	47.83331309330996
40	45.870685393442436	2045.323815865701	188.10971079228096	0.0	126.1745110520651	45.870685393442436
41	45.99663239653767	2091.3204482622386	188.77943958789854	0.0	125.91392559439512	45.99663239653767
42	47.0650078111434	2138.385456073381	192.27373299032922	0.0	127.59643142417278	47.0650078111434
43	47.648075221686625	2186.033531295067	195.1978920090269	0.0	129.62034279704503	47.648075221686625
44	47.706666212288276	2233.740197507356	199.87952720844106	0.0	131.1251324760316	47.706666212288276
45	46.64279692267484	2280.382994430032	198.97293260425522	0.0	132.76087472375576	46.64279692267484
46	47.631091041155805	2328.014085471188	200.92529218923883	0.0	133.08904826680399	47.631091041155805
47	46.59323158938527	2374.6073170605714	200.7787962277649	0.0	134.59455089458433	46.59323158938527
48	48.5329229042525	2423.140239964824	205.27788349049197	0.0	138.08958353351042	48.5329229042525
49	45.032488932473214	2468.1727288972975	205.6888831402345	0.0	140.56758133901673	45.032488932473214
50	49.310644520121116	2517.483373417419	208.52568642157624	0.0	145.51964964976165	49.310644520121116
51	47.69806887722062	2565.1814422946404	214.1022155614306	0.0	144.90331493734573	47.69806887722062
52	48.26364691535551	2613.4450892099944	215.4581773611725	0.0	149.42023558213805	48.26364691535551
53	46.3639436206118	2659.809032830607	216.87760195953396	0.0	151.15721380930373	46.3639436206118
54	43.880333984641	2703.6893668152475	215.98241576513365	0.0	152.4508071830441	43.880333984641
55	48.864665644343106	2752.5540324595904	216.99370197618663	0.0	154.18891152829292	48.864665644343106
56	46.968586562892014	2799.522619022483	219.19957626744002	0.0	157.33080507194896	46.968586562892014
57	45.20641529512241	2844.7290343176037	221.16501867263673	0.0	160.22246055246416	45.20641529512241
58	46.859981834151924	2891.5890161517577	222.30500852082426	0.0	161.05245436052468	46.859981834151924
59	46.127069189520256	2937.7160853412784	222.12202926286486	0.0	162.14993202836138	46.127069189520256
60	45.56883276578938	2983.284918107067	222.06545859599817	0.0	163.73424361462935	45.56883276578938
61	47.205209374728035	3030.4901274817944	223.05646822703784	0.0	164.29171792786093	47.205209374728035
62	48.040961988917786	3078.5310894707136	225.1337077588822	0.0	164.3597504433273	48.040961988917786
63	45.56180738339975	3124.0928968541116	226.9364545084389	0.0	166.4084528128122	45.56180738339975
64	47.437089623646706	3171.5299864777567	228.21721014906836	0.0	168.30502709753577	47.437089623646706
65	46.659602185449245	3218.1895886632083	229.07600362178502	0.0	171.52843268332668	46.659602185449245
66	46.230896584044494	3264.4204852472526	228.66328204249163	0.0	176.7117203201883	46.230896584044494
67	46.40876805352589	3310.8292533007784	229.14107262826238	0.0	180.09242826517294	46.40876805352589
68	44.1926657816063	3355.0219190823846	229.21403640245407	0.0	180.68553273600793	44.1926657816063
69	45.001033441147776	3400.0229525235322	228.71271992358794	0.0	182.46007395317065	45.001033441147776
70	46.64529551966336	3446.6682480431964	229.7501618550083	0.0	182.9737222731582	46.64529551966336
71	47.001542900452776	3493.6697909436502	229.9611433673021	0.0	186.07525687245717	47.001542900452776
72	45.1534718965595	3538.8232628402097	228.9904488082062	0.0	186.10629844928548	45.1534718965595
73	46.36254950731057	3585.185812347518	232.30186403687793	0.0	190.18394950796755	46.36254950731057
74	44.93363937559302	3630.119451723111	233.41515142975481	0.0	192.02263491609062	44.93363937559302
75	45.21878366637861	3675.3382353894913	233.14793159780962	0.0	194.4726141245961	45.21878366637861
76	47.50748865356675	3722.8457240430575	234.59727865915698	0.0	195.19561093865227	47.50748865356675
77	46.79055616888571	3769.6362802119447	234.10382457567164	0.0	197.86781442695315	46.79055616888571
78	48.2858782832886	3817.9221584952325	238.4636859471746	0.0	200.6290728061498	48.2858782832886
79	45.172443776554594	3863.094602271787	240.43949959055539	0.0	203.72852612433834	45.172443776554594
80	48.477190251552244	3911.5717925233375	242.98650347834038	0.0	203.66291719203406	48.477190251552244
81	47.89693785103463	3959.4687303743744	244.2038000574019	0.0	206.32033727761973	47.89693785103463
82	46.541558873818076	4006.0102892481914	244.7666175156705	0.0	208.73803975047505	46.541558873818076
83	45.92328351609845	4051.9335727642897	245.09426485146975	0.0	211.76684985659966	45.92328351609845
84	47.93918905065288	4099.8727618149405	249.64708494020448	0.0	211.84571339280924	47.93918905065288
85	46.74532367218471	4146.618085487127	251.25487330491913	0.0	213.63123188378228	46.74532367218471
86	45.537543210596475	4192.155628697721	252.36558078637685	0.0	214.44091331916044	45.537543210596475
87	47.95096167185911	4240.106590369582	253.72353519302487	0.0	217.81655602122186	47.95096167185911
88	46.27508717146539	4286.381677541049	252.94897452952964	0.0	219.69267924828702	46.27508717146539
89	48.079141083110734	4334.4608186241585	253.8013803762621	0.0	224.86060414979255	48.079141083110734
90	46.675264627653995	4381.13608325181	255.30766387685279	0.0	227.17563761739842	46.675264627653995
91	46.727731369181384	4427.863814620993	259.1071509472133	0.0	229.07671501843114	46.727731369181384
92	47.165773205062735	4475.029587826059	261.8084512133623	0.0	232.41845901738364	47.165773205062735
93	46.42338000427205	4521.4529678303315	262.47614771291717	0.0	236.18296815985974	46.42338000427205
94	44.92666326980695	4566.379631100136	262.3427299436266	0.0	237.40636984509453	44.92666326980695
95	46.031677483225145	4612.411308583362	262.58088397599124	0.0	238.94686456710195	46.031677483225145
96	46.5985800275327	4659.009888610893	263.4602276481923	0.0	239.93257494633696	46.5985800275327
97	44.918936118270466	4703.928824729162	264.04396854038106	0.0	243.30942783886664	44.918936118270466
98	48.243693350112224	4752.172518079275	265.20945427454416	0.0	244.05913942063822	48.243693350112224
99	47.427159119782665	4799.5996771990585	268.81646553187966	0.0	247.1464171100325	47.427159119782665
100	47.53998919721287	4847.139666396271	273.4715698685935	0.0	250.3611048072604	47.53998919721287
101	49.719036458973186	4896.858702855246	278.8830733002761	0.0	254.4506760981965	49.719036458973186
102	49.088197142502814	4945.946899997746	281.5139767210723	0.0	259.5197657199628	49.088197142502814
103	51.3104280261538	4997.2573280239	286.9802201097942	0.0	265.65296792313217	51.3104280261538
104	44.14185906009427	5041.399187083998	286.1236890731773	0.0	268.29005263476563	44.14185906009427
105	46.50831711838692	5087.907504202383	287.1622946528098	0.0	269.6135092893392	46.50831711838692
106	49.32342253494457	5137.2309267373275	287.14138766444006	0.0	273.2477435271482	49.32342253494457
107	46.5332201156651	5183.764146852992	289.8658798297903	0.0	273.6236108316268	46.5332201156651
108	45.74000914992859	5229.504156002923	291.667299839288	0.0	276.78960079183975	45.74000914992859
109	48.12114196540763	5277.6252979683295	295.1553804196408	0.0	279.28310436391814	48.12114196540763
110	47.74241324954658	5325.3677112178775	297.53313109279014	0.0	278.42765624994456	47.74241324954658
111	47.68786464957159	5373.055575867445	298.84698507254984	0.0	282.7004869327481	47.68786464957159
112	47.78103130951777	5420.836607176965	302.2340391579616	0.0	283.4046730631821	47.78103130951777
113	47.562163738976906	5468.398770915943	303.6145093322601	0.0	286.9140501506861	47.562163738976906
114	46.3325938019727	5514.731364717914	302.5738859566265	0.0	290.0790462274661	46.3325938019727
115	50.068908303397414	5564.800273021312	308.6976035466667	0.0	294.0394015866305	50.068908303397414
116	47.08377994262251	5611.884052963936	311.89606093929274	0.0	298.0942977590221	47.08377994262251
117	44.46098083712714	5656.3450338010625	309.1642558079142	0.0	298.514401314629	44.46098083712714
118	45.16436849316716	5701.509402294225	308.17899118464544	0.0	299.8525223513288	45.16436849316716
119	45.638116103371914	5747.147518397597	307.3827491972333	0.0	302.6836636049842	45.638116103371914
120	48.41921782578685	5795.566736223387	311.5987616126491	0.0	303.4659255875334	48.41921782578685
121	45.134742409599724	5840.701478632987	311.8123310337724	0.0	310.0334176695451	45.134742409599724
122	45.07729023235742	5885.778768865345	310.8690965534758	0.0	310.858790447923	45.07729023235742
123	43.675660778942394	5929.454429644287	308.9133999637332	0.0	313.76185081535425	43.675660778942394
124	44.98126126889691	5974.435690913183	306.7919660510346	0.0	315.3422180274407	44.98126126889691
125	44.79837828060923	6019.234069193795	305.73510588266697	0.0	316.0668433576991	44.79837828060923
126	44.43034816299833	6063.66441735679	307.9691910454263	0.0	318.708178819026	44.43034816299833
127	46.44486459726867	6110.109281954056	309.51264826532605	0.0	319.41287732801493	46.44486459726867
128	46.231552645872036	6156.340834599931	309.74602657237045	0.0	321.46589618573057	46.231552645872036
129	47.33745899606831	6203.678293595998	313.3035454244737	0.0	323.8412357602728	47.33745899606831
130	47.8074721545523	6251.485765750549	315.65396582239066	0.0	326.364836859919	47.8074721545523
131	46.41271329549669	6297.898479046052	314.76456683941666	0.0	327.09620673072817	46.41271329549669
132	48.214679534630996	6346.11315858068	314.4315932239681	0.0	328.47455752645584	48.214679534630996
133	46.08567782692229	6392.198836407603	314.1936999836091	0.0	329.92353013059403	46.08567782692229
134	46.905287168779516	6439.104123576379	314.554297633847	0.0	330.6680275282867	46.905287168779516
135	48.91217570426705	6488.016299280649	320.49942426692786	0.0	331.3731837679716	48.91217570426705
136	47.07464232177583	6535.090941602427	320.2213887134465	0.0	333.22959313699613	47.07464232177583
137	46.278501103861636	6581.369442706287	320.9692982386681	0.0	335.61566044472534	46.278501103861636
138	47.17978965077278	6628.5492323570625	322.597207330015	0.0	338.03003060709426	47.17978965077278
139	46.12243942022973	6674.671671777291	326.3231077582448	0.0	339.2218650053498	46.12243942022973
140	46.518682820125576	6721.190354597414	324.2326713313872	0.0	342.34430837502634	46.518682820125576
141	44.126283256250815	6765.316637853666	323.01585588673237	0.0	341.62574816023204	44.126283256250815
142	46.77596558947166	6812.0926034431395	324.36907142941766	0.0	345.9347153143006	46.77596558947166
143	47.0441687799641	6859.136772223101	326.950997980727	0.0	348.6392544251107	47.0441687799641
144	48.90375997329994	6908.040532196405	333.2392387209009	0.0	349.06530596851525	48.90375997329994
145	43.26398280786991	6951.304515004272	330.1402950749582	0.0	350.77330801752294	43.26398280786991
146	48.5680449673334	6999.872559971604	334.90836200996915	0.0	352.44413043447116	48.5680449673334
147	48.93911537968845	7048.811675351296	340.5096673165727	0.0	353.9771103116738	48.93911537968845
148	45.855373294096374	7094.6670486453895	341.0285489214232	0.0	355.63762133680507	45.855373294096374
149	46.74894994162434	7141.415998587015	343.7489840648244	0.0	361.33177303347645	46.74894994162434
150	44.002160847763236	7185.418159434775	342.19139389589736	0.0	362.6934335580265	44.002160847763236
151	46.696072003143584	7232.114231437921	344.2797002042434	0.0	363.8588674092351	46.696072003143584
152	47.1395930322984	7279.25382447022	343.9410721201499	0.0	362.81905756757396	47.1395930322984
153	49.36171030444091	7328.615534774664	348.1808747081588	0.0	364.7333607351355	49.36171030444091
154	46.81608935057855	7375.431624125237	349.2560476482769	0.0	366.13182704359866	46.81608935057855
155	47.8131920112281	7423.244816136467	351.4160247648602	0.0	371.0174609708185	47.8131920112281
156	45.87291280904622	7469.117728945513	351.25768515402206	0.0	374.4621604073514	45.87291280904622
157	46.886678944061124	7516.004407889568	354.37565705167145	0.0	379.4582772793311	46.886678944061124
158	49.137727912025724	7565.142135801598	357.7217668634584	0.0	383.4920752271562	49.137727912025724
159	47.761441179319355	7612.903576980916	362.78609641393524	0.0	386.62755627346036	47.761441179319355
160	47.04356437888755	7659.947141359802	361.7390877145822	0.0	385.6606580634037	47.04356437888755
161	48.08628780531889	7708.033429165127	363.7970002916842	0.0	385.97521094665433	48.08628780531889
162	45.57345166542456	7753.60688083055	362.86190507452585	0.0	390.80280956019595	45.57345166542456
163	47.258404605074155	7800.865285435628	366.3489375239522	0.0	393.2460128570876	47.258404605074155
164	48.548702626141996	7849.413988061765	369.1195156087848	0.0	396.25408699808577	48.548702626141996
165	48.14084405199858	7897.554832113765	373.3811095221471	0.0	398.70736391169015	48.14084405199858
166	46.10252742963845	7943.657359543405	375.80137626238036	0.0	402.45130324563485	46.10252742963845
167	45.841656930546115	7989.499016473947	377.5152394530134	0.0	402.3580752089967	45.841656930546115
168	43.96170227311722	8033.460718747072	377.08641076427625	0.0	405.197705182373	43.96170227311722
169	48.931581016958155	8082.3922997640275	379.8662960119033	0.0	407.07688425103964	48.931581016958155
170	47.66693364531083	8130.059233409337	383.2276886201573	0.0	408.7591003554344	47.66693364531083
171	46.78954473064661	8176.848778139978	384.89304110444243	0.0	410.0749032093057	46.78954473064661
172	46.279783787499966	8223.128561927479	383.66351690815924	0.0	412.8149247207071	46.279783787499966
173	43.6427608666534	8266.771322794137	382.69427095568903	0.0	417.25383802631023	43.6427608666534
174	46.214591132359736	8312.985913926492	384.81241486651555	0.0	419.2881093844365	46.214591132359736
175	46.17833666904324	8359.164250595537	386.3028350202005	0.0	418.38253962514267	46.17833666904324
176	47.703147734017556	8406.867398329558	388.30036164254795	0.0	419.4697106222933	47.703147734017556
177	50.210855838525916	8457.078254168082	391.33461346337776	0.0	423.2001410237891	50.210855838525916
178	48.12311305791932	8505.201367226	394.8477912542679	0.0	426.0497277827253	48.12311305791932
179	46.15622224051507	8551.357589466514	394.9731248513179	0.0	425.65151391006907	46.15622224051507
180	45.933084909321224	8597.290674375836	395.00105555983646	0.0	429.3368410509815	45.933084909321224
181	47.86394359728517	8645.154617973118	398.6431002636047	0.0	431.6828731840152	47.86394359728517
182	48.1669086809527	8693.321526654076	399.76053622710475	0.0	434.69988046820225	48.1669086809527
183	45.10716449856696	8738.428691152643	399.7656666576996	0.0	436.5551115310703	45.10716449856696
184	45.228238630205524	8783.656929782848	399.45109280818275	0.0	439.96287818803694	45.228238630205524
185	49.13865117503801	8832.795580957887	403.85527322926777	0.0	440.5759722549907	49.13865117503801
186	44.68716279876234	8877.482743756651	406.12884663325764	0.0	442.5503183242799	44.68716279876234
187	45.76727473296014	8923.250018489603	405.02942756630955	0.0	445.47585795375034	45.76727473296014
188	47.81634698976767	8971.066365479377	405.73619608887924	0.0	448.70077463869137	47.81634698976767
189	45.45695584269629	9016.523321322073	402.6473792993768	0.0	450.0909573556322	45.45695584269629
190	47.61872152722762	9064.1420428493	403.33289704194686	0.0	452.3698028511213	47.61872152722762
191	45.3514369628668	9109.493479812167	402.6500367382295	0.0	455.2622368520219	45.3514369628668
192	48.235365432501816	9157.728845244674	406.41717544469867	0.0	454.90624556661567	48.235365432501816
193	48.37998142043867	9206.108826665106	411.8017247906251	0.0	458.2214599955001	48.37998142043867
194	47.17266567090765	9253.281492336015	411.3477722571307	0.0	460.42760820814203	47.17266567090765
195	45.38146543942473	9298.662957775441	412.7436124927835	0.0	464.00718527093244	45.38146543942473
196	46.017273255179106	9344.68023103062	412.9286230209195	0.0	465.47148339816886	46.017273255179106
197	46.524078550519974	9391.204309581137	413.7846616973558	0.0	465.9467074004062	46.524078550519974
198	48.35747429923087	9439.561783880368	415.35799350203206	0.0	466.04628987950974	48.35747429923087
199	48.07808401265216	9487.63986789302	417.5462737297335	0.0	465.4013454431909	48.07808401265216
200	43.73082812146699	9531.370696014494	416.42190081299174	0.0	465.89099231054263	43.73082812146699
201	47.36947321540252	9578.740169229892	419.43228169997064	0.0	468.06634671834684	47.36947321540252
202	49.59886144714963	9628.33903067704	423.3257591325315	0.0	469.9056265588323	49.59886144714963
203	47.40409592285766	9675.743126599898	424.92098385658187	0.0	474.1922057151822	47.40409592285766
204	46.731466555706476	9722.474593155604	422.93392768013507	0.0	475.15641690386457	46.731466555706476
205	44.68545945133675	9767.16005260694	421.55071885208747	0.0	476.30699075743536	44.68545945133675
206	46.02221738226871	9813.18226998921	421.6043881741337	0.0	478.12284343135866	46.02221738226871
207	45.97477904009896	9859.157049029309	423.31467645244317	0.0	479.486967614743	45.97477904009896
208	45.72312168337365	9904.880170712684	424.2843906142631	0.0	482.7319535443362	45.72312168337365
209	47.22889831452355	9952.109069027212	426.2553703766713	0.0	484.4243220869203	47.22889831452355
210	46.610603364688295	9998.719672391893	425.4435069482801	0.0	488.0838545481032	46.610603364688295
211	46.99761543902781	10045.717287830927	427.7739499009739	0.0	488.20086638021576	46.99761543902781
212	47.76241059432441	10093.479698425244	431.8617016876659	0.0	492.2353173989764	47.76241059432441
213	47.901700572717886	10141.381398997963	432.841930569483	0.0	493.96029379465455	47.901700572717886
214	48.74734298707076	10190.128741985036	437.0843910029905	0.0	495.8750908290962	48.74734298707076
215	47.22202912916119	10237.350771114194	440.0542644275169	0.0	497.95838195415377	47.22202912916119
216	46.17395395631544	10283.524725070512	439.01963913394206	0.0	500.1682658701205	46.17395395631544
217	44.99597523646754	10328.520700306979	437.09654932489684	0.0	503.5064153962595	44.99597523646754
218	47.11267645139547	10375.633376758378	438.86783642782103	0.0	503.8613923224563	47.11267645139547
219	47.00653536103274	10422.639912119412	440.59735043746014	0.0	504.53811964582746	47.00653536103274
220	43.677362523487126	10466.317274642894	439.9220703852643	0.0	504.75172453660804	43.677362523487126
221	46.90971834918915	10513.226992992084	440.0959601840214	0.0	504.85634908762745	46.90971834918915
222	46.94750698425991	10560.174499976343	440.2204698372527	0.0	506.92190915020683	46.94750698425991
223	47.163533318976405	10607.33803329532	441.0142382273267	0.0	509.62231990959987	47.163533318976405
224	47.06655673404124	10654.40459002936	443.76000708347675	0.0	511.8358642072342	47.06655673404124
225	46.78559794651034	10701.19018797587	444.9295111360741	0.0	514.237824030397	46.78559794651034
226	45.97534131894012	10747.165529294813	446.88484756190485	0.0	514.1960176300075	45.97534131894012
227	48.55296027060345	10795.71848956542	447.81832532563567	0.0	513.3185271544305	48.55296027060345
228	46.40116676277934	10842.119656328201	449.17433341386925	0.0	513.2101645744286	46.40116676277934
229	44.6763145921946	10886.79597092039	447.8868527851168	0.0	514.1154264311903	44.6763145921946
230	45.08300261851764	10931.878973538905	449.9740667125194	0.0	519.0642897683455	45.08300261851764
231	46.087856498881614	10977.966830037785	450.07930030681564	0.0	522.1974509055563	46.087856498881614
232	45.909072059339024	11023.875902097127	450.17333894488735	0.0	524.4336738481135	45.909072059339024
233	45.356062271224445	11069.231964368355	450.06104032870803	0.0	526.897737218023	45.356062271224445
234	44.26063955648556	11113.492603924838	450.03985075762785	0.0	528.906040658405	44.26063955648556
235	47.32282507880814	11160.815429003651	452.5914290978819	0.0	531.3312651175868	47.32282507880814
236	46.51259586965021	11207.3280248733	451.93736898037014	0.0	535.2225212701308	46.51259586965021
237	48.28392630914238	11255.61195118244	455.0678511164573	0.0	537.8448287272621	48.28392630914238
238	48.075491374488394	11303.687442556928	456.41753807790684	0.0	542.654456180135	48.075491374488394
239	47.803524758486994	11351.490967315412	460.3018485593049	0.0	546.4524572615804	47.803524758486994
240	44.35541387186176	11395.846381187273	459.2785022212925	0.0	548.4126310022372	44.35541387186176
241	44.32681467067153	11440.173195857948	458.8343758324044	0.0	550.0862679582248	44.32681467067153
242	47.38478143076824	11487.557977288718	461.734408610562	0.0	551.1956552957437	47.38478143076824
243	44.236204143562276	11531.794181432275	460.8117334867584	0.0	553.2547655105279	44.236204143562276
244	45.93639318837715	11577.730574620653	462.98056757939054	0.0	556.8428727099939	45.93639318837715
245	50.11742703156784	11627.84800165222	471.0153887283668	0.0	560.4901680213727	50.11742703156784
246	46.98242743786665	11674.830429090092	473.74982062390205	0.0	561.5945297549041	46.98242743786665
247	44.72389146298227	11719.55432055307	469.95353932516554	0.0	562.7607202527668	44.72389146298227
248	48.6096102948106	11768.163930847886	471.8294304350739	0.0	563.6585552813389	48.6096102948106
249	46.588838548175964	11814.752769396056	471.33873403987417	0.0	565.7824151872475	46.588838548175964
250	45.30722071325243	11860.05999010931	470.7947678165775	0.0	568.1615952263579	45.30722071325243
251	43.49934405339449	11903.559334162706	470.33048491734985	0.0	569.593035163835	43.49934405339449
252	44.91951404403907	11948.478848206745	469.5603757805335	0.0	571.9078305007148	44.91951404403907
253	48.24120692146613	11996.720055128217	470.98105977838225	0.0	573.2424486711817	48.24120692146613
254	45.4334209968268	12042.153476125035	471.3678971781473	0.0	575.326048308045	45.4334209968268
255	46.33345926772044	12088.486935392753	472.40107742439284	0.0	576.344574227232	46.33345926772044
256	44.93675736132643	12133.423692754086	472.3817385691605	0.0	581.342671941006	44.93675736132643
257	46.50025136583808	12179.923944119922	472.3622847615206	0.0	584.8133828856909	46.50025136583808
258	48.206702337303966	12228.130646457219	474.46213363357964	0.0	588.467000880905	48.206702337303966
259	48.19337531232573	12276.324021769553	478.125222488039	0.0	592.2325824459541	48.19337531232573
260	47.205045442386144	12323.529067211934	479.74819792477996	0.0	595.5151428190464	47.205045442386144
261	48.0483117555424	12371.577378967479	481.425487953649	0.0	597.2337331215142	48.0483117555424
262	49.50477121980382	12421.082150187292	485.69259920689154	0.0	598.575605310752	49.50477121980382
263	48.65269291255607	12469.73484309984	490.6649505748512	0.0	600.9689639034628	48.65269291255607
264	43.88302338280184	12513.617866482635	491.19953699884957	0.0	602.7343760658166	43.88302338280184
265	50.61302496104311	12564.23089144368	496.2169155342157	0.0	601.544034267112	50.61302496104311
266	44.55230116139802	12608.783192605082	494.61496966907185	0.0	604.0202682721026	44.55230116139802
267	44.246451040499394	12653.02964364558	494.82303869074485	0.0	606.1064597026854	44.246451040499394
268	47.938280442888036	12700.967924088473	497.74429592483176	0.0	607.3710229676474	47.938280442888036
269	46.65468143115066	12747.62260551962	499.5754499920672	0.0	609.357565310803	46.65468143115066
270	45.87163736695203	12793.494242886572	499.96565472994604	0.0	611.7412703454144	45.87163736695203
271	42.91133482308667	12836.40557770966	498.68938297049806	0.0	613.3265560687972	42.91133482308667
272	49.01650952594159	12885.422087235602	500.2449528037879	0.0	616.6059921462656	49.01650952594159
273	46.81559926070499	12932.23768649631	502.0910712888767	0.0	619.3578927929188	46.81559926070499
274	48.69568388485629	12980.933370381159	507.5801336028737	0.0	618.7855515632078	48.69568388485629
275	48.52296950004089	13029.456339881206	513.6763414394713	0.0	618.0259974679112	48.52296950004089
276	47.12501371334557	13076.581353594549	513.9766898180565	0.0	618.9838321611439	47.12501371334557
277	48.70221717126983	13125.283570765827	519.0250925980213	0.0	619.52028264497	48.70221717126983
278	44.78622023345513	13170.069790999267	519.9514809242293	0.0	620.6451364154638	44.78622023345513
279	47.167662222303214	13217.237453221578	524.3349639983394	0.0	624.8758843577813	47.167662222303214
280	48.02675805282047	13265.2642112744	526.2166158912713	0.0	623.8632550431778	48.02675805282047
281	47.62518258308828	13312.889393857484	528.4980959938571	0.0	627.9064444018649	47.62518258308828
282	47.93937909701313	13360.8287729545	532.1325030479093	0.0	630.3692488905147	47.93937909701313
283	43.467646574596245	13404.2964195291	531.0455554530149	0.0	632.0230110384172	43.467646574596245
284	46.43918565496143	13450.735605184058	533.4692809559052	0.0	634.4558331133467	46.43918565496143
285	45.338533174538455	13496.074138358596	533.2962924445711	0.0	636.9659207256055	45.338533174538455
286	44.17222966160125	13540.246368020202	532.9642974639858	0.0	639.4626819997924	44.17222966160125
287	46.70027777637275	13586.946645796572	535.2387031465066	0.0	640.3914650051679	46.70027777637275
288	46.33559596369975	13633.282241760264	537.1302452753317	0.0	641.5703074549557	46.33559596369975
289	45.151220656601005	13678.433462416871	538.4846400526748	0.0	645.7998313036653	45.151220656601005
290	45.58150083707737	13724.014963253947	538.0019007712513	0.0	647.7187206065271	45.58150083707737
291	47.47926403848948	13771.494227292429	541.9035325010343	0.0	647.6763864478249	47.47926403848948
292	46.51619529445325	13818.010422586893	540.1726514134025	0.0	647.2637465301066	46.51619529445325
293	48.7944461655344	13866.80486875242	542.5934059889939	0.0	646.7086397583189	48.7944461655344
294	46.473866083187744	13913.27873483561	546.3076859747667	0.0	649.5614391238618	46.473866083187744
295	46.36720927694526	13959.645944112555	545.5226810286423	0.0	650.6840659988084	46.36720927694526
296	47.13881256136239	14006.784756673916	545.8997354826988	0.0	650.704712597801	47.13881256136239
297	48.160133587498095	14054.944890261413	549.5045784367492	0.0	652.3716796019712	48.160133587498095
298	46.71133408198609	14101.656224343404	549.2467745876971	0.0	656.5778738728186	46.71133408198609
299	44.43207134040953	14146.088295683812	549.0578517659775	0.0	658.8964854878442	44.43207134040953
300	46.587108292713026	14192.675403976524	548.8692761812761	0.0	662.6990074388808	46.587108292713026
301	50.30575952347104	14242.981163499999	553.0611954602673	0.0	665.8074372778963	50.30575952347104
302	45.20193309755297	14288.183096597546	555.3845021251304	0.0	668.2652711894488	45.20193309755297
303	47.328155005028854	14335.511251602577	558.33658289598	0.0	670.3557252407675	47.328155005028854
304	47.794668130341286	14383.30591973292	561.3025296647675	0.0	671.9223673863486	47.794668130341286
305	46.53764162483884	14429.84356135776	563.24836990742	0.0	673.2964369793063	46.53764162483884
306	46.38293650765706	14476.226497865417	565.2055405259802	0.0	671.8829681763378	46.38293650765706
307	46.102941082096166	14522.329438947512	565.6126343668544	0.0	676.4239975514826	46.102941082096166
308	48.2177069592334	14570.547145906747	568.9799976038041	0.0	677.7959353392486	48.2177069592334
309	47.81999875517687	14618.36714466192	570.433239502255	0.0	679.9320646526876	47.81999875517687
310	47.15409671609316	14665.521241378008	575.3386816287002	0.0	681.4022251596415	47.15409671609316
311	48.996727296917044	14714.517968674938	580.3772652744237	0.0	682.908553926917	48.996727296917044
312	48.39294008565862	14762.910908760594	582.9390796799308	0.0	684.0374725644466	48.39294008565862
313	47.609368747008894	14810.520277507598	587.3847293552742	0.0	687.032606401942	47.609368747008894
314	46.223046875313585	14856.743324382911	586.8383214060897	0.0	688.2477455863573	46.223046875313585
315	46.682050864319706	14903.42537524723	588.2429618836608	0.0	690.761245359723	46.682050864319706
316	47.31515838839336	14950.740533635633	591.3357270325603	0.0	691.3843091798635	47.31515838839336
317	46.04077504901264	14996.781308684642	591.0540816843353	0.0	694.9888975530428	46.04077504901264
318	48.45721837834562	15045.238527062984	592.7465088022957	0.0	698.8229985505452	48.45721837834562
319	48.38021345163688	15093.61874051462	596.0759080389804	0.0	697.0897531864337	48.38021345163688
320	45.68604916305389	15139.304789677677	596.4547761332459	0.0	699.3943519554563	45.68604916305389
321	45.286599941174515	15184.59138961885	596.0841397778081	0.0	702.705354271971	45.286599941174515
322	47.505504114245596	15232.096893733094	597.8880749013124	0.0	707.2115857074738	47.505504114245596
323	47.05836753316816	15279.155261266264	599.1554778663809	0.0	708.3925194104417	47.05836753316816
324	48.22767529881707	15327.382936565078	599.5490635560898	0.0	712.0000545561533	48.22767529881707
325	46.1419042722932	15373.524840837377	601.4072500616098	0.0	716.0928222710756	46.1419042722932
326	47.02135882598588	15420.546199663368	603.4986231494836	0.0	717.8904610473156	47.02135882598588
327	47.93273182327244	15468.478931486634	605.2286570104837	0.0	719.8186985023415	47.93273182327244
328	48.25354966766384	15516.732481154299	606.5365902929702	0.0	723.0607180180253	48.25354966766384
329	46.63480584135599	15563.367286995657	603.7216480898734	0.0	730.8402840563884	46.63480584135599
330	44.984008741346635	15608.351295736999	602.1772437337808	0.0	732.5741730593346	44.984008741346635
331	45.97026947605212	15654.321565213055	604.9114819172999	0.0	732.497806775886	45.97026947605212
332	48.80540522092379	15703.126970433968	611.7947891683916	0.0	734.3490056983975	48.80540522092379
333	47.2574117843856	15750.38438221837	614.13546577154	0.0	734.9417693036806	47.2574117843856
334	47.55219967614062	15797.936581894506	613.1815742836174	0.0	737.0495991636162	47.55219967614062
335	47.96969281445153	15845.906274708952	614.9445831410638	0.0	737.306788543887	47.96969281445153
336	46.41404247815626	15892.320317187112	615.8860264192856	0.0	739.1097244619252	46.41404247815626
337	48.43599021225502	15940.756307399364	619.7190554628294	0.0	741.7233212604104	48.43599021225502
338	45.91909503205179	15986.675402431414	622.3541612361204	0.0	743.263641133201	45.91909503205179
339	48.60169954420003	16035.277101975616	625.6691995220705	0.0	743.918966593306	48.60169954420003
340	47.3143773062096	16082.591479281828	630.3316302151576	0.0	746.5561619178691	47.3143773062096
341	44.84800636759389	16127.439485649422	632.621835901491	0.0	749.1020423631644	44.84800636759389
342	50.57264984433998	16178.01213549377	639.1178786435727	0.0	749.2886387854686	50.57264984433998
343	46.82861210338414	16224.840747597145	640.1454981606906	0.0	751.2909547897914	46.82861210338414
344	45.98951846875798	16270.830266065903	642.9026692767779	0.0	754.110398848568	45.98951846875798
345	45.97655104388573	16316.806817109786	642.6952362249269	0.0	756.4038928020143	45.97655104388573
346	47.47210842023855	16364.278925530023	645.1191984678323	0.0	759.3225700901825	47.47210842023855
347	46.60544366132843	16410.884369191353	645.7091647348992	0.0	763.6408312507377	46.60544366132843
348	47.36888182239597	16458.25325101375	649.2684661666042	0.0	767.036374804319	47.36888182239597
349	46.31322804601362	16504.566479059762	649.1161811138836	0.0	771.4858333131352	46.31322804601362
350	46.815448234621215	16551.381927294387	649.121070917164	0.0	776.4385385426223	46.815448234621215
351	46.3816188683584	16597.76354616274	649.0011056831121	0.0	775.8178143132363	46.3816188683584
352	45.489368464199785	16643.25291462694	646.4130847658	0.0	775.7828323545463	45.489368464199785
353	46.135724634813634	16689.38863926176	647.3362793914307	0.0	781.2564321445707	46.135724634813634
354	45.606422901464846	16734.99506216322	648.762448734218	0.0	787.0163127629186	45.606422901464846
355	47.249247641758174	16782.244309804977	651.7913027704458	0.0	790.1072301490759	47.249247641758174
356	45.757064935605584	16828.001374740586	653.8989496904169	0.0	793.3381674018157	45.757064935605584
357	47.71071407301925	16875.712088813605	654.4714336625406	0.0	796.8829903444612	47.71071407301925
358	47.08902772841109	16922.801116542014	653.6515250551738	0.0	798.3815994430015	47.08902772841109
359	47.46581882326259	16970.26693536528	656.8398828435783	0.0	800.172777682476	47.46581882326259
360	47.76787865889132	17018.034814024173	660.0673247314552	0.0	803.8234023282586	47.76787865889132
361	46.44787316044732	17064.482687184616	659.4822273750679	0.0	805.1973270772701	46.44787316044732
362	44.959166798366816	17109.441853982986	657.8422209191094	0.0	804.1563411721206	44.959166798366816
363	45.20150738520293	17154.643361368187	657.3375179010337	0.0	808.5878819707291	45.20150738520293
364	48.66160161715256	17203.304962985338	661.2220356652138	0.0	810.0749609673193	48.66160161715256
365	47.07233696639266	17250.377299951735	665.075343007822	0.0	814.2360162227228	47.07233696639266
366	43.69690711722532	17294.074207068967	660.9302884589357	0.0	817.4398805639366	43.69690711722532
367	46.785225504138744	17340.8594325731	660.9031827276501	0.0	821.5289270230021	46.785225504138744
368	48.196826566139734	17389.05625913923	663.379197436961	0.0	823.3771319340614	48.196826566139734
369	45.927935811622426	17434.984194950863	664.003467082048	0.0	828.8679375045426	45.927935811622426
370	48.041226054303195	17483.025421005157	665.0627305604179	0.0	830.1815890746742	48.041226054303195
371	46.42574485752558	17529.451165862687	665.3241283197677	0.0	830.9103265619135	46.42574485752558
372	47.57346795241745	17577.024633815105	665.9423517097393	0.0	834.1387807116507	47.57346795241745
373	45.091825431253994	17622.116459246357	665.0397249545365	0.0	836.2597433467778	45.091825431253994
374	43.70652406481659	17665.822983311165	661.8742144457673	0.0	837.4480131961278	43.70652406481659
375	44.677839849831365	17710.500823161005	663.7719251771445	0.0	841.163466408095	44.677839849831365
376	47.80345070383682	17758.30427386484	665.2309076695542	0.0	844.9120093335065	47.80345070383682
377	46.01429814805784	17804.3185720129	664.746705999714	0.0	848.6950300201754	46.01429814805784
378	44.43352451734157	17848.752096530246	662.8795804107806	0.0	850.0083111842537	44.43352451734157
379	48.510341186643565	17897.26243771689	665.6930827036346	0.0	854.1727177660953	48.510341186643565
380	46.149265921132866	17943.411703638023	665.938560880187	0.0	854.871828192935	46.149265921132866
381	48.20082116814829	17991.61252480616	666.5117162447693	0.0	857.0487916867963	48.20082116814829
382	47.50178992616071	18039.114314732327	669.8347096184962	0.0	857.0939693710594	47.50178992616071
383	46.95545111156085	18086.06976584389	673.5893244629997	0.0	861.1014203719777	46.95545111156085
384	47.33946775699573	18133.40923360089	675.9691305797037	0.0	862.104512368299	47.33946775699573
385	47.32732742040393	18180.736561021276	673.921432804362	0.0	862.0992751860791	47.32732742040393
386	44.1727840875553	18224.909345108845	674.500530582645	0.0	863.9966116116072	44.1727840875553
387	46.890931204318214	18271.800276313155	674.5818660205365	0.0	867.4327178363646	46.890931204318214
388	45.68229805552631	18317.482574368685	675.9547784360733	0.0	868.7745852271386	45.68229805552631
389	48.564914942475	18366.047489311164	678.7666707530947	0.0	873.0551094481186	48.564914942475
390	45.45064593085365	18411.498135242015	681.3337027904382	0.0	877.1505990718176	45.45064593085365
391	47.44418142195722	18458.94231666397	683.6695950746342	0.0	880.7823597640665	47.44418142195722
392	47.856728548810906	18506.799045212785	686.2383898782343	0.0	880.9027568903848	47.856728548810906
393	47.837065257440514	18554.63611047022	688.9880727169549	0.0	885.5392428852515	47.837065257440514
394	47.761410501096144	18602.397520971324	690.0975944491412	0.0	884.9472605506112	47.761410501096144
395	46.03325394510375	18648.430774916425	691.130097661088	0.0	888.6301487147529	46.03325394510375
396	48.200280233360445	18696.631055149788	695.1352466008466	0.0	889.3213138943393	48.200280233360445
397	46.474097334557946	18743.105152484342	693.5728714461213	0.0	891.3612352379258	46.474097334557946
398	46.546561885254285	18789.6517143696	695.7856051430238	0.0	897.3488932950015	46.546561885254285
399	49.16281665376998	18838.814531023367	699.0183772087189	0.0	899.0123560052415	49.16281665376998
400	46.30300178365564	18885.117532807024	698.0433280216705	0.0	899.2810103025226	46.30300178365564
401	46.6624068270813	18931.779939634107	700.4903636162629	0.0	904.5198847335564	46.6624068270813
402	46.65914281064299	18978.43908244475	700.5863243491549	0.0	908.6606112659908	46.65914281064299
403	46.06284571649182	19024.501928161244	702.3458016617819	0.0	908.6787342692502	46.06284571649182
404	48.907791780420986	19073.40971994167	705.1822100649546	0.0	914.0760223552192	48.907791780420986
405	47.80834053831033	19121.21806047998	708.5318345432537	0.0	916.2033506801067	47.80834053831033
406	46.43929455263248	19167.657355032607	710.9039052187331	0.0	916.3537953213572	46.43929455263248
407	45.337805644729016	19212.995160677332	713.524472533277	0.0	915.8566607449399	45.337805644729016
408	46.54793915214451	19259.543099829476	713.5266103162187	0.0	917.5193969638492	46.54793915214451
409	49.84961443323863	19309.392714262718	717.6039493106109	0.0	922.4728968310692	49.84961443323863
410	45.902518127729365	19355.295232390446	716.2360342006833	0.0	922.1607058263554	45.902518127729365
411	48.319443161284674	19403.614675551733	718.6983411118567	0.0	922.586929723026	48.319443161284674
412	47.66631082308763	19451.28098637482	719.9301896919444	0.0	925.2216722901012	47.66631082308763
413	47.90586478567138	19499.186851160477	722.078948518243	0.0	927.0710873991275	47.90586478567138
414	46.606084547502725	19545.792935707992	724.0837474151759	0.0	932.477991293384	46.606084547502725
415	46.10825411863437	19591.901189826625	723.6659656972879	0.0	936.3258803573553	46.10825411863437
416	46.088868219374916	19637.990058046	725.0865575390042	0.0	939.199519468682	46.088868219374916
417	46.038438467095915	19684.028496513103	723.7084141022475	0.0	940.0617140313475	46.038438467095915
418	46.77544442343654	19730.803940936537	725.3123054016294	0.0	943.1252174773232	46.77544442343654
419	46.5910815363924	19777.395022472934	726.1652415385847	0.0	944.2515302968403	46.5910815363924
420	46.08422000679056	19823.479242479723	729.3035431255008	0.0	949.0236644669355	46.08422000679056
421	46.65715370991242	19870.136396189628	730.3221961946083	0.0	949.9837605591974	46.65715370991242
422	47.085689478408256	19917.222085668036	734.2564536267228	0.0	953.67537358437	47.085689478408256
423	48.30591028705296	19965.52799595509	737.0304118446398	0.0	955.7314380418932	48.30591028705296
424	48.12985166815084	20013.657847623246	740.2157319073787	0.0	959.7238910144542	48.12985166815084
425	47.20486370118022	20060.862711324415	741.2559882294413	0.0	961.2717784334376	47.20486370118022
426	47.585222302935016	20108.44793362734	741.8976369882547	0.0	962.2802942706421	47.585222302935016
427	46.970197807462704	20155.41813143482	744.6818210275167	0.0	962.2834280716211	46.970197807462704
428	45.792714672380626	20201.21084610719	744.4761249805367	0.0	962.2861992390543	45.792714672380626
429	48.27173355909149	20249.482579666295	746.3562861006985	0.0	963.3228783622661	48.27173355909149
430	48.29852766784262	20297.781107334125	748.3512729993694	0.0	965.1906828217675	48.29852766784262
431	48.11007010994312	20345.89117744408	751.0847274347269	0.0	967.4033399937274	48.11007010994312
432	45.38149231877076	20391.272669762842	751.9563566356334	0.0	968.6723676331177	45.38149231877076
433	46.07238245557223	20437.345052218418	753.0156734545031	0.0	969.2787756523954	46.07238245557223
434	48.25490960836603	20485.59996182678	755.505865982345	0.0	972.3146414884999	48.25490960836603
435	46.27795908705786	20531.87792091384	755.4761921014909	0.0	976.5597910088031	46.27795908705786
436	45.75845328251547	20577.636374196354	756.1406256326123	0.0	976.2579770026709	45.75845328251547
437	45.486143997925225	20623.122518194286	755.3535578346468	0.0	981.0278273325865	45.486143997925225
438	48.66578372644939	20671.788301920737	757.5099149677404	0.0	982.6467947086526	48.66578372644939
439	46.02184985775264	20717.81015177849	759.0931333518878	0.0	984.895681885604	46.02184985775264
440	45.48272136032859	20763.292873138813	758.2132304696758	0.0	984.5884519317507	45.48272136032859
441	44.753621264802796	20808.046494403625	756.1029543615772	0.0	986.2145342327431	44.753621264802796
442	46.962849263688796	20855.009343667305	760.8621191004488	0.0	988.9529342569142	46.962849263688796
443	47.43982398692781	20902.449167654235	763.4531236824032	0.0	989.9785362787242	47.43982398692781
444	46.60477184651046	20949.05393950074	764.7292647574676	0.0	994.7011629824831	46.60477184651046
445	45.22773498210236	20994.281674482856	762.3965716712372	0.0	996.9105265246384	45.22773498210236
446	46.93821369606904	21041.219888178915	763.8475122444404	0.0	998.4739570552741	46.93821369606904
447	45.26585019763629	21086.48573837655	764.5926952232398	0.0	1000.3974662241795	45.26585019763629
448	46.94438442596334	21133.430122802518	764.0263463307955	0.0	1002.6738922413622	46.94438442596334
449	46.45702207983287	21179.88714488235	762.6657958441308	0.0	1005.1792944510071	46.45702207983287
450	46.42391103093022	21226.31105591328	763.7566823276851	0.0	1005.4829533683688	46.42391103093022
451	45.91657608188628	21272.227631995167	764.3922042105826	0.0	1005.9444512805303	45.91657608188628
452	44.60337077130131	21316.83100276647	763.7425651354014	0.0	1010.1475506381933	44.60337077130131
453	46.070055311389275	21362.901058077863	764.7969921370293	0.0	1013.2552164698418	46.070055311389275
454	48.05636238977806	21410.95742046763	767.6854349828956	0.0	1016.8804274096829	48.05636238977806
455	45.04389856003809	21456.001319027673	765.5016118475593	0.0	1018.0309960523582	45.04389856003809
456	47.55926250951257	21503.560581537185	768.6260670309089	0.0	1017.5507827989927	47.55926250951257
457	44.46355595949242	21548.024137496683	767.5403592464238	0.0	1018.9118202273252	44.46355595949242
458	48.505916273667324	21596.53005377034	772.5375175768438	0.0	1021.7001100433566	48.505916273667324
459	45.21587313670551	21641.745926907053	771.6534466758209	0.0	1023.4670455763708	45.21587313670551
460	45.54860553334623	21687.294532440414	773.6941811153206	0.0	1026.410632494258	45.54860553334623
461	46.517051777575716	21733.811584217976	774.4386436893084	0.0	1028.3348899454893	46.517051777575716
462	45.732245400061046	21779.543829618036	773.4226746065638	0.0	1030.3562207842617	45.732245400061046
463	48.14096270581411	21827.68479232385	774.7095847968486	0.0	1031.3874883713402	48.14096270581411
464	47.551702126666726	21875.236494450517	777.2122643651534	0.0	1033.691688821309	47.551702126666726
465	48.3687194186111	21923.605213869127	781.7751097313187	0.0	1036.4771515272903	48.3687194186111
466	46.56194812594231	21970.16716199506	782.5726708066235	0.0	1035.6789355715975	46.56194812594231
467	46.93697220262447	22017.104134197692	785.0206380088093	0.0	1035.4871046773512	46.93697220262447
468	45.44009020863466	22062.544224406327	785.0026016803033	0.0	1039.0047886892626	45.44009020863466
469	47.521925193154196	22110.066149599483	788.5605231518882	0.0	1040.8264806906047	47.521925193154196
470	46.11180944469692	22156.17795904418	787.8293629724595	0.0	1044.8635337317573	46.11180944469692
471	46.655008872059916	22202.832967916234	789.0349370052828	0.0	1047.9496914925533	46.655008872059916
472	45.08579224767992	22247.918760163928	789.7721817781646	0.0	1051.3151188048935	45.08579224767992
473	45.56493884810094	22293.483699012028	791.2732284536122	0.0	1052.6079543277624	45.56493884810094
474	43.60943466936705	22337.0931336814	790.5603444977228	0.0	1055.962807829259	43.60943466936705
475	47.772988674240715	22384.86612235563	791.437710660196	0.0	1056.6576568603682	47.772988674240715
476	47.85076367299221	22432.71688602862	794.0533869608905	0.0	1062.566671141483	47.85076367299221
477	47.782418630057784	22480.499304658682	797.6693422862444	0.0	1065.7726606160354	47.782418630057784
478	46.469003212989726	22526.96830787166	797.7820087296557	0.0	1070.2535232636417	46.469003212989726
479	45.45693309139078	22572.425240963054	795.6684258240555	0.0	1073.0208787092708	45.45693309139078
480	44.65867357528673	22617.083914538347	794.6013968313595	0.0	1075.7492433333705	44.65867357528673
481	43.77763280344863	22660.86154734179	793.4136369176024	0.0	1077.728355446424	43.77763280344863
482	43.56148548733613	22704.423032829127	791.6203082088484	0.0	1078.4416646725415	43.56148548733613
483	48.71206571753818	22753.135098546663	796.0129652710161	0.0	1083.5389454260844	48.71206571753818
484	45.732865532223194	22798.86796407889	793.842615335095	0.0	1086.1388977371626	45.732865532223194
485	47.74415261125306	22846.612116690143	797.0425781602343	0.0	1088.046452384624	47.74415261125306
486	46.45058593184181	22893.062702621988	796.9731906038896	0.0	1089.6507996756932	46.45058593184181
487	44.33859381240118	22937.40129643439	797.7847355960643	0.0	1091.5477447117023	44.33859381240118
488	48.28650133514202	22985.687797769537	801.2941568460809	0.0	1093.5721244781764	48.28650133514202
489	49.865832460754575	23035.553630230293	803.6986867236643	0.0	1096.888847752931	49.865832460754575
490	42.439892005727785	23077.99352223602	801.4007812369786	0.0	1100.8848422993515	42.439892005727785
491	46.28177172405831	23124.27529396007	802.4693488018686	0.0	1103.241426464366	46.28177172405831
492	45.64670042853868	23169.921994388613	801.5313184314883	0.0	1105.4112132895134	45.64670042853868
493	44.60118724067334	23214.523181629265	800.0812683428215	0.0	1106.3439955660526	44.60118724067334
494	49.0603418611234	23263.58352349041	804.9987623224603	0.0	1108.7047470942869	49.0603418611234
495	45.19196919909313	23308.7754926895	805.6951603962526	0.0	1110.3672887897794	45.19196919909313
496	46.386867598971094	23355.162360288472	805.8271479510373	0.0	1114.253362914981	46.386867598971094
497	45.48867843741317	23400.651038725882	806.0801161794277	0.0	1116.966661191799	45.48867843741317
498	48.13554301326981	23448.786581739158	808.4238904398607	0.0	1119.6538398708722	48.13554301326981
499	48.86644725764921	23497.653028996792	812.5222616171594	0.0	1117.6261448297762	48.86644725764921
500	48.16197446877164	23545.815003465574	816.9929167788051	0.0	1120.9228301492608	48.16197446877164
501	45.86996512732346	23591.684968592894	820.207375766465	0.0	1125.688562480035	45.86996512732346
502	48.91349459149667	23640.598463184397	824.0065820115183	0.0	1124.574955222048	48.91349459149667
503	46.81996790585793	23687.41843109026	824.0115551116179	0.0	1126.5939774411556	46.81996790585793
504	44.893295984827674	23732.311727075084	822.2436535462148	0.0	1129.5613707242926	44.893295984827674
505	46.70895154834059	23779.020678623427	825.439554222192	0.0	1132.532369794553	46.70895154834059
506	46.711361199266555	23825.73203982267	825.439554222192	0.0	1135.3302239682682	46.711361199266555
