task	reward	total_reward	total_regret	relative	total_reward_dev
0	72.84537748143583	72.84537748143583	34.55913729505876	0.0	13.04806860530387
1	74.62356644333548	147.4689439247713	70.23043597041759	0.0	26.320726385077176
2	72.48290565281168	219.95184957758295	104.85653462008325	0.0	29.431721464661663
3	80.52054899223138	300.47239856981446	146.7783509803807	0.0	43.7359169510025
4	70.7518802410014	371.2242788108157	180.0634942399446	0.0	44.93930506697089
5	73.70685139835302	444.9311302091688	217.01059287907574	0.0	46.53494126861434
6	71.14686201037654	516.0779922195453	251.31924323096908	0.0	49.95062382186495
7	75.86787788257628	591.9458701021214	288.9950066860985	0.0	53.855980499353024
8	74.00837220797536	665.9542423100968	325.27890939911964	0.0	56.71230967072278
9	71.65568384138139	737.6099261514778	360.2753163315756	0.0	58.2768439395707
10	74.34627052502508	811.9561966765035	396.121735575889	0.0	58.506902860889795
11	73.76610071995147	885.7222973964546	432.3545154492208	0.0	56.83858532380013
12	72.59462123693258	958.3169186333868	466.1892273441674	0.0	58.40365569721426
13	70.03834616049255	1028.3552647938805	498.9618816441778	0.0	60.09091643804736
14	78.89406432635951	1107.2493291202395	539.8925411067256	0.0	70.45752274625691
15	75.1832965607313	1182.4326256809702	577.6352660638797	0.0	74.08831413385063
16	74.22601334501728	1256.6586390259881	614.1718603331809	0.0	73.86145241724866
17	73.97133012172539	1330.6299691477134	650.2759080181163	0.0	73.96242078508811
18	75.4476411334607	1406.0776102811737	687.2415092117994	0.0	78.84036166120462
19	73.51350708229077	1479.591117363465	723.5982029328774	0.0	79.90551383947157
20	73.51829685294331	1553.1094142164095	760.1680431262369	0.0	80.69895405772452
21	73.99885580138083	1627.1082700177894	795.9714636315617	0.0	78.83045054941933
22	74.83952885808296	1701.9477988758724	831.1907161566699	0.0	79.59862160688006
23	75.1238819484333	1777.0716808243055	867.6030405108021	0.0	79.60280157034656
24	75.43677652426696	1852.5084573485726	904.8881999599048	0.0	82.19438295326258
25	75.20212909670816	1927.710586445281	941.952666925199	0.0	82.44954995360493
26	76.05184577264015	2003.7624322179195	981.8418247681619	0.0	87.66847524896995
27	71.57590959373869	2075.3383418116596	1014.7919146415041	0.0	89.72443479703576
28	75.58566217132714	2150.924003982986	1052.6176131287302	0.0	91.21934383603003
29	73.87897144365718	2224.8029754266436	1089.3212631181132	0.0	91.93238159939078
30	70.5993970171148	2295.4023724437584	1121.9513074642148	0.0	92.51389102949581
31	71.6529319049299	2367.0553043486884	1157.7566618573856	0.0	93.66488666805118
32	75.47229149657377	2442.527595845262	1197.7120113975361	0.0	95.9740682210357
33	73.61339339778024	2516.140989243043	1234.5433701408876	0.0	99.13177565123796
34	71.62775361625957	2587.768742859302	1268.6686675505405	0.0	98.94601348945828
35	73.54353185593168	2661.312274715233	1305.0503202649575	0.0	103.79723330109277
36	73.57928669240556	2734.891561407641	1341.5783024729951	0.0	103.95700419267037
37	73.19985120180246	2808.091412609443	1375.5188977979042	0.0	105.98004498405096
38	70.97879865585274	2879.070211265293	1409.2449480322857	0.0	106.72557678201616
39	75.0693634643883	2954.139574729682	1446.1182779665733	0.0	108.6754518728876
40	74.65474642588329	3028.7943211555657	1481.5116808845144	0.0	112.90548702545202
41	74.18675165899498	3102.9810728145617	1516.9504734979823	0.0	114.12977259304165
42	73.12751128448531	3176.1085840990445	1553.4218581098335	0.0	115.41429320951185
43	72.95073993742909	3249.059324036477	1588.457680270786	0.0	116.99746279028918
44	75.59727664232395	3324.6566006788007	1625.3784454105878	0.0	115.41172754893911
45	74.26819025447138	3398.924790933269	1663.6278261101625	0.0	113.59098292315642
46	72.15154311531366	3471.076334048585	1698.2813625089839	0.0	115.68982297412018
47	74.63494651913403	3545.7112805677184	1738.296189666027	0.0	117.68243061777343
48	71.48132792942017	3617.1926084971365	1772.5933858787125	0.0	115.83654264133759
49	75.05844206656926	3692.2510505637074	1810.043880733581	0.0	119.01233991962555
50	74.31348542606018	3766.564535989767	1846.4661315669655	0.0	120.25868001667044
51	72.88816635671435	3839.4527023464802	1882.599425816586	0.0	122.82982742511305
52	72.38030886343651	3911.8330112099175	1916.9229602803264	0.0	125.79873922878052
53	71.65850978350176	3983.4915209934206	1948.7431275821914	0.0	126.14714766892203
54	73.53687314368706	4057.028394137108	1983.9343671021404	0.0	126.3739657378187
55	73.16251044674183	4130.190904583849	2020.9959201474226	0.0	125.92535081663561
56	75.50551421814416	4205.696418801994	2059.2384235931327	0.0	128.32369071316774
57	76.34997198935453	4282.046390791348	2096.0338457272983	0.0	126.08513167099399
58	78.6438652409027	4360.69025603225	2136.8228798170016	0.0	129.13978919359624
59	73.09701586616453	4433.787271898414	2171.407113481247	0.0	130.8020362186368
60	73.43539178622186	4507.222663684638	2206.488425167257	0.0	131.03115696278067
61	74.63717275973285	4581.85983644437	2242.9127637200177	0.0	131.79336321028555
62	74.27637550673504	4656.136211951104	2278.643190623403	0.0	135.58734027873876
63	74.88809096537076	4731.024302916477	2317.596609765165	0.0	137.5132941193617
64	75.52679393552802	4806.551096852003	2356.8704464273264	0.0	137.27991315270484
65	72.63620601766506	4879.187302869667	2392.563294558952	0.0	136.91778226940502
66	71.6386159161941	4950.825918785862	2426.1745003759706	0.0	138.2480067955004
67	76.38961044598992	5027.215529231853	2464.3770618538406	0.0	139.3258549692519
68	77.21651732797714	5104.432046559829	2503.5792999176924	0.0	143.76629252314447
69	71.67852454409406	5176.110571103925	2537.2761243151804	0.0	142.84462249752843
70	71.80129686898317	5247.911867972908	2570.686718048467	0.0	144.59890604079834
71	75.23521051460087	5323.147078487507	2608.812284157092	0.0	145.74359668011775
72	75.78516430014159	5398.9322427876505	2646.422622199392	0.0	144.51671673302343
73	72.2698328359958	5471.202075623648	2683.2020158675737	0.0	144.24004262861374
74	74.12409424021729	5545.326169863863	2719.7903157534547	0.0	146.46936106671725
75	76.10719785884686	5621.433367722709	2757.388585808843	0.0	146.88318388824467
76	72.00864689180713	5693.442014614517	2792.251922677602	0.0	145.3933513626604
77	70.23504450462642	5763.677059119142	2826.669059260756	0.0	147.03981261714407
78	72.63718810437362	5836.314247223516	2861.5189129169476	0.0	147.84721745520568
79	70.32165142886048	5906.635898652378	2894.164808930457	0.0	147.0798686203426
80	74.71665108568908	5981.352549738063	2930.6796055328305	0.0	149.67284447598576
81	72.97490710374376	6054.32745684181	2964.9804463748715	0.0	150.83331490477482
82	74.94071676407513	6129.268173605886	3002.8482332539265	0.0	148.79526687770357
83	73.79731984594872	6203.065493451832	3037.921494236629	0.0	150.6794760905629
84	72.63246460187807	6275.697958053709	3074.365753306826	0.0	150.38103332160802
85	72.96930819445674	6348.66726624817	3111.325946640993	0.0	150.73936289831
86	71.73533489465309	6420.402601142821	3143.360842410407	0.0	149.73246616652548
87	73.10105158183609	6493.5036527246575	3177.9811355592988	0.0	150.18155177037116
88	72.68886641141971	6566.192519136078	3211.5531714440444	0.0	151.13672073644918
89	72.23448652102506	6638.427005657103	3245.281776051245	0.0	150.0945704917406
90	74.23443309479104	6712.661438751889	3282.315989594811	0.0	152.08195048255462
91	73.22966167561832	6785.8911004275105	3318.803725357851	0.0	157.4546728939723
92	72.49342166401482	6858.384522091526	3352.232596741216	0.0	158.53004885307737
93	73.01347113487604	6931.397993226399	3388.8501593896567	0.0	159.5580984126277
94	74.41349855386979	7005.811491780274	3425.8718593301296	0.0	160.86636357168013
95	71.80644182164683	7077.617933601921	3460.1131439059345	0.0	160.26178014984882
96	76.28000965731877	7153.897943259238	3497.392629145456	0.0	161.0941826451976
97	74.60774558326173	7228.5056888425	3534.8399305882645	0.0	158.94717395515605
98	72.50187013135775	7301.007558973855	3571.0272283685467	0.0	158.88345019526722
99	73.83748328902901	7374.845042262884	3607.292638230973	0.0	158.6064696000468
100	71.48249857183468	7446.327540834722	3640.765576434821	73.73482163353283	159.69878704100051
101	71.65377556121923	7517.981316395941	3676.424531021932	73.7051237247117	159.3754860962043
102	72.75583514632133	7590.737151542262	3709.9948801801556	73.7078530196468	161.49775152177207
103	70.44989064060576	7661.187042182868	3743.889550782012	73.60714643613055	161.7290561771865
104	75.39392099508812	7736.580963177957	3782.9208304473145	73.6535668436714	162.26135953670638
105	71.56820199228673	7808.149165170242	3818.6162011880074	73.63218034961073	164.07041373440958
106	72.56714790603468	7880.716313076275	3854.043313572258	73.64638320856734	166.91328346405632
107	74.088648979401	7954.804962055678	3890.081690229493	73.62859091953555	172.4507393960902
108	72.8212163000148	8027.626178355688	3924.1614862519846	73.61671936045599	173.5073662975394
109	74.2547168130614	8101.880895168753	3960.8011312889284	73.64270969017277	175.4033799594652
110	73.84741339912817	8175.728308567882	3997.463151335483	73.63772111891377	176.52044569050642
111	72.53948184911118	8248.267790416992	4031.0620861347625	73.62545493020538	178.15002610302497
112	76.54166181980234	8324.809452236797	4070.9642123008553	73.66492533603412	180.58135267292406
113	76.52512083485374	8401.334573071652	4109.933745009603	73.72979308277772	179.38488646969688
114	76.36941616268348	8477.703989234327	4148.427835212013	73.70454660114098	180.66596307645207
115	71.94395150068716	8549.647940735023	4183.074358890995	73.67215315054054	180.289691697064
116	77.56555158782254	8627.213492322844	4221.466902260674	73.70554853296854	182.38198760080425
117	72.35078407016336	8699.564276393008	4256.759995356486	73.68934307245291	182.0511121964605
118	76.97776858569613	8776.542044978705	4294.492197274363	73.7046443469753	182.16485862642966
119	76.9478251923929	8853.489870171094	4333.51520666212	73.7389875280763	181.90816997695975
120	72.50148106433635	8925.991351235434	4366.384448042726	73.72881937019021	181.10849948449882
121	73.49726775197158	8999.488618987403	4401.647312856568	73.72380348969615	182.40039254474388
122	75.07296419889433	9074.561583186296	4439.053951671373	73.72613784310425	180.21239425106705
123	74.96271466493943	9149.524297851238	4476.676763299518	73.7245261702693	179.98890890588538
124	72.40850925844603	9221.93280710968	4511.779529442344	73.69424349761111	178.80767796994434
125	75.70329774593024	9297.636104855612	4549.420092385844	73.69925518410334	178.69214596059115
126	74.17258315272629	9371.808688008341	4584.092398291635	73.68046255790415	178.60479787082184
127	72.60264281966246	9444.411330828001	4618.1054388381945	73.69072989016342	179.35464675682326
128	76.52545427150986	9520.936785099513	4656.767728058289	73.70012781116525	179.89771473254623
129	71.96978173042416	9592.90656682993	4691.441841577011	73.68103591403293	181.67251058977868
130	72.91784776139428	9665.824414591332	4726.719938007802	73.70422042147572	181.64923470681228
131	72.03542778296033	9737.859842374291	4762.062982734267	73.70804538025601	181.9730229434712
132	73.56420119101061	9811.424043565301	4797.5963123333295	73.68896447720039	183.83006610329952
133	69.25277573363124	9880.67681929893	4828.288821195301	73.6453583005589	185.31714995503958
134	73.06101978528824	9953.737839084213	4865.06602469097	73.65969096224919	187.52063295200168
135	74.41815721308159	10028.1559962973	4902.046912247775	73.66843721582067	187.97706251737947
136	73.18868278457862	10101.344679081882	4936.1333610071215	73.66453117674239	187.45661699205527
137	74.22154934520881	10175.566228427091	4971.92066917358	73.67474815817648	189.22099340500722
138	73.27281731481844	10248.839045741905	5007.74696319018	73.69768834476614	192.2561243153417
139	75.34177143687013	10324.180817178776	5046.040139524607	73.70041242449092	191.50989857626533
140	75.34948864275097	10399.530305821529	5083.537846963367	73.70735984665963	195.13714933873484
141	73.08094061345126	10472.611246434979	5119.70222466346	73.69630173620422	195.77226580839937
142	76.2716988235811	10548.882945258561	5157.905845814723	73.72774361159517	195.0047403981359
143	72.93381945444384	10621.816764713005	5194.373306432309	73.72757440676529	195.92380669648026
144	75.57702000886177	10697.393784721864	5232.053689912087	73.72737184043068	197.5958342981974
145	72.33807879650412	10769.731863518371	5265.186906661378	73.708070725851	197.35179774743008
146	74.61755915790019	10844.34942267627	5301.505075712929	73.73273088627688	197.36286963669326
147	73.17383236377388	10917.523255040047	5335.990878856224	73.71811974472325	195.6444407657108
148	79.16185911911828	10996.685114159158	5376.796694322386	73.79492505662026	200.6177831341323
149	71.96452582673211	11068.649639985892	5409.864634333486	73.76398589422186	201.36004199383297
150	72.34231556104149	11140.991955546939	5445.863409755352	73.74427419557168	203.28674831547724
151	73.38985026894268	11214.381805815881	5481.560730897457	73.749291034694	203.5065339065212
152	75.14407739249711	11289.525883208376	5519.982574967238	73.7769287199846	204.55400782324327
153	74.74563030987277	11364.271513518239	5557.691163090461	73.80779992524829	204.79870570816595
154	72.23187673628745	11436.503390254535	5590.915559233802	73.79474996117429	202.8750198652793
155	70.10414192138452	11506.607532175924	5621.617091250547	73.76416627592072	202.20775578795855
156	76.51483823305173	11583.122370408972	5660.478286825549	73.77425951606982	202.63144587719964
157	74.03588113553708	11657.158251544512	5697.928863553468	73.75111860753162	202.49837329012593
158	74.13178107716587	11731.290032621673	5735.004083186855	73.70599776589427	205.41155483505185
159	73.64020745412547	11804.930240075797	5770.459433880057	73.71142968177386	206.63590054687918
160	72.04593860730255	11876.976178683102	5804.240842043822	73.69753514998467	208.19776435757157
161	73.40172230877987	11950.377900991882	5838.571633715543	73.6851806454751	210.59002971866357
162	75.62437250501492	12026.002273496897	5878.383317320317	73.69866061545792	210.4935073595845
163	73.73453035157102	12099.736803848476	5913.604189902649	73.68712500931996	211.8412687712533
164	71.73995207664895	12171.476755925114	5947.199977632019	73.64925659073114	209.62785492011542
165	76.83389041330547	12248.310646338416	5989.154061227618	73.69123343468755	208.2906563201391
166	73.94059188048377	12322.251238218909	6025.7895673181865	73.71425319433045	205.20500678951143
167	73.13884372012647	12395.390081939033	6060.779886630846	73.68174552707183	205.64222842673632
168	74.14434813248978	12469.53443007152	6096.61007709733	73.65102383511692	207.84995147541736
169	76.48563796718219	12546.02006803871	6135.16084574032	73.69909496934781	207.56165919331585
170	75.11213318021619	12621.132201218921	6172.698832557945	73.73220333246016	210.33710637868322
171	74.29419604036981	12695.426397259287	6209.479346607142	73.72279318771785	208.68693374188675
172	74.66975086400126	12770.09614812329	6245.617476637772	73.71163905335645	210.05371674749225
173	73.83714280225992	12843.93329092555	6279.363756004616	73.7273121530191	208.23866699235583
174	74.07190093053113	12918.005191856082	6314.345069989131	73.72679021992222	209.71890591092756
175	76.367218446686	12994.37241030277	6354.786663786941	73.7293904258006	207.59904240227297
176	72.88733622003542	13067.2597465228	6391.281136527097	73.7381773190829	208.0447939913283
177	75.64517902773868	13142.904925550543	6429.547406298578	73.79227866431403	206.01419858316058
178	72.8848736377738	13215.789799188313	6464.823409079082	73.79475551964805	206.4207946484604
179	73.21633463448653	13289.006133822799	6498.3513632942795	73.82370235170428	204.65168454678417
180	73.44301432972084	13362.449148152524	6532.2198304036	73.81096598414457	205.4639684434854
181	76.28094467740347	13438.73009282993	6570.000615097612	73.84402635988121	207.87229323492886
182	75.78806725537945	13514.518160085301	6607.919693413411	73.85249986479427	209.93379273148662
183	76.69784545549807	13591.216005540808	6647.350643070422	73.88150512088973	208.42347394756513
184	72.80205713174452	13664.018062672554	6684.52076573835	73.88320104618839	209.52258760653083
185	73.62671585587435	13737.644778528418	6719.754201863403	73.88977512280259	209.27039455621846
186	73.9053736467586	13811.550152175181	6755.836283648462	73.91147551032365	208.56823254110324
187	73.9835006247222	13885.533652799904	6791.871960909016	73.92030000075248	207.92597619319938
188	73.94584214250273	13959.479494942409	6827.806780045148	73.93286975806335	207.73310060933238
189	75.57929736987924	14035.05879231228	6865.287077379335	73.96631786655189	211.39357945071583
190	72.24021955791929	14107.299011870204	6901.365553789543	73.94637573118315	210.844083771182
191	72.31207725916664	14179.611089129377	6936.353437311426	73.93719988701864	210.57466085082092
192	73.75368690334058	14253.364776032719	6971.778932122426	73.94980253941189	208.94276206616465
193	72.6094311441236	14325.974207176834	7008.24462188128	73.94576213950441	207.99460499683124
194	72.83487389874682	14398.80908107558	7042.712945644265	73.9299758929531	208.44446797013222
195	71.97788918823791	14470.786970263827	7078.574182087068	73.93169036661907	208.95707701592187
196	71.79337510296781	14542.580345366789	7112.519569111929	73.88682402107554	210.16592533232318
197	72.96116653019166	14615.541511896983	7148.624694119905	73.87035823054481	210.55776385279043
198	76.28395488554075	14691.825466782528	7186.913868866181	73.90817907808668	211.09160941873662
199	74.43023870882803	14766.255705491354	7224.055965921238	73.91410663228467	213.2494751524467
200	73.65148346448885	14839.907188955844	7259.932331147588	73.9357964812112	214.87907677942619
201	73.11429724502871	14913.02148620086	7295.463905710133	73.95040169804929	216.15109844504173
202	74.2419741309204	14987.263460331786	7331.201607338581	73.96526308789528	217.3726460557443
203	75.10756012875774	15062.371020460545	7368.74229895329	74.0118397827768	217.9041184635526
204	71.34192245791688	15133.712942918457	7401.924030540025	73.97131979740512	217.89138249884695
205	74.81542178735292	15208.52836470581	7437.251671500159	74.00379199535574	217.87308449145735
206	74.06251998795615	15282.590884693775	7473.361304232232	74.01874571617498	221.0999117000499
207	73.80633516528222	15356.397219859053	7510.275062862594	74.01592257803384	223.42600338288915
208	72.41880967711033	15428.816029536167	7545.259022413775	74.01189851180473	223.17640979789525
209	74.14814699172862	15502.964176527898	7580.604937059469	74.01083281359143	226.0844383860216
210	71.99059270755203	15574.954769235448	7615.1127432305875	73.99226460667566	225.102540127535
211	72.29083113851507	15647.245600373957	7650.15208402005	73.98977809956972	224.35202007151278
212	76.48328334097295	15723.728883714937	7690.242647609308	73.98919431478136	222.41836931480438
213	72.2347030748581	15795.96358678979	7725.961824129179	73.94629013718144	220.00177090573902
214	71.15418729769583	15867.117774087485	7760.602288952709	73.89413784853154	221.2450613481091
215	73.81237779329493	15940.930151880777	7797.455394725029	73.91282211145763	218.3046109574623
216	73.34318712020016	16014.273339000987	7831.977741392013	73.87059846678144	218.83535180107174
217	73.81996312331015	16088.093302124285	7867.264418423269	73.88529025731286	221.3297469104301
218	71.62831434847435	16159.72161647276	7901.2104166994895	73.8317957149407	221.79869049908123
219	71.72995815763323	16231.451574630395	7934.311272993858	73.77961704459307	224.05360148872475
220	73.60396166451454	16305.055536294916	7969.816163565465	73.79064185059488	227.17495079991338
221	74.93788362688005	16379.993419921797	8008.043400194951	73.80504800934392	227.4457261784804
222	73.28239638244717	16453.275816304245	8043.972553850572	73.78714233117947	228.7960608605391
223	73.82630509343058	16527.102121397675	8080.944437793542	73.77577823546437	228.78346705881322
224	76.0402096297147	16603.142331027382	8121.757031448692	73.81209523917705	228.27298025624108
225	73.98603876025487	16677.12836978763	8157.555637214311	73.79492264932031	230.28440984934844
226	74.03921227586918	16751.167582063514	8194.019013023668	73.79358894055174	232.05602353874048
227	72.80535600174812	16823.972938065253	8231.462599628736	73.79561607237261	232.45097003907014
228	73.63634559715224	16897.609283662416	8266.629770687034	73.76672498562907	233.2172133345148
229	75.5289686948628	16973.138252357276	8304.663621972437	73.80231685527333	232.33715742646095
230	74.10639262027894	17047.244644977545	8340.769978826966	73.81420230386226	233.51332357103144
231	73.61940892990538	17120.86405390745	8377.247038147016	73.8300421153317	234.1774492594156
232	72.87312999498043	17193.737183902434	8410.725794432623	73.8231314033714	235.145193269654
233	72.38299107069355	17266.120174973134	8444.79589400583	73.85443355674201	236.42740161012875
234	71.61937905827736	17337.739554031417	8480.445281812245	73.84001714947189	236.4109024359407
235	74.60071003622062	17412.340264067632	8516.58921367008	73.84184267770333	234.99785829522182
236	72.30441791880963	17484.644681986432	8550.148239926943	73.83300002904564	233.9478400975949
237	73.09715015034062	17557.741832136773	8584.162803268373	73.82175603709693	232.84446231959618
238	74.85902581487508	17632.600857951664	8620.389567585167	73.83761812209751	235.6723915321805
239	73.77519495114566	17706.3760529028	8656.329701180612	73.82195235724026	235.61527770820197
240	71.61938328278274	17777.995436185578	8689.835112812492	73.7846513036406	239.5486910040013
241	73.16816077196955	17851.163596957555	8726.02923006433	73.78552350522574	241.81489022984601
242	72.0801750206187	17923.24377197817	8760.824144532045	73.74360826719612	243.2786267040521
243	72.77793085879526	17996.02170283696	8796.174095675178	73.74204938123964	242.4546021354747
244	74.30478928949059	18070.326492126464	8831.253936230116	73.72932707404597	243.14606640535655
245	72.19912395961319	18142.525616086074	8865.275667760829	73.72793752567705	244.03516695662782
246	70.9715193317731	18213.497135417834	8898.838773267442	73.69147712741575	243.42222584718573
247	74.81078965878703	18288.307925076628	8936.167663724003	73.70784670036589	243.78066133415723
248	75.1096811583822	18363.417606235016	8975.166661694178	73.66732492075853	242.57700532407085
249	72.7988565329661	18436.216462767978	9009.447985380342	73.67566822782089	242.13586916240385
250	74.27318352973651	18510.48964629772	9046.027683198863	73.69497690750781	243.0010013618476
251	73.89889394950414	18584.38854024722	9080.759673695293	73.70006734431342	240.0618840231735
252	75.29718826478624	18659.685728512006	9118.813490918255	73.7015984530363	238.74060982286565
253	72.38736692173589	18732.07309543373	9153.473743794562	73.67801581915495	237.87590692277854
254	74.0521695026554	18806.125264936403	9190.53052598673	73.69621874681859	239.11563646266094
255	72.75806710272086	18878.883332039124	9225.321324191355	73.72275799863202	241.854885503194
256	76.60662154323231	18955.48995358234	9264.078422795692	73.72367583173383	241.6708976823536
257	74.59332630602152	19030.08327988837	9299.998118456635	73.72925028343863	240.07712526123004
258	72.33390023682001	19102.41718012519	9333.351701823165	73.71127147503518	241.50732485126534
259	71.95659935913093	19174.37377948432	9367.677676125184	73.69443539408523	242.68818784558061
260	73.36617413735071	19247.739953621676	9403.648638093866	73.7076377493857	243.59443551755493
261	75.04136939808895	19322.781323019753	9441.537376909577	73.7240342202788	243.1373780216567
262	72.59335600683593	19395.37467902659	9475.922424686538	73.69372405529703	243.96372749473898
263	73.54833533100928	19468.923014357606	9510.961387899173	73.6918621050914	242.11813595304676
264	73.87973384202913	19542.802748199632	9546.302772598003	73.71325992274521	244.29991203029041
265	77.862696106026	19620.665444305658	9586.048998179851	73.72354797967242	251.18889002424825
266	73.26025903209994	19693.925703337758	9621.865450406382	73.71674465118858	251.42283151787427
267	75.50833265991537	19769.434035997674	9660.6850032789	73.74043954058648	250.78631374423358
268	73.336654271052	19842.770690268724	9697.108477121856	73.73236260197206	251.42461354463038
269	73.12234142703858	19915.893031695763	9732.580762371683	73.69872963657062	252.11194806425704
270	75.21997178156603	19991.11300347733	9771.224470567371	73.69980802258411	251.76341133836783
271	72.95982424217988	20064.07282771952	9804.484743993158	73.68646430460221	252.66597682303043
272	71.75560277415978	20135.828430493675	9838.601756493097	73.65732282370384	252.65733160637063
273	77.98591381342084	20213.81434430709	9878.721657196793	73.69881053381542	250.25516076099964
274	77.10319294978027	20290.917537256875	9918.393767496469	73.72912345400792	254.8260719402432
275	72.06779002650117	20362.985327283375	9952.50474768373	73.68612916980607	251.91100707279946
276	70.42066118856647	20433.405988471943	9983.634298797459	73.66146241949139	253.92909604693824
277	73.53335809719898	20506.939346569136	10019.182981308692	73.640344210186	253.6539748808496
278	74.20947399716131	20581.148820566297	10055.913607771337	73.65359021377988	251.6990241901694
279	76.38620480725561	20657.535025373552	10093.65938203571	73.68528891550756	254.15421906529014
280	74.35179918646358	20731.886824560024	10130.832772285863	73.69437676407499	255.00758218555302
281	73.35383553158398	20805.240660091615	10165.70189091696	73.6651056726168	257.11408094116183
282	72.03713928462582	20877.277799376225	10199.246656542076	73.62759639290927	255.604425507578
283	72.37369310667732	20949.651492482906	10233.760035918958	73.58435486942103	256.3845703523306
284	74.2002152073971	21023.851707690308	10269.868080421751	73.59833645017757	256.36524344629004
285	73.04840466262573	21096.900112352938	10305.295871351846	73.59255333824508	255.95610132966948
286	71.89881147140844	21168.798923824343	10338.942706455024	73.57248771649161	256.88932873008275
287	77.30769373449208	21246.10661755883	10379.310187765957	73.60572964758927	261.6279685077084
288	73.11247268364617	21319.219090242485	10414.67087291516	73.59739595300074	260.4166118855594
289	73.31928157729153	21392.53837181977	10449.186621068679	73.57479579507482	260.8221151669118
290	72.90131260700564	21465.439684426776	10482.973283129879	73.5814067255657	261.2072236639622
291	75.16231597523891	21540.60200040201	10520.143124875549	73.6099091127264	261.65893565170063
292	71.66606238844126	21612.268062790452	10554.466320788266	73.58903286757746	261.9898634721411
293	75.65691715021809	21687.924979940668	10592.599274563703	73.61950772763835	262.47669574385515
294	76.0895153349153	21764.014495275595	10629.53035640926	73.65205414200011	264.73827072593707
295	70.73254683587014	21834.747042111452	10663.384427490204	73.6396007184764	265.89340925615795
296	73.41136739466923	21908.15840950613	10698.798424560782	73.65578064139343	264.41985946000085
297	75.91069955725314	21984.069109063385	10738.5489781342	73.68527597166405	266.0495478065001
298	73.13664331747681	22057.205752380847	10774.045514110121	73.6538028559834	265.75379857182236
299	72.47520658885658	22129.680958969708	10809.1319326898	73.63425253478367	265.7644689126
300	71.0598981201097	22200.74085708982	10843.31876076038	73.60833668133986	265.2449924833394
301	71.90251186756447	22272.643368957393	10877.192900243013	73.59621882756525	264.94875822070014
302	70.94445038655971	22343.587819343942	10911.696833810147	73.56324359012163	264.00149653219034
303	74.89259422273642	22418.480413566678	10948.720751097157	73.5610939310614	263.4752112947931
304	75.18524994935464	22493.665663516033	10985.757873196462	73.59952720597579	264.59043577142745
305	74.17801361759435	22567.843677133627	11024.527492007712	73.59315312427817	267.37694672711535
306	73.88748508737926	22641.731162221	11060.362323787873	73.59140277527243	267.8785409344998
307	75.2397946972411	22716.970956918252	11098.678897853033	73.60573737059202	270.0367488018349
308	71.66147703145474	22788.6324339497	11133.364886697995	73.59816404413547	269.95676995579913
309	73.48420689532847	22862.116640845044	11167.831524114352	73.59152464317145	271.3603748659079
310	72.61885852202569	22934.735499367063	11202.787605419087	73.59780730131622	272.0347925951066
311	71.14980306389629	23005.88530243096	11237.394440211645	73.58639702057002	273.2868277460554
312	70.86525469684744	23076.750557127812	11270.963352310564	73.53021673412876	274.62991550703106
313	72.76649942601338	23149.517056553814	11305.80208985716	73.53553469764033	272.90167204886166
314	75.12732678047162	23224.64438333429	11344.000589626983	73.57526609246811	275.0104925801402
315	69.4066115790888	23294.050994913378	11375.612201528991	73.53120843032602	276.1982336186733
316	70.50703582496806	23364.558030738335	11408.550530191467	73.50284691737367	276.7200300282031
317	75.90982462773161	23440.467855366085	11445.80616599411	73.52374553241789	279.02512397163986
318	74.25626783042597	23514.724123196505	11481.60371085284	73.55002506723744	282.1257671095559
319	71.76781022229352	23586.491933418787	11516.672105755117	73.55040358788405	282.9357582012137
320	75.99132096660942	23662.4832543854	11556.563616241594	73.57427718090493	282.5631057792188
321	75.78563194063105	23738.26888632604	11593.72771344362	73.58275466404248	284.89466579401653
322	74.76129075593745	23813.03017708198	11631.036114338489	73.59754360777738	281.1761027161117
323	71.52889143700469	23884.559068518978	11665.214478399586	73.57456947121314	280.8913222542153
324	71.55073123334917	23956.109799752314	11696.837533328568	73.52967468724947	279.72181455735216
325	73.77478271360579	24029.884582465926	11731.307347658956	73.52756212678297	280.3087436219175
326	73.87431471629577	24103.758897182244	11768.084829868625	73.5259131511873	279.5520273474089
327	73.13551317582835	24176.894410358058	11802.410981703284	73.52921472292802	279.0088556044668
328	74.00773085713614	24250.9021412152	11838.1780634917	73.53292857552789	281.2665776489006
329	75.38147544060382	24326.283616655786	11875.766854084048	73.53145364298528	279.96775306097754
330	74.34658868823266	24400.630205344012	11911.129439225933	73.53385560366482	279.2624241413131
331	74.9797847492623	24475.609990093297	11947.890582295466	73.54745936185839	278.47364414296527
332	73.74865469816288	24549.358644791457	11985.294462224918	73.55621460889024	283.48327037332444
333	72.5198991715183	24621.87854396297	12019.085642818609	73.55758368989848	284.19216514122365
334	73.63816475861385	24695.516708721585	12055.381720854135	73.57777154690186	283.6606610352861
335	71.44534041933326	24766.962049140926	12088.412411057247	73.54621785073294	286.05823305155076
336	71.30936486317165	24838.271414004084	12120.825221101122	73.53626732017656	287.3906315569426
337	73.39307767228951	24911.664491676387	12156.542631557537	73.53922659539606	288.56229066115696
338	71.51593370911205	24983.180425385497	12190.463781182543	73.50579567433844	289.03221693782467
339	72.83496716327953	25056.015392548765	12225.803766939936	73.4963933964598	288.7701718707953
340	74.10880250205601	25130.12419505083	12262.184098716409	73.52128758865253	290.9847487588168
341	72.88397127542073	25203.008166326246	12296.615973032784	73.51844569368704	291.86765984212667
342	75.09355252672131	25278.101718852977	12334.948566404812	73.54857946874804	294.5703155979302
343	74.17791861525329	25352.27963746822	12370.737801315354	73.56257934631265	297.0989399958189
344	72.89511449595003	25425.17475196417	12406.80599265312	73.54848259837728	298.1516819648504
345	70.75455840501895	25495.929310369203	12438.529305810876	73.53403694283128	296.44361179064924
346	73.42659736772507	25569.35590773693	12475.686323460373	73.5585877231908	299.8370297459196
347	71.33986814446077	25640.695775881377	12510.61328518932	73.52387850804752	302.8772930545303
348	74.49291663148709	25715.18869251286	12546.947428166755	73.51771086277861	303.6842829711596
349	76.44612798021348	25791.634820493084	12584.111007324145	73.55418357725105	304.6068757741661
350	72.51252399482809	25864.1473444879	12619.55644444325	73.53657698190197	305.1697874912763
351	73.17087561238549	25937.318220100304	12653.98438964483	73.52929679853078	306.7655826499375
352	75.02469023933992	26012.342910339637	12690.028163685587	73.52657181827634	309.3962970638139
353	74.81950435354074	26087.16241469317	12727.653265633107	73.55089319259437	308.3710270466912
354	72.2363497106318	26159.398764403802	12762.121325353986	73.53273499467414	308.5240408390951
355	73.95129921775624	26233.350063621565	12798.273090016843	73.5446673158245	308.29857906281717
356	74.83708001913037	26308.18714364069	12835.746677807796	73.52697190058346	310.7119477752443
357	76.70717775233989	26384.89432139304	12874.12223588453	73.54811041504664	315.1955110442156
358	73.81160997049936	26458.705931363533	12909.417039735852	73.56288751238345	316.4381062277842
359	78.1005075383781	26536.80643890191	12949.08482574737	73.62432659417595	316.01773316545354
360	73.55453171918988	26610.360970621095	12983.305144844668	73.6262101699943	313.0479551613377
361	73.87530615163634	26684.23627677273	13018.675327456589	73.61454953752983	313.29518741954564
362	72.4090436279888	26756.645320400716	13053.535478039941	73.61270641374132	315.24408475915425
363	76.0902326814913	26832.735553082228	13091.5891923599	73.63812538724615	311.9894591012001
364	71.8621114029757	26904.597664485198	13126.252568636131	73.61794916285561	313.0882567595115
365	74.6947671662121	26979.2924316514	13164.93790607853	73.58626987345745	311.9041959259719
366	73.28288607030301	27052.575317721716	13198.141066081522	73.58649614383951	312.2257213442194
367	72.931631319073	27125.506949040773	13232.906664852262	73.56072913043107	314.76075242463594
368	71.79832308203844	27197.305272122816	13267.056329503064	73.54534581854092	313.68100732587334
369	73.7222575797226	27271.02752970256	13302.6467270481	73.5513449800678	314.1926071735676
370	71.76012617487052	27342.787655877404	13335.504205413088	73.51674652400082	314.46456231764597
371	73.54818084689504	27416.33583672431	13371.311652363253	73.52263009004798	316.0447578440423
372	74.49751708128662	27490.833353805592	13406.033778093148	73.55004923311924	315.4460461240163
373	74.78924181020841	27565.622595615816	13442.26622875825	73.51808251308715	316.76982005445285
374	73.78782563312821	27639.410421248922	13477.140879242597	73.48492883992058	320.48290775752247
375	74.1241301941449	27713.534551443066	13512.252121907419	73.50549224159705	321.9764527661551
376	75.46597149964586	27789.000522942715	13548.946338531396	73.55594534470782	319.93537623165497
377	75.80694119407256	27864.807464136793	13586.573316621894	73.57868117567655	321.2913068382894
378	73.44800259606785	27938.25546673285	13621.850543931387	73.57106646166564	323.6438739019887
379	73.10551771196737	28011.360984444837	13658.24938164407	73.53825959071276	321.7657980873986
380	76.34818897642059	28087.70917342124	13695.073455562953	73.55822348861234	322.0857770178795
381	72.35120196408761	28160.060375385325	13730.652479980323	73.54819715293732	323.9474823821466
382	72.37919177325047	28232.439567158577	13764.858471643447	73.5516176778236	324.23406645230233
383	72.03510999335225	28304.474677151957	13800.605847159817	73.54823184669037	325.0947534131607
384	75.07078667141096	28379.545463823346	13837.385003908827	73.5569375613305	324.5298752560497
385	71.934426925105	28451.479890748455	13871.620183499075	73.54579778395527	324.8779525900759
386	73.48323826349814	28524.96312901196	13908.450254153126	73.56164205187619	325.5761104845852
387	71.59052591438554	28596.553654926345	13942.048281767566	73.50447037367512	324.22467750429
388	72.68701341787055	28669.240668344206	13978.139072303662	73.50021578101735	323.9580851023417
389	73.20729410337896	28742.447962447583	14012.594801349798	73.49909590627819	323.32804642938174
390	74.72031413087846	28817.168276578464	14048.548497121714	73.51728592151693	324.08968338384716
391	72.76464940980968	28889.932925988276	14083.822609208326	73.49330925586268	324.2790186741226
392	73.52548833445886	28963.458414322726	14121.877784280066	73.51190351532284	324.7623839040122
393	71.71366142776498	29035.17207575049	14156.382931675736	73.4724709580983	330.2819135924446
394	73.9007677979296	29109.072843548427	14191.732911604171	73.45058348272843	330.9585566907517
395	74.59558614482192	29183.66842969325	14227.67593733222	73.48921387581798	332.418301645433
396	71.82139088227478	29255.48982057553	14261.400962040017	73.47331411069403	332.3947724534465
397	76.98288427192826	29332.472704847456	14300.497236346006	73.4840359578408	335.3113031283416
398	73.92012174844518	29406.392826595893	14335.496291316016	73.49187074215045	333.745354639548
399	72.01169177505771	29478.404518370968	14370.853606235807	73.48723559401245	332.4698580527965
400	74.89523604364683	29553.299754414606	14409.431975963706	73.52558897324788	332.34983058723503
401	71.46064601635649	29624.760400430943	14443.202536394148	73.52117031473576	331.69905419168765
402	72.0476150250175	29696.808015455972	14477.18680298594	73.53220196112038	333.8834044745063
403	73.23974478476948	29770.047760240737	14511.756130057962	73.5156734667407	333.6296112998374
404	73.45543907121451	29843.503199311966	14547.328109774704	73.49837535795925	331.3909938499601
405	72.25506647053072	29915.758265782493	14583.260019343972	73.47914588648861	333.5641959120276
406	73.44271566359502	29989.200981446073	14617.87591918291	73.47469819225081	334.7519720277453
407	72.93799524200317	30062.138976688086	14653.48883567238	73.45168019769842	335.8134475736293
408	73.07774800839438	30135.21672469649	14687.454135272508	73.46584290746782	336.64320222694016
409	75.82549739820985	30211.04222209469	14726.04418610862	73.48925581249665	336.7913890904366
410	74.40821312893507	30285.450435223644	14761.708037409855	73.50714935856571	336.96707960382713
411	75.72611487918975	30361.176550102824	14798.585041457087	73.55291247671869	336.93346042335236
412	71.91063527135042	30433.087185374166	14832.5437383303	73.56336628246368	336.9722157115536
413	73.1056787079488	30506.192864082117	14869.663546672258	73.56675807528302	336.352244630011
414	74.43811368108717	30580.630977763198	14905.289044270285	73.55986594428917	335.1569064620459
415	76.97902939299748	30657.610007156207	14944.987538126477	73.6355901224283	336.52053303752626
416	75.98132543488968	30733.591332591095	14984.650978624588	73.69033301852751	339.04791354483757
417	73.78546806603548	30807.37680065713	15021.331935406095	73.66908945291054	342.7761472982017
418	75.50487722148642	30882.88167787862	15057.57035388366	73.68157554682118	345.9396764438186
419	72.86369750281584	30955.745375381437	15093.841511225037	73.69253441962634	344.2374904052248
420	72.3094108612324	31028.054786242676	15127.400367098262	73.6557153185726	346.66363751910507
421	72.86049468151592	31100.91528092418	15162.41203512934	73.62646394598143	345.24771125769
422	73.79635666146946	31174.71163758564	15200.236484534978	73.61681460503677	345.97974864642003
423	73.83316515466356	31248.544802740314	15233.927674389479	73.63985734221336	347.24607160614573
424	72.02514077005921	31320.569943510374	15269.0689202727	73.64460143758043	345.9604301050625
425	73.42035723166978	31393.99030074204	15302.558964897145	73.64105718276109	346.1996391640463
426	73.8058523698835	31467.796153111918	15338.587353615292	73.64037255929698	346.6277430742957
427	73.29938461779295	31541.09553772971	15373.054121960571	73.64201127371662	348.57178752647985
428	72.77085558471566	31613.866393314427	15406.50408029961	73.62964252099245	351.34200613326067
429	76.13408926758488	31690.000482582025	15444.092248512732	73.63716865926224	352.1550068922985
430	74.77876760511047	31764.779250187123	15481.317181852552	73.64149044843104	353.9412742025782
431	69.96822710947613	31834.747477296612	15511.681153996356	73.59137487203311	353.11406397755223
432	75.85636515764423	31910.603842454235	15551.480236137435	73.61245197662797	357.0059434005495
433	73.94382799227392	31984.547670446515	15587.733741301976	73.62669126483549	357.60405811443474
434	72.84360275288344	32057.3912731994	15623.126145871522	73.61874564477822	357.76743264727634
435	77.41226684698967	32134.8035400464	15662.826688403147	73.6784149090548	359.4617902071115
436	74.16816703788213	32208.97170708428	15700.600654177037	73.70700293080188	361.3004798487193
437	75.71360495839718	32284.68531204266	15738.256338311403	73.73020820366297	363.37148394877556
438	72.62888078017832	32357.314192822854	15773.157739593917	73.74133767437364	362.8533651979924
439	72.43417017194304	32429.748362994786	15806.23310313838	73.73732970446025	361.589209349865
440	74.30263675697168	32504.05099975178	15842.530415496321	73.7392680470094	362.2359243449649
441	74.75752411057002	32578.808523862343	15879.661280891409	73.75800357536089	360.2850267569323
442	73.75331990986732	32652.561843772204	15915.461238335316	73.74460124919237	361.42166706757763
443	72.21137600230921	32724.773219774506	15949.521935682986	73.7249358230629	362.127728096456
444	73.854814744213	32798.628034518726	15986.231485234159	73.73453282554557	362.3229420181059
445	74.1392304340564	32872.767264952774	16024.249958424307	73.76837954583591	364.4500237994628
446	73.82076462284202	32946.58802957563	16060.635099579275	73.77232121838709	367.12429711535236
447	76.18479965500279	33022.77282923063	16098.483410573062	73.82077053349254	370.00471429832777
448	75.80150939860643	33098.57433862924	16136.914931312567	73.83385646116366	371.07976998815917
449	75.07500768330691	33173.649346312544	16174.264601719227	73.82014525819463	371.29609203344677
450	72.58100878759707	33246.230355100124	16209.714059006621	73.82083010612232	371.2965137652172
451	71.28268417977309	33317.5130392799	16243.340877980432	73.80194819179621	371.0133308966172
452	70.87038911289699	33388.38342839281	16277.237878252852	73.76040518053175	371.159678848204
453	70.89249787906783	33459.275926271876	16310.562232251936	73.72113511578704	369.7344447557855
454	74.63203005538043	33533.90795632727	16346.782623101626	73.74509191923453	369.5264304328062
455	73.90292643198003	33607.81088275925	16383.25315913485	73.74460819137681	371.2954571997067
456	74.51747173559097	33682.32835449482	16417.783429339706	73.74141210854141	371.5162779086261
457	73.02067163952904	33755.34902613436	16453.38986515276	73.70454704741326	373.3946124762435
458	72.08662600690677	33827.435652141256	16487.077031502777	73.68729720777736	373.5868762310923
459	76.5003843753581	33903.936036516636	16526.638612173287	73.67129597614714	376.3108119640907
460	74.96417870810454	33978.900215224734	16562.153556535788	73.68539244603632	377.579669403028
461	72.98679459570616	34051.88700982043	16596.5877278649	73.67650733047697	377.1133421708703
462	73.23126420251896	34125.11827402294	16632.894373877356	73.68472953622228	377.2763393699328
463	72.36496787419779	34197.48324189713	16668.399862259437	73.64747688814936	378.92724649644543
464	73.23423395811865	34270.71747585527	16703.6894598207	73.6611981137008	379.0545535507681
465	72.86251723998095	34343.57999309524	16739.733650033773	73.64287561443847	380.03424707417986
466	74.7049591162013	34418.28495221145	16778.43650196463	73.65709634489747	380.6591676560825
467	73.9913845891371	34492.27633680059	16814.189452186096	73.6676938775981	380.85441223065885
468	74.5504137846264	34566.82675058522	16851.84945490039	73.69521478462397	383.0931082755879
469	69.93706983041332	34636.76382041561	16883.64471866785	73.65736290713086	383.9510619588099
470	75.28343857240327	34712.04725898804	16922.126034223198	73.69259603110622	380.4335263481953
471	72.2680049504062	34784.31526393844	16958.15810478658	73.67979427214134	381.9529337202812
472	74.02112722781952	34858.336391166245	16994.43816156768	73.67503037360665	380.7739115305725
473	74.59806260409634	34932.93445377035	17029.44813267571	73.67311858154551	381.132689066062
474	73.41642455238521	35006.35087832274	17065.640715320238	73.66940457073811	382.7149216290341
475	73.7598109510559	35080.110689273795	17100.652985170975	73.6657613783072	383.15240347605146
476	73.30304806368719	35153.41373733748	17137.67799228348	73.64413214394762	382.47454214881856
477	73.04600586361798	35226.45974320111	17174.614416286564	73.61652279064309	381.3492828648729
478	72.59614929260752	35299.055892493714	17208.833460585745	73.60800425760846	383.161276220794
479	73.79804014269304	35372.8539326364	17244.962380280533	73.61492948191571	385.01566397533946
480	73.09966526118237	35445.953597897584	17280.466218373167	73.58244424476335	383.8960844215311
481	73.47131298746564	35519.424910885056	17315.857075019096	73.59364535499711	383.3892110904312
482	71.45681224603061	35590.88172313108	17349.741615413117	73.58442155972493	384.2701806187881
483	75.98653591280396	35666.868259043884	17386.688568028898	73.62393581891943	385.9914669348588
484	74.49393469158426	35741.36219373546	17424.7229357873	73.61816729912115	384.40844099528226
485	73.532999205091	35814.89519294056	17460.80287973488	73.63415302192104	383.26415424998925
486	75.42079148970276	35890.315984430265	17499.461525808256	73.65352855418308	382.2500985857415
487	75.65853037296773	35965.97451480323	17536.885964475707	73.6942085987689	379.52531366399467
488	73.42408195384108	36039.39859675707	17573.59396000759	73.7015792841286	378.95680265689765
489	74.56206698608328	36113.96066374314	17611.901559375932	73.71512701295565	378.7802974966998
490	75.4037445014499	36189.36440824459	17649.942675718783	73.72196131666135	378.9332776902791
491	72.15408101490715	36261.51848925952	17684.59518961864	73.71585563271235	380.2723382548329
492	74.03450138799892	36335.552990647506	17719.79851790787	73.72094576324773	379.3978125940064
493	75.16245154636263	36410.71544219387	17756.21909860595	73.75543366443371	378.59604676505677
494	71.1764332476591	36481.89187544154	17789.95817041037	73.72819031893098	379.8640554354365
495	72.0346688285818	36553.92654427012	17823.49568857184	73.70258114576862	380.3035963883124
496	74.62957724830802	36628.55612151841	17861.149349468928	73.73066300942894	380.2687022313803
497	73.0800395335137	36701.636161051945	17897.602811100616	73.69163456204483	381.98098202736526
498	71.59117675825075	36773.22733781019	17932.022357027414	73.66834511214287	383.06504741889427
499	71.9566810067015	36845.18401881689	17964.769836422947	73.66779500445926	383.5519110740934
500	71.28863383218895	36916.47265264908	17999.10736400564	73.63172898234473	383.69106913640604
501	74.2079113566003	36990.68056400568	18035.07497670791	73.65920163574712	382.72345591496526
502	74.19503010537579	37064.87559411104	18071.27655462058	73.68067578655072	381.0862438892285
503	71.48296713436036	37136.35856124542	18104.294029112923	73.66310801004666	379.49893637622915
504	74.14102902988999	37210.49959027531	18140.647629689654	73.66996390963342	379.9940368710774
505	73.21516113093406	37283.71475140623	18174.342026664268	73.67956485623739	378.1922128124154
506	74.84241312579417	37358.55716453204	18211.36605267431	73.69356183085944	379.5675187939569
507	72.78887647557822	37431.34604100764	18247.134441825066	73.69207064319515	380.8784291561745
508	73.61752548761561	37504.963566495244	18283.230266694816	73.69746841798738	378.0428252964237
509	73.16512812250434	37578.12869461774	18317.575991744903	73.67086472523032	382.0274090535336
510	76.82004710411819	37654.94874172184	18355.702067731792	73.69498306498218	386.21479238292295
511	74.65764231767376	37729.60638403952	18392.257591441838	73.68429833936699	384.0935358945197
512	74.53698606001878	37804.14337009954	18427.865454905015	73.7105618472537	382.4322199955843
513	72.29546898956772	37876.4388390891	18462.662294080616	73.70245975006986	382.1500861137071
514	74.43985319112032	37950.87869228024	18500.017384287043	73.70247714517022	381.974985406478
515	74.30827504069008	38025.186967320915	18536.300055208416	73.67576960164713	381.50070907530954
516	77.66434989369765	38102.85131721462	18578.114568698842	73.69259984623521	383.4718286137656
517	73.13648735598674	38175.98780457062	18613.29938989625	73.68611003913473	384.4653406022985
518	75.85826820086581	38251.84607277148	18651.66189470537	73.68964394892852	381.92379365458487
519	73.16996410425537	38325.01603687571	18687.834099541644	73.6927066149429	382.9588728917877
520	72.88623814007515	38397.902275015804	18724.57274008167	73.6984748877314	384.9583818597189
521	72.55220550665507	38470.45448052245	18759.04521193677	73.69539199598276	386.2026226269384
522	72.65961805558278	38543.11409857805	18793.45051103743	73.68402460992392	386.8142659326563
523	73.05707537223886	38616.17117395027	18830.980700802138	73.67626371209961	387.54092159492757
524	75.92898263088436	38692.10015658117	18830.980700802138	73.67626371209961	388.4621352568793
