task	reward	total_reward	total_regret	relative	total_reward_dev	joules
0	48.533711557897206	48.533711557897206	1.204383120497151	0.0	13.364703622995735	48.533711557897206
1	72.0036454808525	120.5373570387497	25.22172678093257	0.0	15.481288441989147	72.0036454808525
2	59.89952214550875	180.43687918425846	35.456489631613856	0.0	20.216868772235692	59.89952214550875
3	60.6694407979655	241.1063199822239	46.9718029815386	0.0	24.73743183530716	60.6694407979655
4	59.69434261849827	300.80066260072215	60.23335741045099	0.0	28.593232325369403	59.69434261849827
5	60.29358143143254	361.0942440321549	70.94145744683543	0.0	31.274535435372307	60.29358143143254
6	58.60677467494696	419.70101870710175	81.19220490135079	0.0	35.77068239697577	58.60677467494696
7	56.337528440101586	476.03854714720296	88.07961172534898	0.0	38.95341198731211	56.337528440101586
8	55.813076232351925	531.8516233795552	96.04593457140756	0.0	39.67319354842592	55.813076232351925
9	58.331725400565	590.1833487801205	103.79180063409339	0.0	43.15340096413461	58.331725400565
10	58.22449663488623	648.4078454150061	111.56104462138337	0.0	46.04247622185871	58.22449663488623
11	55.1338316985009	703.5416771135071	117.54300455280229	0.0	49.188449001919835	55.1338316985009
12	53.23737268074299	756.7790497942501	123.23114675246065	0.0	54.039940560472864	53.23737268074299
13	51.73490453000698	808.513954324257	126.2207182567682	0.0	58.03256489669408	51.73490453000698
14	53.88523287738411	862.3991872016414	132.174002283478	0.0	65.36537145279179	53.88523287738411
15	53.4956085879308	915.8947957895718	136.2763852004513	0.0	68.18524375668387	53.4956085879308
16	52.93000592763282	968.8248017172049	143.0457560693814	0.0	70.17239825651214	52.93000592763282
17	53.78555335832815	1022.6103550755331	148.35548400315457	0.0	73.32531893496125	53.78555335832815
18	54.13866458927461	1076.7490196648075	153.82706476041633	0.0	74.16715739945724	54.13866458927461
19	52.480393565445354	1129.2294132302527	158.97977418801167	0.0	74.3164832683589	52.480393565445354
20	54.01162079327894	1183.241034023532	164.47863276367906	0.0	72.70076789544193	54.01162079327894
21	52.41620039219339	1235.6572344157257	167.91504917734025	0.0	76.11404421615487	52.41620039219339
22	52.81596361178764	1288.4731980275128	172.96276405952622	0.0	74.818987341616	52.81596361178764
23	53.76738875088856	1342.2405867784014	178.85704133420927	0.0	75.10761013794662	53.76738875088856
24	52.81367328384724	1395.054260062249	184.14495654938543	0.0	76.69428640131142	52.81367328384724
25	53.52237547382184	1448.5766355360706	188.42669825970526	0.0	78.09300685271693	53.52237547382184
26	52.1127610244051	1500.6893965604756	192.63800828359774	0.0	77.83616063754363	52.1127610244051
27	52.01140672253285	1552.7008032830092	195.71243333110752	0.0	79.964789990123	52.01140672253285
28	51.224953743748756	1603.9257570267575	198.43931658090816	0.0	82.07024855998662	51.224953743748756
29	51.79537584647242	1655.7211328732299	199.9493629001712	0.0	85.06735595169589	51.79537584647242
30	51.41801911179653	1707.1391519850272	204.5039441557688	0.0	88.37089264626938	51.41801911179653
31	50.663135133196235	1757.8022871182218	205.33264725366004	0.0	89.98991256417573	50.663135133196235
32	51.242124436693075	1809.0444115549149	207.19609456345577	0.0	90.51858955370106	51.242124436693075
33	51.69504277228214	1860.739454327198	210.14758262595123	0.0	89.78540331579448	51.69504277228214
34	50.46172771901509	1911.2011820462128	210.77375991155589	0.0	89.78392756745538	50.46172771901509
35	51.27137373968084	1962.4725557858937	211.94956221269086	0.0	89.7236054233775	51.27137373968084
36	50.70713830295881	2013.1796940888519	216.7979112075947	0.0	92.47767099199363	50.70713830295881
37	52.10777447782153	2065.2874685666743	220.94501797236046	0.0	93.69065382524936	52.10777447782153
38	49.772071440176525	2115.0595400068505	222.20112774387744	0.0	93.19025916815173	49.772071440176525
39	50.74712056245302	2165.806660569304	224.9891049693667	0.0	94.64093112495163	50.74712056245302
40	49.20585848443232	2215.012519053736	224.160958497927	0.0	95.5253879201685	49.20585848443232
41	50.61467261145248	2265.627191665189	227.38727844245597	0.0	94.61506909633721	50.61467261145248
42	49.03195635181421	2314.6591480170036	226.57506048311927	0.0	94.8481615985181	49.03195635181421
43	50.98209589378441	2365.641243910787	227.9642878653494	0.0	96.96474339028363	50.98209589378441
44	52.7045052879719	2418.3457491987588	231.07025337917233	0.0	100.42102691129944	52.7045052879719
45	50.981362426266976	2469.3271116250266	233.38431998165083	0.0	101.80989348627931	50.981362426266976
46	50.383244662981184	2519.710356288007	236.03854342153252	0.0	102.58324479880864	50.383244662981184
47	50.192670073728415	2569.9030263617333	238.3711890506315	0.0	103.09354809312934	50.192670073728415
48	50.27415223370428	2620.1771785954397	241.24084136658155	0.0	103.0577345385095	50.27415223370428
49	50.410415877173946	2670.5875944726135	241.7908945736659	0.0	101.13142568248364	50.410415877173946
50	51.250197466661675	2721.837791939275	241.4611738813458	0.0	103.2535436504013	51.250197466661675
51	51.29334048945264	2773.131132428729	241.92064488543616	0.0	103.01726437948733	51.29334048945264
52	52.121270525564505	2825.2524029542915	245.8177884964112	0.0	105.16563923719097	52.121270525564505
53	51.88583746788238	2877.138240422175	250.26435465956646	0.0	107.68703203402195	51.88583746788238
54	49.12685165944704	2926.265092081623	249.27305414716648	0.0	107.35036014124844	49.12685165944704
55	51.96786690473716	2978.2329589863593	254.06453471759644	0.0	109.06166191843356	51.96786690473716
56	51.16487891696384	3029.3978379033238	257.05747727706995	0.0	110.74984328099578	51.16487891696384
57	48.36417627524595	3077.7620141785683	256.8768660696507	0.0	112.96798242815962	48.36417627524595
58	49.54279910085291	3127.3048132794224	260.45949929952735	0.0	113.55680994273503	49.54279910085291
59	52.67297885095196	3179.977792130374	265.25878153403505	0.0	111.82765579427834	52.67297885095196
60	50.24899314747041	3230.226785277844	267.29255178857125	0.0	111.10139936288245	50.24899314747041
61	51.669672452076995	3281.89645772992	265.0178832295817	0.0	111.40943473910782	51.669672452076995
62	48.90124355682072	3330.7977012867427	265.2027847793537	0.0	110.35249639287294	48.90124355682072
63	49.13317882229318	3379.9308801090347	266.447643353058	0.0	112.09653120951968	49.13317882229318
64	49.53615992633961	3429.467040035375	267.0296781760077	0.0	115.01427073603006	49.53615992633961
65	49.87499571816852	3479.342035753543	268.46531653360375	0.0	117.39767779950027	49.87499571816852
66	48.24466578443239	3527.5867015379768	267.9089565382479	0.0	119.98316840633701	48.24466578443239
67	51.15807618444553	3578.744777722421	270.2670953146024	0.0	121.45477230915314	51.15807618444553
68	49.77620044239032	3628.5209781648095	273.3271879967738	0.0	124.34228272584538	49.77620044239032
69	50.784365823333	3679.305343988144	277.97784423078537	0.0	123.5582997890335	50.784365823333
70	47.42068749072018	3726.726031478865	276.72334734908713	0.0	126.22314183929888	47.42068749072018
71	51.36733879462845	3778.0933702734924	277.5359497347139	0.0	127.38643159132705	51.36733879462845
72	47.23509937316974	3825.328469646664	277.1234169818048	0.0	128.79460799801288	47.23509937316974
73	52.63629431222817	3877.964763958893	281.45412701053925	0.0	129.56234792092425	52.63629431222817
74	50.938806992645794	3928.9035709515365	284.93792023209284	0.0	130.13956977752565	50.938806992645794
75	48.76695658463019	3977.670527536166	285.19083409910877	0.0	131.03390295988893	48.76695658463019
76	48.96168608430727	4026.6322136204726	285.24303243712325	0.0	129.33795191904258	48.96168608430727
77	50.28559783079865	4076.9178114512715	285.80604083098564	0.0	131.89243496386786	50.28559783079865
78	52.01845266952714	4128.936264120802	287.3335026914659	0.0	132.3009010338614	52.01845266952714
79	48.80693998878805	4177.743204109589	287.3729349670942	0.0	134.03751559564304	48.80693998878805
80	49.15953720105563	4226.902741310644	285.3549548301945	0.0	134.322811653071	49.15953720105563
81	46.88081006535526	4273.783551375999	284.8478668878061	0.0	134.2747475749518	46.88081006535526
82	48.94260551837222	4322.726156894372	284.17152585624046	0.0	134.11243226280686	48.94260551837222
83	49.87565313143152	4372.6018100258025	284.3899584749293	0.0	133.54890053786113	49.87565313143152
84	51.31379148343916	4423.915601509241	285.65818649362717	0.0	135.67144139965433	51.31379148343916
85	47.34656233293633	4471.262163842179	284.8582323757585	0.0	136.2709521567198	47.34656233293633
86	50.08503825707978	4521.347202099259	286.11207397398186	0.0	139.34878148730064	50.08503825707978
87	51.23123149049287	4572.578433589751	287.2386226776229	0.0	141.35726272587974	51.23123149049287
88	46.43184017078423	4619.010273760536	284.63921921923816	0.0	142.94056952512597	46.43184017078423
89	48.81817511455916	4667.828448875093	286.18268716082986	0.0	142.04397586639905	48.81817511455916
90	50.42477660413573	4718.253225479231	289.585612430699	0.0	141.50253918718687	50.42477660413573
91	48.21517215747863	4766.46839763671	289.1760358154235	0.0	142.61922928411866	48.21517215747863
92	49.83685955677873	4816.305257193488	288.4279921836205	0.0	145.05970513233936	49.83685955677873
93	49.26639956985005	4865.571656763339	289.14704351322945	0.0	145.14353971361191	49.26639956985005
94	49.955842430023615	4915.52749919336	287.7025599649636	0.0	145.80288624867694	49.955842430023615
95	48.75171111015848	4964.27921030352	286.85857176818445	0.0	146.12458958580538	48.75171111015848
96	49.91206110746953	5014.1912714109885	285.51416710957585	0.0	147.36983149631735	49.91206110746953
97	50.508897469943946	5064.700168880936	283.74753350119414	0.0	146.72531833932678	50.508897469943946
98	48.58593966263007	5113.2861085435625	283.52176191592827	0.0	146.8982832484441	48.58593966263007
99	50.766107873817425	5164.052216417381	287.05391132955293	0.0	146.65592224089147	50.766107873817425
100	48.12629440723397	5212.178510824613	285.5190903586756	0.0	148.61193875794925	48.12629440723397
101	52.22812526014831	5264.406636084764	288.73923086832195	0.0	151.1031328674685	52.22812526014831
102	46.90797453700362	5311.314610621767	287.4704253701138	0.0	151.93480844589317	46.90797453700362
103	48.660658789301415	5359.975269411067	287.65909461260895	0.0	152.24101203614597	48.660658789301415
104	50.459487420973616	5410.43475683204	285.73360851334166	0.0	152.60830826560215	50.459487420973616
105	50.41050204714139	5460.8452588791815	284.9225159119182	0.0	152.16901588950378	50.41050204714139
106	49.17731665886785	5510.02257553805	285.2416628937805	0.0	151.76825939010357	49.17731665886785
107	50.6443583414465	5560.666933879497	287.2740447772041	0.0	150.71860049072234	50.6443583414465
108	50.72697281768625	5611.393906697183	289.63711064457027	0.0	151.87887790501878	50.72697281768625
109	50.76247742173797	5662.1563841189245	292.8477681529016	0.0	152.69681298418757	50.76247742173797
110	48.21368086063451	5710.370064979557	291.6595645452456	0.0	154.0185998612509	48.21368086063451
111	50.0440481919958	5760.414113171551	293.00498566538647	0.0	157.71246927857894	50.0440481919958
112	48.71667558109334	5809.130788752642	295.04638013056007	0.0	157.64094057630848	48.71667558109334
113	48.61565796539376	5857.746446718042	294.022030437574	0.0	156.86668026087725	48.61565796539376
114	50.07045816931652	5907.816904887356	293.49620618667507	0.0	155.84790959199034	50.07045816931652
115	50.12941059734177	5957.9463154847	296.0114485076971	0.0	155.94379403700623	50.12941059734177
116	48.98688766143345	6006.933203146129	296.4343732415185	0.0	157.88885095647427	48.98688766143345
117	49.71332356993104	6056.646526716062	297.6551780984361	0.0	158.15086262527694	49.71332356993104
118	48.651778286797146	6105.298305002855	298.34776008536437	0.0	156.74694946827714	48.651778286797146
119	48.41755986514365	6153.715864867998	298.0126741183278	0.0	157.38971917799918	48.41755986514365
120	49.400081614618166	6203.115946482619	300.61449134092186	0.0	158.4301677095596	49.400081614618166
121	48.239772884422784	6251.355719367042	298.44868734933465	0.0	160.23897447589127	48.239772884422784
122	49.22541958240656	6300.581138949452	297.7831039284982	0.0	161.76000790105113	49.22541958240656
123	48.99959327492855	6349.580732224379	296.8626758413771	0.0	165.36015657243217	48.99959327492855
124	51.12393139890546	6400.704663623282	298.9630450995947	0.0	162.62969326385206	51.12393139890546
125	49.21883028715476	6449.923493910438	299.8051277606516	0.0	163.1791288871011	49.21883028715476
126	48.888311910859684	6498.811805821294	301.264418713059	0.0	164.51214803973446	48.888311910859684
127	48.01928888847227	6546.831094709771	298.80301835847075	0.0	165.45917713199137	48.01928888847227
128	50.92205626956579	6597.753150979335	298.5669308309072	0.0	169.21462576321028	50.92205626956579
129	50.605002313951644	6648.358153293287	298.62857021605834	0.0	168.91250175774246	50.605002313951644
130	50.75788542449949	6699.116038717787	301.69133194006196	0.0	171.04437593914807	50.75788542449949
131	48.36972946252522	6747.485768180314	300.31299105467855	0.0	170.91764803913668	48.36972946252522
132	50.6376861976868	6798.123454377998	300.39117009260656	0.0	171.67807069638104	50.6376861976868
133	48.545015340538605	6846.668469718538	300.02529521637285	0.0	173.91603999392655	48.545015340538605
134	48.67914629354801	6895.347616012089	300.2773498361485	0.0	173.38146503945094	48.67914629354801
135	46.76229740308105	6942.109913415166	297.72805518213244	0.0	174.07878455349834	46.76229740308105
136	48.12686449967263	6990.236777914843	298.03633112390725	0.0	174.62591110955032	48.12686449967263
137	47.11380035350225	7037.3505782683405	297.9633993274992	0.0	175.18183671684682	47.11380035350225
138	47.47564195344659	7084.826220221781	298.0043614833181	0.0	175.75812675273065	47.47564195344659
139	51.47479595288695	7136.30101617467	299.65343585258097	0.0	174.71950120980568	51.47479595288695
140	50.51777097383252	7186.818787148508	302.5854889275426	0.0	174.60961964043358	50.51777097383252
141	49.07043317412186	7235.889220322625	303.43518537047913	0.0	175.90980779522943	49.07043317412186
142	50.226223055122944	7286.115443377759	302.9756299677123	0.0	176.78786896239828	50.226223055122944
143	47.61577516740406	7333.731218545157	302.3214590589051	0.0	180.1250912397894	47.61577516740406
144	51.18384202499079	7384.915060570147	304.63219594316644	0.0	181.87585104957478	51.18384202499079
145	51.01029941468967	7435.925359984834	304.8665211786774	0.0	183.39517073805902	51.01029941468967
146	48.48842084307891	7484.413780827919	306.7322368181572	0.0	186.01334145479782	48.48842084307891
147	49.29266852468576	7533.706449352604	307.72349244223517	0.0	186.39029305117995	49.29266852468576
148	49.81412493210122	7583.520574284702	308.2565606984802	0.0	189.48589903796582	49.81412493210122
149	48.64431677054436	7632.164891055243	310.0297851162876	0.0	190.22345169934468	48.64431677054436
150	52.344042154095106	7684.508933209339	317.1450046161093	0.0	189.33226819277013	52.344042154095106
151	50.519041776695396	7735.027974986036	318.83863390128533	0.0	187.84073046838546	50.519041776695396
152	47.798912251772045	7782.826887237806	316.2135927000424	0.0	187.91566735951136	47.798912251772045
153	51.668134063925955	7834.495021301735	319.2514578258267	0.0	186.88319889598358	51.668134063925955
154	47.71040222802068	7882.205423529757	317.2844868549028	0.0	188.17841100036506	47.71040222802068
155	49.44923338324968	7931.654656913006	317.332862939158	0.0	186.74914253339574	49.44923338324968
156	47.89721021143233	7979.551867124439	316.1898505296665	0.0	187.32911959402134	47.89721021143233
157	46.659432643405644	8026.211299767843	312.79018604810693	0.0	185.85503792271177	46.659432643405644
158	50.31117775230408	8076.522477520146	312.36114375090494	0.0	186.71627414098788	50.31117775230408
159	48.09968773682596	8124.622165256968	311.1815783243925	0.0	187.6749517766816	48.09968773682596
160	47.76822745816236	8172.390392715138	312.21714167865287	0.0	186.16409292689707	47.76822745816236
161	49.51539225529547	8221.905784970431	312.62925317805747	0.0	185.9917722468134	49.51539225529547
162	51.068866091656176	8272.974651062086	311.12105230403705	0.0	187.16014496755966	51.068866091656176
163	50.57371465898532	8323.548365721077	312.0477044205874	0.0	188.47316261277575	50.57371465898532
164	49.531850738604675	8373.080216459677	312.45499039246624	0.0	188.36870384964834	49.531850738604675
165	49.17086058835096	8422.251077048033	313.36588894195853	0.0	187.02279006871515	49.17086058835096
166	48.712162989566174	8470.963240037596	312.6980366856801	0.0	189.67421691652245	48.712162989566174
167	52.94121849631667	8523.904458533914	317.49560074758864	0.0	188.8086586030653	52.94121849631667
168	47.96456359738892	8571.8690221313	318.468707561147	0.0	187.65081009310302	47.96456359738892
169	48.702006574238595	8620.571028705535	319.3860065456619	0.0	187.11017462219164	48.702006574238595
170	47.33113305436889	8667.902161759908	319.81187911127085	0.0	188.320038438359	47.33113305436889
171	48.38311089370949	8716.285272653618	319.41211131576244	0.0	189.08292086751993	48.38311089370949
172	48.238275012585845	8764.523547666204	317.4697855200159	0.0	190.86007906442757	48.238275012585845
173	48.705168718522025	8813.228716384729	318.5199986255944	0.0	191.79858364569083	48.705168718522025
174	47.57804901092609	8860.806765395651	317.4874598662233	0.0	189.6430503021394	47.57804901092609
175	51.653095326766554	8912.45986072242	320.38908259530274	0.0	190.59402566533248	51.653095326766554
176	50.15505669762799	8962.614917420047	323.8322189840661	0.0	189.79326357998644	50.15505669762799
177	48.02838702155871	9010.643304441603	323.10406030482375	0.0	189.92781190863667	48.02838702155871
178	50.492995863088964	9061.136300304692	323.5278154272622	0.0	188.15266974619976	50.492995863088964
179	49.975967955927764	9111.11226826062	326.67375925930844	0.0	188.9668519305135	49.975967955927764
180	48.809969819128845	9159.922238079751	326.33899558317836	0.0	187.72233460005864	48.809969819128845
181	48.74922644487784	9208.671464524628	325.60466667020427	0.0	188.34806304518386	48.74922644487784
182	50.88394482071776	9259.555409345347	328.2532587152923	0.0	188.9106469420481	50.88394482071776
183	48.78176815031179	9308.337177495658	329.42035316683524	0.0	192.04631004229347	48.78176815031179
184	49.5802782142717	9357.917455709932	331.34981807619596	0.0	192.81077082029802	49.5802782142717
185	51.7436464149169	9409.661102124848	334.0727489761975	0.0	190.84328108685045	51.7436464149169
186	46.11156669245179	9455.772668817297	330.8120526455107	0.0	189.79106938233215	46.11156669245179
187	48.921486681614994	9504.694155498913	330.9615255686414	0.0	188.3788187701572	48.921486681614994
188	49.72852479768871	9554.422680296602	331.9451209651133	0.0	187.33357103664764	49.72852479768871
189	50.49261366112419	9604.915293957727	336.4191420885659	0.0	185.70252508769528	50.49261366112419
190	49.660316871875956	9654.575610829606	337.74981776870317	0.0	187.84806672787997	49.660316871875956
191	50.07049251721057	9704.646103346811	339.26631239827475	0.0	188.7130480024562	50.07049251721057
192	45.16894153343687	9749.81504488025	336.897601570855	0.0	190.10013875076626	45.16894153343687
193	46.38711330995476	9796.202158190206	335.58306477637626	0.0	191.8366673715204	46.38711330995476
194	49.369670525407294	9845.571828715609	335.79755856959457	0.0	189.68088050786662	49.369670525407294
195	46.79995294318825	9892.3717816588	333.7125902101471	0.0	188.67806557481487	46.79995294318825
196	48.06251798209497	9940.434299640896	332.1710108679027	0.0	188.30104637557108	48.06251798209497
197	49.32805826837183	9989.762357909265	333.0669497511637	0.0	188.7242217620989	49.32805826837183
198	51.33280561811138	10041.095163527376	335.6017525466976	0.0	190.93325073393564	51.33280561811138
199	49.749917937741394	10090.845081465119	333.99508242767604	0.0	189.3590217437361	49.749917937741394
200	49.41601858869508	10140.261100053815	335.9248997628494	0.0	192.5867228216388	49.41601858869508
201	49.98334170122187	10190.244441755036	336.85659693856013	0.0	192.7129027528085	49.98334170122187
202	50.369836736853564	10240.614278491892	337.477231174076	0.0	193.0279153590635	50.369836736853564
203	47.632863978182826	10288.24714247007	335.7229598367739	0.0	193.6481133396384	47.632863978182826
204	50.47888830306017	10338.726030773132	337.1503987455506	0.0	194.02917138545354	50.47888830306017
205	50.26181208754669	10388.987842860679	339.1381803060318	0.0	193.35004238453234	50.26181208754669
206	49.88911275276403	10438.876955613443	337.9059615203971	0.0	195.2148339462325	49.88911275276403
207	49.36489383614067	10488.241849449581	336.97651444381665	0.0	196.65285259040414	49.36489383614067
208	50.11591918052427	10538.35776863011	339.75409206300884	0.0	198.8625219493125	50.11591918052427
209	48.23353034110605	10586.591298971216	341.7007433902812	0.0	199.34984102101058	48.23353034110605
210	50.498440623202484	10637.089739594416	345.3959521730765	0.0	197.9741298154527	50.498440623202484
211	48.91635455468353	10686.0060941491	346.60316830699026	0.0	195.75134140534522	48.91635455468353
212	51.00082171480146	10737.006915863902	348.09408854574997	0.0	194.52632089337138	51.00082171480146
213	46.48686870910619	10783.493784573004	345.93459734829133	0.0	193.01967138879226	46.48686870910619
214	48.19024719834155	10831.684031771345	345.9620529145559	0.0	193.31217124945962	48.19024719834155
215	48.01211815885764	10879.696149930209	345.8784864659529	0.0	192.90731747254955	48.01211815885764
216	49.921851096013576	10929.618001026218	345.71250845446457	0.0	193.19947379926901	49.921851096013576
217	48.64309844375067	10978.261099469972	343.9878707834635	0.0	192.26042212104286	48.64309844375067
218	51.796931117738666	11030.058030587707	346.36871881039275	0.0	193.05766035325803	51.796931117738666
219	50.73715638037596	11080.795186968087	348.22293849296375	0.0	193.98443383839768	50.73715638037596
220	50.32519397674646	11131.12038094483	350.0466982918081	0.0	192.59129979865307	50.32519397674646
221	48.96271856136254	11180.083099506195	351.6726440134069	0.0	193.96654352293177	48.96271856136254
222	47.51980865851916	11227.602908164714	351.7200828253585	0.0	194.75563336231448	47.51980865851916
223	51.03780629424366	11278.640714458958	352.3588613943855	0.0	197.67880554201145	51.03780629424366
224	49.58448553603921	11328.225199995002	354.26881440335933	0.0	195.4833252708199	49.58448553603921
225	47.747286376517586	11375.972486371516	353.0048547211768	0.0	198.39570994447973	47.747286376517586
226	48.29491487825329	11424.26740124977	351.38341012393175	0.0	199.40646798173142	48.29491487825329
227	49.7503082841091	11474.01770953388	353.4736917350547	0.0	198.03659454496827	49.7503082841091
228	47.53733365049952	11521.555043184379	351.7513357171447	0.0	196.3456473709789	47.53733365049952
229	48.66491226347303	11570.219955447847	350.7835092192665	0.0	195.5133320821436	48.66491226347303
230	49.36521298410509	11619.585168431951	350.9204140093311	0.0	196.41568278555204	49.36521298410509
231	46.52813585036763	11666.113304282322	348.80456309741186	0.0	196.94423918318643	46.52813585036763
232	50.401670231772385	11716.514974514097	349.27363754732994	0.0	195.7568451725324	50.401670231772385
233	49.407263330860204	11765.922237844956	348.99310189455895	0.0	197.39983896679274	49.407263330860204
234	49.20723501810537	11815.129472863067	349.13429182597554	0.0	195.96430982207875	49.20723501810537
235	48.65615186933804	11863.785624732396	349.329318571892	0.0	198.00912294687177	48.65615186933804
236	50.483744224558905	11914.269368956964	351.9827755150113	0.0	200.3068040513649	50.483744224558905
237	48.49361332365474	11962.762982280607	351.53782063032565	0.0	199.78024867426336	48.49361332365474
238	47.06582432070065	12009.828806601306	349.54862638014777	0.0	199.34772718799837	47.06582432070065
239	49.72604785523859	12059.554854456552	350.2880263148152	0.0	199.9783460995561	49.72604785523859
240	48.78096337534871	12108.335817831901	349.93556357609066	0.0	199.0925040502043	48.78096337534871
241	47.58516031264908	12155.920978144553	350.8490691163903	0.0	197.93057959818967	47.58516031264908
242	50.0786285527108	12205.999606697262	352.07165296130677	0.0	197.68647278108992	50.0786285527108
243	49.125655021511506	12255.125261718771	352.412110680483	0.0	197.95497863745675	49.125655021511506
244	50.986888943672035	12306.112150662444	355.65851753945617	0.0	199.37658680986635	50.986888943672035
245	50.09709764729674	12356.20924830974	356.3898858299597	0.0	198.88845097901105	50.09709764729674
246	50.86484693442432	12407.074095244163	359.23019396321934	0.0	197.61175114813875	50.86484693442432
247	47.41007740418004	12454.484172648343	359.13048738499214	0.0	198.9593648639626	47.41007740418004
248	50.95058922194928	12505.434761870294	361.4221234341813	0.0	198.87009993527641	50.95058922194928
249	48.96658156751504	12554.401343437808	361.40286411607144	0.0	198.83346673958533	48.96658156751504
250	47.82134005041952	12602.222683488233	359.8430489466133	0.0	201.107275965483	47.82134005041952
251	49.17134356015272	12651.394027048374	362.3018815708467	0.0	201.11882840469315	49.17134356015272
252	48.11142902879428	12699.505456077173	361.71752390242057	0.0	203.34263418474163	48.11142902879428
253	49.69190757814954	12749.197363655325	359.96429752509414	0.0	204.67611692228786	49.69190757814954
254	47.046787867385135	12796.244151522715	355.51157148071684	0.0	204.82722002791138	47.046787867385135
255	50.54174623643078	12846.785897759146	356.85992830734244	0.0	204.89541654953644	50.54174623643078
256	49.56573035949143	12896.351628118633	357.4365240866573	0.0	205.96437131588468	49.56573035949143
257	48.95199650892871	12945.303624627564	359.1895385050162	0.0	209.22902005171423	48.95199650892871
258	48.96150680888351	12994.265131436445	357.58603121314627	0.0	210.48660790027128	48.96150680888351
259	48.23874081055774	13042.50387224701	356.0966777510373	0.0	211.369243083023	48.23874081055774
260	48.99647791326768	13091.500350160266	353.8807157956478	0.0	211.01104228850514	48.99647791326768
261	48.24170959348843	13139.742059753758	353.66545599683946	0.0	212.7210760964462	48.24170959348843
262	49.918838427730115	13189.660898181488	354.2830672292298	0.0	211.32546911470695	49.918838427730115
263	50.74799674539908	13240.408894926883	358.3804736434239	0.0	212.39331583844077	50.74799674539908
264	49.89022274066132	13290.299117667548	362.6948627511613	0.0	212.23140328049456	49.89022274066132
265	48.96352624078782	13339.262643908341	363.18590232044846	0.0	210.74844158220097	48.96352624078782
266	48.01030393772076	13387.27294784606	361.89670770097314	0.0	211.26324806493784	48.01030393772076
267	48.80116729429935	13436.074115140356	360.840068001602	0.0	211.68740464225954	48.80116729429935
268	48.67441963607072	13484.74853477643	362.63283356321955	0.0	213.024362337765	48.67441963607072
269	50.04009768726533	13534.788632463698	361.9545000693081	0.0	214.71060297071486	50.04009768726533
270	48.125407638510794	13582.914040102201	362.60948851943726	0.0	217.55231097877444	48.125407638510794
271	50.840535850787184	13633.75457595299	364.86467425676744	0.0	215.66547863160633	50.840535850787184
272	49.634815636772416	13683.389391589757	364.25916377788514	0.0	213.54215736112695	49.634815636772416
273	49.80045136059609	13733.18984295036	366.1450752337893	0.0	213.4580668009813	49.80045136059609
274	47.1536601940388	13780.343503144393	364.675257228379	0.0	213.86421788470753	47.1536601940388
275	49.17061627056822	13829.51411941497	363.4468269674061	0.0	215.02542182368708	49.17061627056822
276	47.49243822998159	13877.006557644943	361.52886147630977	0.0	212.86500305307518	47.49243822998159
277	50.008702025639934	13927.015259670583	364.42229693969625	0.0	214.12332806133145	50.008702025639934
278	48.330771230545224	13975.346030901135	363.8450361893486	0.0	215.26223648424516	48.330771230545224
279	49.502484826854676	14024.848515727996	363.06078559401436	0.0	218.84588430116642	49.502484826854676
280	48.433469122010976	14073.281984850006	362.4976586357319	0.0	217.61915099946515	48.433469122010976
281	48.966482026173395	14122.248466876175	362.9956774003955	0.0	216.91104828936898	48.966482026173395
282	50.077770979429026	14172.326237855605	363.6663076752627	0.0	214.06020360707404	50.077770979429026
283	46.63316606621234	14218.959403921815	360.07002165492156	0.0	215.07515978594535	46.63316606621234
284	48.14043268146849	14267.099836603284	358.4307954620942	0.0	216.36810740249913	48.14043268146849
285	49.920483647275766	14317.020320250564	356.65535198167663	0.0	218.44723039740026	49.920483647275766
286	48.81691109478613	14365.837231345344	357.83043193539356	0.0	218.27083132800573	48.81691109478613
287	48.916166703054515	14414.7533980484	356.11895484585415	0.0	219.4778594784021	48.916166703054515
288	51.48282669004425	14466.236224738448	358.9081959096374	0.0	220.14986251669146	51.48282669004425
289	52.08100243265886	14518.317227171105	361.921533304231	0.0	220.32850282017083	52.08100243265886
290	50.04410621314892	14568.361333384251	362.79074235096357	0.0	220.72391433391286	50.04410621314892
291	49.20487686895896	14617.566210253208	363.0224016671448	0.0	220.8120325046868	49.20487686895896
292	50.70369216783601	14668.26990242105	363.47205743002183	0.0	221.2415435486063	50.70369216783601
293	49.661188366115674	14717.931090787162	364.7048388159091	0.0	222.87745994999867	49.661188366115674
294	47.61724212924726	14765.548332916414	361.6167109121595	0.0	224.812651720576	47.61724212924726
295	48.24589905772074	14813.79423197413	360.97177588682405	0.0	225.0247011967071	48.24589905772074
296	51.31724000451154	14865.111471978638	364.3985620085706	0.0	224.34215369163664	51.31724000451154
297	49.703759339356665	14914.815231317998	366.60768660672437	0.0	225.3396827082432	49.703759339356665
298	50.33151008420925	14965.146741402214	367.98273505327074	0.0	226.98479984028845	50.33151008420925
299	49.77179610440075	15014.918537506615	368.7300548420072	0.0	227.65789869970325	49.77179610440075
300	47.79429640720622	15062.71283391381	369.33974639743144	0.0	227.75056284547333	47.79429640720622
301	48.517308674147415	15111.230142587965	370.26302169437884	0.0	227.5922678148822	48.517308674147415
302	49.49310475466063	15160.723247342621	370.1395352313827	0.0	227.6583181749663	49.49310475466063
303	49.797892157254765	15210.521139499879	368.126937273574	0.0	230.8311365965989	49.797892157254765
304	46.56574963749265	15257.086889137372	365.4766722609244	0.0	230.01331705647516	46.56574963749265
305	49.46756580185618	15306.55445493923	366.5732351380137	0.0	229.29565502742005	49.46756580185618
306	47.57994731831279	15354.134402257532	365.4181857153232	0.0	229.5630360149647	47.57994731831279
307	48.88808803754771	15403.022490295083	363.63194632323365	0.0	229.69944991377554	48.88808803754771
308	48.28109418865373	15451.303584483741	362.7350368478687	0.0	231.10142264799347	48.28109418865373
309	48.07515039714284	15499.378734880884	362.73112583491746	0.0	230.33429974463303	48.07515039714284
310	49.08603054171932	15548.46476542261	363.0610182795181	0.0	229.22566505134432	49.08603054171932
311	46.040095682879524	15594.504861105484	359.12599044853306	0.0	229.59877816623256	46.040095682879524
312	49.66397742501683	15644.16883853049	361.26573280167855	0.0	228.09291614059822	49.66397742501683
313	47.305544167971696	15691.474382698472	361.01497260993597	0.0	228.60285194458564	47.305544167971696
314	48.781708750614285	15740.256091449071	362.2788774193774	0.0	228.06335565032614	48.781708750614285
315	50.60634535276196	15790.862436801852	364.84279364279735	0.0	228.70589710410366	50.60634535276196
316	49.93718408997088	15840.799620891816	364.5146943601709	0.0	230.00965519193227	49.93718408997088
317	48.52602978641019	15889.325650678222	366.4394323513098	0.0	229.82912366516558	48.52602978641019
318	47.781591134411	15937.107241812646	364.0313144502441	0.0	233.70196557686077	47.781591134411
319	48.837662545689575	15985.944904358326	366.79567122906474	0.0	235.94042231622757	48.837662545689575
320	49.279123530568114	16035.224027888898	368.09101529379217	0.0	234.31767160506993	49.279123530568114
321	48.36983813751762	16083.59386602641	366.3206810490881	0.0	232.14015858856274	48.36983813751762
322	48.95127790578433	16132.545143932206	367.8031784183375	0.0	231.2693305386926	48.95127790578433
323	49.54663916356989	16182.091783095764	369.202364204639	0.0	229.6757569883181	49.54663916356989
324	48.31909388930691	16230.410876985085	369.25303230252985	0.0	229.28081843388074	48.31909388930691
325	50.33193148520584	16280.742808470284	371.48518414474376	0.0	232.08254870540713	50.33193148520584
326	49.68030239380735	16330.423110864083	372.42502998092726	0.0	232.72046321125063	49.68030239380735
327	47.493103563155444	16377.916214427247	369.96690677217214	0.0	235.0323635495575	47.493103563155444
328	47.107897752452864	16425.024112179697	369.3768217973413	0.0	236.0518711166823	47.107897752452864
329	51.826096974603495	16476.8502091543	371.64310202361213	0.0	237.95003749508194	51.826096974603495
330	50.48736819058982	16527.337577344893	374.68997463492195	0.0	239.28021214264982	50.48736819058982
331	49.164201987975154	16576.50177933287	376.7677597476337	0.0	237.06447819998198	49.164201987975154
332	48.86754328366723	16625.369322616527	376.5269127799622	0.0	236.46708407232884	48.86754328366723
333	51.2660920428284	16676.635414659362	376.70774611527276	0.0	237.62638221638022	51.2660920428284
334	48.30454032999596	16724.93995498936	377.52899890364745	0.0	237.13967469674267	48.30454032999596
335	50.37133550784913	16775.311290497208	377.88501422693224	0.0	236.94744321208543	50.37133550784913
336	48.88494977219819	16824.1962402694	378.4871107466619	0.0	236.0440215466158	48.88494977219819
337	46.86243276628791	16871.05867303569	376.8679936969144	0.0	237.40841863850176	46.86243276628791
338	47.5600316132755	16918.618704648958	374.70200921232595	0.0	238.6952333439063	47.5600316132755
339	47.69853836646881	16966.31724301544	373.5359357196292	0.0	238.70689957948784	47.69853836646881
340	48.64836978666471	17014.965612802098	374.59893637047156	0.0	238.04490940074825	48.64836978666471
341	46.81995965693166	17061.785572459034	374.32167227877363	0.0	236.57848582454722	46.81995965693166
342	49.7752899088684	17111.5608623679	375.1538903781434	0.0	237.35082476664167	49.7752899088684
343	52.05352533194011	17163.614387699832	380.5215425188144	0.0	236.9943488636874	52.05352533194011
344	48.857382032994536	17212.471769732827	382.2713645307096	0.0	237.31918714526034	48.857382032994536
345	47.306310939866044	17259.778080672695	382.2180760828625	0.0	237.75101536745487	47.306310939866044
346	50.94566243154591	17310.72374310425	383.99963511117863	0.0	238.578989429842	50.94566243154591
347	49.32020507946905	17360.043948183713	382.86891953139684	0.0	243.19463507453713	49.32020507946905
348	49.68980049239787	17409.73374867611	382.9002233056652	0.0	242.80959498403982	49.68980049239787
349	46.4151630477843	17456.148911723907	380.86864679077917	0.0	244.52049898245699	46.4151630477843
350	50.36691834717789	17506.515830071075	381.7722348742011	0.0	246.89201968347024	50.36691834717789
351	48.67987363797997	17555.19570370906	379.102024397435	0.0	247.81309530462082	48.67987363797997
352	47.77128258153617	17602.966986290594	378.70336782220664	0.0	247.8045734883693	47.77128258153617
353	47.21820144962658	17650.185187740222	376.3882645269997	0.0	248.76330280322634	47.21820144962658
354	48.910902270663904	17699.096090010888	375.4276946246583	0.0	249.83985967464477	48.910902270663904
355	50.306347053887855	17749.402437064768	377.8118748450901	0.0	249.7347168836856	50.306347053887855
356	50.13988896244924	17799.542326027225	376.8944051355338	0.0	247.6046064038028	50.13988896244924
357	50.304823630015704	17849.84714965724	378.43192284774636	0.0	246.24394621090585	50.304823630015704
358	50.34671373517141	17900.193863392407	381.3128018397908	0.0	247.54511141033487	50.34671373517141
359	48.217298155737	17948.411161548145	380.0210645241243	0.0	247.143288427677	48.217298155737
360	50.92137251254551	17999.332534060683	381.52839462264717	0.0	247.34380485054726	50.92137251254551
361	50.49424299306202	18049.82677705375	383.55902257113064	0.0	248.20986470594397	50.49424299306202
362	49.362067393102606	18099.188844446853	386.1184287483414	0.0	248.84425185520885	49.362067393102606
363	50.68149094361112	18149.870335390464	389.62974676966536	0.0	245.6020044450135	50.68149094361112
364	48.867284117483614	18198.73761950795	389.6715225005671	0.0	249.71853982475452	48.867284117483614
365	50.13699653116386	18248.874616039113	390.73330945957736	0.0	249.84753074096596	50.13699653116386
366	47.962204079737106	18296.83682011885	390.85177853796165	0.0	250.90995058684715	47.962204079737106
367	50.87436641940527	18347.711186538258	392.2054684652193	0.0	251.2919065683887	50.87436641940527
368	48.803514079574605	18396.514700617834	389.7675555059944	0.0	250.26443442361492	48.803514079574605
369	48.404843234194416	18444.919543852022	389.95341923982664	0.0	251.291828917317	48.404843234194416
370	49.53691820418637	18494.456462056212	392.7746060580003	0.0	252.08729359927517	49.53691820418637
371	48.517733761425326	18542.97419581763	393.4341843007956	0.0	253.35909677049517	48.517733761425326
372	46.29146124608461	18589.265657063723	390.882109838611	0.0	255.36746091008263	46.29146124608461
373	48.90626770177815	18638.171924765495	391.4960694593619	0.0	253.23916455401746	48.90626770177815
374	47.14938358935088	18685.321308354847	390.0779660537286	0.0	254.603288963172	47.14938358935088
375	47.78907982409854	18733.11038817895	386.63867895392724	0.0	256.1708538665082	47.78907982409854
376	47.3802396373326	18780.490627816293	385.86717840319994	0.0	258.30956381612043	47.3802396373326
377	45.784062910186556	18826.27469072647	384.0022713229127	0.0	256.5480266857838	45.784062910186556
378	50.88157215323181	18877.156262879707	387.93248005196733	0.0	255.9477285110308	50.88157215323181
379	50.93035192711316	18928.086614806805	390.8020973212399	0.0	256.3951431111449	50.93035192711316
380	49.68974973759799	18977.776364544414	393.92874592659456	0.0	257.2817165425191	49.68974973759799
381	48.58983475703504	19026.36619930145	392.7048528590495	0.0	257.4716967554979	48.58983475703504
382	50.80532027987094	19077.171519581316	393.8041827171177	0.0	255.97620844341225	50.80532027987094
383	50.20286346272594	19127.374383044036	395.82005017288213	0.0	255.5177384419838	50.20286346272594
384	49.535297693223356	19176.909680737263	396.5577148076167	0.0	255.56104360701718	49.535297693223356
385	48.219973120153824	19225.12965385742	397.61855764337116	0.0	256.58681366129395	48.219973120153824
386	47.293130993409115	19272.42278485083	394.40517126248136	0.0	256.6786201581438	47.293130993409115
387	47.14497022004876	19319.56775507088	392.9632911450845	0.0	258.2291711929476	47.14497022004876
388	49.39923866066823	19368.96699373155	393.7626496934764	0.0	259.94590856349805	49.39923866066823
389	49.315973188476065	19418.28296692003	394.3493643135483	0.0	262.1791923882215	49.315973188476065
390	46.18496448689693	19464.467931406918	388.849026676962	0.0	262.3267644072994	46.18496448689693
391	49.84858432107432	19514.31651572799	389.28235418352693	0.0	264.55758367188906	49.84858432107432
392	49.36459856531611	19563.681114293307	391.52149949758893	0.0	264.0721906309239	49.36459856531611
393	49.29274353060362	19612.97385782391	390.36197873765616	0.0	265.1602844649388	49.29274353060362
394	50.66567234136102	19663.639530165285	392.8955287062422	0.0	263.80153346829246	50.66567234136102
395	49.44285422781822	19713.0823843931	392.3280689273322	0.0	265.941747227218	49.44285422781822
396	49.140840491021045	19762.223224884114	391.84566889568976	0.0	269.05199380049623	49.140840491021045
397	47.89078111376957	19810.114005997882	389.80997361600157	0.0	271.24589130935436	47.89078111376957
398	49.22889885039915	19859.342904848276	388.96631148714675	0.0	268.8955808956057	49.22889885039915
399	47.1965963067569	19906.539501155043	388.4215941433316	0.0	270.11168237353957	47.1965963067569
400	48.82498436176037	19955.3644855168	389.48674763742093	0.0	269.6019918035141	48.82498436176037
401	49.528400794940545	20004.892886311736	389.2827305910013	0.0	269.7756010222921	49.528400794940545
402	48.71903286489342	20053.611919176637	389.17075970521563	0.0	269.23880735779227	48.71903286489342
403	49.6553281759587	20103.267247352596	390.1680341661107	0.0	270.9350754099287	49.6553281759587
404	50.32836730534291	20153.59561465792	392.4724475845108	0.0	269.22658715727636	50.32836730534291
405	49.25190973534915	20202.84752439329	393.23628154508873	0.0	269.174664736585	49.25190973534915
406	48.26811756675075	20251.115641960037	393.12089956520737	0.0	269.88267619793805	48.26811756675075
407	47.38607814396698	20298.501720104003	390.8105838165978	0.0	269.8842793627454	47.38607814396698
408	49.46272815365157	20347.964448257655	391.5517319088876	0.0	271.6091119763581	49.46272815365157
409	48.791414403690126	20396.75586266134	391.3865748819789	0.0	272.49832990571645	48.791414403690126
410	49.77149782266913	20446.527360484008	392.8628730676426	0.0	273.3955469813653	49.77149782266913
411	48.1042532212928	20494.631613705296	393.36153428365736	0.0	274.33661469570916	48.1042532212928
412	46.1912431535388	20540.82285685885	390.01939804222246	0.0	273.1402435810163	46.1912431535388
413	49.338391674317855	20590.16124853316	391.7454814424825	0.0	271.7858951876235	49.338391674317855
414	48.01355202720742	20638.17480056037	389.5634051219695	0.0	273.441476495283	48.01355202720742
415	48.11873681263909	20686.293537373	390.5275856452265	0.0	272.9713386278078	48.11873681263909
416	49.68968461759358	20735.983221990602	394.9692199983972	0.0	272.3772617078506	49.68968461759358
417	47.81142854219924	20783.7946505328	392.75955356458536	0.0	270.6846786981833	47.81142854219924
418	49.57799969215619	20833.372650224956	392.95790966509435	0.0	269.9625040539229	49.57799969215619
419	50.73058733098624	20884.103237555937	395.2650315058646	0.0	270.1357129834602	50.73058733098624
420	48.59860691810408	20932.701844474057	395.8740157131584	0.0	271.40553945388314	48.59860691810408
421	48.157478590598984	20980.859323064644	394.5850206927017	0.0	272.61543215615876	48.157478590598984
422	48.55280518760051	21029.412128252243	392.6802989235801	0.0	271.93707632808264	48.55280518760051
423	47.57483411615397	21076.9869623684	391.9890973239334	0.0	272.66996616712584	47.57483411615397
424	48.94484836438315	21125.93181073278	390.68144236459824	0.0	272.39189228801126	48.94484836438315
425	48.79214754797837	21174.723958280767	391.2962881517388	0.0	273.8891955680454	48.79214754797837
426	51.212234772741866	21225.936193053505	393.2639051164115	0.0	275.40874041176863	51.212234772741866
427	48.39502556717674	21274.331218620675	391.3736786469481	0.0	274.42403770273467	48.39502556717674
428	49.167550766550356	21323.498769387235	391.49611481972215	0.0	275.45257024788606	49.167550766550356
429	48.83261942521586	21372.331388812447	390.19595566047514	0.0	276.36740366454586	48.83261942521586
430	47.3324961368006	21419.663884949245	390.11137398710423	0.0	279.14871930501016	47.3324961368006
431	49.81514221339135	21469.479027162637	389.98600507317286	0.0	278.8610061336967	49.81514221339135
432	48.483357738017055	21517.96238490066	390.4771019478171	0.0	279.8993341293045	48.483357738017055
433	50.49850367226977	21568.460888572925	393.4435880319886	0.0	281.44573314774215	50.49850367226977
434	47.53311506860353	21615.99400364154	392.58122835098663	0.0	282.66845633535945	47.53311506860353
435	46.73259246115897	21662.726596102686	389.36470905739776	0.0	283.2616035580514	46.73259246115897
436	47.159317778802425	21709.885913881495	387.6999833308585	0.0	282.6304832210472	47.159317778802425
437	48.73743929474956	21758.623353176237	388.40079530132033	0.0	284.20886716489935	48.73743929474956
438	48.71361164017499	21807.336964816408	388.9351894524682	0.0	285.4170342433435	48.71361164017499
439	47.642466731203605	21854.97943154761	388.8414298021195	0.0	285.22537633229626	47.642466731203605
440	49.001275652944834	21903.98070720056	388.3859216292742	0.0	284.8396792705988	49.001275652944834
441	48.9126064042016	21952.893313604756	387.3546296026788	0.0	284.74554679434584	48.9126064042016
442	49.46287174249765	22002.356185347264	388.35622585802093	0.0	284.0072707204386	49.46287174249765
443	47.76862799771697	22050.12481334498	385.216719171156	0.0	283.1379208930381	47.76862799771697
444	48.23101918635055	22098.355832531328	389.78975100145254	0.0	281.92349368973294	48.23101918635055
445	47.508841607604026	22145.864674138935	387.20791516263273	0.0	281.9795820507218	47.508841607604026
446	48.5210706485271	22194.385744787454	387.52665505462824	0.0	280.3888800727832	48.5210706485271
447	48.11549200215882	22242.501236789623	387.03006505990976	0.0	279.27258281198976	48.11549200215882
448	49.07395660903931	22291.575193398647	385.401087856098	0.0	278.6612236010798	49.07395660903931
449	50.96023213090452	22342.53542552956	385.8828866868399	0.0	278.9790520733847	50.96023213090452
450	49.814615341662005	22392.350040871228	387.9917674454239	0.0	280.34596879187836	49.814615341662005
451	48.29886115212055	22440.648902023342	385.90623056145967	0.0	279.5596700196779	48.29886115212055
452	49.94483374055233	22490.593735763898	387.7639039561346	0.0	278.7207771641329	49.94483374055233
453	51.47683562864777	22542.070571392553	391.76078195633266	0.0	278.1861863790204	51.47683562864777
454	48.90756803450619	22590.97813942704	392.35918672210164	0.0	278.77341985220835	48.90756803450619
455	50.47878176711412	22641.45692119416	393.43462381561307	0.0	280.0055316061936	50.47878176711412
456	49.51654701964189	22690.973468213804	394.38686967275527	0.0	281.7494487446233	49.51654701964189
457	48.20131431286755	22739.17478252668	394.8981580219739	0.0	282.0943409783955	48.20131431286755
458	48.8880650682729	22788.06284759494	396.06472728180785	0.0	281.46901827372113	48.8880650682729
459	48.3767857972328	22836.439633392194	394.1393425806559	0.0	281.389094136432	48.3767857972328
460	48.7527451449735	22885.19237853716	393.70583078126566	0.0	283.3909020261289	48.7527451449735
461	47.35102523222745	22932.543403769378	390.9087707959167	0.0	283.62917167814106	47.35102523222745
462	47.89281824812106	22980.436222017514	390.2026236827155	0.0	284.0964309825222	47.89281824812106
463	49.77826680153197	23030.214488819023	392.4836142798976	0.0	284.6774659194283	49.77826680153197
464	47.90749172203995	23078.121980541073	392.62501986424604	0.0	284.65076448720896	47.90749172203995
465	47.435222921645824	23125.557203462715	390.1121579489088	0.0	285.5148866143186	47.435222921645824
466	48.00309616905566	23173.560299631772	389.5505774763135	0.0	286.2740072618663	48.00309616905566
467	46.04363244050776	23219.603932072278	388.050794440833	0.0	283.90456538870336	46.04363244050776
468	50.0047861554151	23269.6087182277	387.52455780583404	0.0	283.3720785508	50.0047861554151
469	49.640900364532314	23319.249618592235	387.2562966290836	0.0	282.7532838884901	49.640900364532314
470	51.273303808720364	23370.522922400953	391.0047852825177	0.0	282.0710680538428	51.273303808720364
471	47.92366290749785	23418.44658530846	390.42724670217433	0.0	283.7539323492627	47.92366290749785
472	49.44402603637066	23467.89061134483	391.4399379123634	0.0	282.65545777006315	49.44402603637066
473	49.12977827789318	23517.020389622714	393.4299199952085	0.0	282.4264277367742	49.12977827789318
474	49.81723154173673	23566.83762116444	392.1860603801714	0.0	283.9868643640931	49.81723154173673
475	48.973192139728816	23615.810813304186	393.8458754520947	0.0	285.90673630089816	48.973192139728816
476	51.11000991654455	23666.920823220735	394.5903986544574	0.0	286.62125945438675	51.11000991654455
477	50.95865394252425	23717.879477163257	394.1488263912598	0.0	285.55879903092534	50.95865394252425
478	47.22143180246504	23765.10090896571	392.917145911327	0.0	286.29577190814007	47.22143180246504
479	50.24457190019822	23815.34548086591	396.2396652804008	0.0	285.85360695672006	50.24457190019822
480	48.99006528030818	23864.335546146234	396.09493691689715	0.0	286.6623181570084	48.99006528030818
481	49.08778479817914	23913.4233309444	395.71694247778237	0.0	287.1846339633708	49.08778479817914
482	49.49404890818033	23962.917379852574	398.7285903589561	0.0	287.65880089490764	49.49404890818033
483	47.46671966057231	24010.384099513154	396.75980804249355	0.0	290.9571032341709	47.46671966057231
484	46.363065246136465	24056.7471647593	393.8216133100209	0.0	293.2751352613273	46.363065246136465
485	47.90033489215096	24104.647499651433	393.19637049941593	0.0	293.5611438309085	47.90033489215096
486	49.62753509876279	24154.2750347502	396.4636629556869	0.0	291.4746374017211	49.62753509876279
487	47.52696355113326	24201.80199830134	395.37507636315684	0.0	291.73281005703313	47.52696355113326
488	51.15281375317431	24252.95481205452	399.4321378698107	0.0	292.1780324977497	51.15281375317431
489	50.16538589429704	24303.120197948803	400.81198391234545	0.0	290.94610056759564	50.16538589429704
490	48.2332613645358	24351.35345931333	398.1602868966577	0.0	294.20739813284723	48.2332613645358
491	50.13532216665385	24401.48878147998	396.8148265765651	0.0	292.9781785796246	50.13532216665385
492	49.445687119602155	24450.9344685996	398.23621009537516	0.0	292.60704536886385	49.445687119602155
493	47.07291049316987	24498.007379092774	396.76044967824856	0.0	291.6046286348681	47.07291049316987
494	48.601711466248105	24546.60909055902	398.1441824682385	0.0	292.3842527861356	48.601711466248105
495	48.41898088813595	24595.02807144715	398.4070578503445	0.0	291.3121584685754	48.41898088813595
496	49.73691335177617	24644.76498479893	397.982361143264	0.0	291.9311689922167	49.73691335177617
497	49.62146048915507	24694.386445288084	396.842603081219	0.0	292.1603138740533	49.62146048915507
498	51.33656898823701	24745.723014276344	400.010376954369	0.0	292.0735577054674	51.33656898823701
499	51.500114260367056	24797.223128536683	403.1608469658242	0.0	291.6454987317645	51.500114260367056
500	48.826030442073446	24846.049158978778	404.1686792464534	0.0	291.75036883711033	48.826030442073446
501	49.34693727188355	24895.396096250643	402.9722080778156	0.0	293.5901619219249	49.34693727188355
502	48.738331508082126	24944.13442775873	402.9722080778156	0.0	293.59609862990845	48.738331508082126
