task	reward	total_reward	total_regret	relative	total_reward_dev	joules
0	53.005942273252415	53.005942273252415	5.064971241893585	0.0	21.13263849044805	53.005942273252415
1	74.76935372817789	127.77529600143025	28.40277442504619	0.0	27.449585274831954	74.76935372817789
2	54.619148234482715	182.39444423591297	33.683264702776576	0.0	37.65098567727879	54.619148234482715
3	57.67026749858176	240.06471173449475	44.80497879309509	0.0	50.11108415741413	57.67026749858176
4	56.313039676001665	296.3777514104966	50.813449512339794	0.0	59.77634348950103	56.313039676001665
5	58.04209121006491	354.4198426205614	59.5382683153243	0.0	68.53948644371799	58.04209121006491
6	55.972777325208405	410.39261994576987	64.61885812027676	0.0	75.32425946338253	55.972777325208405
7	54.32502764331347	464.7176475890832	68.48695245848313	0.0	83.79402785065551	54.32502764331347
8	57.255497808980316	521.9731453980635	77.50838965421134	0.0	92.58429050332377	57.255497808980316
9	53.68592621470948	575.6590716127732	81.20929320459442	0.0	99.05379963569175	53.68592621470948
10	54.356073805558815	630.015145418332	88.40935489276296	0.0	104.65638380827171	54.356073805558815
11	54.91240795338786	684.9275533717195	92.33463121668177	0.0	112.9264853882453	54.91240795338786
12	55.569705162379314	740.4972585340993	98.73323657179046	0.0	118.39812123674785	55.569705162379314
13	53.99758749565104	794.4948460297499	105.3400537421219	0.0	125.14692645782995	53.99758749565104
14	56.783166638280534	851.2780126680304	110.62259038522771	0.0	135.32593773910438	56.783166638280534
15	54.29972131842993	905.5777339864603	114.67671308045244	0.0	139.89393329889018	54.29972131842993
16	55.32532258298265	960.9030565694428	120.81327131717451	0.0	141.61286406351715	55.32532258298265
17	56.281333791978476	1017.1843903614215	126.97081123259535	0.0	147.41444590039708	56.281333791978476
18	52.241894252519614	1069.4262846139409	130.42210489367395	0.0	153.99753796860827	52.241894252519614
19	52.58331687414937	1122.00960148809	133.9959451236323	0.0	159.20612975300884	52.58331687414937
20	51.31615423213505	1173.3257557202255	139.90779064971878	0.0	164.5592937808157	51.31615423213505
21	57.613356420691815	1230.9391121409178	147.05465410813724	0.0	168.90029007800743	57.613356420691815
22	56.59702419662424	1287.536136337542	153.99436947929226	0.0	174.99512937594076	56.59702419662424
23	52.036390688715144	1339.572527026257	157.07710637726376	0.0	179.30217893344084	52.036390688715144
24	52.207893514169754	1391.780420540426	158.8650283318936	0.0	183.7304861955973	52.207893514169754
25	53.6717607830632	1445.4521813234903	162.5809834930078	0.0	188.96605576429357	53.6717607830632
26	54.99837516382731	1500.450556487317	167.95834254864724	0.0	194.38590155257498	54.99837516382731
27	49.158127591800536	1549.6086840791168	166.00439376271046	0.0	199.331758612573	49.158127591800536
28	59.658255487448535	1609.266939566566	174.9930752196685	0.0	206.38133862359157	59.658255487448535
29	54.11812168639284	1663.3850612529595	181.9370145919258	0.0	210.3677866162704	54.11812168639284
30	54.01627120359169	1717.401332456551	187.1095785680067	0.0	217.77199588544073	54.01627120359169
31	53.2835936049344	1770.6849260614858	192.65094265192587	0.0	225.9311885131898	53.2835936049344
32	56.2164572474852	1826.9013833089703	199.73255840753728	0.0	225.93541749812448	56.2164572474852
33	50.97835081311401	1877.8797341220854	200.04602894598685	0.0	228.86355810644537	50.97835081311401
34	52.796476119096944	1930.6762102411822	202.8906069936217	0.0	230.66366814556324	52.796476119096944
35	56.20591471824328	1986.882124959424	212.23439589425456	0.0	234.43256447820073	56.20591471824328
36	59.297418712478056	2046.1795436719021	224.86835732977448	0.0	241.9372820955747	59.297418712478056
37	56.12002159464648	2102.299565266549	231.13768047019192	0.0	248.5345527365257	56.12002159464648
38	56.248656596140236	2158.5482218626894	239.30252554874667	0.0	251.61490884938806	56.248656596140236
39	53.07114978765844	2211.6193716503476	242.56910814752456	0.0	258.1351573993009	53.07114978765844
40	51.25465312196477	2262.8740247723126	245.4797497805969	0.0	259.70310766553473	51.25465312196477
41	51.907627296742405	2314.7816520690544	250.42129041100833	0.0	261.6700138068957	51.907627296742405
42	53.39308571236641	2368.174737781421	254.84768134708494	0.0	266.23491936388916	53.39308571236641
43	52.538342458230446	2420.7130802396514	257.4894588839914	0.0	267.19014065351365	52.538342458230446
44	52.93083417570619	2473.6439144153574	262.96954318855944	0.0	268.571329924364	52.93083417570619
45	52.718211049106145	2526.362125464464	265.15975384519925	0.0	272.38495579957095	52.718211049106145
46	49.998981361499276	2576.3611068259634	264.1462799711806	0.0	278.66117801287436	49.998981361499276
47	52.748288510954545	2629.109395336918	267.44187646265317	0.0	284.5325591457296	52.748288510954545
48	50.5333757588004	2679.6427710957187	268.50368398325014	0.0	287.067766280328	50.5333757588004
49	53.37907158952722	2733.021842685247	271.8429947105353	0.0	287.7370075844595	53.37907158952722
50	51.78578942295328	2784.8076321081985	275.2180037993747	0.0	292.0484161063864	51.78578942295328
51	52.96689772996095	2837.7745298381606	280.1031518329823	0.0	291.7646955262331	52.96689772996095
52	52.1504595252197	2889.9249893633796	283.19249078819115	0.0	296.7976036433203	52.1504595252197
53	54.2939318576422	2944.2189212210214	288.81078987341516	0.0	301.1451804775928	54.2939318576422
54	53.4708970006459	2997.689818221668	292.90177946095554	0.0	303.5983951808252	53.4708970006459
55	55.02692802726414	3052.716746248932	297.4993132521706	0.0	305.9640299619265	55.02692802726414
56	53.18020281328478	3105.8969490622158	299.53158679243427	0.0	307.45335187538217	53.18020281328478
57	53.30090133882878	3159.197850401045	305.969112412807	0.0	310.1598758647551	53.30090133882878
58	51.86270167660355	3211.0605520776485	307.620869385979	0.0	311.3298784274305	51.86270167660355
59	52.625338241037404	3263.685890318686	312.4718568828288	0.0	316.8985929202913	52.625338241037404
60	57.453703020050824	3321.1395933387375	318.8697640281907	0.0	317.96415750234695	57.453703020050824
61	56.799855619427326	3377.9394489581628	325.7590686477347	0.0	320.3832275360905	56.799855619427326
62	52.156769359121824	3430.0962183172855	329.8746502424562	0.0	324.5313546987041	52.156769359121824
63	54.76555515597134	3484.8617734732557	336.6935457553074	0.0	328.1114368434461	54.76555515597134
64	49.90453751039305	3534.7663109836485	338.3477869519158	0.0	330.34283329359323	49.90453751039305
65	55.68562278393567	3590.4519337675865	346.9206385921594	0.0	333.6162910849223	55.68562278393567
66	56.343169338467945	3646.795103106054	354.6529412011549	0.0	339.89936172704756	56.343169338467945
67	51.62809543455009	3698.423198540605	356.78129303678827	0.0	341.4661916819927	51.62809543455009
68	51.101213463011774	3749.5244120036164	359.1790551294944	0.0	341.9471671553579	51.101213463011774
69	53.3474718871219	3802.8718838907357	361.9694374410208	0.0	343.88377178598006	53.3474718871219
70	53.97265883144911	3856.844542722185	365.78025660649143	0.0	344.2682548322881	53.97265883144911
71	57.021394534347316	3913.865937256536	371.146599319085	0.0	348.4432558832142	57.021394534347316
72	57.22004665335005	3971.0859839098844	381.6095938274445	0.0	351.365660375815	57.22004665335005
73	55.65541190618263	4026.741395816066	388.5129624142015	0.0	351.5800168553906	55.65541190618263
74	57.49996166769385	4084.2413574837597	397.80631175229604	0.0	354.02588366780316	57.49996166769385
75	53.82351243761549	4138.064869921375	402.9819569327875	0.0	355.691111389709	53.82351243761549
76	51.94273966981069	4190.007609591187	408.2522463492904	0.0	356.3436456638766	51.94273966981069
77	54.658674557485035	4244.666284148672	414.75552589117336	0.0	353.8768155147188	54.658674557485035
78	54.91022664246832	4299.576510791139	420.9941252330802	0.0	357.1029367700436	54.91022664246832
79	54.16309260651818	4353.739603397657	425.77842507993705	0.0	357.13764500458166	54.16309260651818
80	56.96836883016497	4410.707972227822	433.17391097544186	0.0	360.56120891566184	56.96836883016497
81	54.931318288702904	4465.639290516526	437.73820579895016	0.0	364.2492773798931	54.931318288702904
82	54.53519726344548	4520.174487779971	440.9601013324734	0.0	373.7158099563125	54.53519726344548
83	50.58215194147062	4570.756639721442	441.98913245619246	0.0	377.6102750405363	50.58215194147062
84	50.91496032704717	4621.671600048489	444.78535452656814	0.0	380.01479215664756	50.91496032704717
85	52.864217290028684	4674.535817338518	449.8774213523677	0.0	381.7365211395528	52.864217290028684
86	48.655925449176465	4723.191742787693	450.13056887495327	0.0	382.9254234252954	48.655925449176465
87	57.63463935774666	4780.82638214544	460.60117781372423	0.0	384.7527377265487	57.63463935774666
88	53.49807835098597	4834.3244604964275	465.41234635408046	0.0	388.16185622271126	53.49807835098597
89	51.3439082970916	4885.668368793519	467.4200618419332	0.0	391.9433361951619	51.3439082970916
90	50.09700997991083	4935.76537877343	467.74591184938646	0.0	394.52204143914673	50.09700997991083
91	53.054925753671505	4988.8203045271	471.56362744794365	0.0	395.572959456201	53.054925753671505
92	53.51129464393238	5042.331599171035	476.87132240977263	0.0	395.8886325628899	53.51129464393238
93	52.664254573276686	5094.995853744311	481.73809514932526	0.0	402.026645656649	52.664254573276686
94	52.746068228224296	5147.741921972536	486.4597160016313	0.0	402.7536191942428	52.746068228224296
95	49.78055976620177	5197.522481738736	484.6057556255166	0.0	404.5278783949358	49.78055976620177
96	53.921473131764635	5251.443954870501	489.6303968208516	0.0	406.5903208074582	53.921473131764635
97	56.12789592188802	5307.571850792386	495.599925135089	0.0	415.31546623327665	56.12789592188802
98	54.779633959982874	5362.351484752371	501.0214457960797	0.0	416.0585775426187	54.779633959982874
99	54.355535665970585	5416.707020418343	505.5308812702863	0.0	414.93344783595865	54.355535665970585
100	55.61263969784116	5472.319660116185	512.1713267283591	0.0	418.8965808017502	55.61263969784116
101	53.41394526075331	5525.733605376937	515.9643793216806	0.0	418.54393629074815	53.41394526075331
102	55.03242526634582	5580.766030643285	521.8354698647495	0.0	416.37282278262967	55.03242526634582
103	58.057075192949995	5638.823105836232	533.2375287489009	0.0	417.6557953682462	58.057075192949995
104	50.8159773211423	5689.6390831573735	535.8741266158981	0.0	420.48013470798566	50.8159773211423
105	56.17701736547961	5745.816100522854	543.011299946785	0.0	422.02439188925115	56.17701736547961
106	54.97753535959265	5800.79363588245	547.5229218716453	0.0	418.44642704114136	54.97753535959265
107	53.15275986579244	5853.946395748241	552.7023565345271	0.0	422.47964116372975	53.15275986579244
108	51.120871161022436	5905.067266909261	555.277841087105	0.0	420.90249133178656	51.120871161022436
109	50.28934615235025	5955.356613061611	555.3484210141247	0.0	423.54529706329015	50.28934615235025
110	51.69746751941349	6007.054080581023	557.8554050433422	0.0	422.69038462591766	51.69746751941349
111	50.12738201172982	6057.1814625927545	560.8528053210608	0.0	425.26151486854957	50.12738201172982
112	51.85862068017198	6109.040083272931	564.880026440219	0.0	427.3297314094939	51.85862068017198
113	51.30431639904138	6160.34439967197	567.0179642097644	0.0	429.12577375972313	51.30431639904138
114	54.09300863289628	6214.437408304864	574.4136976694763	0.0	426.71696047946926	54.09300863289628
115	55.892232932275896	6270.329641237141	582.6002543394636	0.0	429.8110421974095	55.892232932275896
116	50.0410372741218	6320.370678511263	582.1849457562398	0.0	429.126909919378	50.0410372741218
117	55.40747555799615	6375.778154069261	586.7371790100204	0.0	429.61887714632957	55.40747555799615
118	57.20662028537127	6432.984774354631	593.2967897834219	0.0	425.0899468401165	57.20662028537127
119	49.39642385282049	6482.381198207451	594.7837189152193	0.0	424.6101889455771	49.39642385282049
120	51.81377187042052	6534.194970077872	598.0050012606129	0.0	424.8427559611941	51.81377187042052
121	51.909672964432566	6586.1046430423075	601.3835910404456	0.0	424.0864063800111	51.909672964432566
122	55.50328539035865	6641.607928432664	608.702190630273	0.0	426.02343096916553	55.50328539035865
123	50.74893018697871	6692.356858619642	612.0464572949696	0.0	426.65879610605543	50.74893018697871
124	52.0082582065618	6744.365116826205	615.9415031175682	0.0	427.5709719492823	52.0082582065618
125	51.67943380022376	6796.044550626428	619.1402208485802	0.0	425.8984200986711	51.67943380022376
126	55.49070810842744	6851.535258734855	626.2018899573396	0.0	425.23418660779686	55.49070810842744
127	52.70108318760207	6904.236341922459	630.5230149861458	0.0	425.9139643647559	52.70108318760207
128	53.72210418934875	6957.958446111804	634.9248307856367	0.0	428.1341393820939	53.72210418934875
129	56.132440167458455	7014.090886279267	642.1121459807141	0.0	427.02163852123806	56.132440167458455
130	50.07857726320106	7064.169463542465	642.9916878128851	0.0	424.9652227652108	50.07857726320106
131	49.525996119378604	7113.695459661843	642.8317767583092	0.0	425.0944237232558	49.525996119378604
132	53.74320301598528	7167.438662677833	649.2159633090833	0.0	427.1356927932717	53.74320301598528
133	52.57321956200397	7220.0118822398335	653.5766243666778	0.0	429.03453869780583	52.57321956200397
134	51.65661666472907	7271.668498904563	656.8737793282605	0.0	431.02498627242926	51.65661666472907
135	55.899224793878204	7327.567723698443	663.1399722115718	0.0	432.84198312485927	55.899224793878204
136	51.84447850052305	7379.412202198964	664.2054652280485	0.0	434.18403403202467	51.84447850052305
137	54.166277001538994	7433.578479200505	668.4072628502486	0.0	431.1709270637512	54.166277001538994
138	54.12234831356304	7487.700827514068	675.8022997251348	0.0	434.38318177337976	54.12234831356304
139	54.2919942397565	7541.992821753823	681.1777848618034	0.0	436.34356511552846	54.2919942397565
140	56.92368043674238	7598.916502190566	690.8006170751294	0.0	439.25130633581983	56.92368043674238
141	50.678166487801775	7649.594668678365	693.9030160165432	0.0	438.1800795246898	50.678166487801775
142	50.913024085319265	7700.507692763683	697.3449873557298	0.0	437.9515364541803	50.913024085319265
143	52.376465411158385	7752.884158174845	701.7471756527439	0.0	435.81418288969513	52.376465411158385
144	54.80924467608529	7807.6934028509295	706.5916083918264	0.0	435.2757338402815	54.80924467608529
145	51.57662720389187	7859.27003005482	710.2641128113421	0.0	434.56195709390187	51.57662720389187
146	55.0096138188077	7914.279643873627	718.0339434956232	0.0	437.4992230594269	55.0096138188077
147	57.47639077151244	7971.756034645143	726.8446883668989	0.0	437.63214609159155	57.47639077151244
148	54.88438469807686	8026.640419343217	732.5037774726919	0.0	435.49330599026865	54.88438469807686
149	50.87221507661331	8077.512634419832	732.5823194664698	0.0	435.0005928151041	50.87221507661331
150	51.20553282167473	8128.718167241508	735.2064932650615	0.0	434.1663121810639	51.20553282167473
151	53.212114088772175	8181.930281330274	735.8191434322243	0.0	435.0938969489904	53.212114088772175
152	57.94730810110698	8239.877589431388	744.2079872107623	0.0	437.93667220848744	57.94730810110698
153	54.00132803033631	8293.87891746172	749.1190589331563	0.0	437.1488212590842	54.00132803033631
154	53.21600715039945	8347.094924612118	756.2029027354795	0.0	441.9372466165869	53.21600715039945
155	49.60244567611865	8396.697370288242	756.8648578719742	0.0	444.90714725813547	49.60244567611865
156	53.57865531732071	8450.276025605563	759.6312760528522	0.0	443.17392225388767	53.57865531732071
157	50.217203812498504	8500.493229418063	762.2120751116362	0.0	441.7887374983976	50.217203812498504
158	52.502164745755465	8552.995394163814	768.5176647783819	0.0	447.4356509015843	52.502164745755465
159	49.917475074631	8602.912869238444	769.4770641068739	0.0	447.5938741518738	49.917475074631
160	50.05616638001669	8652.969035618462	769.5156130411248	0.0	450.0904021808414	50.05616638001669
161	55.80601157948236	8708.775047197945	774.8362499102275	0.0	448.5442598312748	55.80601157948236
162	53.626785999344875	8762.401833197293	778.8578574966839	0.0	448.75983463625624	53.626785999344875
163	57.427771039839165	8819.82960423713	787.1975919047264	0.0	450.3009800612867	57.427771039839165
164	50.50069603670721	8870.330300273834	789.0960593581545	0.0	449.7756792221924	50.50069603670721
165	53.62216310569445	8923.95246337953	795.3821874949681	0.0	450.46846631916776	53.62216310569445
166	55.53813497960378	8979.490598359134	801.5395021803971	0.0	449.3061744349303	55.53813497960378
167	55.04224285313812	9034.53284121227	808.3797614818202	0.0	450.66322618369617	55.04224285313812
168	56.410012203718054	9090.942853415989	814.8486432327521	0.0	451.86134801338454	56.410012203718054
169	53.43916688529984	9144.382020301291	819.6539889620668	0.0	451.90482282001847	53.43916688529984
170	50.09713492224435	9194.479155223533	821.1258024750941	0.0	450.3931340112652	50.09713492224435
171	52.04555528903334	9246.524710512567	826.6326634437669	0.0	452.27238392514613	52.04555528903334
172	47.23882825840821	9293.763538770978	823.485701598062	0.0	452.9693589648683	47.23882825840821
173	52.63121242959632	9346.39475120057	827.622986426527	0.0	453.5067302313798	52.63121242959632
174	51.18313467290373	9397.577885873476	832.190073130286	0.0	454.62670634045	51.18313467290373
175	50.93786336270293	9448.515749236176	833.8439127871571	0.0	451.4775356750312	50.93786336270293
176	54.26328492207395	9502.779034158255	837.8644895153682	0.0	452.77838148628877	54.26328492207395
177	52.69303368172399	9555.472067839979	843.0470546825829	0.0	455.11282782899076	52.69303368172399
178	54.283059285874124	9609.755127125853	848.2097006546662	0.0	454.07314063478924	54.283059285874124
179	51.626233811989735	9661.381360937841	850.8917742407283	0.0	453.6592396400913	51.626233811989735
180	52.71420242162656	9714.095563359466	854.4784393025951	0.0	452.5776700390209	52.71420242162656
181	51.55713326619766	9765.652696625664	858.7199314750842	0.0	452.0596130886728	51.55713326619766
182	53.585433489765954	9819.23813011543	862.8936674508748	0.0	454.41116832229477	53.585433489765954
183	51.48757873621114	9870.725708851642	865.0617814401754	0.0	455.803840170509	51.48757873621114
184	53.57198020722889	9924.29768905887	869.5105939130316	0.0	456.1890351306149	53.57198020722889
185	51.08132179632412	9975.379010855197	870.3762154228265	0.0	454.5487796996272	51.08132179632412
186	51.69354907054908	10027.072559925744	874.0084921395817	0.0	452.85824636231854	51.69354907054908
187	54.67672362570735	10081.74928355145	878.706777980889	0.0	450.4177111847183	54.67672362570735
188	53.47365834373851	10135.22294189519	883.688187485304	0.0	452.2213650656637	53.47365834373851
189	52.66959205743575	10187.892533952625	885.5615392897993	0.0	450.5236646603188	52.66959205743575
190	49.54383159385924	10237.436365546482	886.2631790704221	0.0	451.1469871202514	49.54383159385924
191	51.82664933857299	10289.26301488506	890.5167132423793	0.0	449.4524267073805	51.82664933857299
192	54.08784580053128	10343.35086068559	895.1384495157273	0.0	447.8611509951318	54.08784580053128
193	51.61533707733899	10394.966197762928	896.3984762989315	0.0	448.5201800089142	51.61533707733899
194	55.72615514253679	10450.692352905464	903.4204435413699	0.0	448.3402910074598	55.72615514253679
195	49.488464238661074	10500.180817144132	904.7941842756685	0.0	446.87837747663264	49.488464238661074
196	55.50357006701649	10555.68438721114	909.3410040066492	0.0	450.57495794085906	55.50357006701649
197	51.221110109849775	10606.905497320988	910.4463753850979	0.0	452.50949207922724	51.221110109849775
198	54.337180797516474	10661.242678118504	916.1438728274302	0.0	455.22228355754413	54.337180797516474
199	54.27133284306026	10715.514010961566	922.5623855873761	0.0	455.0187890393564	54.27133284306026
200	53.737601341784384	10769.251612303355	928.2293401766398	0.0	455.0113082669907	53.737601341784384
201	52.58532623152847	10821.83693853488	931.2495174540476	0.0	456.89550789507194	52.58532623152847
202	55.813833079343105	10877.650771614224	938.6322706042401	0.0	456.63072053487343	55.813833079343105
203	55.25584381138628	10932.906615425609	946.668653444791	0.0	452.3969495993077	55.25584381138628
204	53.61663401415619	10986.523249439768	950.281159528303	0.0	457.8546271715503	53.61663401415619
205	49.891398441456	11036.414647881214	950.953934050029	0.0	457.91928942549873	49.891398441456
206	52.35552625434516	11088.77017413557	955.5316878415452	0.0	460.5702138013352	52.35552625434516
207	52.957307475407106	11141.72748161098	960.3189004394845	0.0	459.329947207246	52.957307475407106
208	53.22862469209112	11194.956106303063	965.7525780591304	0.0	459.41341802476927	53.22862469209112
209	53.40448685790371	11248.360593160973	969.6176404014582	0.0	459.3102059836557	53.40448685790371
210	53.13667933506759	11301.497272496043	975.9051653090008	0.0	462.47917550806915	53.13667933506759
211	52.42222248477244	11353.919494980812	978.825000884553	0.0	459.6782146309231	52.42222248477244
212	48.62799899149526	11402.547493972303	977.6236250349251	0.0	461.7267719570705	48.62799899149526
213	53.784799170931755	11456.332293143238	981.7706837042937	0.0	460.82368782847124	53.784799170931755
214	52.39085806106544	11508.723151204307	985.125938250655	0.0	458.619538540652	52.39085806106544
215	54.95457861214543	11563.677729816449	993.2745170621389	0.0	460.4092751973782	54.95457861214543
216	52.14488216528762	11615.822611981734	996.675157737019	0.0	460.1683594483603	52.14488216528762
217	54.383559125628	11670.206171107357	1004.2788905381848	0.0	460.96069608172087	54.383559125628
218	52.07233956346433	11722.278510670832	1007.5115213724591	0.0	458.0160760641222	52.07233956346433
219	50.01494461204935	11772.293455282874	1008.7407863577615	0.0	453.6588239728982	50.01494461204935
220	53.075160307006925	11825.368615589885	1012.5756286912692	0.0	454.812243426846	53.075160307006925
221	52.6660544211831	11878.034670011066	1014.8796319389135	0.0	452.61158199005894	52.6660544211831
222	55.12094253078815	11933.15561254186	1019.2775639535714	0.0	451.88289126126716	55.12094253078815
223	56.766207031783715	11989.921819573634	1025.6862052995095	0.0	460.9622519964468	56.766207031783715
224	52.98241390622236	12042.904233479856	1031.062308170056	0.0	460.30128504800456	52.98241390622236
225	51.362265512867864	12094.266498992725	1034.0192237496722	0.0	458.9704879578294	51.362265512867864
226	53.315614688992895	12147.582113681727	1038.8698664900671	0.0	459.2536860460592	53.315614688992895
227	51.21674389564629	12198.798857577369	1042.2707494490094	0.0	458.6979476189601	51.21674389564629
228	56.3001265822856	12255.098984159647	1049.608878999981	0.0	462.25630560278313	56.3001265822856
229	53.28109606718703	12308.380080226836	1054.3136928481952	0.0	463.56599800568716	53.28109606718703
230	51.70524575417468	12360.085325981014	1058.642933524848	0.0	462.3516380187829	51.70524575417468
231	52.67277263698644	12412.758098618006	1062.5542848059556	0.0	459.6089079897164	52.67277263698644
232	55.996428884076906	12468.754527502084	1069.7465831387642	0.0	459.35928661775654	55.996428884076906
233	60.00862954876179	12528.763157050838	1081.0164693307452	0.0	464.8585669212933	60.00862954876179
234	56.79329885689257	12585.556455907734	1089.6096965186132	0.0	469.63300796699014	56.79329885689257
235	54.56098775776851	12640.117443665506	1095.9372762290275	0.0	471.71630904070594	54.56098775776851
236	50.08678058247317	12690.20422424797	1099.3045337385663	0.0	472.8304629884324	50.08678058247317
237	53.84724289014591	12744.051467138117	1105.0036145044157	0.0	472.6698396819767	53.84724289014591
238	56.32546321026232	12800.376930348384	1112.1726646222146	0.0	474.52908154796353	56.32546321026232
239	54.13099811312325	12854.507928461502	1116.5535753981233	0.0	479.2781708901646	54.13099811312325
240	50.080623140766	12904.588551602268	1117.029334469098	0.0	480.6758194948362	50.080623140766
241	50.117903683319476	12954.706455285594	1119.9322606467908	0.0	481.4103845474947	50.117903683319476
242	56.81163180568294	13011.518087091265	1127.7514266217458	0.0	483.4616781857133	56.81163180568294
243	55.65198088849607	13067.170067979765	1135.5214418900225	0.0	483.7949590900955	55.65198088849607
244	52.36705248795845	13119.537120467732	1136.8274541118628	0.0	484.2644751279371	52.36705248795845
245	51.993666081862244	13171.530786549596	1140.9217149547542	0.0	487.17472280865184	51.993666081862244
246	54.72351746004237	13226.254304009633	1149.0271704033623	0.0	496.3539726978589	54.72351746004237
247	48.6854885829181	13274.939792592553	1149.0633342650035	0.0	496.7408894093347	48.6854885829181
248	47.9545488643899	13322.894341456946	1148.8359503092674	0.0	495.2882445079943	47.9545488643899
249	56.09517336098153	13378.989514817924	1155.4904303180126	0.0	495.13587396905	56.09517336098153
250	53.46960904459139	13432.45912386251	1160.408273167669	0.0	495.14519817310196	53.46960904459139
251	51.10095622486924	13483.560080087385	1163.9053732234468	0.0	495.8183487398427	51.10095622486924
252	49.68333256308749	13533.243412650467	1164.8525784314338	0.0	496.3701784714823	49.68333256308749
253	61.19546686896395	13594.438879519426	1175.9579125785929	0.0	500.59657296972074	61.19546686896395
254	54.01538223205589	13648.454261751489	1180.614429392541	0.0	498.83961719285196	54.01538223205589
255	54.7624325070595	13703.21669425855	1187.4802571994803	0.0	503.5545491512769	54.7624325070595
256	53.21304614098539	13756.42974039954	1191.1485686301353	0.0	511.9264952915026	53.21304614098539
257	47.22839038866054	13803.658130788193	1191.08595097852	0.0	515.2778605112375	47.22839038866054
258	51.114014438215406	13854.772145226414	1194.5460750232014	0.0	516.1560482820537	51.114014438215406
259	51.09039810698118	13905.862543333391	1199.0295552384525	0.0	514.5497936930996	51.09039810698118
260	52.035372275347754	13957.89791560874	1203.5401606595915	0.0	514.6191345147613	52.035372275347754
261	52.024223789173284	14009.922139397917	1206.6642840559198	0.0	509.83072764767263	52.024223789173284
262	53.29386057345457	14063.21599997137	1210.4543607741134	0.0	510.62190189215613	53.29386057345457
263	50.74275375166272	14113.958753723027	1215.1944392256855	0.0	509.8655090491636	50.74275375166272
264	54.36779964893893	14168.326553371968	1222.4925615563304	0.0	510.944358915455	54.36779964893893
265	54.69418988554068	14223.02074325751	1229.4009039884327	0.0	512.0736349223187	54.69418988554068
266	52.493944465948296	14275.514687723453	1233.6239897809555	0.0	513.3662855225766	52.493944465948296
267	52.89512521158418	14328.409812935039	1237.6195328993986	0.0	511.6812055752465	52.89512521158418
268	59.70007844891606	14388.109891383961	1249.5224288001791	0.0	512.7337394442487	59.70007844891606
269	54.41797622642575	14442.527867610386	1255.7369267835063	0.0	509.8356882833279	54.41797622642575
270	54.60083813517837	14497.128705745565	1261.127501022422	0.0	510.9424441429403	54.60083813517837
271	50.1189813198098	14547.247687065365	1261.9731987188734	0.0	510.0915794139817	50.1189813198098
272	50.20968417313929	14597.45737123851	1264.2578790858836	0.0	509.5961892642346	50.20968417313929
273	51.38758223669641	14648.84495347521	1268.586883960477	0.0	511.097311246269	51.38758223669641
274	53.36971267925576	14702.214666154463	1272.1112154002833	0.0	509.9506298747089	53.36971267925576
275	53.85049596447636	14756.065162118946	1279.3472954787087	0.0	508.666997866307	53.85049596447636
276	52.93123642501666	14808.99639854396	1282.6490114550634	0.0	508.75823765842523	52.93123642501666
277	52.05779717566431	14861.054195719618	1287.361084738595	0.0	508.99469495028023	52.05779717566431
278	53.23731130616726	14914.291507025791	1291.3959248061294	0.0	510.2468390749171	53.23731130616726
279	51.23953153574624	14965.531038561528	1291.5559519179178	0.0	508.3559430631308	51.23953153574624
280	50.87964940209459	15016.410687963626	1294.3559292943676	0.0	510.7044473122012	50.87964940209459
281	52.21748828341734	15068.628176247052	1296.661120030276	0.0	510.31705927420103	52.21748828341734
282	51.1102404361534	15119.738416683203	1298.1866593779032	0.0	508.7486294069913	51.1102404361534
283	54.20865241764626	15173.947069100845	1304.25654698969	0.0	512.2840879531255	54.20865241764626
284	51.22303992218109	15225.170109023018	1307.2192902117245	0.0	514.4526804979275	51.22303992218109
285	49.72250497689459	15274.892613999926	1308.5853685032257	0.0	511.8391057722979	49.72250497689459
286	53.22776432765337	15328.120378327578	1311.3730960246314	0.0	513.7223426645503	53.22776432765337
287	54.79597950139438	15382.916357828968	1316.7949175219305	0.0	514.7769695402397	54.79597950139438
288	53.18875048246358	15436.105108311434	1323.1268809933185	0.0	514.9733481369335	53.18875048246358
289	52.228502028956406	15488.333610340394	1325.4858341598117	0.0	512.6817580939025	52.228502028956406
290	53.266610031597885	15541.600220371984	1330.5426995294745	0.0	512.3596773427984	53.266610031597885
291	55.918822934769175	15597.519043306755	1337.6202850486752	0.0	517.2797364209845	55.918822934769175
292	52.97118880485821	15650.490232111619	1339.4483898771446	0.0	517.6586683838684	52.97118880485821
293	54.212877754430544	15704.703109866045	1342.6771594354539	0.0	519.338154100333	54.212877754430544
294	50.84179834170744	15755.544908207756	1344.7347674487662	0.0	521.0120880081431	50.84179834170744
295	54.59577277217507	15810.140680979921	1350.9454556775258	0.0	520.4197382926178	54.59577277217507
296	50.449571042138835	15860.59025202206	1353.116368683706	0.0	523.5905404361343	50.449571042138835
297	51.464737484470085	15912.05498950654	1353.7495329916678	0.0	526.1011644247963	51.464737484470085
298	53.90168784094542	15965.956677347482	1359.6710216216397	0.0	527.8207379115826	53.90168784094542
299	51.57644614299705	16017.533123490477	1362.5081649726903	0.0	528.1530925188034	51.57644614299705
300	53.991544210478814	16071.524667700958	1363.6157181405003	0.0	524.9812210024521	53.991544210478814
301	51.55591836424822	16123.0805860652	1367.1136652883456	0.0	523.3581183894819	51.55591836424822
302	52.954535888331804	16176.035121953546	1373.1833935770314	0.0	522.4575187331792	52.954535888331804
303	52.25269390190519	16228.287815855441	1375.571315342618	0.0	522.2704341437604	52.25269390190519
304	47.452360096560184	16275.740175952005	1372.2131773884275	0.0	520.1516813506345	47.452360096560184
305	52.37944618635045	16328.119622138354	1376.3436151513538	0.0	520.2685022016512	52.37944618635045
306	55.15914051585679	16383.278762654205	1381.349451988505	0.0	522.743062613894	55.15914051585679
307	53.01047472291039	16436.289237377125	1385.4540286600525	0.0	524.4077109330949	53.01047472291039
308	56.27668519769085	16492.56592257481	1394.77244888235	0.0	527.4515218598234	56.27668519769085
309	54.03233563692169	16546.598258211736	1400.587598914225	0.0	532.8195831337819	54.03233563692169
310	53.8420105766847	16600.440268788418	1406.7626476591465	0.0	533.9472397136449	53.8420105766847
311	56.809684760509825	16657.249953548926	1413.9782681427491	0.0	534.8938041666746	56.809684760509825
312	57.158978943629506	16714.408932492566	1422.0208462231665	0.0	535.2556214040679	57.158978943629506
313	53.50089984889181	16767.90983234145	1427.5741766791482	0.0	536.7943290357681	53.50089984889181
314	57.144385908551385	16825.05421825	1436.5007840682179	0.0	533.6242236717818	57.144385908551385
315	51.385918351418084	16876.440136601414	1440.271192248655	0.0	533.1614772865737	51.385918351418084
316	55.57728680195251	16932.017423403366	1447.431822962326	0.0	536.9423746174222	55.57728680195251
317	48.451765718997734	16980.469189122374	1449.61454953372	0.0	536.4480103707454	48.451765718997734
318	52.039715445265	17032.508904567636	1452.4152180376716	0.0	535.6527778014238	52.039715445265
319	55.702156814024484	17088.211061381655	1460.7031024281468	0.0	535.7865075913206	55.702156814024484
320	51.56039663543776	17139.771458017098	1464.2480597160777	0.0	535.2402647352951	51.56039663543776
321	49.73391874096137	17189.505376758058	1463.1340312043683	0.0	535.0207244839492	49.73391874096137
322	51.42108664644278	17240.926463404507	1466.0836796340636	0.0	538.1158716997465	51.42108664644278
323	56.007320551238635	17296.933783955737	1473.4312377729586	0.0	543.605524422959	56.007320551238635
324	52.63461639401918	17349.56840034977	1477.3540311430327	0.0	543.2847617854054	52.63461639401918
325	53.73080774776792	17403.299208097524	1485.087275783225	0.0	547.3057716221265	53.73080774776792
326	52.88582662640451	17456.185034723927	1488.459399919213	0.0	545.1078508843842	52.88582662640451
327	49.575921002123266	17505.760955726055	1487.9271322415052	0.0	545.2440816780451	49.575921002123266
328	53.473127167317955	17559.234082893367	1493.3477403860184	0.0	546.9313470614951	53.473127167317955
329	50.92653016391907	17610.160613057298	1496.48430115125	0.0	547.0530265754704	50.92653016391907
330	57.78778579569149	17667.948398852986	1505.7504792480395	0.0	544.8372751015102	57.78778579569149
331	51.66625959966855	17719.614658452643	1510.2169458538017	0.0	545.4044131654088	51.66625959966855
332	55.237262488071146	17774.851920940724	1516.8172087967866	0.0	548.3547453754427	55.237262488071146
333	55.34922667684574	17830.20114761757	1523.5230554632133	0.0	547.6046993487216	55.34922667684574
334	55.67456962902063	17885.875717246585	1528.8845060108588	0.0	544.9900773190722	55.67456962902063
335	48.998427736589164	17934.874144983172	1527.0338661061876	0.0	547.4109953964326	48.998427736589164
336	50.573670068516094	17985.4478150517	1527.4627923141481	0.0	545.2187794259245	50.573670068516094
337	53.433356682681286	18038.881171734378	1531.4898275454384	0.0	544.6855869651686	53.433356682681286
338	53.79124268419876	18092.672414418572	1536.7516918627343	0.0	549.8074922507107	53.79124268419876
339	53.84072037765045	18146.51313479622	1541.9017527148444	0.0	552.028639132657	53.84072037765045
340	58.57008744957654	18205.0832222458	1553.3988984283842	0.0	556.4122119281739	58.57008744957654
341	54.43459070960241	18259.5178129554	1559.855403571144	0.0	558.8342224122897	54.43459070960241
342	49.712343434699996	18309.230156390095	1561.3394445690649	0.0	556.9837619958164	49.712343434699996
343	54.59765978324897	18363.82781617335	1567.9620707141207	0.0	553.9178276554856	54.59765978324897
344	54.10987691316188	18417.937693086507	1573.7896002266584	0.0	553.7082903713582	54.10987691316188
345	56.38137097936222	18474.319064065876	1582.9818545367348	0.0	554.3081793963091	56.38137097936222
346	49.68090559055551	18523.99996965642	1583.5061242991555	0.0	555.3814765649914	49.68090559055551
347	55.03763995268526	18579.037609609113	1590.6696400176543	0.0	557.8324842963383	55.03763995268526
348	53.11294462548439	18632.15055423459	1598.3911876923876	0.0	558.5364061756087	53.11294462548439
349	54.484632355536945	18686.635186590134	1603.2996530308033	0.0	560.4469180296866	54.484632355536945
350	54.461552099979514	18741.096738690114	1606.8824456513682	0.0	563.7082839178252	54.461552099979514
351	50.1395646313452	18791.23630332146	1609.4956513400714	0.0	565.5164544390819	50.1395646313452
352	50.647608048733744	18841.883911370198	1610.5130773474107	0.0	564.6219758792575	50.647608048733744
353	51.63145149762759	18893.515362867824	1611.0793062550883	0.0	563.6625956322133	51.63145149762759
354	51.63146421056997	18945.146827078395	1616.453345682605	0.0	563.795628306006	51.63146421056997
355	50.61067079251387	18995.75749787091	1620.341558770336	0.0	561.7921467976199	50.61067079251387
356	54.74818700520486	19050.505684876112	1625.3540244121855	0.0	563.3192695827972	54.74818700520486
357	55.057264640611905	19105.562949516723	1632.0652876122672	0.0	563.1472381958528	55.057264640611905
358	53.83569003299775	19159.398639549723	1634.6149853294003	0.0	566.7903177091961	53.83569003299775
359	55.644534508179525	19215.043174057897	1639.6324464398308	0.0	567.8235419885198	55.644534508179525
360	51.28625180782414	19266.32942586573	1643.4159978955304	0.0	570.4948984741287	51.28625180782414
361	54.59198615540517	19320.921412021133	1649.6288483779322	0.0	570.0982732904154	54.59198615540517
362	51.394753604314594	19372.316165625445	1653.4396527295644	0.0	571.7878049519528	51.394753604314594
363	50.79083153468923	19423.10699716013	1655.1640308217277	0.0	570.6209400469759	50.79083153468923
364	54.050559003134204	19477.157556163274	1660.2364743487933	0.0	571.292706979986	54.050559003134204
365	54.6128898320542	19531.770445995313	1666.849387610639	0.0	571.874409369804	54.6128898320542
366	54.85717233538309	19586.62761833071	1671.4106587201604	0.0	573.4881993515107	54.85717233538309
367	50.05173618245436	19636.67935451317	1670.894936891077	0.0	571.082634531718	50.05173618245436
368	53.273150921549025	19689.952505434707	1676.2211279672765	0.0	573.1060980781483	53.273150921549025
369	52.21355784253345	19742.166063277236	1678.1386329346146	0.0	576.6673273868772	52.21355784253345
370	53.63529027989917	19795.801353557144	1681.7942513809937	0.0	583.6234320432216	53.63529027989917
371	52.543851042023476	19848.345204599158	1685.6860366199849	0.0	587.8185406200568	52.543851042023476
372	60.16078650645781	19908.505991105627	1695.4005525004345	0.0	589.4530227781152	60.16078650645781
373	50.966837777306324	19959.472828882925	1696.3013307784518	0.0	592.8281901740544	50.966837777306324
374	54.12930500606308	20013.602133888988	1702.166169305987	0.0	594.410081145454	54.12930500606308
375	52.595149933428885	20066.19728382241	1704.9254818944517	0.0	592.1674680403454	52.595149933428885
376	55.72871616269441	20121.92599998512	1714.6443086083016	0.0	594.7802047588816	55.72871616269441
377	51.32380977171246	20173.24980975683	1717.9399968262867	0.0	594.0666817273998	51.32380977171246
378	52.64284008432116	20225.892649841153	1723.2929972654456	0.0	595.9286265539984	52.64284008432116
379	53.08825554333765	20278.980905384487	1725.0654732277062	0.0	595.8045858429064	53.08825554333765
380	56.936796251005774	20335.9177016355	1733.847971658826	0.0	593.8762013110453	56.936796251005774
381	53.199469678574495	20389.11717131407	1738.104560595038	0.0	594.2260853980947	53.199469678574495
382	58.34600541726773	20447.463176731337	1749.6527182026082	0.0	596.7454252399048	58.34600541726773
383	52.83439438155916	20500.297571112897	1752.687617830698	0.0	600.9860772212434	52.83439438155916
384	48.84122321746332	20549.138794330345	1751.6883096051556	0.0	601.4612163780104	48.84122321746332
385	50.78146008461479	20599.92025441496	1754.5510108623366	0.0	600.8503209042851	50.78146008461479
386	52.82891937732928	20652.749173792305	1758.9434864648863	0.0	600.3118334988595	52.82891937732928
387	54.608841901489626	20707.358015693793	1765.9993803800858	0.0	603.2858855848438	54.608841901489626
388	53.691278844000095	20761.049294537796	1768.7873686615776	0.0	604.7589565806302	53.691278844000095
389	52.33526311145818	20813.38455764925	1771.9986293047593	0.0	601.3017386566753	52.33526311145818
390	52.09184407835373	20865.4764017276	1775.650418592226	0.0	600.7346209517519	52.09184407835373
391	52.937413282697605	20918.413815010303	1779.3332858628187	0.0	600.82803785704	52.937413282697605
392	52.921694805610215	20971.33550981591	1783.5490421727889	0.0	600.6537569675678	52.921694805610215
393	52.184967830504185	21023.520477646416	1787.6061249630336	0.0	601.9916851540897	52.184967830504185
394	50.500014622770685	21074.02049226918	1789.793751396958	0.0	602.7508470031901	50.500014622770685
395	52.49397641262522	21126.514468681802	1792.154830383606	0.0	602.3804773096017	52.49397641262522
396	54.86567813883041	21181.380146820637	1795.6075097121973	0.0	604.2913166357813	54.86567813883041
397	57.912825344507	21239.29297216514	1806.281600363159	0.0	604.1592661465678	57.912825344507
398	54.90846018003345	21294.201432345166	1811.0138773107128	0.0	604.6223477654007	54.90846018003345
399	54.134705668547966	21348.336138013732	1818.8723493645832	0.0	603.8476097524705	54.134705668547966
400	51.741765696810546	21400.077903710535	1821.0055566593114	0.0	603.1408549394334	51.741765696810546
401	55.29902131782436	21455.37692502836	1829.6450954220063	0.0	601.4009695120806	55.29902131782436
402	52.50873784761443	21507.885662875982	1833.5729643327288	0.0	608.4130579466064	52.50873784761443
403	52.20911379685028	21560.09477667282	1836.091233712195	0.0	608.957643390474	52.20911379685028
404	54.97791709209549	21615.07269376492	1842.0835489428405	0.0	609.8925369318105	54.97791709209549
405	53.214321931136666	21668.287015696067	1847.6749229908683	0.0	612.9140663588381	53.214321931136666
406	59.737168221744334	21728.024183917794	1858.166685042072	0.0	610.823639189958	59.737168221744334
407	53.27303196159271	21781.297215879393	1862.3569850718789	0.0	610.0711348615669	53.27303196159271
408	54.534540635387195	21835.831756514785	1868.3593634942379	0.0	608.0637613889861	54.534540635387195
409	52.19355070001285	21888.025307214797	1871.6776433553307	0.0	609.8479572430626	52.19355070001285
410	53.018676890601064	21941.043984105396	1871.3472239228618	0.0	610.4011069876029	53.018676890601064
411	54.01174247775284	21995.05572658315	1875.4708606110053	0.0	609.5451229459846	54.01174247775284
412	50.89078129709087	22045.946507880242	1875.8382226107153	0.0	610.4800466787606	50.89078129709087
413	56.07557358701268	22102.022081467243	1881.5627484010938	0.0	611.8203155787071	56.07557358701268
414	51.08799291558775	22153.110074382847	1883.2454834029695	0.0	612.8324360151884	51.08799291558775
415	48.995602565392595	22202.10567694823	1884.780241082596	0.0	610.2640740492233	48.995602565392595
416	56.96800153962326	22259.073678487865	1892.1306628412322	0.0	612.0235380083956	56.96800153962326
417	54.590552081511056	22313.664230569364	1896.2189840012152	0.0	617.6191631130536	54.590552081511056
418	53.5292078118488	22367.19343838122	1901.9712697462808	0.0	614.9028824586262	53.5292078118488
419	52.670569634200646	22419.864008015415	1905.7680622941332	0.0	613.507702208645	52.670569634200646
420	53.21336445351566	22473.077372468928	1909.0365763498205	0.0	612.2309990066209	53.21336445351566
421	54.29345384374688	22527.37082631268	1914.2959767504883	0.0	611.0032988141014	54.29345384374688
422	52.44314591346886	22579.813972226148	1918.1840802892214	0.0	612.5333418911229	52.44314591346886
423	50.860865296855536	22630.67483752301	1921.1644352675141	0.0	612.7532771110406	50.860865296855536
424	52.313019442192974	22682.987856965206	1923.9046301648089	0.0	611.9453245945277	52.313019442192974
425	57.4798719175983	22740.467728882795	1935.0987838102624	0.0	614.5700422560625	57.4798719175983
426	54.617436546655064	22795.08516542945	1939.8587032459295	0.0	615.8945020233529	54.617436546655064
427	51.883949975708404	22846.96911540516	1943.0121686280704	0.0	613.0679226616211	51.883949975708404
428	53.82710019567486	22900.796215600843	1945.6856513011965	0.0	612.2990962306366	53.82710019567486
429	54.93460002734505	22955.730815628194	1953.2568632506518	0.0	611.7823634349795	54.93460002734505
430	54.14270645801333	23009.873522086185	1956.435184466657	0.0	612.0051832444238	54.14270645801333
431	55.08029805296678	23064.95382013917	1960.022650185008	0.0	612.1177613947076	55.08029805296678
432	54.16156945730124	23119.11538959646	1967.3319046082197	0.0	610.6446740018558	54.16156945730124
433	56.76599269860276	23175.88138229506	1974.8556408527666	0.0	612.576117552444	56.76599269860276
434	51.162031814887605	23227.043414109954	1977.2130370476207	0.0	611.3655940966654	51.162031814887605
435	54.921949511126876	23281.965363621082	1983.9328485388132	0.0	607.7108422955447	54.921949511126876
436	50.45887548085475	23332.424239101936	1985.6242492930164	0.0	607.3520337923247	50.45887548085475
437	54.73839118216321	23387.162630284078	1990.8377404071068	0.0	605.7444552957871	54.73839118216321
438	54.08825173097654	23441.250882015076	1997.6037312246074	0.0	608.2997905159659	54.08825173097654
439	54.72552890294799	23495.97641091802	2004.933195950248	0.0	610.7816804599067	54.72552890294799
440	52.549211100324264	23548.52562201835	2011.5913174483512	0.0	613.8228802293906	52.549211100324264
441	50.21776528041846	23598.74338729877	2012.366909843339	0.0	613.6226736427616	50.21776528041846
442	53.10229065361793	23651.845677952377	2017.48485750533	0.0	616.0307580461867	53.10229065361793
443	52.35612147665117	23704.201799429036	2021.546264378309	0.0	616.4079773772289	52.35612147665117
444	48.077185000821025	23752.278984429846	2019.037611254971	0.0	615.8755769854994	48.077185000821025
445	53.75094547597971	23806.029929905828	2025.6106145633346	0.0	619.5176357230553	53.75094547597971
446	56.37102642678539	23862.400956332614	2032.6687672247108	0.0	620.522014827499	56.37102642678539
447	56.92141823269824	23919.322374565316	2042.603615499563	0.0	624.7886694685263	56.92141823269824
448	51.57071190520538	23970.893086470533	2046.436367588024	0.0	625.6452265349652	51.57071190520538
449	52.13995432301203	24023.033040793533	2049.284455219437	0.0	625.7390933857481	52.13995432301203
450	51.892722312400814	24074.92576310593	2051.035646927852	0.0	627.5472367736631	51.892722312400814
451	48.82888746018386	24123.754650566127	2050.959238580123	0.0	624.8071156431495	48.82888746018386
452	54.990076811659	24178.744727377776	2056.735504294126	0.0	628.0114916954682	54.990076811659
453	53.12353635730233	24231.868263735087	2062.8474895175586	0.0	630.7330118285653	53.12353635730233
454	51.51975365512197	24283.3880173902	2067.0614600336294	0.0	626.0071768500363	51.51975365512197
455	55.280268090494474	24338.668285480704	2073.325916420394	0.0	626.2729139828409	55.280268090494474
456	50.822132463777045	24389.490417944482	2076.217659417314	0.0	623.0960250370888	50.822132463777045
457	55.71143391709248	24445.201851861555	2084.4680700627728	0.0	621.1044409115109	55.71143391709248
458	53.09824064731786	24498.30009250889	2088.6748371904	0.0	624.0023526866806	53.09824064731786
459	51.367764468712394	24549.667856977605	2091.4939826540503	0.0	625.2808982765941	51.367764468712394
460	53.38071924778192	24603.048576225374	2098.333681165576	0.0	627.1955127718185	53.38071924778192
461	54.00205560064754	24657.050631826027	2102.3979592991327	0.0	624.804451997	54.00205560064754
462	52.7615542460587	24709.812186072082	2105.978639518383	0.0	625.7981123514724	52.7615542460587
463	51.45392006339982	24761.26610613549	2108.4981649588117	0.0	627.5325404542613	51.45392006339982
464	50.87540649986221	24812.141512635335	2110.2724632860923	0.0	628.5246832279063	50.87540649986221
465	54.92606251130955	24867.067575146644	2116.490723732221	0.0	628.2821387282523	54.92606251130955
466	51.710237483240725	24918.77781262989	2117.065471357217	0.0	628.7955273530998	51.710237483240725
467	50.00358752985562	24968.781400159754	2118.4335141350707	0.0	630.8773860290336	50.00358752985562
468	52.85424989041255	25021.63565005017	2124.3499355421836	0.0	634.3934455264455	52.85424989041255
469	54.857431944775406	25076.493081994937	2131.4713696628046	0.0	636.1769596930562	54.857431944775406
470	56.22114722049705	25132.71422921543	2138.003398478393	0.0	636.2343369667418	56.22114722049705
471	53.81391287475231	25186.528142090207	2142.0122731838806	0.0	636.5677103110788	53.81391287475231
472	50.20899981384497	25236.73714190403	2140.3252168193953	0.0	634.2475109867702	50.20899981384497
473	52.290921462625555	25289.028063366655	2143.921980717174	0.0	631.6660754791234	52.290921462625555
474	52.189550632421735	25341.217613999084	2148.582126769901	0.0	630.9126723553369	52.189550632421735
475	53.416718573644495	25394.634332572714	2153.55863786688	0.0	631.3600996887398	53.416718573644495
476	51.32305886272715	25445.957391435444	2155.495806494083	0.0	631.6046796007287	51.32305886272715
477	55.00088259577601	25500.95827403123	2162.1399955845386	0.0	634.5842623437533	55.00088259577601
478	52.65013678361435	25553.60841081484	2164.3344613650224	0.0	633.7791261644461	52.65013678361435
479	48.79351334444461	25602.40192415929	2164.6660827257315	0.0	633.1266715096809	48.79351334444461
480	51.90014834914845	25654.302072508428	2167.341956343712	0.0	633.3323708023814	51.90014834914845
481	50.95820623143358	25705.26027873987	2167.2665914136605	0.0	629.9836861342316	50.95820623143358
482	55.67255762650338	25760.932836366374	2174.4304499819987	0.0	632.3583368756322	55.67255762650338
483	50.93762276817297	25811.870459134556	2176.6262188154096	0.0	634.0318198397263	50.93762276817297
484	53.573324787278835	25865.443783921823	2182.044582693238	0.0	635.0873241846755	53.573324787278835
485	53.65107868657579	25919.094862608403	2188.3829006308706	0.0	637.670311228847	53.65107868657579
486	48.23970134711826	25967.33456395552	2188.7956291233418	0.0	637.5052426839295	48.23970134711826
487	54.05082348338737	26021.385387438917	2195.2705155313524	0.0	636.3483915384501	54.05082348338737
488	52.16406596704257	26073.54945340594	2198.7231777119623	0.0	635.8317434961491	52.16406596704257
489	55.98215322377287	26129.531606629735	2205.7365684154747	0.0	634.5840896888832	55.98215322377287
490	52.72566968846364	26182.25727631818	2209.790429426575	0.0	635.1956588551218	52.72566968846364
491	56.927644981048196	26239.184921299227	2214.8860146032703	0.0	634.4429909465468	56.927644981048196
492	53.4040814265528	26292.589002725785	2218.448287673722	0.0	631.5172268308445	53.4040814265528
493	54.979624403081516	26347.568627128865	2225.1660847089497	0.0	630.3153851412897	54.979624403081516
494	53.64841894807325	26401.217046076945	2230.534659747734	0.0	628.9505944511529	53.64841894807325
495	52.27723699570066	26453.494283072632	2233.4468395123754	0.0	627.0965031841714	52.27723699570066
496	54.38166295551686	26507.87594602817	2239.7341724793064	0.0	624.3114312026992	54.38166295551686
497	53.86724099857075	26561.743187026732	2246.4695920570944	0.0	624.7661046645678	53.86724099857075
498	55.277721376511344	26617.02090840323	2250.9238171214784	0.0	626.0903173861676	55.277721376511344
499	54.36716008689924	26671.388068490134	2255.5484219369637	0.0	625.3390436384469	54.36716008689924
500	56.84611476794993	26728.23418325809	2263.303770026475	0.0	622.4389812213201	56.84611476794993
501	52.57494789762338	26780.8091311557	2268.5568884813565	0.0	620.313197977233	52.57494789762338
502	53.751251787952995	26834.560382943666	2268.5568884813565	0.0	623.2952114349105	53.751251787952995
