task	reward	total_reward	total_regret	relative	total_reward_dev
0	71.10164421581104	71.10164421581104	23.88751284756063	0.0	8.156920396938057
1	71.69029187677978	142.79193609259084	51.557360521930306	0.0	11.446032615324729
2	70.50776633148398	213.29970242407478	78.4585368025703	0.0	14.354370599879049
3	71.27040802132694	284.5701104454018	102.7688105368772	0.0	17.24880543997702
4	71.4617767668412	356.0318872122431	127.55054591653393	0.0	19.597913457983967
5	71.12252233725377	427.1544095494965	151.83364712109633	0.0	20.37743163873839
6	71.07077831295696	498.2251878624535	177.89245225639945	0.0	22.994831193616438
7	70.8373797477759	569.0625676102295	203.85443689034722	0.0	24.143481583724295
8	71.82503613421233	640.8876037444421	229.7464500898855	0.0	24.72673900998054
9	72.1936325557605	713.0812363002026	257.84921618058	0.0	26.65281490899514
10	70.86017157301688	783.9414078732195	282.68408690347934	0.0	28.04437034820455
11	71.68054726765413	855.6219551408735	309.4409607775402	0.0	30.28700653916524
12	72.40944907829792	928.0314042191718	335.65008299426825	0.0	31.474147575513925
13	71.02448637309848	999.05589059227	361.0173070497442	0.0	33.12770564591811
14	71.3983936429996	1070.4542842352691	386.59233810507584	0.0	33.18936961939498
15	72.09718043104414	1142.5514646663137	412.21815541956545	0.0	34.42751093433669
16	72.69494872362095	1215.2464133899346	440.24777972228446	0.0	35.45749008326551
17	71.64768381178635	1286.8940972017215	467.5427142281954	0.0	36.250280133367866
18	72.25923125330748	1359.153328455028	493.3863517753395	0.0	36.78408146357224
19	71.1456183488291	1430.2989468038577	520.9793240277281	0.0	38.02760990661796
20	73.09425587627771	1503.393202680136	549.7827716310862	0.0	38.448045208718675
21	70.981943836631	1574.375146516766	573.8230744340742	0.0	40.078963288669904
22	71.76085509693307	1646.1360016136998	599.1501938148235	0.0	41.61631969640161
23	70.94264436867867	1717.0786459823776	625.8272276854026	0.0	42.3257145851368
24	72.5999948368117	1789.6786408191892	653.0885851176799	0.0	43.70978455432639
25	72.87293899273052	1862.5515798119204	680.9020675299555	0.0	44.18617334234464
26	70.86375748797681	1933.4153372998967	707.5297195361676	0.0	45.71738561689463
27	71.73740736115563	2005.1527446610532	735.1743256316764	0.0	44.52178434758406
28	70.7127287162396	2075.865473377292	760.6328127201606	0.0	44.79235791380268
29	71.41550928705708	2147.2809826643493	787.7747699263507	0.0	46.57262735349825
30	72.15677795429205	2219.437760618641	817.9900419224589	0.0	47.591229083904366
31	71.2385145052857	2290.6762751239276	845.0579227079382	0.0	48.60178781008279
32	69.77810439991862	2360.454379523846	868.5356159590768	0.0	49.01784878343306
33	71.16338044644591	2431.6177599702914	893.9718192528151	0.0	48.35810525703245
34	72.08299556386673	2503.7007555341584	920.8416973503921	0.0	50.260968243049014
35	72.70560718582809	2576.406362719986	947.8404037376199	0.0	50.38479630116206
36	71.81738493534847	2648.223747655335	976.0036114804527	0.0	50.173048213128645
37	71.69275919445822	2719.9165068497928	1001.6099328623117	0.0	49.80671361828605
38	73.57835965518846	2793.494866504981	1030.240164133678	0.0	49.91198973901339
39	72.374711232932	2865.8695777379135	1055.277077759103	0.0	50.09079624437228
40	72.26516864453842	2938.134746382452	1081.215453957622	0.0	51.45776129588288
41	70.85806444477315	3008.9928108272243	1107.482975638902	0.0	52.35895448448906
42	72.21024568279807	3081.203056510023	1131.7861852629428	0.0	52.949724636482046
43	71.9015338731912	3153.104590383215	1157.3810122302727	0.0	52.02292401610579
44	72.73714421373967	3225.841734596954	1182.6861148447183	0.0	53.22183340879964
45	70.09517063403102	3295.9369052309858	1206.1708970066404	0.0	54.17042608251231
46	72.22947622837164	3368.1663814593553	1233.0264386330973	0.0	54.45528169598108
47	71.45333140402644	3439.619712863382	1259.597775420978	0.0	56.421336747634044
48	71.76393119529345	3511.3836440586765	1288.0206288681059	0.0	56.32593974353999
49	71.45362382129613	3582.8372678799733	1314.7855484252061	0.0	57.300165266832764
50	71.23167251592459	3654.0689403958963	1340.397431212102	0.0	58.84427586438508
51	71.98997289524324	3726.0589132911405	1366.5317279992464	0.0	59.21917068686764
52	72.03717918947483	3798.096092480616	1390.925922627667	0.0	60.7253571478916
53	71.64681433237048	3869.7429068129845	1417.4398975360757	0.0	61.71928765833867
54	71.72661131631656	3941.4695181293027	1443.0137185477504	0.0	62.82473172750934
55	72.55834271344165	4014.027860842745	1468.5073832655282	0.0	63.99877407583396
56	72.31966768508514	4086.3475285278278	1496.6919089071334	0.0	63.27266539461666
57	70.74754680853685	4157.095075336367	1523.1246353381339	0.0	62.9461363351722
58	71.57086005246954	4228.665935388835	1548.578530482397	0.0	62.6967528398093
59	71.11316731438755	4299.779102703224	1576.9034375109331	0.0	62.98715269085362
60	71.23818595319892	4371.017288656421	1604.0558736520536	0.0	62.99539143438094
61	70.56673591911755	4441.58402457554	1628.5997830323822	0.0	63.74331321379288
62	72.38666100216611	4513.970685577705	1654.8108185741592	0.0	64.04731218857701
63	71.6858267097821	4585.65651228749	1683.8919854446458	0.0	63.505775772003204
64	71.25542132777474	4656.911933615261	1707.9322138153927	0.0	61.97616484811301
65	70.72359493816093	4727.6355285534255	1735.602674809376	0.0	62.19925677277134
66	72.20487905836187	4799.840407611786	1763.6625921666614	0.0	63.55899731864695
67	72.05107061732416	4871.891478229108	1789.2398227292035	0.0	64.0376282411548
68	70.97243799368485	4942.863916222793	1811.7436729635435	0.0	66.68698930608983
69	72.11080089406133	5014.974717116856	1838.8340947388988	0.0	67.20191855473684
70	71.0765015276103	5086.051218644466	1865.3442838156582	0.0	67.29134685022076
71	71.43402954571144	5157.485248190177	1890.5253515041584	0.0	66.59812200135922
72	72.16440865849803	5229.649656848674	1916.949495097738	0.0	67.66644789356197
73	71.04693566335165	5300.696592512025	1944.9238250595643	0.0	67.20166984877956
74	71.00454122217316	5371.701133734197	1969.7840256998297	0.0	68.73224635968103
75	72.57444285810362	5444.275576592303	1996.569331362674	0.0	69.06605503980116
76	70.57178397163302	5514.847360563936	2018.6918858466133	0.0	69.45846382684654
77	72.29428606368009	5587.141646627616	2046.1624470452507	0.0	69.24650586015495
78	71.95780034545457	5659.099446973072	2073.9006359879	0.0	70.39015310971588
79	71.109720863567	5730.209167836637	2097.8313009392164	0.0	71.94780523317287
80	71.36765482924403	5801.576822665882	2127.0716023312493	0.0	72.20062610615457
81	71.14458060232845	5872.721403268213	2153.856129795911	0.0	73.52535217515805
82	70.33498389355488	5943.056387161765	2179.2691486546987	0.0	73.69263188694516
83	72.069050470136	6015.125437631901	2206.274272166374	0.0	73.13354398431181
84	71.22797082993334	6086.353408461836	2231.9564026619646	0.0	72.87468881881765
85	71.4870660386125	6157.840474500448	2258.9368603174335	0.0	73.70399089024222
86	71.08124819360488	6228.921722694052	2280.764137975503	0.0	73.25070679979981
87	71.14283206863412	6300.064554762689	2305.4107086725903	0.0	73.71591968574411
88	71.70088995413876	6371.765444716825	2332.07605506943	0.0	74.67269132101787
89	70.3519367233	6442.117381440121	2358.867269910823	0.0	75.31373355855665
90	72.24522587270614	6514.3626073128335	2387.414680733294	0.0	75.86201772028753
91	72.8533032207828	6587.215910533617	2416.534830089899	0.0	77.806204349165
92	72.26162156072765	6659.477532094344	2442.4264548998362	0.0	78.61268854020206
93	71.60770665131268	6731.0852387456525	2467.5661736033703	0.0	79.33416637141251
94	70.50115100274233	6801.586389748395	2494.631311388302	0.0	79.24101016795149
95	70.92114584616364	6872.507535594557	2519.3844361094916	0.0	79.1955439474525
96	71.64437897354061	6944.151914568102	2544.5001773051613	0.0	80.78486614741087
97	70.65109418087303	7014.803008748976	2571.4734578965617	0.0	81.01263034583503
98	70.74943792217479	7085.552446671148	2596.737994168918	0.0	83.00118629679244
99	71.5451201622073	7157.097566833358	2626.4973880730877	0.0	82.95786981617802
100	71.01183456901917	7228.109401402375	2651.7920096157527	71.57007757186568	82.79016512162198
101	71.86044395875695	7299.9698453611345	2679.280987477223	71.5717790926854	82.3038199363995
102	71.90515521458167	7371.875000575714	2705.829739756113	71.58575298151639	81.25104649921943
103	70.85549321955592	7442.730493795272	2732.147865607089	71.58160383349869	82.76176125711794
104	71.04754647470367	7513.778040269973	2758.9478851807244	71.57746153057731	83.42343644717064
105	72.67173482409964	7586.4497750940745	2786.6348606817382	71.59295365544577	83.80351515058761
106	72.26816898669516	7658.717944080767	2812.910959149395	71.60492756218315	84.15220533757196
107	71.14695917754513	7729.864903258311	2837.5780702849497	71.60802335648086	83.36306124200807
108	72.41427695670842	7802.279180215023	2864.0668417092184	71.6139157647058	82.49501210585046
109	70.74915002052711	7873.02833023555	2888.6664838662273	71.59947093935348	84.45705569774705
110	70.70569109838898	7943.734021333938	2912.9092919209047	71.59792613460719	86.76659687264537
111	71.12291799031738	8014.856939324257	2939.2521329126967	71.59234984183385	87.03913431187388
112	70.62361254252902	8085.480551866785	2963.4649862392957	71.57449147647614	86.77160460526348
113	72.21884484848876	8157.699396715274	2988.387611094854	71.58643506123003	86.80947931981822
114	73.26714303499497	8230.966539750272	3013.595715872985	71.60512255515	87.16303345206316
115	71.96571474379381	8302.932254494064	3040.3183197810454	71.60380789827747	87.73763825282182
116	72.5224428702931	8375.454697364354	3067.6026402947227	71.60208283974421	88.2599940937699
117	73.20949940630797	8448.664196770662	3095.828952363492	71.61770099568943	88.80867657571034
118	71.1889053522529	8519.853102122912	3123.314539234456	71.60699773667889	88.27303142761474
119	71.32562813831082	8591.178730261227	3149.2359778679074	71.60879783457368	87.29956983665033
120	72.98962516210838	8664.168355423335	3175.9607356341808	71.60775152743197	87.92816792926166
121	71.71029418588633	8735.878649609223	3203.045105794028	71.61503503092457	88.35409143769063
122	71.02226586416644	8806.900915473387	3230.1777536732498	71.60764913859691	88.80319151572483
123	71.87673739393084	8878.777652867322	3255.85125965137	71.61699006884943	88.45862793956033
124	70.75488435825876	8949.532537225576	3283.7045752993636	71.59853896406386	89.81765039359827
125	71.43781580539216	9020.97035303097	3308.464696094563	71.58418773219047	90.00002613558468
126	71.02406479499136	9091.994417825965	3337.5986878780013	71.58579080526064	90.39562668293308
127	73.7890354632027	9165.783453289165	3366.500211075214	71.6063070862811	89.98492666344184
128	71.33553068096478	9237.11898397013	3391.660211406511	71.61253510592836	90.14234741167901
129	72.39054353892159	9309.50952750905	3419.394939661982	71.622285448447	89.81104397408731
130	71.29379878491002	9380.80332629396	3442.8885896783045	71.6136556567532	89.96296233878607
131	72.82871821873955	9453.632044512704	3469.575337407896	71.6295576938877	89.20588737619534
132	72.38494675885936	9526.016991271557	3496.9962545362237	71.65562611747714	90.23116500762235
133	71.70361881795249	9597.720610089511	3523.3154345063062	71.6610285011922	90.01687201494983
134	71.10627761589848	9668.82688770541	3550.0618459676543	71.65126132171251	91.18948362101987
135	72.61735964119306	9741.444247346604	3578.6374817238748	71.65037884626618	92.36531951058502
136	70.46326394364547	9811.907511290245	3605.0391369249974	71.63683763634917	92.02293532264244
137	70.28424981405782	9882.191761104305	3630.2538124938724	71.62275254254514	91.64497246633977
138	69.93587993853562	9952.127641042842	3655.815459346409	71.58632774537861	91.33171723087878
139	71.50729331495181	10023.634934357797	3683.7271013536047	71.57765356619882	92.50350857234072
140	70.842429089642	10094.477363447439	3708.7894468417853	71.56342617064983	92.66505634017764
141	70.56148136340352	10165.038844810839	3733.80164713166	71.56046033983614	92.88315617553887
142	72.28480577537043	10237.323650586208	3762.3805043583516	71.56120594076188	93.44895607083954
143	71.5405208200455	10308.864171406252	3785.261411114062	71.55759581023038	92.66876225193528
144	72.2901885183915	10381.154359924647	3811.3590558015626	71.55312625327694	92.52650374648239
145	71.03004484954572	10452.18440477419	3833.677470184334	71.56247499543208	93.90013405577518
146	71.76640756846878	10523.950812342657	3859.9776404033933	71.55784430883303	93.64967149266235
147	71.08841618932036	10595.039228531981	3883.978064734233	71.554195156686	95.23472451600483
148	70.90053994888794	10665.93976848087	3909.8729007041675	71.54556124422194	93.55639688947647
149	71.6703922882007	10737.610160769069	3935.993495910908	71.54772892889096	93.96580430623938
150	70.15689138758586	10807.76705215666	3957.7515320477423	71.5369811176076	94.57850936882058
151	72.25055897061303	10880.01761112727	3984.1676174364447	71.5395869783613	95.1362462501351
152	71.57190486476759	10951.589515992038	4010.2117368708655	71.53493423511422	95.5004968780936
153	71.07540600451624	11022.664921996555	4036.2864828999755	71.52922015183567	95.2789286289693
154	71.59255102469315	11094.257473021244	4062.135742240437	71.52787954891944	95.03519985292698
155	71.24317864724183	11165.500651668488	4086.4698095889803	71.51472790825744	96.11528026992512
156	72.09542258023025	11237.59607424872	4112.2879195155	71.5124854572089	96.49617035027671
157	71.93646235321947	11309.532536601933	4137.290765115326	71.52437461265576	96.27007456564404
158	69.98476932807756	11379.517305930012	4162.4363589102395	71.50851370541183	96.52188032793008
159	72.02788717552376	11451.545193105538	4188.960056775595	71.51766090402312	95.82094595357168
160	70.54652775724031	11522.09172086278	4213.488273736509	71.51074432206356	96.99571219997638
161	72.13256781039523	11594.224288673173	4241.498374274385	71.52640264097634	96.28828070360946
162	72.19121980714714	11666.415508480317	4265.698244912189	71.52444822902616	96.32688716818062
163	73.35288660654145	11739.768395086861	4294.133239397732	71.54111882799373	95.74749617397981
164	71.76446178042318	11811.532856867285	4321.4925002465525	71.54620923252025	96.25729213325032
165	72.22872176800394	11883.761578635289	4346.159265661424	71.56126050081868	98.05931858575106
166	73.07809363952512	11956.839672274818	4373.262881580245	71.56999264663028	97.05779359498126
167	71.55116251754653	12028.390834792359	4400.835122189482	71.56499356563248	98.04397726549088
168	71.88280469609904	12100.273639488458	4427.9999489649235	71.57409723265663	97.76189359889
169	72.53934376771014	12172.812983256168	4454.86844019877	71.57838266139315	98.02273362661204
170	71.84788538222504	12244.660868638395	4479.348127889569	71.58609649993933	98.2660669808173
171	70.8789542107429	12315.539822849143	4506.26969574701	71.58054574658964	98.8824816231099
172	71.55998066990054	12387.099803519039	4532.1404372733	71.57450146670364	97.90220652589232
173	71.13775567526764	12458.237559194304	4559.698441952508	71.57540966682281	99.13220174837078
174	71.15590591694166	12529.393465111254	4587.765337590812	71.57692331377052	97.2083156818244
175	71.29696107814031	12600.690426189392	4613.3369481274385	71.56414849597085	98.77001817603094
176	72.45683348932648	12673.147259678713	4637.42666983707	71.5829989911478	99.54154848431726
177	72.83085573755754	12745.978115416274	4665.9019252026765	71.58836468788652	99.8695330296462
178	71.93279760018144	12817.91091301645	4694.182665637555	71.58811466043382	99.80783941577893
179	70.41519874758353	12888.32611176404	4721.835012196828	71.58116943927403	100.51117210081986
180	70.88322462852821	12959.20933639257	4748.976621375374	71.57632513726682	99.57826631369669
181	71.40871852360807	13030.618054916176	4773.732528468247	71.57896651647962	98.66832615896202
182	71.36737966425957	13101.985434580436	4798.924250678766	71.58929047418671	98.60763976743256
183	71.47784373820242	13173.463278318632	4825.464782233677	71.58337840686735	99.2843426398295
184	71.81629248331268	13245.279570801957	4851.289782765389	71.58926162340114	99.4019571975943
185	72.67152600485471	13317.951096806806	4880.125625584403	71.6011062230636	99.2924434724368
186	71.36914855932861	13389.320245366143	4905.004922283829	71.6039852267208	98.99926212792171
187	72.19973387070607	13461.519979236838	4931.836277306908	71.61455424474154	99.69330542450216
188	72.41988237671211	13533.939861613551	4956.655052823937	71.62174416896724	101.21110898675325
189	72.49349263776281	13606.433354251314	4983.826031363622	71.64315972811187	101.04200973016717
190	72.0134914678287	13678.44684571914	5008.571258584459	71.64084238406312	101.33584145168928
191	71.07487534747371	13749.521721066614	5034.222062178618	71.62305810533002	102.30409304310376
192	71.7623024242991	13821.28402349092	5061.691958358598	71.61806491396574	103.19450545393477
193	70.33009698911302	13891.61412048003	5086.448402908604	71.60528881734373	104.1057366647053
194	70.40193526573054	13962.016055745764	5113.7247193309795	71.60429665997361	106.18125277984018
195	69.7152114030649	14031.731267148827	5135.806906512779	71.59223731554266	106.98996720442645
196	71.71734651388252	14103.448613662702	5162.512213154751	71.59296699094607	108.48329870539831
197	71.39672172117248	14174.845335383883	5188.41476769993	71.60042326634904	107.80987918818434
198	72.35373594266147	14247.199071326544	5214.098693756951	71.61646624655393	107.70756936038634
199	72.16399159708449	14319.363062923625	5240.782929565524	71.62265496090272	110.04891804041742
200	72.34249596780008	14391.705558891425	5267.275998898258	71.63596157489047	110.08574683368046
201	70.76748074650294	14462.473039637933	5293.308759966246	71.62503194276796	109.5480173244211
202	72.39352144417111	14534.866561082097	5318.955932789625	71.62991560506386	108.80965262196726
203	73.30086116355949	14608.167422245655	5348.436632383335	71.65436928450389	109.61344165310034
204	71.64251632529464	14679.80993857096	5374.806660762809	71.66031898300977	111.68782176811054
205	71.29094682434898	14751.1008853953	5400.6669342694	71.64651110301229	112.63424883269795
206	70.43832918792585	14821.539214583228	5424.680890224493	71.62821270502457	112.7898061116857
207	70.90205948445733	14892.441274067676	5449.816714539992	71.62576370809373	112.89756522022918
208	71.05457979748282	14963.495853865179	5474.55008513749	71.61216673650146	113.17661490929463
209	72.25498151698415	15035.750835382154	5502.319123822808	71.62722505146603	114.15617683765484
210	72.91064315730397	15108.661478539456	5531.949373267612	71.64927457205523	114.84728339209042
211	71.63683792191638	15180.298316461378	5558.601979004833	71.65441377137115	116.43739904411487
212	72.63082909556753	15252.92914555694	5586.6741818187	71.67448593690153	116.55563450940139
213	71.8232788127416	15324.75242436968	5612.60892998188	71.67053027654408	115.98301144352772
214	72.30699248700154	15397.059416856686	5638.244131574274	71.6609287710641	114.77571567792351
215	71.7943107628497	15468.85372761954	5665.658867765377	71.65921473125469	114.7011294899822
216	71.46028136267485	15540.314008982206	5690.921117445644	71.64859311617853	115.25167393639428
217	71.28025651856494	15611.594265500768	5714.156485822072	71.62930068730107	115.48618383903917
218	70.95868199892176	15682.552947499704	5742.796003094237	71.62699845376777	115.44855615103545
219	71.3097787578567	15753.862726257546	5769.725684113172	71.62683995996322	116.59754531523676
220	69.83788325271715	15823.700609510272	5792.3177146426115	71.5953225408693	117.65330349903958
221	71.61095889113642	15895.31156840141	5818.608579416881	71.59432918792182	117.46179490918533
222	71.5659776443725	15966.877546045782	5843.183035932976	71.59976630572388	117.18281425714729
223	72.0793415793621	16038.95688762514	5870.765918834604	71.6017923475782	117.60517881687966
224	70.89593766995021	16109.852825295087	5892.28434715632	71.60320288069515	117.6307752548909
225	72.08318135756694	16181.936006652657	5919.61408341357	71.6096565362169	118.68889679914622
226	69.5187765246426	16251.454783177296	5943.04980743834	71.59460365351335	119.17886734943389
227	71.6798170611285	16323.134600238436	5970.091166336217	71.57351146949263	120.21556482038338
228	72.11677901837402	16395.2513792568	5997.191223966612	71.58132395286671	120.1436345654957
229	71.82701665649498	16467.078395913297	6023.476999198283	71.57568868404245	120.43077985609203
230	71.71903841965833	16538.79743433296	6049.597326369097	71.57994108038999	120.5484534651485
231	69.96418220203842	16608.761616534997	6074.331255485361	71.55129572022294	121.63636431137981
232	72.82284258179835	16681.584459116795	6102.855260583168	71.55567467845229	120.82439040168997
233	72.17373324673513	16753.75819236353	6130.476252837615	71.56037582274014	119.65505456638144
234	70.74748809568604	16824.50568045921	6155.572703357061	71.55678792753801	119.38407332521196
235	71.5083680979323	16896.01404855715	6181.444503703532	71.54569801210542	120.54121268133088
236	71.5878146681475	16967.601863225285	6207.765965645685	71.55694351935038	122.51449288279544
237	70.8166906161524	17038.418553841446	6232.017005560511	71.56226792737137	123.1734732612405
238	72.38348571859368	17110.802039560036	6258.0030225545215	71.58674398517195	122.44631830456349
239	71.46100669081545	17182.263046250857	6284.198667983066	71.58628111893057	122.07931265170383
240	70.59026449973302	17252.85331075058	6307.165827833137	71.58375947303148	121.95786344832997
241	71.42191071775487	17324.275221468346	6334.775869673821	71.592363766575	123.91390130285009
242	72.47919692316297	17396.754418391505	6361.381129132449	71.59430767805294	125.07367753918224
243	70.48963496793719	17467.24405335945	6385.938550683311	71.58379881953188	124.8769815319259
244	72.87222445139183	17540.11627781084	6413.301001532345	71.58961917886185	123.98443691511508
245	71.29449949296388	17611.410777303794	6440.28301086966	71.59226372529605	123.30278040179712
246	71.29094819636435	17682.701725500167	6463.493959144797	71.58750913157498	123.9879972662453
247	70.86796681859357	17753.56969231876	6491.25340802027	71.58530463786775	124.22902648251534
248	71.73461191712549	17825.304304235877	6515.926726709928	71.59364535755013	124.11335096777817
249	71.92824520830652	17897.23254944419	6542.556902159854	71.59622388675118	125.02020749723587
250	72.9261774423963	17970.158726886577	6569.283863866611	71.62391674729929	123.78522605991148
251	71.22984325479226	18041.388570141386	6597.678875943662	71.61370959014106	124.91801041016657
252	71.38139770723713	18112.769967848613	6625.115353109948	71.61180451856576	123.82885963400707
253	71.46852593662611	18184.23849378524	6649.763867072009	71.61573571788685	123.06639540817181
254	71.8123933595969	18256.05088714484	6677.370176983948	71.61793414123592	125.0320365138696
255	72.08663441975769	18328.137521564593	6703.152310512319	71.62636869896104	125.9085576305678
256	71.39956514918529	18399.53708671378	6729.430505321461	71.61941012465061	127.47769042887393
257	70.55714257188528	18470.094229285678	6755.115146518739	71.60561692683727	127.07080025932206
258	71.71373940210935	18541.807968687775	6779.438169307051	71.62290662757756	125.86538470137978
259	71.47340261295214	18613.281371300727	6804.074356670929	71.6173617819519	125.86436511393339
260	71.99954403670057	18685.280915337426	6831.236516262695	71.63189194474649	123.72204897843723
261	72.39491212156595	18757.675827458996	6859.578658067725	71.6345153878582	123.47971723847577
262	71.82886941174263	18829.504696870736	6884.491229614422	71.63089188390413	124.92617121827149
263	71.99657564969696	18901.50127252043	6912.075434638904	71.61732877433566	125.501669072502
264	71.7912058944917	18973.292478414925	6938.840469826649	71.61759621547638	125.58641906021431
265	71.718896091581	19045.011374506506	6965.009202457622	71.61249795871215	125.45066713147021
266	71.00829634310966	19116.01967084962	6990.856729000816	71.59179998574798	125.09757792126875
267	71.6438157032317	19187.66348655284	7015.717025979382	71.59272651760485	125.21130949084423
268	70.98633797701766	19258.649824529864	7039.984107067105	71.58376185041406	126.01151570201868
269	70.26405650606904	19328.91388103594	7063.997023986936	71.56100897779761	126.23634504076024
270	72.21085357738477	19401.124734613317	7089.945925146694	71.56463865974919	126.03181456256277
271	70.12404004840744	19471.24877466173	7113.092400492737	71.55708951812585	126.55824099074397
272	70.07396057901799	19541.322735240752	7137.72915647457	71.54222931721705	127.5008270871877
273	72.71891244343404	19614.041647684175	7166.321899169711	71.55804088489869	126.12997125674185
274	71.56194223369151	19685.603589917864	7191.599027087269	71.56210124806621	126.56246300527272
275	70.84690794351098	19756.450497861384	7220.456311090029	71.55760071671993	127.98649952409541
276	72.14542205123766	19828.59591991262	7248.033379403218	71.55448660233898	128.626199318374
277	72.52305525459145	19901.118975167206	7275.5476039620735	71.55140859750934	129.67703276425362
278	71.57101325074781	19972.68998841796	7301.2244229880325	71.54779075401501	130.88015242560144
279	70.89666112152449	20043.58664953948	7327.421402642224	71.55260537775443	130.06223574296166
280	71.3857319814534	20114.972381520933	7353.442349820484	71.5576304512837	130.85384612648528
281	70.98942049004809	20185.961802010985	7378.464886110574	71.5534374709481	130.30703986355834
282	71.68649351728405	20257.648295528266	7402.573207838649	71.5566286094783	131.05901085291387
283	72.09101854180068	20329.73931407006	7430.735620483044	71.56276035751429	130.70741200555238
284	72.06081202131618	20401.800126091388	7458.362203890101	71.56520555289435	131.28894579028298
285	71.36247807168958	20473.162604163073	7485.595686977418	71.55211507356267	131.784850375955
286	71.4792335179894	20544.641837681054	7513.20044835659	71.55321592314928	133.48883357463447
287	72.38754078164975	20617.029378462703	7537.934044653927	71.55509399225872	133.5934825548631
288	70.90653124984284	20687.935909712556	7565.052924476011	71.53996048099005	135.0311927425781
289	72.60157068901957	20760.53748040157	7593.811463801775	71.54104126150258	135.10696221253207
290	70.94029711235865	20831.477777513937	7619.451278748099	71.53030931794788	135.51299555539836
291	70.95450870602288	20902.432286219948	7644.442606627687	71.52910565153344	136.64683630711227
292	72.06625392849968	20974.49854014844	7670.57493426433	71.5321451665754	137.55559769197123
293	70.62083269889257	21045.11937284735	7696.739641790374	71.53505252367322	137.88519779632756
294	71.45531862047585	21116.574691467835	7721.227203678441	71.54558635722066	137.9727546955709
295	71.54582287632583	21188.120514344148	7750.288704520683	71.56389247195324	138.10051535622702
296	72.06803174596186	21260.188546090118	7775.8143357138	71.56739932427404	138.5522499478437
297	71.27198585596783	21331.460531946082	7801.754093753637	71.56615196562198	137.4965845075225
298	72.90851978651376	21404.3690517326	7827.484254777702	71.57169980406051	139.46488212264845
299	71.55845005181177	21475.927501784405	7853.610284597446	71.56564438860784	140.47358968916905
300	72.14573618624249	21548.073237970657	7880.605319643493	71.56367679079223	139.6805668074931
301	72.09806764409214	21620.171305614742	7906.740788274124	71.57698265976813	140.90457380595714
302	70.54230235523588	21690.713607969974	7929.887803326822	71.55847046887878	140.78584991782577
303	70.47292055482463	21761.186528524802	7953.586609686679	71.53019106279142	138.94933816391224
304	71.26192984774862	21832.448458372553	7978.942146200943	71.52638519801597	137.6583762840936
305	71.23874132125647	21903.68719969381	8003.734649168854	71.52586314298503	139.27538392576665
306	70.66226969605091	21974.34946938985	8028.824598191007	71.52810254806629	139.86779902647612
307	71.36412312811741	22045.713592517975	8052.70617696166	71.53272318450288	139.32336464029444
308	72.00384651235672	22117.717439030326	8080.10209232074	71.54221585165162	138.86312212310725
309	71.05157803072373	22188.769017061055	8107.946558264277	71.53018181678901	138.11509010787483
310	72.42953497333826	22261.1985520344	8134.406125617366	71.52537073494936	137.77749517641473
311	71.1490506087694	22332.347602643156	8162.175152601794	71.5204928618179	137.46687043379856
312	71.37712868030724	22403.724731323473	8186.348539020722	71.5079558576653	137.3321157671403
313	71.11722632374068	22474.841957647204	8215.113473276613	71.50089533277529	138.51763246929698
314	71.67183119226159	22546.513788839475	8238.564941668366	71.49454371982786	138.72626253086926
315	70.21387050722393	22616.7276593467	8263.571739486935	71.47873931727163	139.64417655082784
316	72.88452764402858	22689.612186990726	8288.743567925978	71.49298178008513	137.84427296108592
317	72.43006837956354	22762.042255370292	8316.55014546621	71.50447989869517	138.04546359409602
318	72.68327793879754	22834.72553330908	8344.283086048794	71.5217258580939	137.58246749234718
319	71.40780261160127	22906.133335920687	8369.970201955703	71.52270609663137	138.81605362874402
320	72.60100145656588	22978.73433737726	8395.868121267464	71.5503372786699	139.29187362417443
321	73.08304813367192	23051.817385510923	8423.756365660503	71.56505817109517	138.8000336522221
322	71.06310233015654	23122.88048784109	8448.956280186721	71.56002941795303	139.60888350889607
323	71.00914170629117	23193.889629547368	8472.678719282572	71.54932741922232	139.99554434497713
324	70.817719127178	23264.707348674547	8498.15639725697	71.54854523379464	140.86057357968676
325	73.02689461592597	23337.734243290484	8526.64019815326	71.5579823663782	140.86636924916343
326	71.91590001057347	23409.650143301067	8554.875941406595	71.58195360123749	140.12396072124133
327	71.7890493795244	23481.43919268057	8585.363436671612	71.58304592442148	140.43078077572792
328	71.2950680327852	23552.73426071337	8609.94972454126	71.57482881456559	140.97124700185918
329	70.00487829320583	23622.739139006568	8633.457417564332	71.55660743093269	142.20213969793264
330	72.09938350530547	23694.83852251188	8658.143283857993	71.56041088178915	142.4889073903902
331	72.20638431292619	23767.044906824805	8685.794242306823	71.58283290289805	143.62538611092486
332	71.08088139621846	23838.125788221034	8709.675295725949	71.56541329104226	142.76999945879885
333	70.48994741288674	23908.6157356339	8732.103816170065	71.54857543270376	142.68620778611677
334	72.53565887070071	23981.151394504617	8760.429353988384	71.56645714045386	143.03046775043066
335	70.88760530952821	24052.038999814144	8783.188271676467	71.5602495125699	142.98803009460914
336	71.7530952061624	24123.792095020286	8809.981810817044	71.56190231795001	143.3285434817166
337	71.6256946614668	24195.417789681764	8835.097196344575	71.56999235840314	143.39568695926286
338	72.33262988276385	24267.750419564527	8860.990463145956	71.56948380004488	142.5962362538651
339	71.83248224581796	24339.582901810343	8887.98990360159	71.57319855559487	143.36166304855993
340	72.60440525989674	24412.187307070242	8915.238648628925	71.59333996319653	140.86874555162424
341	70.75056493888195	24482.93787200913	8940.792892690508	71.5866265054078	141.30799803422045
342	71.6739605122737	24554.611832521405	8964.472215978876	71.5785741412989	140.88197540957125
343	71.47155046532944	24626.08338298672	8992.153755336689	71.5883932962728	141.9418142706748
344	70.51537907296574	24696.598762059686	9015.080661513663	71.56482484248853	143.05149009052127
345	74.04351185298113	24770.642273912672	9043.527191006491	71.59231496608874	143.21756592036834
346	70.78648530496787	24841.428759217644	9069.980539283946	71.58727033717479	143.25882841609513
347	73.25979769471545	24914.68855691235	9097.281229356375	71.611188645936	144.0672721440406
348	72.67143469750874	24987.359991609872	9123.874629967037	71.62055687373982	144.98311900539633
349	71.6155625362885	25058.975554146153	9149.057253553028	71.6174300470196	146.40037490571416
350	70.8020926532744	25129.777646799423	9174.010462675573	71.59618919912842	147.09619975981374
351	71.52354781949133	25201.301194618918	9201.10828615983	71.59912624477542	147.27408827768969
352	71.29034682495961	25272.591541443897	9227.024061614966	71.59821573595262	146.44674424162338
353	71.32494789355847	25343.916489337436	9254.622394353453	71.59677995552195	146.1066218479315
354	71.54787046623133	25415.464359803686	9281.222870802121	71.5941347265883	145.76960827335563
355	72.60701249208277	25488.07137229576	9309.833644734214	71.59933850731153	145.90960115057905
356	70.18546150027385	25558.256833796026	9334.077667878897	71.58719747082245	146.8158162078701
357	71.56917905316125	25629.82601284918	9361.663040365635	71.59731783563522	146.74367440245027
358	72.14103229645586	25701.967045145644	9385.899810822086	71.60159076457865	146.15714805703215
359	71.27131254102177	25773.23835768666	9411.652784924403	71.59956986385933	147.20490558612065
360	72.61960056578872	25845.857958252443	9442.112414768031	71.60577042915024	145.66917497490488
361	71.24794232953097	25917.10590058198	9466.852451469067	71.5943007312299	145.6920576572023
362	72.00207098598396	25989.107971567973	9493.004092822342	71.5960327469723	144.81310973607225
363	71.72799254275309	26060.835964110713	9519.632820789651	71.59334691590286	146.34223416118166
364	70.63011425359396	26131.466078364312	9542.794684689528	71.58173599949387	147.46080618076476
365	71.30579044298533	26202.771868807307	9569.730916599725	71.57760494300794	148.43444823803677
366	73.36116422086833	26276.133033028156	9597.088581621554	71.6011336217855	150.2381610191712
367	71.1111844012096	26347.244217429383	9623.255420327594	71.5958073087653	150.76348240547185
368	72.26854018924574	26419.512757618628	9649.970984667847	71.60862933088758	151.01233696087544
369	71.89169964693575	26491.40445726556	9674.962426328877	71.62490576229622	151.65442658673612
370	70.66064056983599	26562.065097835384	9701.076708342409	71.60940363222076	151.0221553678056
371	71.41673295465742	26633.481830790057	9728.808283457862	71.62233056128325	150.008418334288
372	70.5032939596266	26703.98512474968	9754.983781033143	71.62662389508935	150.6127670140933
373	71.53764281714938	26775.52276756683	9780.70359393651	71.61481119882649	152.07899622033574
374	71.72718228489941	26847.249949851728	9809.34257772492	71.61646359933854	152.59533583528804
375	72.42855275446519	26919.6785026062	9834.238483825764	71.63228004744809	152.94339385131204
376	72.2961033097769	26991.974605915962	9862.692315028791	71.63378686003352	154.0300406380447
377	73.04694231257048	27065.021548228542	9890.258527041038	71.6390257306133	154.54146205705533
378	71.90492086554343	27136.92646909409	9915.670255831516	71.64236480676124	155.4813449429844
379	71.39166303572483	27208.318132129814	9941.44887640211	71.64731482590327	155.71938291700798
380	70.67023418151115	27278.98836631132	9967.953409941407	71.6401598479038	156.1917520220422
381	72.43346722298827	27351.421833534314	9992.956756591135	71.65460031523321	157.5463037937521
382	71.15893059581856	27422.58076413014	10015.827437101387	71.64932468601856	156.7979657031449
383	72.24944469022361	27494.830208820356	10044.69935240816	71.65090894750283	156.4086909180325
384	69.67477044556313	27564.504979265887	10067.508890240833	71.62704853174527	156.12071239105185
385	70.91673976601587	27635.42171903191	10092.632059696167	71.62259114868856	155.59623862050645
386	71.15841551666968	27706.580134548585	10119.417381666552	71.61938296867535	155.56147198427473
387	72.7378833674676	27779.31801791609	10145.458759981904	71.62288639453351	154.88160137137922
388	71.79603647723327	27851.114054393307	10170.570889032224	71.63178144680745	156.96016342234202
389	71.68179001272341	27922.795844406035	10196.532693365583	71.62258364004447	156.67579482714527
390	71.3513157017846	27994.147160107816	10225.124872484765	71.62669382593866	156.9703906793749
391	70.44938138905077	28064.59654149686	10248.722970918849	71.621642552769	157.48254161521527
392	71.63527326446287	28136.23181476133	10272.414943622363	71.61733274612862	157.37590297995206
393	71.6091936796176	28207.841008440937	10300.179377610664	71.62721635593586	157.54054632376776
394	73.49322219775524	28281.334230638688	10329.688895935491	71.64759539170866	157.89540385577206
395	70.88401230688183	28352.218242945568	10354.49485238657	71.64097728601426	158.20945451400192
396	71.51474379673301	28423.732986742318	10382.407747351479	71.63544440652194	158.2446680007191
397	72.20437098908654	28495.937357731396	10407.608272811525	71.64476825785314	157.4192734782766
398	71.52925750390057	28567.466615235317	10432.811339501348	71.63097563502697	157.12241223315377
399	71.85367895345853	28639.320294188754	10462.213449671377	71.63392792404348	156.0649166890378
400	72.93922604945152	28712.2595202382	10486.031949006514	71.64186282267553	156.25862673089532
401	70.28792404915914	28782.54744428736	10511.548845375391	71.62376138672626	155.86118802439657
402	70.77113678939942	28853.31858107674	10539.588181288973	71.6260497310679	156.47405043061357
403	70.97656751209377	28924.295148588855	10566.253237892317	71.63108620064055	155.7879742643327
404	70.88005643513074	28995.17520502399	10592.613481106513	71.62726746651435	155.22856331919573
405	71.86806303382963	29067.043268057823	10619.96453229071	71.63356068364014	155.0226038077355
406	71.4354445835583	29138.478712641387	10646.509319386932	71.64129243251517	156.8973215685115
407	72.9000794401662	29211.378792081538	10673.294229938607	71.65665199563567	156.8128458097643
408	70.25155112429016	29281.63034320584	10697.063204771957	71.63912904175501	156.83046456238526
409	72.16894526755051	29353.799288473376	10722.415550969152	71.65030271412328	154.70248034889244
410	70.39229673202139	29424.1915852054	10746.818120467968	71.62993033171011	154.5313762989762
411	71.13062567349037	29495.322210878898	10772.814657956555	71.6297460823573	155.64814559887262
412	72.86969528356482	29568.191906162458	10801.547226309443	71.6446717483899	156.34106421023554
413	71.95071766377397	29640.142623826243	10827.3814180431	71.65300666179023	157.0864907333625
414	71.52446844230259	29711.667092268533	10853.526465656474	71.65153303429062	156.23351018636336
415	72.39224964792783	29784.05934191645	10880.330186820764	71.67331682569767	157.95884582789316
416	72.08274499525325	29856.14208691171	10907.038994541597	71.66529899920991	157.84016636411923
417	71.10716861641924	29927.249255528153	10930.025237338401	71.65207000157851	157.25239677547896
418	71.7749043210546	29999.024159849203	10955.206214770742	71.64298626540103	158.5114363609749
419	72.3794713368488	30071.40363118606	10978.794253653849	71.65270295265356	158.36183143381464
420	70.53616544895493	30141.939796634997	11004.830148110954	71.63205459257742	160.03425419466984
421	70.30383066578965	30212.243627300784	11025.29206463756	71.60426241789861	159.6619007495977
422	71.63146832091483	30283.875095621705	11051.161900234665	71.60994607780617	159.83585643443485
423	70.89951775006217	30354.774613371766	11074.251110163765	71.6088498382439	159.2710201983453
424	71.60015816187563	30426.37477153363	11099.269075855773	71.61667422859087	161.61677691638474
425	71.45686677435916	30497.831638308	11126.312130699818	71.6009739501752	161.15764366928792
426	71.55336808301955	30569.385006391025	11152.684250719356	71.59734863089965	161.5398101556603
427	71.06778665950961	30640.45279305052	11178.480250743927	71.59013600369951	161.38631946856609
428	70.785592480802	30711.23838553133	11201.846125815893	71.58504124817966	160.06135918454083
429	70.74855425486716	30781.9869397862	11228.456090834417	71.59247800779627	159.3459141443713
430	72.16674764566817	30854.153687431848	11251.584579467906	71.5931516491999	161.14547557616413
431	72.17798363680917	30926.331671068656	11277.480452265443	71.59286764243875	162.1132697137378
432	70.89691151803412	30997.228582586707	11305.101956743629	71.59102794365691	161.8990683993519
433	72.5011797844785	31069.7297623712	11334.683557568036	71.61114026737279	161.03227251401015
434	71.39321414358314	31141.122976514762	11362.771929225466	71.59971582010165	161.66382992459876
435	71.71010334607585	31212.83307986084	11388.445801765156	71.60794080046713	162.8307908506221
436	73.21429030015122	31286.04737016098	11417.047554884986	71.62255275140699	163.91805686995932
437	72.61380772134805	31358.66117788236	11444.831740181975	71.63243388200584	163.4402687539533
438	71.34046646795369	31430.001644350294	11471.080707105833	71.62251224785774	162.87105524298883
439	71.12199736608244	31501.123641716385	11496.746365331046	71.61540739906035	162.77860164520283
440	70.86606637380238	31571.989708090183	11520.873984274005	71.59802401019938	164.29230830798483
441	70.93085150344596	31642.920559593626	11549.006207011073	71.59982687584507	163.51609057941434
442	71.5333695482083	31714.453929141844	11575.884350081573	71.59842096620442	164.26613512905283
443	72.72441875186826	31787.178347893714	11605.185368062306	71.61094964906981	164.18009047437798
444	70.78210843614391	31857.96045632986	11632.087325636296	71.61361694270157	165.05638045839936
445	72.63069962450054	31930.591155954353	11660.140062005308	71.59948882041677	165.52736929678917
446	72.7532686570582	32003.344424611412	11687.898938045582	71.6191566539377	165.89526179615603
447	71.80863805569692	32075.153062667105	11715.972601898015	71.6046450575475	166.79104525250852
448	72.07618825345544	32147.22925092057	11741.081137132936	71.59869259310693	168.47380308174445
449	71.15652191155094	32218.385772832124	11764.294228304097	71.59410218685963	167.54998611560956
450	72.25789595101233	32290.64366878313	11791.324603036319	71.60866021983692	168.00441262307572
451	70.83813700605894	32361.481805789186	11816.712452984813	71.60180611170266	167.47966840883308
452	70.3085012212115	32431.790307010386	11843.011645695973	71.59198765566512	167.6129588998252
453	70.78290051868822	32502.57320752908	11867.202457317386	71.58656718191646	167.92819605934312
454	70.40796709653353	32572.981174625616	11892.634176391328	71.57516814821946	166.8944455842918
455	71.50635197295824	32644.487526598565	11919.935826301335	71.5641615430282	168.79683497911176
456	72.00938848208516	32716.496915080665	11945.651386460026	71.58240081284636	168.02403756925406
457	70.96485325290423	32787.46176833356	11969.333114511794	71.57635755484378	168.946954665289
458	71.81764262845196	32859.27941096201	11995.814619175448	71.57312365816375	169.83369029482472
459	70.54224275227345	32929.821653714294	12019.038786171604	71.56583296027628	169.35382114847803
460	71.6343011759038	33001.455954890174	12044.883678019216	71.55597996637741	170.6305608945557
461	71.02711736193787	33072.48307225212	12068.459268471785	71.55377171670146	170.02140035926263
462	70.39383273408667	33142.876904986224	12093.65766430905	71.5376893341825	168.79185314623132
463	70.90466083563982	33213.78156582186	12118.65738389595	71.52945601711136	169.40423113821743
464	71.27859957227888	33285.06016539413	12143.23136315315	71.53594087029819	169.4722594783223
465	72.3205751644035	33357.380740558525	12172.303368310293	71.54608871751242	170.93232640995487
466	71.03838977673209	33428.419130335285	12199.680272268848	71.52286097307103	169.67171370283046
467	71.53629558219168	33499.95542591748	12225.255877327432	71.52711208488086	170.22853700929517
468	69.8477037151115	33569.80312963257	12247.01030728457	71.5029037201395	170.62182987860407
469	73.18551949689827	33642.98864912949	12274.10975482563	71.5158419186391	171.974673477013
470	71.83507836903645	33714.82372749852	12298.843439663791	71.52758629663113	173.3052715705575
471	71.42567239525333	33786.24939989377	12323.686164321778	71.52767569103709	172.46881599194762
472	71.37606717580466	33857.62546706957	12351.475982766142	71.53640342319888	170.74635972578258
473	71.77217777690849	33929.39764484646	12376.873757775094	71.53874877279647	170.04743621320816
474	71.58993092872278	34000.987575775194	12403.087860514368	71.53737625923469	169.92943898405733
475	69.99172358764486	34070.97929936284	12425.709593400416	71.5130079675665	168.5549655519446
476	72.29144862821586	34143.27074799105	12453.266754170356	71.51296142075088	168.3528285416086
477	72.15539735630736	34215.426145347374	12478.780616818594	71.50404597118826	168.43309491887427
478	71.95656398485471	34287.38270933222	12503.443256404556	71.50456240238135	167.81933143577055
479	71.03551023532009	34358.41821956755	12527.885025460466	71.50100087437731	169.43495420681478
480	72.08653956203526	34430.504759129566	12555.63424766718	71.51516392818255	169.51408560577488
481	71.75568274171518	34502.2604418713	12579.759678312144	71.50838608336989	170.6913898786749
482	72.33504940536938	34574.595491276654	12608.263821891549	71.52014727146535	170.38341735412442
483	71.49609775442987	34646.09158903109	12634.63909684514	71.51261380210742	169.77358297850924
484	71.345075210189	34717.43666424128	12657.988948643077	71.52931684975368	167.6312906588929
485	71.3100123251234	34788.7466765664	12685.533987099498	71.53324957534475	168.75088198607355
486	72.53074950459171	34861.27742607099	12712.978919213623	71.54697291522396	169.1726240112643
487	71.75743908148367	34933.034865152484	12737.107961802101	71.53716847236413	169.85494125571694
488	72.0177358163849	35005.05260096887	12762.191020326218	71.53938546575561	171.20140261414684
489	71.72373679063975	35076.776337759504	12788.957280683888	71.53980493353484	170.43537409677253
490	70.88336596310984	35147.659703722624	12812.437343458972	71.53512543614806	170.06234685169048
491	72.39642447558144	35220.05612819819	12840.633242953685	71.55459586701333	169.56892074605557
492	71.6390955287686	35291.69522372696	12866.164556184398	71.55463408965643	171.3213194197191
493	72.10762501211968	35363.80284873909	12893.005285212288	71.55961840298144	172.05807316545216
494	72.43283654230865	35436.23568528139	12921.544286281807	71.54901454642697	172.3884969302646
495	73.75568339646769	35509.99136867786	12951.439009751473	71.5777312573228	171.54937631138085
496	71.97529588484245	35581.96666456271	12975.635311899588	71.58233677820392	172.44445258647337
497	73.01400030317521	35654.98066486588	13004.085712705046	71.59043307134482	172.8976705799478
498	71.16809345535955	35726.14875832126	13030.586158440417	71.58682143085939	172.71112159928097
499	71.23167147870822	35797.380429799945	13057.052510240026	71.58060135611191	173.1307643497453
500	71.4379624767899	35868.81839227673	13083.052147331138	71.5655887203853	173.46207320964962
501	71.85322133359733	35940.67161361034	13107.118093286186	71.58124169322966	173.16145423570012
502	72.50471245418107	36013.176326064524	13135.548420551231	71.59857744987747	172.30856040091993
503	71.83336874625765	36085.009694810775	13162.145843468383	71.60714546221912	172.21963916347545
504	72.37032577793364	36157.380020588695	13190.94593920251	71.62204815564714	172.09367719637692
505	71.35269331009263	36228.732713898804	13218.68080845422	71.6168944584098	172.33394013999558
506	71.3115326574345	36300.04424655624	13242.867154735595	71.61565533914853	173.14878681324473
507	71.45930140188257	36371.50354795812	13271.72771946464	71.60124755876568	171.54896674995794
508	71.58086341151044	36443.084411369615	13296.704296697013	71.61454068163793	172.61591134198176
509	72.67333803276183	36515.7577494024	13322.262639447437	71.61958460929002	172.82322019690162
510	72.63599764036428	36588.39374704276	13347.320776669983	71.64202161837343	172.52271643519285
511	71.53704652198252	36659.930793564745	13372.323862643581	71.64608582685838	173.16809787663306
512	72.90288660884103	36732.83368017357	13372.323862643581	71.64608582685838	172.68100385212813
