task	reward	total_reward	total_regret	relative	total_reward_dev	joules
0	79.61609204757613	79.61609204757613	7.537833082248046	0.0	29.3990497895722	79.61609204757613
1	75.11483374517861	154.73092579275465	11.022209128949196	0.0	39.42213638024944	75.11483374517861
2	72.25054189779974	226.98146769055447	12.892119214851066	0.0	42.82758472167206	72.25054189779974
3	76.22325135616641	303.20471904672075	18.466019090103458	0.0	55.14830960040695	76.22325135616641
4	73.88699179333578	377.09171084005675	21.46821912621769	0.0	57.53564629419651	73.88699179333578
5	74.4543622185155	451.5460730585721	24.50553321788433	0.0	61.57617318629033	74.4543622185155
6	74.19579645254005	525.7418695111122	28.03776884011891	0.0	62.23680156343358	74.19579645254005
7	74.6279789612963	600.3698484724086	32.23174799674141	0.0	66.49283799663212	74.6279789612963
8	80.4037742684919	680.7736227409001	42.446045010970174	0.0	74.08634510173907	80.4037742684919
9	78.11589495338112	758.8895176942815	48.913048739160715	0.0	79.17016206159056	78.11589495338112
10	74.81662069816451	833.7061383924457	52.67651247638317	0.0	80.76379102556581	74.81662069816451
11	74.5039152174514	908.2100536098972	57.34200594402647	0.0	80.75195970013017	74.5039152174514
12	75.17660941807378	983.3866630279714	63.065920150880835	0.0	82.62322135856843	75.17660941807378
13	74.77197758201652	1058.1586406099877	66.44470180160496	0.0	83.33395385314053	74.77197758201652
14	73.41907972932438	1131.577720339312	68.33653119024753	0.0	83.9875869579746	73.41907972932438
15	75.58706047630773	1207.1647808156197	73.125731145589	0.0	87.53382441540096	75.58706047630773
16	71.51918539126267	1278.683966206882	73.71523257635248	0.0	88.9546799661011	71.51918539126267
17	73.53259665086681	1352.2165628577488	76.28519477140486	0.0	89.17640078308548	73.53259665086681
18	74.60367394740946	1426.8202368051584	79.9888994400115	0.0	91.24850346274494	74.60367394740946
19	73.84571542362964	1500.665952228788	83.85360378984753	0.0	94.49636755913998	73.84571542362964
20	80.07858750117113	1580.744539729959	93.2963730930408	0.0	95.67189924105837	80.07858750117113
21	80.30544104166145	1661.04998077162	102.02740981934048	0.0	104.38075750597893	80.30544104166145
22	75.47409838641158	1736.5240791580325	104.98184740617913	0.0	106.1184711874399	75.47409838641158
23	77.87423882191918	1814.3983179799532	112.30558256365272	0.0	103.92245010182641	77.87423882191918
24	72.97713107593577	1887.3754490558877	114.67107274899622	0.0	103.73672809999098	72.97713107593577
25	76.46136623083991	1963.836815286727	120.82548425309332	0.0	105.10428579723455	76.46136623083991
26	73.62543300117105	2037.4622482878983	122.92997077916947	0.0	106.64203959471882	73.62543300117105
27	72.46472711983206	2109.9269754077295	123.71287458253468	0.0	109.39577421130407	72.46472711983206
28	75.93134465721849	2185.858320064949	128.60564484640952	0.0	107.17204712360888	75.93134465721849
29	76.48706567010838	2262.3453857350573	133.3734776342403	0.0	109.19086017944765	76.48706567010838
30	75.40233821129834	2337.7477239463556	138.86492703464964	0.0	109.36940829303042	75.40233821129834
31	76.79859626619668	2414.5463202125516	144.64235625550634	0.0	111.03570657543293	76.79859626619668
32	77.50843329507356	2492.0547535076257	149.7010240854215	0.0	109.56893766301276	77.50843329507356
33	75.04507450381756	2567.099828011444	153.69371625560288	0.0	108.0234666993795	75.04507450381756
34	73.97137691294017	2641.071204924383	157.64546632718992	0.0	109.71542184483879	73.97137691294017
35	73.4449700383928	2714.516174962775	159.9692106742677	0.0	112.90613956297685	73.4449700383928
36	74.25614723254226	2788.772322195318	163.53388366234816	0.0	119.82112709473778	74.25614723254226
37	72.07678756290312	2860.849109758221	163.7747505013279	0.0	122.16223648340652	72.07678756290312
38	78.15365557250678	2939.002765330728	170.73077195759083	0.0	122.44747062765391	78.15365557250678
39	75.00005644845149	3014.002821779178	175.01586880993665	0.0	124.15554291129615	75.00005644845149
40	75.7276783916983	3089.7305001708783	180.86911058377206	0.0	124.52307062266736	75.7276783916983
41	74.98569114809527	3164.7161913189716	185.37958262123274	0.0	127.08508532836456	74.98569114809527
42	77.03699110664685	3241.7531824256207	191.7105738959068	0.0	129.7836071269929	77.03699110664685
43	76.4602062204334	3318.213388646054	197.58615631002914	0.0	131.29025159642708	76.4602062204334
44	76.3865435437644	3394.599932189816	202.21743813113483	0.0	134.41337738984885	76.3865435437644
45	71.3026302230055	3465.9025624128244	201.87504023760542	0.0	132.64013610387715	71.3026302230055
46	78.2220150100879	3544.1245774229105	209.53580705655384	0.0	136.780790721083	78.2220150100879
47	71.9581625051272	3616.0827399280365	209.51733262375615	0.0	137.56617883873096	71.9581625051272
48	78.80767105665672	3694.8904109846944	217.387394712608	0.0	138.52295889801198	78.80767105665672
49	75.5170639054388	3770.4074748901353	221.40881606090187	0.0	136.94223588613113	75.5170639054388
50	74.42322151379956	3844.8306964039343	225.12736238871818	0.0	140.10068819081545	74.42322151379956
51	73.53716987833792	3918.3678662822717	225.97774716574074	0.0	139.2424197279156	73.53716987833792
52	77.15541261078175	3995.5232788930543	231.75328904759326	0.0	138.97356665025058	77.15541261078175
53	75.58043993727071	4071.1037188303217	237.07622007223944	0.0	145.54095784179762	75.58043993727071
54	74.9540924934348	4146.05781132376	241.19707978116415	0.0	147.9858745837326	74.9540924934348
55	75.96508182954126	4222.022893153298	246.35774888556466	0.0	147.2762374999896	75.96508182954126
56	75.90203439268521	4297.924927545983	250.87736901241107	0.0	149.99915193112247	75.90203439268521
57	78.66998770397127	4376.594915249955	258.3531609821516	0.0	151.21562476770197	78.66998770397127
58	73.57112034802044	4450.166035597979	261.0122247342308	0.0	151.62748605621593	73.57112034802044
59	75.95257422690547	4526.118609824882	266.109027927923	0.0	155.5735208839746	75.95257422690547
60	73.81383396783711	4599.93244379272	268.730221269365	0.0	158.33103798378508	73.81383396783711
61	75.77789519564476	4675.710338988364	274.1694177578155	0.0	156.24008594104575	75.77789519564476
62	76.63815382449462	4752.348492812859	278.93488628482356	0.0	159.99783898424616	76.63815382449462
63	74.13713603288382	4826.485628845743	281.7980253655329	0.0	164.13402140598103	74.13713603288382
64	74.10496599942078	4900.590594845166	285.2476260603928	0.0	167.00494817642075	74.10496599942078
65	73.8101016401603	4974.400696485323	288.9315603143352	0.0	169.33881180898337	73.8101016401603
66	75.55162713642643	5049.952323621751	292.89761308962477	0.0	170.79549578282493	75.55162713642643
67	77.56288819488526	5127.515211816635	299.81596700194416	0.0	172.15634198688588	77.56288819488526
68	74.92699591988588	5202.442207736521	303.8611487317182	0.0	173.47009913899234	74.92699591988588
69	76.42885380585936	5278.871061542381	308.6378918087418	0.0	174.11403234988055	76.42885380585936
70	74.79518458306003	5353.66624612544	311.69020264979815	0.0	173.46649255066637	74.79518458306003
71	74.46285900592734	5428.129105131366	315.16081486627684	0.0	173.21406781525627	74.46285900592734
72	77.13469319937775	5505.263798330745	320.1229301432592	0.0	169.84228688212903	77.13469319937775
73	75.63920408373053	5580.903002414473	325.59742198498344	0.0	176.02610123229354	75.63920408373053
74	73.35018984961805	5654.253192264095	327.7003419542948	0.0	178.19615648331765	73.35018984961805
75	76.72940811672194	5730.9826003808175	332.9234219316306	0.0	181.96951732778928	76.72940811672194
76	75.27602642600685	5806.2586268068235	337.0312242519328	0.0	184.64248086468226	75.27602642600685
77	78.28245465586909	5884.541081462693	344.17814734609533	0.0	185.15019204020527	78.28245465586909
78	75.45786380150726	5959.9989452641985	348.9850088519643	0.0	185.0465309901963	75.45786380150726
79	74.5028158253682	6034.501761089569	353.33287062743597	0.0	184.58891171449815	74.5028158253682
80	79.13497480853914	6113.636735898107	360.83498199748743	0.0	189.62415322443536	79.13497480853914
81	79.00913451464017	6192.645870412745	370.2475890446782	0.0	192.0367186197919	79.00913451464017
82	76.14159123476632	6268.787461647511	374.8367763364339	0.0	193.68859068221366	76.14159123476632
83	72.92667130615825	6341.714132953671	375.0000660175424	0.0	195.76686190550046	72.92667130615825
84	74.34506904853548	6416.059202002209	377.4764352828024	0.0	193.9480796501493	74.34506904853548
85	73.72260525317455	6489.781807255381	381.1936134735616	0.0	193.12700449519377	73.72260525317455
86	75.13316768618706	6564.914974941569	385.2401653272544	0.0	192.38772633335032	75.13316768618706
87	77.31374592747977	6642.228720869049	391.36843685852045	0.0	192.2707278321494	77.31374592747977
88	75.06219758041432	6717.290918449461	396.4397581062273	0.0	195.0119989057526	75.06219758041432
89	72.94939790674015	6790.240316356201	398.5298549651797	0.0	196.0483532620129	72.94939790674015
90	77.74819459626403	6867.988510952466	404.0878967156474	0.0	199.562030358275	77.74819459626403
91	77.512757884888	6945.501268837355	412.1505880276259	0.0	200.96067096983631	77.512757884888
92	74.72404530089865	7020.225314138256	415.45620468194863	0.0	199.8796566264481	74.72404530089865
93	75.03878587348177	7095.264100011735	419.3324161157982	0.0	198.46381992190268	75.03878587348177
94	72.48984983232532	7167.753949844061	420.3978983164112	0.0	197.57802588644586	72.48984983232532
95	74.39356040416428	7242.1475102482245	424.8823724093075	0.0	197.39634179515764	74.39356040416428
96	76.7972125589546	7318.94472280718	430.72459004084084	0.0	197.0770491306162	76.7972125589546
97	76.09115549824895	7395.035878305429	436.19265936757387	0.0	198.14994426421	76.09115549824895
98	73.62193121902129	7468.657809524447	439.08224059282526	0.0	199.70814866004716	73.62193121902129
99	74.78374397654589	7543.441553500994	443.3254217696783	0.0	202.50064532737736	74.78374397654589
100	76.71057179655438	7620.152125297555	449.7878313038811	0.0	201.67466470809774	76.71057179655438
101	80.01753053918249	7700.169655836736	459.9465203794655	0.0	205.4083028725452	80.01753053918249
102	74.21145047014907	7774.381106306885	462.2426848164611	0.0	203.5985550641713	74.21145047014907
103	74.22213841628349	7848.603244723167	465.42909725260876	0.0	202.89776629099507	74.22213841628349
104	78.15847857098994	7926.761723294156	471.1201716435155	0.0	204.02791606092694	78.15847857098994
105	78.0210597016407	8004.782782995794	477.8212322692016	0.0	207.65815873791217	78.0210597016407
106	73.31915235635091	8078.101935352146	480.0204047933863	0.0	210.1607996390201	73.31915235635091
107	77.13118305756517	8155.23311840971	487.13561983631575	0.0	210.81087829834144	77.13118305756517
108	78.62999065437755	8233.86310906409	495.1930969272892	0.0	215.85326163299655	78.62999065437755
109	74.73444414722208	8308.59755321131	499.06456863930674	0.0	217.83481624772062	74.73444414722208
110	74.38804172432864	8382.985594935639	502.13238106726027	0.0	221.61058593421956	74.38804172432864
111	76.00806096555259	8458.993655901193	506.6528818231575	0.0	223.14067257141554	76.00806096555259
112	76.4311909617349	8535.424846862925	512.1954362390239	0.0	227.5189405433433	76.4311909617349
113	73.03978133833283	8608.46462820126	512.8215642014978	0.0	229.87623970699352	73.03978133833283
114	79.23868291820607	8687.703311119467	519.8714140451933	0.0	226.1890066695817	79.23868291820607
115	75.98541031852477	8763.688721437991	524.814248024	0.0	225.691729519365	75.98541031852477
116	74.43959485768147	8838.128316295672	528.3531481997339	0.0	225.83763534680185	74.43959485768147
117	75.73791075738933	8913.866227053064	532.4791437043292	0.0	224.3190363696471	75.73791075738933
118	75.56160706650115	8989.427834119562	536.4389447318672	0.0	224.97959792167117	75.56160706650115
119	76.24515422250482	9065.672988342068	540.4967222855876	0.0	228.25924810604315	76.24515422250482
120	74.95575235175292	9140.628740693823	545.1577032875397	0.0	229.92262289774828	74.95575235175292
121	74.95288831623618	9215.581629010057	549.5160176587497	0.0	232.58590774305387	74.95288831623618
122	76.18846513292343	9291.77009414298	553.4626228927059	0.0	231.4619965572671	76.18846513292343
123	76.73946078638612	9368.50955492937	558.9423018341347	0.0	232.95258446190735	76.73946078638612
124	75.33329140200664	9443.842846331378	563.927951405572	0.0	231.0882159840446	75.33329140200664
125	77.13469700042283	9520.9775433318	570.2534780510505	0.0	232.10419662490315	77.13469700042283
126	78.72675664713027	9599.704299978923	578.3738728666774	0.0	232.78618554617213	78.72675664713027
127	75.4287170271479	9675.133017006077	582.7172436615873	0.0	232.59492098450514	75.4287170271479
128	74.6458047876102	9749.778821793685	586.4876475874665	0.0	232.5743089867388	74.6458047876102
129	74.45239298013274	9824.231214773814	590.7118044092599	0.0	233.8812412637255	74.45239298013274
130	74.55305087485826	9898.784265648672	594.4067813276317	0.0	233.26719392726986	74.55305087485826
131	74.07811261084247	9972.862378259517	597.2261257406528	0.0	232.6747713616889	74.07811261084247
132	74.89726749376266	10047.759645753278	600.6638591798845	0.0	231.80953923784082	74.89726749376266
133	77.49517407961744	10125.254819832899	607.0333375610638	0.0	236.89988255000554	77.49517407961744
134	79.22512906372354	10204.479948896622	614.7774819689428	0.0	240.8116523010218	79.22512906372354
135	79.35538078367121	10283.835329680296	622.4360780418298	0.0	243.8035216675635	79.35538078367121
136	74.94076925918797	10358.776098939481	626.8990605133608	0.0	248.35150147749084	74.94076925918797
137	77.7155080239097	10436.491606963393	634.0890079388699	0.0	248.37340905935557	77.7155080239097
138	76.75027833072119	10513.241885294112	641.4429364823961	0.0	248.8552059113172	76.75027833072119
139	75.04708024674231	10588.288965540853	645.3255773172739	0.0	247.40581590857894	75.04708024674231
140	74.41028698378229	10662.699252524637	648.1294345652404	0.0	250.9380075927295	74.41028698378229
141	75.36073561442451	10738.059988139066	653.161546104974	0.0	252.7034190390204	75.36073561442451
142	76.2328041978879	10814.292792336948	658.1228039793411	0.0	250.68066527378588	76.2328041978879
143	75.88333435605267	10890.176126692999	662.5412658050076	0.0	249.0571295314333	75.88333435605267
144	75.7808106127512	10965.956937305753	667.1266632013765	0.0	251.70304154900796	75.7808106127512
145	75.2009338706951	11041.157871176449	670.1911700092269	0.0	254.81701245944828	75.2009338706951
146	75.19978974842266	11116.357660924872	673.8548784776074	0.0	255.81113627053134	75.19978974842266
147	77.1091926754624	11193.466853600328	680.2940177906646	0.0	258.0203528160855	77.1091926754624
148	77.22852353916115	11270.695377139491	686.3395289796113	0.0	259.67633202283207	77.22852353916115
149	72.78107611324965	11343.476453252744	688.9351054796633	0.0	261.02236016159907	72.78107611324965
150	74.50188838065186	11417.978341633388	692.3113182580311	0.0	259.6542919698505	74.50188838065186
151	77.88059361803131	11495.858935251426	698.1702494305943	0.0	262.357772918066	77.88059361803131
152	74.5622472516322	11570.421182503058	701.9609550917988	0.0	263.6983035536868	74.5622472516322
153	82.37970376054402	11652.800886263598	713.0428540315625	0.0	265.7852350973621	82.37970376054402
154	78.23637882304703	11731.037265086645	719.3165445459517	0.0	263.75162662677275	78.23637882304703
155	74.09802526020454	11805.135290346854	722.0278257993117	0.0	263.15224026774473	74.09802526020454
156	75.3270282996814	11880.462318646536	725.98810758059	0.0	264.09005142702006	75.3270282996814
157	75.16125149958924	11955.623570146125	729.4633402756947	0.0	266.10189234728136	75.16125149958924
158	75.04878664334227	12030.672356789468	732.6072992263908	0.0	269.0513150797743	75.04878664334227
159	73.78325805541941	12104.455614844885	734.705108449311	0.0	267.00345766186814	73.78325805541941
160	73.67493711197373	12178.130551956858	737.0155115081344	0.0	270.6639553354358	73.67493711197373
161	78.7483014641276	12256.87885342099	745.0436051297613	0.0	269.9364342291516	78.7483014641276
162	73.39685311054916	12330.27570653153	747.0682589362044	0.0	269.9892020940896	73.39685311054916
163	74.78995261057729	12405.065659142107	750.3009365556441	0.0	270.47626580104225	74.78995261057729
164	75.59511261548931	12480.660771757603	754.6362646098393	0.0	269.0467056546931	75.59511261548931
165	73.20579759940394	12553.866569357004	758.0251427184371	0.0	273.2538676942794	73.20579759940394
166	77.53224114394142	12631.398810500945	764.8734080482795	0.0	278.3584941851319	77.53224114394142
167	77.71122336384657	12709.110033864788	771.7998827935595	0.0	276.53953527826127	77.71122336384657
168	76.42090845843373	12785.530942323227	776.973105914329	0.0	275.14720393736707	76.42090845843373
169	73.54946729410963	12859.08040961733	779.5411005941339	0.0	275.502497987928	73.54946729410963
170	80.23491607784865	12939.315325695188	788.883042318417	0.0	278.52822653618114	80.23491607784865
171	74.68722180203191	13014.002547497214	793.0635998682219	0.0	277.92041254045216	74.68722180203191
172	79.24700835904343	13093.249555856257	801.1653087522529	0.0	281.0218261783539	79.24700835904343
173	74.04259992704513	13167.292155783305	803.1042620341709	0.0	283.954288345752	74.04259992704513
174	74.94566527041664	13242.23782105372	807.9461443408486	0.0	285.4957127829455	74.94566527041664
175	75.67863854860045	13317.916459602322	812.343079230189	0.0	285.38896650132716	75.67863854860045
176	73.18659797932445	13391.103057581638	815.6537087527774	0.0	284.6322499488836	73.18659797932445
177	77.85917032748173	13468.962227909125	822.0202695891041	0.0	287.5669287660013	77.85917032748173
178	73.13093746429983	13542.093165373428	824.3811952841337	0.0	287.7013093577102	73.13093746429983
179	76.95809699135091	13619.05126236478	831.347891755086	0.0	288.7913413876764	76.95809699135091
180	74.8847776834292	13693.936040048207	834.9044217487165	0.0	291.99129380850206	74.8847776834292
181	74.52203064603242	13768.458070694243	839.072650252835	0.0	294.09238700199165	74.52203064603242
182	72.21311296812581	13840.671183662364	839.8158863574997	0.0	294.84950061677404	72.21311296812581
183	77.74595016924884	13918.417133831616	845.3057075753076	0.0	296.355933146598	77.74595016924884
184	75.59172567373317	13994.008859505348	850.6731954283995	0.0	299.82609127216966	75.59172567373317
185	73.97395405068215	14067.98281355603	853.9753823989491	0.0	298.5469418439276	73.97395405068215
186	74.0514353208882	14142.03424887692	857.3475919451653	0.0	298.1202826761268	74.0514353208882
187	77.9318244183094	14219.966073295225	864.4989599775466	0.0	301.53501641170703	77.9318244183094
188	72.70444980802428	14292.67052310325	866.5922328103073	0.0	304.05649037238044	72.70444980802428
189	74.12107167168178	14366.791594774933	869.6515621860829	0.0	304.70843938026974	74.12107167168178
190	77.94507152331492	14444.736666298246	876.5018706035189	0.0	304.5199388459254	77.94507152331492
191	74.35262578767889	14519.089292085926	880.2100737570322	0.0	304.61894264048397	74.35262578767889
192	73.4440349873688	14592.533327073299	882.7601338529867	0.0	304.1063074278419	73.4440349873688
193	76.5686317207543	14669.101958794052	887.0853414719478	0.0	307.12507491988623	76.5686317207543
194	81.77253488168147	14750.874493675736	898.9829394642502	0.0	305.3228149237795	81.77253488168147
195	75.77900825676329	14826.653501932495	903.7947396571492	0.0	304.0926677930545	75.77900825676329
196	75.43710409698073	14902.090606029473	908.642343696018	0.0	305.35256440144275	75.43710409698073
197	72.3337687683021	14974.424374797774	909.979129023891	0.0	305.71527943908023	72.3337687683021
198	74.14868360282519	15048.573058400601	913.2394015583611	0.0	305.1460946710334	74.14868360282519
199	76.32941127257769	15124.90246967318	917.7314003086498	0.0	307.1134918141893	76.32941127257769
200	75.95778905762245	15200.8602587308	921.912445592771	0.0	305.1360221467973	75.95778905762245
201	76.25758613187183	15277.11784486267	926.2642809637401	0.0	304.38916879750656	76.25758613187183
202	78.67596166214304	15355.793806524804	931.8917248584916	0.0	306.00649966424896	78.67596166214304
203	75.96793718064956	15431.761743705463	937.0606512404371	0.0	306.65914993586324	75.96793718064956
204	76.9699743984614	15508.731718103933	942.3197109466689	0.0	305.30119586474194	76.9699743984614
205	75.6524759947998	15584.38419409872	947.2623512580172	0.0	306.00951300387794	75.6524759947998
206	76.4287641556552	15660.81295825438	952.1200362256048	0.0	306.90843518190314	76.4287641556552
207	74.31556232933886	15735.128520583723	954.28145193938	0.0	306.0437783134327	74.31556232933886
208	75.31381274768641	15810.442333331413	957.5737494500818	0.0	305.6776539669314	75.31381274768641
209	75.21771930044042	15885.660052631849	962.4510738539777	0.0	302.2686700813867	75.21771930044042
210	77.84496610795516	15963.505018739805	970.010675860126	0.0	301.2339517457494	77.84496610795516
211	75.09617500892355	16038.60119374873	972.7514037717539	0.0	302.6258420699765	75.09617500892355
212	76.38102958598046	16114.982223334708	978.6799863497879	0.0	302.16118165963246	76.38102958598046
213	76.4213171747688	16191.40354050948	983.3102923823924	0.0	304.77396980137365	76.4213171747688
214	73.76158590638386	16265.16512641586	986.7918691879797	0.0	303.94513808108775	73.76158590638386
215	75.20807550873829	16340.3732019246	990.3917967285743	0.0	304.75692646945384	75.20807550873829
216	76.879950942641	16417.253152867237	997.7209439743928	0.0	303.29373773411487	76.879950942641
217	76.19563624114535	16493.448789108377	1002.9867696021836	0.0	307.4937808361063	76.19563624114535
218	75.76209402438772	16569.210883132768	1007.6347742972887	0.0	304.38782516815127	75.76209402438772
219	79.96633989167229	16649.17722302444	1015.5189105468396	0.0	309.412095324917	79.96633989167229
220	77.5430302215291	16726.72025324597	1022.5083223159562	0.0	313.0208552028576	77.5430302215291
221	75.4193550074874	16802.13960825346	1027.974869630073	0.0	312.1300103376448	75.4193550074874
222	75.84058911931136	16877.980197372774	1031.4950261091426	0.0	314.28786839754446	75.84058911931136
223	74.67212752407637	16952.65232489684	1035.0708467256684	0.0	318.50720398835784	74.67212752407637
224	74.73930260359496	17027.391627500438	1037.3417698284532	0.0	316.69407140359164	74.73930260359496
225	75.57874195936762	17102.97036945981	1042.080319003574	0.0	314.2023175457921	75.57874195936762
226	76.37258066191534	17179.34295012172	1046.8928893391633	0.0	311.76293857470887	76.37258066191534
227	73.34092973107892	17252.6838798528	1049.9688532972184	0.0	313.7782432493251	73.34092973107892
228	77.13030428437568	17329.814184137173	1056.2987385473111	0.0	313.79510152742574	77.13030428437568
229	75.9687867283994	17405.78297086558	1060.63067625842	0.0	315.36425807671895	75.9687867283994
230	76.3187818419766	17482.101752707556	1065.5292232062532	0.0	316.9134217545501	76.3187818419766
231	73.89455431630165	17555.996307023855	1067.6258795447297	0.0	315.36144946424577	73.89455431630165
232	73.8759689698451	17629.872275993708	1069.8127509260216	0.0	313.1932534709794	73.8759689698451
233	76.60006789603568	17706.472343889734	1075.9439496965954	0.0	313.49991484342354	76.60006789603568
234	79.02750679042026	17785.499850680157	1082.8190306142742	0.0	314.6619799154635	79.02750679042026
235	76.40907276569392	17861.908923445855	1087.3364407429365	0.0	311.72095371636277	76.40907276569392
236	77.51548615866487	17939.42440960451	1093.6427116680818	0.0	308.89218197917995	77.51548615866487
237	75.35257917047826	18014.776988774996	1097.795554960473	0.0	306.66114754421	75.35257917047826
238	74.06679869601194	18088.843787471007	1101.8416376022915	0.0	306.5559013490283	74.06679869601194
239	76.28362482952849	18165.127412300535	1106.854828522346	0.0	305.93880782265694	76.28362482952849
240	72.95099577616259	18238.078408076697	1108.6571712135137	0.0	306.66497345361194	72.95099577616259
241	78.82692933983047	18316.90533741653	1117.2093821316378	0.0	306.9452499310164	78.82692933983047
242	74.64241082073052	18391.547748237263	1120.4589666910044	0.0	307.41863803153973	74.64241082073052
243	78.15313201572299	18469.70088025298	1127.9908588505984	0.0	306.7272855330478	78.15313201572299
244	74.03074895095006	18543.731629203932	1130.6816060468573	0.0	305.1918626602783	74.03074895095006
245	76.63783086101678	18620.369460064954	1135.2779918243107	0.0	304.1417564861405	76.63783086101678
246	79.44950196770117	18699.818962032652	1142.7448445097987	0.0	302.89834481556363	79.44950196770117
247	75.18666824173425	18775.00563027438	1147.5421349741252	0.0	305.4758442433193	75.18666824173425
248	76.36899064301035	18851.37462091739	1152.9285062940507	0.0	308.5850841416821	76.36899064301035
249	77.86765451573108	18929.242275433127	1158.375903697351	0.0	311.8618458453154	77.86765451573108
250	76.23942548531886	19005.48170091846	1165.087974464245	0.0	314.2478772838376	76.23942548531886
251	73.04054431249355	19078.522245230943	1166.489246504607	0.0	313.77776307732427	73.04054431249355
252	80.3450881417405	19158.867333372684	1175.1687721307185	0.0	310.89362912132384	80.3450881417405
253	76.94359430165457	19235.810927674327	1180.4345280402385	0.0	311.03239812581023	76.94359430165457
254	74.92962757338086	19310.74055524772	1185.5058046768672	0.0	312.24621128005947	74.92962757338086
255	76.54508623150251	19387.28564147922	1191.010587033476	0.0	313.1523575957626	76.54508623150251
256	72.86945737188725	19460.155098851093	1192.3434653819932	0.0	313.867888650837	72.86945737188725
257	74.5482082288076	19534.70330707991	1196.2344720531437	0.0	313.2274964274163	74.5482082288076
258	78.28511465217102	19612.988421732083	1203.1346466522803	0.0	314.17347229633674	78.28511465217102
259	72.3982695611902	19685.386691293275	1203.6118665566814	0.0	317.6822352230837	72.3982695611902
260	79.805718146443	19765.19240943971	1212.1255397273644	0.0	319.76815121977825	79.805718146443
261	76.02108792677825	19841.2134973665	1216.0589886466082	0.0	326.40839076027294	76.02108792677825
262	76.72096369353778	19917.93446106003	1221.12460324546	0.0	326.4241621960668	76.72096369353778
263	74.46765156157846	19992.402112621607	1225.331787760762	0.0	325.27583746275025	74.46765156157846
264	74.23229614434223	20066.634408765956	1229.1139217739544	0.0	324.6328072555889	74.23229614434223
265	77.26745664656643	20143.90186541252	1234.4649556507095	0.0	325.83696500284424	77.26745664656643
266	76.6363909889829	20220.538256401498	1240.6629176845238	0.0	326.27996814382874	76.6363909889829
267	72.34691789929877	20292.885174300794	1242.5650541697512	0.0	326.388538322693	72.34691789929877
268	74.4298429976066	20367.315017298406	1245.3912487428956	0.0	325.6063210660354	74.4298429976066
269	74.74784137904062	20442.062858677444	1249.118011578326	0.0	325.3518925929167	74.74784137904062
270	76.55652959422736	20518.61938827166	1255.1452804471878	0.0	325.2055603912265	76.55652959422736
271	72.99302648434409	20591.61241475602	1257.3875029732167	0.0	326.13796782605027	72.99302648434409
272	75.94228911500203	20667.554703871017	1261.0894772591832	0.0	324.3478028446946	75.94228911500203
273	75.86197332873245	20743.41667719975	1265.3424616599627	0.0	327.32151443595683	75.86197332873245
274	77.30620007602889	20820.722877275784	1270.7045300829257	0.0	326.4602203638977	77.30620007602889
275	78.13592367791682	20898.85880095369	1277.994603968049	0.0	327.13148679722633	78.13592367791682
276	74.25868916024763	20973.117490113942	1279.90362876687	0.0	325.73814904796916	74.25868916024763
277	70.76177897975674	21043.879269093704	1280.062058998261	0.0	326.2403029438789	70.76177897975674
278	77.58836731572224	21121.467636409416	1286.2212118432299	0.0	326.7204471378896	77.58836731572224
279	73.52241405569757	21194.990050465116	1288.0151130178874	0.0	328.7505231847646	73.52241405569757
280	73.7868857556776	21268.7769362208	1290.5346128260178	0.0	332.95847757984745	73.7868857556776
281	81.61590528668971	21350.392841507484	1301.0882029363167	0.0	338.33785501679426	81.61590528668971
282	79.86619868084749	21430.25904018833	1308.3105400498428	0.0	339.8211338929064	79.86619868084749
283	77.9525716810436	21508.21161186938	1315.515223826624	0.0	339.02317151709394	77.9525716810436
284	75.29814014600112	21583.509752015383	1320.7586177996025	0.0	338.65611457533777	75.29814014600112
285	76.10263609373087	21659.612388109108	1326.6064033063935	0.0	340.04956716016824	76.10263609373087
286	77.40846393055631	21737.02085203967	1332.3531815799352	0.0	341.1202857369443	77.40846393055631
287	80.15815636703411	21817.179008406692	1342.5329496909658	0.0	340.71109044283213	80.15815636703411
288	71.21823371048269	21888.39724211718	1342.6387030823553	0.0	344.48871216271687	71.21823371048269
289	77.96022286849197	21966.35746498566	1350.6388009450247	0.0	342.86698745718724	77.96022286849197
290	79.23405444662731	22045.591519432306	1359.7800555616268	0.0	344.51462002367435	79.23405444662731
291	76.19755610548076	22121.78907553778	1364.671109042064	0.0	348.2462395709195	76.19755610548076
292	79.35033828092499	22201.139413818713	1371.6794438250647	0.0	352.13940392529327	79.35033828092499
293	76.33845738209517	22277.477871200816	1376.7150253168259	0.0	351.8796115940334	76.33845738209517
294	75.54494806492323	22353.02281926572	1382.4203341272128	0.0	349.8046194673749	75.54494806492323
295	80.21045887564821	22433.23327814138	1392.3461308139679	0.0	351.2585818000235	80.21045887564821
296	79.1631516862654	22512.39642982764	1400.6148212230867	0.0	354.12406981034104	79.1631516862654
297	73.40034135646242	22585.796771184105	1402.5818996774067	0.0	359.5077676289129	73.40034135646242
298	76.5448345988206	22662.341605782913	1408.8635231438063	0.0	362.0715715188393	76.5448345988206
299	76.53862123782322	22738.880227020745	1414.4593790216165	0.0	359.6357590954232	76.53862123782322
300	75.23993892705083	22814.120165947796	1418.3814738806568	0.0	360.4079838943375	75.23993892705083
301	76.38961334233188	22890.509779290136	1424.2969829406045	0.0	360.5812346615976	76.38961334233188
302	74.84175548232251	22965.35153477245	1429.466901451691	0.0	361.9010906996942	74.84175548232251
303	75.36292851580653	23040.714463288263	1433.493501786609	0.0	366.0159954514918	75.36292851580653
304	76.30278203864329	23117.017245326893	1438.979124038032	0.0	365.7535393547967	76.30278203864329
305	77.63583784020383	23194.653083167108	1444.589735020831	0.0	365.17099609844547	77.63583784020383
306	75.95964921603472	23270.612732383146	1450.2793440843518	0.0	365.9252351306485	75.95964921603472
307	76.47217753701048	23347.08490992016	1455.4098557367747	0.0	373.985861244297	76.47217753701048
308	72.28098125966204	23419.365891179812	1456.527761299875	0.0	376.8325858827834	72.28098125966204
309	75.62672649524494	23494.99261767505	1461.0074532248348	0.0	377.6928508985489	75.62672649524494
310	78.83567448955534	23573.828292164617	1468.9714405345283	0.0	380.91298474526985	78.83567448955534
311	78.80918327924842	23652.637475443866	1476.1837101577084	0.0	381.1737126366546	78.80918327924842
312	74.8300349761231	23727.467510419985	1480.206029768263	0.0	378.05313491964506	74.8300349761231
313	80.99608803201123	23808.46359845199	1490.6503924119936	0.0	384.9050245350235	80.99608803201123
314	74.62235993133959	23883.085958383333	1494.3313975567676	0.0	386.37173576292093	74.62235993133959
315	75.92584758126043	23959.01180596459	1499.6464198377985	0.0	388.5694712536767	75.92584758126043
316	74.01851132849559	24033.030317293094	1501.7359213053828	0.0	388.1703783833039	74.01851132849559
317	73.91490644695229	24106.94522374004	1505.8017352439117	0.0	389.37255485756504	73.91490644695229
318	73.8478840629973	24180.793107803034	1507.734532364109	0.0	392.1546008623302	73.8478840629973
319	76.326458192627	24257.119565995665	1512.3994015166072	0.0	389.17389347935693	76.326458192627
320	74.99007130518632	24332.10963730085	1515.164465847676	0.0	388.8251325933257	74.99007130518632
321	75.12515789146555	24407.234795192322	1518.5058825445956	0.0	390.80169190453074	75.12515789146555
322	75.0157010093714	24482.25049620168	1521.7079459466925	0.0	390.5792436534874	75.0157010093714
323	73.26063925148225	24555.51113545318	1523.4449653467839	0.0	391.21009447525586	73.26063925148225
324	74.34629840482955	24629.85743385799	1528.1059749521073	0.0	393.58393390600367	74.34629840482955
325	72.35232016198601	24702.20975401999	1530.2489583871686	0.0	390.2513016490885	72.35232016198601
326	75.85513194775218	24778.06488596773	1534.4377829427965	0.0	394.0665194774239	75.85513194775218
327	74.14479645508378	24852.20968242282	1537.6307397289393	0.0	397.4424362602426	74.14479645508378
328	79.57326959932749	24931.782952022168	1544.7946888861998	0.0	395.64708662619864	79.57326959932749
329	79.45795493673458	25011.24090695888	1553.8698507378463	0.0	396.26462770181473	79.45795493673458
330	76.86163411616661	25088.102541075055	1559.8712075977132	0.0	397.9138834808979	76.86163411616661
331	79.60946799658954	25167.712009071656	1569.2218165411148	0.0	405.50923213739196	79.60946799658954
332	72.33301031945588	25240.04501939109	1570.9560273452132	0.0	405.3498936757785	72.33301031945588
333	77.12873451363977	25317.173753904757	1577.255678085842	0.0	402.1570246066634	77.12873451363977
334	72.01477875453874	25389.188532659267	1579.0961577228318	0.0	403.7524740995895	72.01477875453874
335	76.28123873228111	25465.46977139156	1582.7768859100784	0.0	404.4167407791882	76.28123873228111
336	74.76834709239236	25540.23811848395	1586.1884233311323	0.0	402.3352301186419	74.76834709239236
337	76.49153340603729	25616.72965188998	1591.3345807381481	0.0	404.08741598261474	76.49153340603729
338	77.11903577587263	25693.848687665864	1598.627600096984	0.0	404.40776848442084	77.11903577587263
339	73.13758677228445	25766.98627443814	1600.9176004476915	0.0	404.7036005426834	73.13758677228445
340	78.41811564683171	25845.404390084976	1608.676079488487	0.0	407.4556711916047	78.41811564683171
341	74.98208080615397	25920.386470891113	1612.6340108417876	0.0	405.9840435338504	74.98208080615397
342	76.31379431775576	25996.700265208885	1617.3135334331978	0.0	402.8600447887465	76.31379431775576
343	75.66725924083461	26072.367524449735	1621.7707563756976	0.0	406.13053466247294	75.66725924083461
344	74.55359313236045	26146.92111758208	1625.5450658396792	0.0	406.3200396575436	74.55359313236045
345	74.77082551082692	26221.69194309292	1629.5147532150772	0.0	407.7374381332077	74.77082551082692
346	77.34129388640876	26299.033236979318	1635.723591585487	0.0	406.02321165294296	77.34129388640876
347	73.29808304638456	26372.331320025696	1637.1414589657268	0.0	408.75226382346005	73.29808304638456
348	72.29611355873337	26444.627433584435	1638.52550767357	0.0	410.3839045785907	72.29611355873337
349	75.27861854034171	26519.90605212478	1643.2504713556746	0.0	407.4592148758533	75.27861854034171
350	75.00727713974716	26594.913329264517	1646.8842816397332	0.0	410.33320880483916	75.00727713974716
351	76.43702783411472	26671.350357098632	1652.8602597694658	0.0	407.2431581042209	76.43702783411472
352	73.58994535871334	26744.940302457344	1656.032767907494	0.0	407.6692095745324	73.58994535871334
353	77.8698765742463	26822.8101790316	1662.6547429717039	0.0	403.71192034561335	77.8698765742463
354	77.4449737336809	26900.25515276528	1668.883042921683	0.0	402.3895909681982	77.4449737336809
355	73.2539195075764	26973.509072272853	1670.8180279503938	0.0	403.35194544949996	73.2539195075764
356	76.74234680555568	27050.25141907841	1676.8423941796773	0.0	404.8279389533778	76.74234680555568
357	71.83728366614366	27122.088702744557	1676.420622418777	0.0	404.9188736704986	71.83728366614366
358	79.60532146603222	27201.694024210592	1685.3666121177455	0.0	405.8494884701715	79.60532146603222
359	73.85229024580691	27275.5463144564	1688.4280327038155	0.0	407.1200613041415	73.85229024580691
360	75.45356486570745	27350.999879322102	1692.6931998486677	0.0	408.7077804743079	75.45356486570745
361	75.76906402763574	27426.768943349736	1696.311994048147	0.0	405.6954756757472	75.76906402763574
362	73.77767126913706	27500.546614618877	1699.455240139761	0.0	407.2731557773482	73.77767126913706
363	76.24784757222037	27576.794462191086	1703.9485125196513	0.0	408.72327035538336	76.24784757222037
364	70.96988503663255	27647.76434722772	1704.2014409787669	0.0	409.6308481298097	70.96988503663255
365	71.864283365859	27719.62863059358	1704.4343988058297	0.0	410.45960324015624	71.864283365859
366	75.3234602440571	27794.952090837633	1708.9347866414664	0.0	410.6402093464136	75.3234602440571
367	74.15757807125219	27869.109668908903	1712.8118196550085	0.0	410.0874389996918	74.15757807125219
368	75.14262671536416	27944.252295624254	1717.6096663120638	0.0	411.1758262149845	75.14262671536416
369	77.01015380245718	28021.26244942671	1724.3808497468808	0.0	417.94881467707415	77.01015380245718
370	79.46236898018392	28100.724818406907	1732.9750950271052	0.0	417.6931684258273	79.46236898018392
371	72.88204339353152	28173.606861800425	1735.2035356460465	0.0	414.90211820976424	72.88204339353152
372	76.84930371224476	28250.45616551267	1741.9892991523939	0.0	414.56421925748526	76.84930371224476
373	72.62944487861489	28323.085610391292	1742.6508110238706	0.0	416.96280480040355	72.62944487861489
374	73.3599927335668	28396.445603124852	1745.7507014956902	0.0	412.5207577439796	73.3599927335668
375	73.3116157414498	28469.757218866303	1747.1482950935224	0.0	414.0597165856485	73.3116157414498
376	74.79751869833524	28544.55473756463	1749.8717114286742	0.0	416.0741059391033	74.79751869833524
377	77.77456582718801	28622.329303391827	1756.8585386456427	0.0	416.1277572066517	77.77456582718801
378	76.88810336306337	28699.217406754884	1763.3442597301025	0.0	417.56904191081435	76.88810336306337
379	72.59589836614981	28771.813305121046	1763.5421425553805	0.0	417.7800827502091	72.59589836614981
380	75.20914970763864	28847.022454828686	1766.411525412325	0.0	414.44220585103335	75.20914970763864
381	76.95989640848644	28923.98235123716	1772.8850044455974	0.0	415.3695545710115	76.95989640848644
382	75.18364315757934	28999.16599439475	1777.0724492125307	0.0	417.9398631672413	75.18364315757934
383	76.11115335195953	29075.27714774671	1782.7345395305235	0.0	416.37398785292294	76.11115335195953
384	73.02718444467644	29148.30433219139	1783.9162894807973	0.0	417.0125463010075	73.02718444467644
385	78.7010730742357	29227.005405265623	1789.9501274640372	0.0	412.0435052294882	78.7010730742357
386	72.74102266083715	29299.74642792644	1792.3885541890581	0.0	411.68173947233544	72.74102266083715
387	71.63665234131243	29371.38308026777	1791.9808796155571	0.0	409.07996305493583	71.63665234131243
388	75.68603188158728	29447.069112149355	1797.9248761595227	0.0	411.6482679051039	75.68603188158728
389	75.38330421276979	29522.452416362128	1800.8265673084961	0.0	412.42244598175625	75.38330421276979
390	73.69972032781457	29596.152136689936	1803.1584849318751	0.0	411.7470999863923	73.69972032781457
391	74.47682002679925	29670.628956716755	1806.0563264412901	0.0	411.8043598674532	74.47682002679925
392	75.15793135087597	29745.78688806762	1811.1186894708592	0.0	410.274370384932	75.15793135087597
393	75.51593654743685	29821.302824615057	1813.7226589417362	0.0	409.4585132045587	75.51593654743685
394	77.19137066967208	29898.494195284733	1819.5888313915327	0.0	411.8076728719679	77.19137066967208
395	77.58275618009534	29976.076951464835	1825.8065778153623	0.0	409.0370719579904	77.58275618009534
396	79.96881804825664	30056.045769513075	1834.756541566564	0.0	410.1821763756031	79.96881804825664
397	74.99958419469172	30131.045353707763	1837.906960851677	0.0	407.4397902262355	74.99958419469172
398	78.13424575590335	30209.179599463685	1844.449836747353	0.0	410.1177978262036	78.13424575590335
399	75.90665243212436	30285.086251895802	1847.6394687021811	0.0	409.80820313033354	75.90665243212436
400	75.52121038200679	30360.6074622778	1852.1585553926925	0.0	409.1415599470796	75.52121038200679
401	76.98252150437216	30437.589983782178	1858.569962193129	0.0	410.01441820739797	76.98252150437216
402	75.85599811257396	30513.445981894736	1863.9740101535185	0.0	408.6681138665352	75.85599811257396
403	74.11717176125426	30587.563153656003	1867.3001912390632	0.0	411.41989999480745	74.11717176125426
404	75.79580313893779	30663.35895679495	1872.2548894483343	0.0	410.6632359088485	75.79580313893779
405	73.83600421762443	30737.19496101256	1875.651253630557	0.0	412.3131674540977	73.83600421762443
406	76.42432527847433	30813.619286291047	1881.9861228237125	0.0	412.5966644782012	76.42432527847433
407	73.64197297290774	30887.26125926395	1883.652041967339	0.0	412.70633455709145	73.64197297290774
408	75.17851561754985	30962.4397748815	1888.101759023607	0.0	410.02433436126614	75.17851561754985
409	80.6787613057646	31043.118536187256	1897.3478821672784	0.0	415.7369543638289	80.6787613057646
410	76.80944743829342	31119.927983625555	1903.5375058927063	0.0	416.1370793344889	76.80944743829342
411	72.38074260254464	31192.308726228097	1904.3802917841253	0.0	416.8176114498577	72.38074260254464
412	73.72965024300953	31266.038376471115	1906.5920235323283	0.0	418.3515712377797	73.72965024300953
413	74.42095546438256	31340.459331935486	1910.4188263053502	0.0	417.2142430053956	74.42095546438256
414	75.14564722604283	31415.604979161544	1914.9505417147118	0.0	417.6883286396444	75.14564722604283
415	77.3323077797399	31492.93728694127	1920.7953977974892	0.0	418.0583584204906	77.3323077797399
416	79.8175794596502	31572.75486640093	1929.25770077592	0.0	418.8608401126538	79.8175794596502
417	78.46598204210221	31651.22084844302	1937.7476218975498	0.0	419.5029384076565	78.46598204210221
418	79.00683383174551	31730.22768227477	1945.5353446360502	0.0	421.7803028886291	79.00683383174551
419	77.21903676362817	31807.446719038413	1951.6880968874266	0.0	422.899665990232	77.21903676362817
420	78.33262210260015	31885.77934114099	1958.9556451386188	0.0	423.6844510279251	78.33262210260015
421	75.25296812834881	31961.032309269343	1963.447544763035	0.0	422.7600201643275	75.25296812834881
422	74.19662670686799	32035.228935976196	1966.6351349699887	0.0	422.3949067215911	74.19662670686799
423	75.85157342382416	32111.080509400043	1970.0551605696298	0.0	424.8255701436608	75.85157342382416
424	72.9171926166565	32183.9977020167	1971.2905766751014	0.0	423.9104016288893	72.9171926166565
425	73.38191334491725	32257.379615361617	1974.1748101119454	0.0	423.7289682145521	73.38191334491725
426	76.45365462665659	32333.833269988256	1980.1860618921582	0.0	421.78517338721167	76.45365462665659
427	77.13888042928428	32410.972150417558	1986.5665681381058	0.0	423.79910849518836	77.13888042928428
428	74.68012627564336	32485.652276693196	1989.8025394395133	0.0	427.66560687879775	74.68012627564336
429	78.05852299280154	32563.710799685996	1996.256032347807	0.0	427.38594971196864	78.05852299280154
430	76.33835547482677	32640.049155160832	2001.2349925518167	0.0	427.7523403488373	76.33835547482677
431	75.20448429235283	32715.253639453178	2004.7392491834785	0.0	432.4739246507987	75.20448429235283
432	76.8066054128992	32792.060244866065	2009.300202569437	0.0	430.65030064765557	76.8066054128992
433	76.32279655923917	32868.38304142532	2014.0082178241062	0.0	430.49009922346863	76.32279655923917
434	76.12134459094848	32944.504386016255	2019.6383822658358	0.0	427.62088352945966	76.12134459094848
435	76.97126784803613	33021.4756538643	2025.1376312099776	0.0	427.5467697375143	76.97126784803613
436	77.0087836640497	33098.48443752835	2031.0975146606154	0.0	429.5088597811018	77.0087836640497
437	71.58847701220145	33170.07291454056	2030.4869571075894	0.0	431.2784526338978	71.58847701220145
438	71.79922031070885	33241.87213485126	2030.7219849286912	0.0	432.43493080251136	71.79922031070885
439	74.28472336592877	33316.1568582172	2034.406406070135	0.0	430.8757002895714	74.28472336592877
440	75.7550425725332	33391.91190078974	2038.2003551036792	0.0	432.60645092773615	75.7550425725332
441	71.93153046973806	33463.84343125946	2039.2076384116476	0.0	430.00811389452105	71.93153046973806
442	73.73679179733395	33537.58022305681	2041.946942467792	0.0	433.0471273104221	73.73679179733395
443	73.68450269512032	33611.26472575191	2044.5456654895804	0.0	432.9117296796248	73.68450269512032
444	74.98519195652253	33686.249917708425	2048.390190140309	0.0	432.60917586009856	74.98519195652253
445	74.67198201092991	33760.92189971937	2052.9039919953548	0.0	430.8128983792647	74.67198201092991
446	75.0657915154498	33835.987691234826	2056.7222830245087	0.0	433.7107540754872	75.0657915154498
447	77.33936867403006	33913.32705990886	2062.8534543014616	0.0	435.26737796009434	77.33936867403006
448	77.08887465204536	33990.4159345609	2068.9282176590227	0.0	435.9838608270989	77.08887465204536
449	76.58347327565605	34066.99940783655	2074.4391277584887	0.0	434.4342272077723	76.58347327565605
450	78.30059282621717	34145.30000066277	2082.3784407078174	0.0	439.1276845846337	78.30059282621717
451	73.52621718196006	34218.826217844726	2086.185652459323	0.0	436.1371572698267	73.52621718196006
452	74.0840703112562	34292.91028815598	2088.803444841336	0.0	433.5856037540156	74.0840703112562
453	72.53022285377585	34365.44051100976	2090.132949987535	0.0	435.01104915235766	72.53022285377585
454	75.78323187059758	34441.22374288035	2094.360685623396	0.0	436.54547360714025	75.78323187059758
455	72.07400844386092	34513.29775132422	2095.0300280273623	0.0	437.6329743465851	72.07400844386092
456	77.14937764069593	34590.44712896492	2100.6965752895003	0.0	438.6093740363299	77.14937764069593
457	77.322201524723	34667.76933048964	2107.4808700802537	0.0	441.3804857556264	77.322201524723
458	74.02647037051078	34741.79580086015	2110.1519062095213	0.0	440.80034274339033	74.02647037051078
459	76.29044023264531	34818.086241092795	2115.6618772800625	0.0	433.1415280917604	76.29044023264531
460	76.35806723666505	34894.444308329475	2120.360917708308	0.0	432.923182636924	76.35806723666505
461	76.41562534502737	34970.85993367448	2125.5385291660627	0.0	433.0878864363362	76.41562534502737
462	75.85696686038332	35046.71690053489	2129.9421489880697	0.0	435.1042062748738	75.85696686038332
463	76.5627631638488	35123.279663698726	2135.1173086913436	0.0	436.025602665121	76.5627631638488
464	76.50965310605353	35199.789316804774	2141.707144649576	0.0	438.32018151521225	76.50965310605353
465	78.51162018234076	35278.300936987114	2148.158319986842	0.0	433.5943090268671	78.51162018234076
466	73.50147345097068	35351.80241043807	2150.151354742925	0.0	434.7337817874673	73.50147345097068
467	77.34810168031782	35429.150512118424	2156.384645130984	0.0	431.92701028742795	77.34810168031782
468	74.944057470555	35504.09456958896	2160.504564999168	0.0	427.7182415607774	74.944057470555
469	74.4148930142201	35578.509462603186	2163.564672296312	0.0	427.3996997695243	74.4148930142201
470	75.70230716903598	35654.211769772206	2168.456021792407	0.0	428.02705625821903	75.70230716903598
471	74.60881445094141	35728.82058422316	2172.2274333557657	0.0	429.062559728117	74.60881445094141
472	79.23112046429871	35808.05170468747	2180.8011939931193	0.0	430.267180281584	79.23112046429871
473	75.1879990776938	35883.23970376517	2184.4377670484205	0.0	428.936685708373	75.1879990776938
474	75.81386321602267	35959.053566981165	2190.2688666786316	0.0	432.9618085835984	75.81386321602267
475	77.18771997028378	36036.241286951474	2196.3680836652834	0.0	437.45610429517683	77.18771997028378
476	79.11962872573446	36115.36091567718	2203.8233029083453	0.0	434.5511455457468	79.11962872573446
477	75.27534881866328	36190.63626449586	2208.4349787697142	0.0	433.8073785849242	75.27534881866328
478	74.97326556021788	36265.60953005607	2212.5666918145826	0.0	429.2012698497302	74.97326556021788
479	75.20289513300575	36340.81242518909	2216.9469732191455	0.0	428.2791004211338	75.20289513300575
480	77.31995804266235	36418.13238323176	2222.9688292948213	0.0	432.4858037571111	77.31995804266235
481	73.22178086665065	36491.35416409839	2224.7792786383534	0.0	432.62094292464354	73.22178086665065
482	74.58635764132237	36565.94052173972	2230.034396610603	0.0	434.15756721608653	74.58635764132237
483	76.2767562062258	36642.217277945965	2236.286091586696	0.0	436.78884696222025	76.2767562062258
484	73.50037051145357	36715.71764845741	2239.2434882844223	0.0	438.63157646217377	73.50037051145357
485	72.86453560133262	36788.58218405872	2241.236149400389	0.0	438.53877177296454	72.86453560133262
486	74.15301742055712	36862.73520147929	2242.3377744396216	0.0	440.63972852712266	74.15301742055712
487	73.31119996200464	36936.04640144129	2245.7341948511057	0.0	441.5317208938107	73.31119996200464
488	75.21044561131185	37011.25684705261	2249.1172409375595	0.0	440.39437869752703	75.21044561131185
489	73.71354980978525	37084.970396862394	2252.2493962820718	0.0	437.2395721673601	73.71354980978525
490	72.83487753186797	37157.80527439426	2252.831434526693	0.0	437.12181543842064	72.83487753186797
491	74.8804498720928	37232.68572426633	2255.571310727005	0.0	438.90579171412065	74.8804498720928
492	74.95589218588069	37307.64161645226	2259.898705664464	0.0	436.37734685825933	74.95589218588069
493	77.17230105343549	37384.813917505664	2264.702828028537	0.0	436.899634558608	77.17230105343549
494	77.51889928430768	37462.33281678998	2271.37684578054	0.0	439.74637190355116	77.51889928430768
495	75.93493180600196	37538.26774859598	2276.331840888493	0.0	441.4126695618866	75.93493180600196
496	77.54706133131126	37615.81480992727	2282.738922407723	0.0	442.8312249865291	77.54706133131126
497	74.23276679451774	37690.047576721794	2285.637196211802	0.0	443.59302432781914	74.23276679451774
498	75.77517753076035	37765.82275425256	2290.389840299373	0.0	445.5164559562456	75.77517753076035
499	77.23494157558088	37843.05769582816	2296.612250161792	0.0	444.65842389812207	77.23494157558088
500	74.94497879017155	37918.002674618314	2298.612980840878	0.0	445.42104472829175	74.94497879017155
501	74.4569998622841	37992.45967448059	2301.724498393482	0.0	441.8552286980691	74.4569998622841
502	78.09810875461201	38070.55778323522	2309.2686507777385	0.0	446.01259012939505	78.09810875461201
503	70.55007178340917	38141.10785501863	2307.763462465787	0.0	445.7919266753847	70.55007178340917
504	75.84193833327308	38216.949793351894	2307.763462465787	0.0	450.08477077046524	75.84193833327308
