task	reward	total_reward	total_regret	relative	total_reward_dev	joules
0	52.46983338108734	52.46983338108734	4.1124544481168375	0.0	18.7030460783044	52.46983338108734
1	71.614016224615	124.08384960570233	25.93036294474384	0.0	20.03253429704894	71.614016224615
2	54.54149501788549	178.62534462358778	30.3681071670844	0.0	35.09713320637628	54.54149501788549
3	53.80964563536619	232.43499025895397	35.752892164420444	0.0	46.7988739238742	53.80964563536619
4	52.86090365628827	285.2958939152422	37.081697085441206	0.0	56.00659620003182	52.86090365628827
5	57.816921132432725	343.11281504767504	45.793650033572504	0.0	67.6167354235402	57.816921132432725
6	56.08229647855638	399.1951115262312	52.33660813621087	0.0	77.03409089940637	56.08229647855638
7	52.45133060698245	451.64644213321407	52.91405608050829	0.0	84.94975389382358	52.45133060698245
8	51.14961100564908	502.7960531388627	55.130089872692736	0.0	93.9020009583563	51.14961100564908
9	53.28625534709464	556.0823084859576	59.63446012263531	0.0	100.76850233916173	53.28625534709464
10	56.59890565121421	612.6812141371717	70.23131386260849	0.0	110.46375677661663	56.59890565121421
11	58.81175135068842	671.4929654878605	81.8181243790839	0.0	119.47586105180176	58.81175135068842
12	56.151454191859166	727.6444196797195	89.4203618816602	0.0	128.5693726471485	56.151454191859166
13	54.561646726362085	782.2060664060813	93.7522195285975	0.0	136.96654609764786	54.561646726362085
14	54.96492010889424	837.1709865149758	98.28344155738094	0.0	144.00555687828833	54.96492010889424
15	54.73186212847766	891.9028486434534	102.78060014103195	0.0	153.10061247967442	54.73186212847766
16	55.50527664596899	947.4081252894226	107.23921538392253	0.0	160.45586571178973	55.50527664596899
17	55.242570954540895	1002.650696243963	115.28721738632957	0.0	167.61171447628865	55.242570954540895
18	61.857816328827894	1064.5085125727912	128.67691099313197	0.0	176.3183155710522	61.857816328827894
19	56.92329113386251	1121.431803706654	137.96064124104922	0.0	189.41689078116138	56.92329113386251
20	59.41254064316077	1180.8443443498147	148.56662459279084	0.0	200.2951358910488	59.41254064316077
21	58.80356829009367	1239.6479126399079	158.83606164249616	0.0	205.0122554424194	58.80356829009367
22	55.157485251360214	1294.8053978912685	165.78841106735155	0.0	212.71319349029403	55.157485251360214
23	55.69668194723924	1350.5020798385074	173.2289357919092	0.0	218.41558699197256	55.69668194723924
24	57.141530291768305	1407.6436101302759	183.7392111162323	0.0	221.19346646700987	57.141530291768305
25	53.05597118451215	1460.6995813147885	187.2308716128863	0.0	227.84126580928054	53.05597118451215
26	54.60556836392983	1515.3051496787177	193.74065042353246	0.0	235.27825849929357	54.60556836392983
27	51.83588907148116	1567.1410387501987	195.73613991500315	0.0	242.10562222887071	51.83588907148116
28	56.01889771394428	1623.1599364641424	203.02070009096806	0.0	248.68145531206375	56.01889771394428
29	57.295764220290486	1680.4557006844327	212.35587093801024	0.0	257.1245852444812	57.295764220290486
30	53.919144626208556	1734.374845310642	217.47652557082733	0.0	266.5731267145331	53.919144626208556
31	53.0133847798123	1787.3882300904543	221.33632488795513	0.0	273.2769724786729	53.0133847798123
32	56.4001740076081	1843.7884040980623	227.4480644298976	0.0	281.00155599947715	56.4001740076081
33	54.88012701395529	1898.6685311120175	231.47389253819398	0.0	285.15496974668054	54.88012701395529
34	55.093383444867165	1953.7619145568856	240.26428866338847	0.0	294.27843584470816	55.093383444867165
35	52.971221720353284	2006.7331362772386	244.3932680351197	0.0	301.8523545169355	52.971221720353284
36	56.567539581403615	2063.300675858641	254.81696960126567	0.0	309.26064110449	56.567539581403615
37	54.57216809062747	2117.8728439492693	260.0844977055429	0.0	312.780461085318	54.57216809062747
38	54.19526104142241	2172.0681049906925	266.34994814588873	0.0	320.12098978304664	54.19526104142241
39	52.44824789510205	2224.5163528857943	267.1823071630597	0.0	324.0780298163952	52.44824789510205
40	52.88739857042046	2277.4037514562137	271.51859815141546	0.0	332.16032567410616	52.88739857042046
41	56.81572836159979	2334.219479817814	281.03528521167567	0.0	336.3265912630928	56.81572836159979
42	59.19556160481794	2393.415041422633	293.2364742125417	0.0	344.5274714764691	59.19556160481794
43	52.33087491565741	2445.7459163382896	296.10018589353405	0.0	351.8726570301566	52.33087491565741
44	51.80709821051656	2497.553014548806	298.4823921151932	0.0	359.59330225059745	51.80709821051656
45	49.25902973498251	2546.812044283789	298.4401929400633	0.0	365.0436829054657	49.25902973498251
46	57.089685479439964	2603.901729763229	309.2104917376839	0.0	375.72829622936126	57.089685479439964
47	56.62918541989225	2660.5309151831193	317.8099160676349	0.0	385.10278065797274	56.62918541989225
48	55.1823852499348	2715.7133004330553	322.6547440421057	0.0	392.6333846984113	55.1823852499348
49	51.86459898868688	2767.577899421741	326.4162109625642	0.0	399.43514926795217	51.86459898868688
50	52.4245230889724	2820.0024225107136	330.6030544649633	0.0	408.26312854741167	52.4245230889724
51	55.716966630335875	2875.71938914105	337.37835017541727	0.0	414.52747556918575	55.716966630335875
52	52.29669627848859	2928.0160854195396	342.33282021907957	0.0	423.01005006386424	52.29669627848859
53	55.06049987150223	2983.0765852910404	349.1863399592857	0.0	427.7032437145772	55.06049987150223
54	54.79907951179081	3037.875664802832	353.62751545349624	0.0	435.7985074232279	54.79907951179081
55	51.561056257152046	3089.4367210599844	353.96016722537405	0.0	442.35873086277326	51.561056257152046
56	56.50475748692168	3145.9414785469066	361.8048513265974	0.0	448.6250253099538	56.50475748692168
57	52.039674699013375	3197.9811532459194	366.2304214991962	0.0	454.33937073937807	52.039674699013375
58	55.416377402389934	3253.3975306483103	373.41687215072875	0.0	459.8272506473403	55.416377402389934
59	51.43308782804715	3304.8306184763564	374.7528472912225	0.0	466.4557006832129	51.43308782804715
60	56.22465099685552	3361.0552694732114	381.11098145158866	0.0	477.10597732856814	56.22465099685552
61	54.80073648572101	3415.8560059589345	386.47044139960906	0.0	491.9423189987706	54.80073648572101
62	55.3114776278332	3471.167483586766	392.96070735095	0.0	499.1285406650184	55.3114776278332
63	53.83832034733759	3525.005803934104	397.6256976954646	0.0	504.5021395678041	53.83832034733759
64	54.96786253739538	3579.9736664714997	403.26177949275484	0.0	514.0155305986042	54.96786253739538
65	56.24928805509573	3636.222954526593	409.0360401859501	0.0	519.1024990328724	56.24928805509573
66	53.424073537514076	3689.6470280641097	412.7608566436118	0.0	524.7105742835258	53.424073537514076
67	57.793232851320745	3747.440260915427	421.2456754700792	0.0	538.1164608443441	57.793232851320745
68	59.3753839348794	3806.8156448503096	432.26266275043184	0.0	542.0551255086622	59.3753839348794
69	53.40845837033595	3860.2241032206434	436.38570561246763	0.0	549.0156296331044	53.40845837033595
70	52.078844655049004	3912.3029478756944	438.3671616941353	0.0	555.8690312164106	52.078844655049004
71	55.83919934943674	3968.142147225132	445.44322866355213	0.0	561.079233808783	55.83919934943674
72	55.00854455228719	4023.1506917774177	452.4527437526118	0.0	567.4695832600676	55.00854455228719
73	58.29230968543483	4081.443001462852	463.73389126183486	0.0	570.895432720293	58.29230968543483
74	54.41125578135497	4135.854257244207	469.7440442995233	0.0	575.973924468559	54.41125578135497
75	54.232635849678076	4190.086893093885	471.0106072177492	0.0	582.3889215301823	54.232635849678076
76	52.44042116693319	4242.527314260818	475.5773678405998	0.0	591.1907828127394	52.44042116693319
77	56.37763995789111	4298.90495421871	482.2831712040235	0.0	601.3066433986127	56.37763995789111
78	56.6176076330047	4355.522561851714	490.76885583498637	0.0	608.2705268352984	56.6176076330047
79	58.334840690651056	4413.857402542365	501.10001811902913	0.0	612.929064779254	58.334840690651056
80	56.427802772704226	4470.285205315069	507.19706384428224	0.0	617.2218606769098	56.427802772704226
81	57.26037284458318	4527.545578159653	515.0841724913349	0.0	629.3778635237704	57.26037284458318
82	54.93405306661653	4582.479631226271	523.0753129768377	0.0	638.2842753599037	54.93405306661653
83	54.89363488723311	4637.373266113503	530.7766582708038	0.0	642.7254543058708	54.89363488723311
84	55.308572653360386	4692.681838766864	536.4545182033289	0.0	647.6428877829638	55.308572653360386
85	53.391594724792895	4746.073433491658	540.141998438519	0.0	656.25637668918	53.391594724792895
86	52.87248425397898	4798.945917745634	544.6252747962812	0.0	662.2401142817101	52.87248425397898
87	53.411074114616206	4852.356991860251	549.2752250612158	0.0	668.3056539994874	53.411074114616206
88	55.94326417030731	4908.3002560305595	555.4432196264407	0.0	673.2613189401238	55.94326417030731
89	55.29705177921962	4963.597307809778	561.1861299579163	0.0	682.4940358801596	55.29705177921962
90	55.89348194120444	5019.490789750983	567.7585845513283	0.0	694.2569101216735	55.89348194120444
91	54.80117827622375	5074.291968027206	571.8908540604307	0.0	701.7437562481435	54.80117827622375
92	52.20708791715872	5126.499055944366	574.362428059199	0.0	707.5608604909011	52.20708791715872
93	57.809752078878965	5184.308808023243	582.9497868079018	0.0	716.3719616964574	57.809752078878965
94	53.37867720923963	5237.687485232484	589.1140718495536	0.0	723.5942417013014	53.37867720923963
95	56.86770601158739	5294.555191244071	597.4639949799268	0.0	727.4654728191446	56.86770601158739
96	58.45308163810614	5353.008272882177	606.664079081573	0.0	732.5094550584145	58.45308163810614
97	56.64947066265115	5409.657743544829	614.0770003517944	0.0	738.7612279191093	56.64947066265115
98	55.01337356787408	5464.671117112703	620.1177470763782	0.0	745.5210459926826	55.01337356787408
99	54.47125641308534	5519.142373525787	625.1090673496569	0.0	752.4915687985825	54.47125641308534
100	56.91847661430162	5576.060850140091	633.1363292054914	0.0	758.0802155780841	56.91847661430162
101	55.728760306419275	5631.789610446505	639.975415439047	0.0	765.4954090233759	55.728760306419275
102	54.772825053497044	5686.562435500006	647.1763768009682	0.0	771.7550542672454	54.772825053497044
103	53.16965858479644	5739.732094084803	650.2249297411238	0.0	778.0047546657358	53.16965858479644
104	58.089536978942185	5797.8216310637445	661.6727588571079	0.0	783.0987026399413	58.089536978942185
105	55.45715872636214	5853.278789790109	669.4226106579168	0.0	789.6935694481518	55.45715872636214
106	52.5139157730206	5905.79270556313	675.2283288317125	0.0	796.0988781704906	52.5139157730206
107	54.33037211249478	5960.123077675624	679.8192520103545	0.0	801.0707599889311	54.33037211249478
108	54.88162951214318	6015.0047071877625	685.5864809872095	0.0	807.6837923819323	54.88162951214318
109	58.11408010991431	6073.11878729768	695.79456971165	0.0	816.1650752063624	58.11408010991431
110	55.27508110869853	6128.393868406377	703.1998281986553	0.0	823.6959639704763	55.27508110869853
111	58.86385063020797	6187.25771903659	713.2631162646813	0.0	828.0370927870949	58.86385063020797
112	57.733048995498024	6244.990768032082	722.2002283800398	0.0	833.6431216358103	57.733048995498024
113	54.2402640029679	6299.231032035056	727.0577623254832	0.0	839.5020156757774	54.2402640029679
114	55.28119205160678	6354.51222408666	735.7283470584835	0.0	843.3172279820714	55.28119205160678
115	57.100953494695695	6411.613177581358	743.729111485841	0.0	851.2948172129859	57.100953494695695
116	53.05029407650708	6464.663471657861	745.2105961614566	0.0	860.7760132117586	53.05029407650708
117	52.09717850250996	6516.76065016037	749.4852487571987	0.0	867.4194307793404	52.09717850250996
118	53.30872584824428	6570.069376008614	754.190448601767	0.0	873.904907364431	53.30872584824428
119	54.66878227254863	6624.738158281162	762.2277530334168	0.0	880.8787513074949	54.66878227254863
120	54.24854299741759	6678.986701278585	768.3471482959717	0.0	891.3638312809053	54.24854299741759
121	55.07498510331005	6734.061686381888	775.7667558272807	0.0	899.7754993355821	55.07498510331005
122	50.36978088864494	6784.431467270538	778.1852766591213	0.0	907.0570865606281	50.36978088864494
123	53.73646688812421	6838.16793415866	783.783190288505	0.0	913.1006381784946	53.73646688812421
124	52.583902050639445	6890.7518362093015	788.1307910105844	0.0	917.8484118016142	52.583902050639445
125	52.59208127923174	6943.3439174885325	791.1659953784392	0.0	926.6412965210163	52.59208127923174
126	52.59686847139776	6995.940785959932	794.4568630731708	0.0	933.1453135067786	52.59686847139776
127	55.025545601037436	7050.966331560971	803.5111472228521	0.0	939.8229132559586	55.025545601037436
128	58.63370962221591	7109.600041183183	812.1777376383536	0.0	946.377246230362	58.63370962221591
129	52.98194998059797	7162.581991163778	817.5585547885095	0.0	952.6952958076632	52.98194998059797
130	55.53896751050037	7218.120958674281	822.6981472797256	0.0	960.9690647954266	55.53896751050037
131	52.44963312810544	7270.57059180239	826.552103947942	0.0	970.3778995305198	52.44963312810544
132	53.175731036646255	7323.746322839037	830.0124232516125	0.0	980.2961694289073	53.175731036646255
133	54.129964459914305	7377.876287298951	837.5980208092601	0.0	986.368887448046	54.129964459914305
134	54.83552813865285	7432.711815437601	846.7936028591373	0.0	994.245041317599	54.83552813865285
135	51.001988751921054	7483.7138041895205	849.198156760808	0.0	1000.9031609525092	51.001988751921054
136	50.98195702893102	7534.695761218451	850.7104114284215	0.0	1006.0981318990355	50.98195702893102
137	55.26304843108674	7589.958809649542	858.6042919263724	0.0	1013.8419167193068	55.26304843108674
138	49.39961907349189	7639.358428723036	859.2050405839304	0.0	1023.3024535663167	49.39961907349189
139	58.85663466296686	7698.215063385998	867.988697208774	0.0	1028.2800837234572	58.85663466296686
140	53.98535197084154	7752.200415356838	873.2824097252253	0.0	1034.4636106137807	53.98535197084154
141	55.65387621121664	7807.8542915680555	881.7548326262352	0.0	1042.296775752684	55.65387621121664
142	55.118837530984244	7862.973129099044	887.8203869446833	0.0	1046.2966514473196	55.118837530984244
143	53.469544181134324	7916.442673280178	890.065023208122	0.0	1051.4859993021828	53.469544181134324
144	52.406064096877614	7968.848737377055	892.1571122081713	0.0	1058.7613158541849	52.406064096877614
145	55.75162911229013	8024.600366489342	899.2404827786952	0.0	1066.7150310977192	55.75162911229013
146	54.57916863651345	8079.179535125859	904.2171637577397	0.0	1074.1576078015598	54.57916863651345
147	57.8512403529222	8137.03077547878	913.5143820794483	0.0	1084.2084256705168	57.8512403529222
148	52.76118107446109	8189.791956553244	916.523991397111	0.0	1090.0142345458319	52.76118107446109
149	52.21674418660375	8242.008700739843	919.9101435572088	0.0	1098.9993519629031	52.21674418660375
150	56.003734204778155	8298.012434944625	926.8559438255886	0.0	1107.4483596202838	56.003734204778155
151	55.77297817794053	8353.785413122567	934.5950129859215	0.0	1113.270899485966	55.77297817794053
152	55.80730459117188	8409.592717713735	941.3158630522091	0.0	1121.1560473786176	55.80730459117188
153	55.28943687597235	8464.882154589704	944.940966021147	0.0	1125.004541370382	55.28943687597235
154	55.73179682198758	8520.613951411695	952.6727122510919	0.0	1131.6569201597001	55.73179682198758
155	55.43709894641772	8576.051050358112	959.9216015176804	0.0	1136.0814519989801	55.43709894641772
156	54.178301171307346	8630.229351529419	964.9667462654427	0.0	1145.1353573377276	54.178301171307346
157	53.751299228061725	8683.980650757483	969.596737766189	0.0	1152.0950527890532	53.751299228061725
158	54.85440290182142	8738.835053659304	975.690124838196	0.0	1159.275062021319	54.85440290182142
159	55.26462855070488	8794.099682210008	983.6202093194125	0.0	1165.8796565181292	55.26462855070488
160	53.37412846380128	8847.47381067381	986.4929160902475	0.0	1171.8244108811075	53.37412846380128
161	58.616973272112844	8906.090783945927	995.4247463441253	0.0	1179.1453050460864	58.616973272112844
162	53.57733402211683	8959.668117968034	1000.6782428543106	0.0	1185.6209616386066	53.57733402211683
163	54.24463555522613	9013.912753523266	1007.4810475702799	0.0	1190.6725372917808	54.24463555522613
164	58.66567343902484	9072.578426962289	1017.912013185973	0.0	1202.4786310663924	58.66567343902484
165	55.36672414163337	9127.945151103924	1025.0351221654307	0.0	1210.1108695605387	55.36672414163337
166	53.352932457534244	9181.29808356146	1028.6163244530658	0.0	1216.9343866642262	53.352932457534244
167	51.954920376395236	9233.253003937854	1031.7237330933974	0.0	1223.8927463796301	51.954920376395236
168	56.556943724312966	9289.809947662165	1041.1772033066622	0.0	1228.9945064765354	56.556943724312966
169	57.936838378953354	9347.74678604112	1052.4506621454257	0.0	1235.2206435669316	57.936838378953354
170	53.68147098230172	9401.428257023423	1060.005107644621	0.0	1242.8773425766376	53.68147098230172
171	52.1516461635602	9453.579903186983	1063.9676769162222	0.0	1253.6031361735916	52.1516461635602
172	54.67606530383267	9508.255968490812	1069.598548060539	0.0	1261.5143644416694	54.67606530383267
173	51.82238033662783	9560.078348827441	1073.658552983553	0.0	1268.0945298515958	51.82238033662783
174	54.68906187475614	9614.767410702196	1078.5292067701669	0.0	1273.1725591796826	54.68906187475614
175	55.37812767548408	9670.14553837768	1087.6917039092189	0.0	1277.895210356556	55.37812767548408
176	57.50265486796459	9727.648193245646	1096.198145823811	0.0	1283.0216588883986	57.50265486796459
177	56.61589432181927	9784.26408756746	1104.6811896692122	0.0	1292.676434979615	56.61589432181927
178	53.411046049788126	9837.67513361725	1109.09465675438	0.0	1298.4029748146688	53.411046049788126
179	54.56281267810112	9892.237946295354	1114.3073345830628	0.0	1302.4650109531967	54.56281267810112
180	50.94147011951448	9943.179416414869	1116.8996117797935	0.0	1310.0915051369502	50.94147011951448
181	49.66664354747574	9992.846059962341	1118.2477174542705	0.0	1323.1507479952209	49.66664354747574
182	54.95466379278888	10047.800723755132	1123.7084942628405	0.0	1327.2688305467766	54.95466379278888
183	53.1895276118192	10100.990251366953	1129.5776445246502	0.0	1334.4309350985027	53.1895276118192
184	52.96817054032265	10153.958421907275	1131.091381340185	0.0	1340.5888390709636	52.96817054032265
185	54.35586851327177	10208.314290420545	1137.5732686444003	0.0	1345.2431045042154	54.35586851327177
186	56.68207308805699	10264.996363508606	1145.9411261637133	0.0	1352.670686877184	56.68207308805699
187	55.29797307117324	10320.294336579775	1149.30347844368	0.0	1357.7213412183419	55.29797307117324
188	55.124201105512924	10375.418537685287	1155.4985016947405	0.0	1365.0531950310592	55.124201105512924
189	54.07155355729634	10429.490091242584	1158.3850227767703	0.0	1373.0919792131851	54.07155355729634
190	61.36367277339682	10490.853764015985	1170.4353029169972	0.0	1377.5574810725207	61.36367277339682
191	56.944040110955676	10547.797804126938	1179.1173579509266	0.0	1383.2863012898513	56.944040110955676
192	53.49129214778035	10601.289096274719	1183.0408001595486	0.0	1391.0019179051221	53.49129214778035
193	58.68850582037813	10659.977602095096	1195.3048575317007	0.0	1395.7652401413707	58.68850582037813
194	50.29022037718175	10710.26782247228	1195.886696203248	0.0	1402.0381752671199	50.29022037718175
195	55.47086149478043	10765.73868396706	1202.325688487307	0.0	1406.869790480564	55.47086149478043
196	54.38832870890931	10820.12701267597	1204.9355116687382	0.0	1413.6935706100342	54.38832870890931
197	56.35713407534012	10876.484146751307	1213.476331636014	0.0	1419.817994010482	56.35713407534012
198	58.464205856715715	10934.948352608026	1222.9605839451801	0.0	1425.6174934777034	58.464205856715715
199	55.74696820078082	10990.695320808803	1228.646483741723	0.0	1432.024697408823	55.74696820078082
200	56.08582720817486	11046.781148016977	1235.576950209978	0.0	1437.687160448581	56.08582720817486
201	58.645583079042005	11105.426731096015	1246.1519819588625	0.0	1439.4894517165033	58.645583079042005
202	52.959750198594236	11158.386481294614	1251.8843510670438	0.0	1445.9218462871715	52.959750198594236
203	55.669760051674444	11214.056241346289	1259.6850303595368	0.0	1450.53587947795	55.669760051674444
204	50.915070589783916	11264.971311936073	1264.3924653153742	0.0	1456.1403116532542	50.915070589783916
205	55.56220430201543	11320.533516238089	1270.695200211242	0.0	1464.9601821298272	55.56220430201543
206	53.18255030638505	11373.716066544474	1273.7420544041324	0.0	1473.4568564364024	53.18255030638505
207	54.09273110186184	11427.808797646332	1278.759847148725	0.0	1478.6463162048494	54.09273110186184
208	52.33156770129153	11480.140365347626	1281.6558098588443	0.0	1486.318000001043	52.33156770129153
209	58.10818947068187	11538.248554818305	1292.4741593735948	0.0	1491.259283079181	58.10818947068187
210	53.67951184517129	11591.928066663477	1297.7830208904873	0.0	1497.9622304063644	53.67951184517129
211	51.72606841260699	11643.65413507609	1303.0479373111573	0.0	1504.965282045018	51.72606841260699
212	53.52939236127399	11697.183527437355	1311.4519102648171	0.0	1512.318727019022	53.52939236127399
213	58.819299553902646	11756.002826991264	1321.9834823682927	0.0	1522.0529223844628	58.819299553902646
214	52.07935321505163	11808.082180206313	1326.2227389088616	0.0	1528.2373865767722	52.07935321505163
215	52.67235859834023	11860.754538804653	1331.5210158478963	0.0	1535.8199691439684	52.67235859834023
216	52.52685665097974	11913.281395455633	1336.1582931911837	0.0	1542.8506989133452	52.52685665097974
217	53.251575378055534	11966.532970833687	1338.4548208217325	0.0	1550.6414623305511	53.251575378055534
218	56.48808260310424	12023.021053436794	1346.5100118212204	0.0	1556.6015534711896	56.48808260310424
219	53.47259548970057	12076.493648926493	1349.5458826898132	0.0	1563.0917093742264	53.47259548970057
220	54.58498039264318	12131.07862931914	1354.0345850729998	0.0	1568.9785330270643	54.58498039264318
221	55.74513923235898	12186.823768551496	1360.092516402313	0.0	1575.9508426670106	55.74513923235898
222	54.12027172475878	12240.944040276258	1366.0090169262041	0.0	1582.4121756929626	54.12027172475878
223	54.56727935463651	12295.511319630896	1372.863341227226	0.0	1589.1228999041139	54.56727935463651
224	50.434175993925244	12345.945495624825	1374.9124287649954	0.0	1596.9697370679626	50.434175993925244
225	58.918308405033	12404.863804029852	1383.0962126886475	0.0	1602.9891316141468	58.918308405033
226	55.36252612682759	12460.226330156678	1391.235725056957	0.0	1608.1701466063503	55.36252612682759
227	57.24997132778379	12517.476301484458	1399.1726026758959	0.0	1614.6388627899335	57.24997132778379
228	53.37464773221669	12570.850949216681	1403.1476474186868	0.0	1620.2608940012658	53.37464773221669
229	51.17823317560789	12622.029182392289	1406.7492705310742	0.0	1627.475195213733	51.17823317560789
230	52.67177222097793	12674.700954613265	1410.953171792225	0.0	1634.9124484545862	52.67177222097793
231	52.733036324460734	12727.433990937723	1416.0323126132716	0.0	1641.3093263230892	52.733036324460734
232	52.73278579496222	12780.166776732693	1420.5488459808337	0.0	1649.274371185074	52.73278579496222
233	53.50670412985232	12833.67348086254	1424.6236640058771	0.0	1655.992742670517	53.50670412985232
234	54.241565608940434	12887.915046471473	1428.9698706665708	0.0	1661.350130432354	54.241565608940434
235	55.2851707789244	12943.200217250402	1434.2403882525139	0.0	1671.9976725188972	55.2851707789244
236	51.14959721874961	12994.349814469151	1435.1434012051539	0.0	1678.562129831615	51.14959721874961
237	52.24780335297561	13046.597617822126	1438.16789943615	0.0	1689.2432104233012	52.24780335297561
238	53.0215164045955	13099.619134226725	1444.4731810327603	0.0	1696.8693067613283	53.0215164045955
239	53.061820632615856	13152.680954859343	1447.5543942221482	0.0	1703.6415218726586	53.061820632615856
240	55.56285648971619	13208.243811349059	1454.5418340133956	0.0	1709.682742175101	55.56285648971619
241	55.92861550607956	13264.172426855132	1460.4872971888667	0.0	1715.9358965725391	55.92861550607956
242	56.02419368050329	13320.196620535646	1465.8521305350803	0.0	1720.4531486260762	56.02419368050329
243	52.93531937025058	13373.131939905892	1470.0649054425357	0.0	1725.9638348691774	52.93531937025058
244	53.68805228242918	13426.819992188315	1475.3763498464757	0.0	1737.0102762154163	53.68805228242918
245	53.34725776474017	13480.167249953058	1479.8858541437794	0.0	1743.4596264427748	53.34725776474017
246	52.58226470914103	13532.749514662202	1482.7179814701217	0.0	1752.5269615180757	52.58226470914103
247	51.5303667413165	13584.279881403516	1485.288542977997	0.0	1757.418002213376	51.5303667413165
248	58.66318099689663	13642.943062400413	1494.1905665252734	0.0	1761.234075543457	58.66318099689663
249	55.163170710950766	13698.106233111364	1499.8810778905993	0.0	1767.9385039452022	55.163170710950766
250	53.43986502129815	13751.546098132667	1505.0079582021572	0.0	1773.8232148334494	53.43986502129815
251	55.25914684814077	13806.805244980806	1508.5866410838562	0.0	1783.9665877225896	55.25914684814077
252	54.28863608770445	13861.093881068504	1515.4282769889032	0.0	1792.8435399014213	54.28863608770445
253	52.870073800559474	13913.963954869068	1520.760842109974	0.0	1803.6126958301197	52.870073800559474
254	54.81836874130297	13968.782323610363	1528.121001752368	0.0	1810.5065964272212	54.81836874130297
255	54.842007076393635	14023.624330686764	1535.3920846823246	0.0	1818.0097374496854	54.842007076393635
256	54.986720496155385	14078.611051182917	1542.7318770170996	0.0	1826.106242724775	54.986720496155385
257	57.01705343772007	14135.62810462064	1552.6489167065772	0.0	1833.17158767863	57.01705343772007
258	52.70641139709358	14188.334516017738	1557.278496578418	0.0	1839.3165278502665	52.70641139709358
259	53.4979238943307	14241.83243991207	1560.384105598933	0.0	1845.943461899036	53.4979238943307
260	56.653462995688024	14298.485902907756	1567.5009779473219	0.0	1851.076409008559	56.653462995688024
261	56.558328676630346	14355.044231584387	1575.475618087755	0.0	1857.212605367205	56.558328676630346
262	55.43314787759293	14410.477379461969	1582.9114947493476	0.0	1863.5966192215983	55.43314787759293
263	54.27100856345183	14464.74838802543	1587.9204236468454	0.0	1871.8578481355498	54.27100856345183
264	52.168344995042986	14516.916733020475	1591.3567103154037	0.0	1879.5032851676501	52.168344995042986
265	56.41462391106339	14573.331356931536	1598.2811497068417	0.0	1885.2114947291727	56.41462391106339
266	56.16487723454824	14629.496234166088	1605.7680019196164	0.0	1890.6419420830287	56.16487723454824
267	53.52947955789124	14683.025713723975	1610.4978760176227	0.0	1897.6357554792773	53.52947955789124
268	52.31894282981404	14735.344656553787	1615.0030106319357	0.0	1907.8330274713417	52.31894282981404
269	50.89843758614273	14786.243094139933	1616.7965719543831	0.0	1918.0026104767278	50.89843758614273
270	53.06489322837611	14839.30798736831	1620.2959513248902	0.0	1926.9639099436672	53.06489322837611
271	56.12800938486742	14895.435996753171	1627.1374612643249	0.0	1938.5616843945415	56.12800938486742
272	53.07821488243812	14948.514211635613	1630.8973539920798	0.0	1945.5890878174569	53.07821488243812
273	54.66650567977302	15003.180717315387	1636.0497220930476	0.0	1951.5788353553428	54.66650567977302
274	52.86990445401521	15056.050621769398	1638.944445053422	0.0	1959.5410410605487	52.86990445401521
275	57.948315775817754	15113.998937545217	1648.5209173388587	0.0	1967.7892059665492	57.948315775817754
276	64.3010472232439	15178.299984768464	1664.09572191824	0.0	1971.1881782562577	64.3010472232439
277	52.95545259844195	15231.255437366906	1668.9425888440996	0.0	1980.109477983376	52.95545259844195
278	56.63930080632009	15287.894738173223	1676.3364649358637	0.0	1988.9113426786723	56.63930080632009
279	54.34397418965007	15342.238712362876	1682.1461652135686	0.0	1994.743867701068	54.34397418965007
280	53.07346641719674	15395.312178780065	1685.8736413981014	0.0	1999.9144596216433	53.07346641719674
281	54.61248064548136	15449.924659425551	1690.2809495493943	0.0	2006.1039181283425	54.61248064548136
282	58.73138799300469	15508.656047418563	1701.983788031516	0.0	2013.608954048269	58.73138799300469
283	53.01650570089779	15561.672553119452	1708.4183430998137	0.0	2020.5421941507577	53.01650570089779
284	52.80569748931794	15614.478250608769	1710.7793413638838	0.0	2027.9593364853586	52.80569748931794
285	51.53492319198162	15666.013173800751	1713.410351977435	0.0	2035.1699758029663	51.53492319198162
286	52.84922103488501	15718.862394835636	1718.7044081211475	0.0	2041.6873536157443	52.84922103488501
287	55.96997290435618	15774.832367739997	1727.0738599503775	0.0	2046.190488792986	55.96997290435618
288	55.293406076379334	15830.125773816375	1732.9624601801813	0.0	2053.641972279001	55.293406076379334
289	54.231453479372014	15884.357227295744	1739.198770054511	0.0	2060.127077958656	54.231453479372014
290	54.820881700796924	15939.178108996539	1745.0733434509204	0.0	2065.8559619673447	54.820881700796924
291	57.721035859508476	15996.899144856052	1754.6881714088124	0.0	2071.676015687411	57.721035859508476
292	58.86397417904616	16055.763119035095	1765.8364295616805	0.0	2081.791910685095	58.86397417904616
293	54.415201982262296	16110.178321017365	1772.7706545706405	0.0	2092.7735537618064	54.415201982262296
294	53.93659718758505	16164.11491820494	1777.9689442026388	0.0	2097.2638645376865	53.93659718758505
295	52.328438550115976	16216.44335675505	1779.22130934307	0.0	2105.4271912851377	52.328438550115976
296	51.50730498769525	16267.950661742754	1780.8030741391094	0.0	2113.5642149771456	51.50730498769525
297	53.909551875164944	16321.860213617922	1786.973812311175	0.0	2120.83985826997	53.909551875164944
298	56.79662270016085	16378.656836318076	1794.3958240952854	0.0	2128.0694173518746	56.79662270016085
299	53.83105152271756	16432.487887840805	1797.7749080840993	0.0	2136.5941942655277	53.83105152271756
300	52.73276622757411	16485.22065406837	1801.9646134271532	0.0	2144.9247297119277	52.73276622757411
301	53.53249143460858	16538.753145502982	1807.8020972828383	0.0	2153.0069354832754	53.53249143460858
302	54.72368574264433	16593.47683124563	1813.946690451702	0.0	2160.075343676257	54.72368574264433
303	53.59367543882394	16647.070506684446	1818.0886771154162	0.0	2168.085821589832	53.59367543882394
304	56.31169894399568	16703.382205628444	1826.573501116881	0.0	2174.566400013751	56.31169894399568
305	54.76047834876499	16758.142683977207	1831.220961111736	0.0	2180.716690054692	54.76047834876499
306	59.16520009718722	16817.307884074402	1843.0020516329591	0.0	2187.1807102446746	59.16520009718722
307	51.04161336920536	16868.349497443603	1845.5870339568144	0.0	2193.883064168992	51.04161336920536
308	52.14210480945526	16920.491602253063	1849.6101839389041	0.0	2201.4552651118593	52.14210480945526
309	53.66431602462206	16974.155918277676	1854.240288542985	0.0	2209.6947724483252	53.66431602462206
310	52.49077812662827	17026.64669640431	1857.6305406597783	0.0	2217.610254528509	52.49077812662827
311	54.03324825532971	17080.679944659638	1864.8456396266056	0.0	2223.6805397794037	54.03324825532971
312	56.48740758637671	17137.16735224601	1871.4635483814359	0.0	2233.5626162920157	56.48740758637671
313	54.680589750507764	17191.847941996526	1876.8563510178515	0.0	2238.9009761912766	54.680589750507764
314	56.15291429539776	17248.00085629192	1884.554883685513	0.0	2245.358696057871	56.15291429539776
315	53.989488056736334	17301.990344348655	1889.4132110363973	0.0	2250.8696359309347	53.989488056736334
316	55.40119884019106	17357.39154318884	1898.7609917287912	0.0	2258.860147570766	55.40119884019106
317	52.182239848374884	17409.573783037224	1901.4437605608055	0.0	2266.371339071033	52.182239848374884
318	55.31746055863164	17464.891243595855	1907.0923882272712	0.0	2272.366484604099	55.31746055863164
319	55.507319453925994	17520.39856304978	1911.8347446559458	0.0	2281.448749558154	55.507319453925994
320	52.2583527483458	17572.65691579813	1915.7560155944643	0.0	2286.6171873537664	52.2583527483458
321	56.09666509828947	17628.753580896406	1920.645618337531	0.0	2291.394219988487	56.09666509828947
322	54.02973321778502	17682.783314114204	1928.4305081625403	0.0	2299.4853413164305	54.02973321778502
323	53.49568229569561	17736.2789964099	1931.9050141121415	0.0	2307.1413970495832	53.49568229569561
324	55.48194341344501	17791.760939823333	1938.7645630248405	0.0	2316.1666780727373	55.48194341344501
325	57.27439143902353	17849.035331262356	1946.9038151946932	0.0	2322.7884451245504	57.27439143902353
326	54.2418780565646	17903.277209318927	1952.751910065754	0.0	2329.9648161796617	54.2418780565646
327	55.84036842959827	17959.117577748526	1958.3498325509033	0.0	2335.8772360349944	55.84036842959827
328	57.546049340115076	18016.663627088637	1966.2610612571243	0.0	2344.1470187825007	57.546049340115076
329	57.32919216247793	18073.99281925112	1976.074389829008	0.0	2349.1982488545773	57.32919216247793
330	51.98425191983848	18125.97707117096	1981.385527626948	0.0	2356.20165624067	51.98425191983848
331	52.9574194461836	18178.934490617143	1984.8600730352437	0.0	2362.838691166397	52.9574194461836
332	56.280810498447934	18235.215301115593	1991.2663024150906	0.0	2371.7260515550233	56.280810498447934
333	52.03506770596853	18287.250368821555	1991.6866214505083	0.0	2378.589000924254	52.03506770596853
334	54.17150620767249	18341.42187502923	1997.0716905059717	0.0	2385.0049585657453	54.17150620767249
335	54.54691814099716	18395.968793170232	2002.6080091149104	0.0	2395.652544204532	54.54691814099716
336	56.51007001946848	18452.478863189695	2009.968513871465	0.0	2402.3747170600705	56.51007001946848
337	53.22179688140346	18505.7006600711	2015.8484721865855	0.0	2409.362666402031	53.22179688140346
338	56.012024781020074	18561.712684852115	2021.6400574467725	0.0	2414.6364156020422	56.012024781020074
339	54.134608461198276	18615.847293313316	2027.5281157563545	0.0	2424.07908185212	54.134608461198276
340	55.83234042859592	18671.679633741915	2034.4392479284847	0.0	2429.88415079343	55.83234042859592
341	56.778371551216466	18728.458005293127	2041.6685408266453	0.0	2437.105916103032	56.778371551216466
342	53.597258084746414	18782.05526337788	2046.5086818504599	0.0	2445.7317867374004	53.597258084746414
343	50.11760649418267	18832.172869872058	2047.1896489419255	0.0	2455.0044472261447	50.11760649418267
344	54.113198980391864	18886.286068852456	2054.6175243296802	0.0	2461.793582033946	54.113198980391864
345	52.500988780364125	18938.78705763281	2058.6242249798843	0.0	2470.5957362388644	52.500988780364125
346	56.866027789030305	18995.653085421844	2066.076310011467	0.0	2474.0259833765604	56.866027789030305
347	54.522046820537405	19050.17513224238	2071.6037459382947	0.0	2480.302837464941	54.522046820537405
348	55.37473042317691	19105.54986266556	2077.2462900810347	0.0	2486.2807223433256	55.37473042317691
349	56.78157803452024	19162.331440700083	2087.5253029461264	0.0	2490.29394389084	56.78157803452024
350	53.022188700101445	19215.353629400182	2092.7903810138005	0.0	2497.136796631919	53.022188700101445
351	53.60824943024038	19268.961878830425	2096.7024418132614	0.0	2502.6859168460337	53.60824943024038
352	54.90196640408076	19323.86384523451	2102.094719061771	0.0	2508.246049303189	54.90196640408076
353	58.78133001062236	19382.64517524512	2109.559287488566	0.0	2513.6183290872564	58.78133001062236
354	57.47219685094333	19440.11737209607	2118.4910519186874	0.0	2518.699140539686	57.47219685094333
355	54.496323213034636	19494.613695309105	2123.6690763488004	0.0	2524.2714570793873	54.496323213034636
356	57.2853177335056	19551.899013042595	2132.461445055123	0.0	2530.6472845629883	57.2853177335056
357	52.90629317539064	19604.805306218	2137.2458077704923	0.0	2537.1102572151303	52.90629317539064
358	52.1288782255462	19656.934184443544	2141.927004856545	0.0	2543.932776716877	52.1288782255462
359	55.82150036924538	19712.75568481279	2149.461976893225	0.0	2549.548357080393	55.82150036924538
360	55.89652166704164	19768.65220647983	2157.727122327964	0.0	2559.7944015721005	55.89652166704164
361	54.020704306473064	19822.672910786307	2161.7755038519917	0.0	2565.9545085008826	54.020704306473064
362	55.374404908081814	19878.047315694388	2169.2636267771322	0.0	2573.365703944836	55.374404908081814
363	53.98098948494673	19932.028305179338	2174.6559119236854	0.0	2580.2630668997904	53.98098948494673
364	54.37358389385356	19986.401889073193	2180.623075300745	0.0	2586.2846388190424	54.37358389385356
365	56.20749214537003	20042.609381218565	2189.536026047501	0.0	2593.2759557995687	56.20749214537003
366	55.047950482237965	20097.657331700797	2196.1572385929762	0.0	2602.042014849363	55.047950482237965
367	52.95830905458313	20150.61564075537	2198.7940324172664	0.0	2608.086136830587	52.95830905458313
368	56.17554778680568	20206.791188542185	2204.4648318030695	0.0	2618.4931308482232	56.17554778680568
369	58.80518391996147	20265.596372462147	2214.390324987456	0.0	2627.6618404587703	58.80518391996147
370	55.15562500176506	20320.75199746392	2220.5124006634114	0.0	2632.7519600936616	55.15562500176506
371	57.79496488275209	20378.54696234666	2228.6295518669067	0.0	2639.6023415935147	57.79496488275209
372	54.575623931093176	20433.122586277757	2235.7887925706386	0.0	2645.6766973425183	54.575623931093176
373	57.10439711648013	20490.22698339424	2242.7419712653577	0.0	2650.1919045062386	57.10439711648013
374	55.87939515705412	20546.106378551292	2251.199269946969	0.0	2659.0506525695246	55.87939515705412
375	52.99271261205832	20599.09909116335	2255.3312123498636	0.0	2664.459511847017	52.99271261205832
376	57.15857542926206	20656.25766659261	2262.8582179031764	0.0	2671.7892628688824	57.15857542926206
377	59.543256683539205	20715.800923276154	2273.5683884288846	0.0	2676.87124329548	59.543256683539205
378	56.431840826743944	20772.232764102897	2282.00033245669	0.0	2687.888052471617	56.431840826743944
379	56.73903123956946	20828.97179534247	2290.542013140404	0.0	2693.94354385926	56.73903123956946
380	55.023511042128085	20883.995306384575	2295.486384249908	0.0	2700.793686440496	55.023511042128085
381	54.46452436814841	20938.459830752734	2300.648135329627	0.0	2707.7429927850267	54.46452436814841
382	54.30900310994497	20992.768833862687	2307.252424127562	0.0	2713.8071971994996	54.30900310994497
383	50.83350956954496	21043.602343432234	2307.762088196978	0.0	2721.0959162394615	50.83350956954496
384	57.407181877876134	21101.009525310114	2315.103353231667	0.0	2726.7050224787017	57.407181877876134
385	57.37950868182783	21158.38903399193	2324.148200396821	0.0	2735.5074972902094	57.37950868182783
386	54.345212447804805	21212.734246439737	2329.136740900719	0.0	2741.4415306380556	54.345212447804805
387	55.642775758386286	21268.377022198132	2334.7142279804107	0.0	2747.13056820127	55.642775758386286
388	54.53501094620219	21322.91203314432	2341.4499116608254	0.0	2753.209671347004	54.53501094620219
389	55.88088216684547	21378.792915311173	2350.3930652625695	0.0	2759.616722612607	55.88088216684547
390	53.779782089805174	21432.572697400974	2356.15480431188	0.0	2768.7838714866675	53.779782089805174
391	54.58978190694152	21487.16247930792	2363.909412122944	0.0	2775.9515137847825	54.58978190694152
392	53.10464578832857	21540.267125096256	2367.88078404169	0.0	2780.6041907278645	53.10464578832857
393	51.173045066518796	21591.44017016277	2371.1797756623337	0.0	2788.724654137194	51.173045066518796
394	54.58831806011794	21646.028488222877	2376.5893230793536	0.0	2796.0490548889493	54.58831806011794
395	52.83870285151395	21698.867191074387	2381.9736827289876	0.0	2803.4210147205126	52.83870285151395
396	55.1668901435666	21754.034081217964	2388.1994899368974	0.0	2811.9959241283327	55.1668901435666
397	59.06752669897696	21813.101607916942	2398.129043096412	0.0	2816.677599914893	59.06752669897696
398	54.20146559863904	21867.303073515577	2403.5953724162778	0.0	2825.157788739778	54.20146559863904
399	55.12497941496223	21922.428052930558	2408.7445896862287	0.0	2828.998276390026	55.12497941496223
400	58.210956203890284	21980.63900913443	2416.7429272235995	0.0	2836.636500765613	58.210956203890284
401	58.74564286265356	22039.38465199708	2426.837103731326	0.0	2842.2853781166236	58.74564286265356
402	54.133687701970345	22093.518339699054	2430.6241470529053	0.0	2851.5681536885213	54.133687701970345
403	55.43324428536541	22148.951583984435	2438.5041288000243	0.0	2861.780370118227	55.43324428536541
404	56.130733322527746	22205.082317306948	2446.5914813908785	0.0	2873.5179982969266	56.130733322527746
405	56.723006233449226	22261.805323540397	2458.5124340654484	0.0	2879.091227440834	56.723006233449226
406	55.915851389063775	22317.72117492945	2465.4831930443556	0.0	2888.878166838298	55.915851389063775
407	59.956388178434466	22377.6775631079	2475.642499985784	0.0	2896.7008372210635	59.956388178434466
408	56.94349405423463	22434.62105716213	2484.4179301123995	0.0	2904.5113655183604	56.94349405423463
409	53.18410596283391	22487.805163124976	2490.2197771711803	0.0	2914.210368254759	53.18410596283391
410	55.37662100059911	22543.18178412556	2497.7434375262424	0.0	2926.0982034288545	55.37662100059911
411	54.760909376026056	22597.942693501594	2505.3805077078864	0.0	2933.8335729358523	54.760909376026056
412	53.14247975253322	22651.08517325412	2508.144252599217	0.0	2939.352330508433	53.14247975253322
413	55.23956923605823	22706.32474249017	2515.8125584916265	0.0	2947.6103916890866	55.23956923605823
414	62.4008540154771	22768.725596505665	2530.274911210024	0.0	2952.7470653472014	62.4008540154771
415	54.68016774438251	22823.40576425005	2534.4507090768243	0.0	2958.4857034523625	54.68016774438251
416	53.29415921577569	22876.699923465807	2539.629668658996	0.0	2966.8857205356585	53.29415921577569
417	55.570465150492424	22932.270388616314	2547.1656703031035	0.0	2971.1708729066186	55.570465150492424
418	57.43373615594973	22989.70412477227	2555.6301501495404	0.0	2978.8935695115656	57.43373615594973
419	53.22435280272658	23042.928477574984	2561.953864333149	0.0	2985.3063496528644	53.22435280272658
420	58.51810546965807	23101.446583044646	2571.026904572273	0.0	2992.7144362399445	58.51810546965807
421	53.38190551064408	23154.82848855529	2576.6421562602513	0.0	2999.2922587778653	53.38190551064408
422	52.87225818492769	23207.700746740218	2578.815503281873	0.0	3006.138513600299	52.87225818492769
423	49.74196477901219	23257.442711519223	2580.7332904211744	0.0	3013.227687560167	49.74196477901219
424	53.5501819912121	23310.992893510433	2586.1438108776324	0.0	3019.0300075565087	53.5501819912121
425	54.68586082372721	23365.678754334167	2595.2409687530767	0.0	3025.3350165578895	54.68586082372721
426	56.479422385109835	23422.158176719273	2605.086060063128	0.0	3030.0589469968513	56.479422385109835
427	54.00422185077742	23476.162398570057	2609.7039887576407	0.0	3035.820285821783	54.00422185077742
428	55.237213009688915	23531.399611579738	2617.7695943397125	0.0	3040.959335793759	55.237213009688915
429	52.03644439752497	23583.436055977265	2622.391818835147	0.0	3047.5603124636427	52.03644439752497
430	55.10765668905684	23638.54371266632	2629.7644613671937	0.0	3055.32851569748	55.10765668905684
431	55.60854245777775	23694.152255124096	2637.4305395587885	0.0	3061.119637941559	55.60854245777775
432	54.35327362461544	23748.50552874873	2642.6260582731416	0.0	3066.966511905745	54.35327362461544
433	49.840445185162544	23798.345973933876	2644.4081185417126	0.0	3073.882150175879	49.840445185162544
434	55.475413786442786	23853.821387720312	2651.132461323245	0.0	3079.813889344959	55.475413786442786
435	53.53925815204531	23907.360645872373	2655.5020279854857	0.0	3085.5751860552164	53.53925815204531
436	55.07656766681062	23962.437213539175	2661.851704516121	0.0	3092.193129977088	55.07656766681062
437	51.73932486456807	24014.176538403746	2665.199240768628	0.0	3098.184870918976	51.73932486456807
438	49.03141666023991	24063.207955063983	2665.048709375616	0.0	3104.7814941220427	49.03141666023991
439	52.52434983171883	24115.7323048957	2669.7915168863	0.0	3112.7756131358187	52.52434983171883
440	53.01322269978715	24168.745527595504	2673.113292338597	0.0	3119.410321382659	53.01322269978715
441	55.79741071703356	24224.54293831253	2679.175558072241	0.0	3125.836591509371	55.79741071703356
442	51.05015316232934	24275.593091474857	2682.227269515539	0.0	3134.159448459995	51.05015316232934
443	52.06597958378887	24327.65907105865	2685.635404178366	0.0	3140.951415950796	52.06597958378887
444	55.73368092463562	24383.392751983283	2692.7325174801595	0.0	3146.4102230435033	55.73368092463562
445	58.90877362719938	24442.30152561047	2702.0644501141096	0.0	3150.0811846404035	58.90877362719938
446	58.34428676937089	24500.64581237985	2709.8257905753503	0.0	3154.311341958339	58.34428676937089
447	55.80901616480398	24556.454828544654	2718.445603965837	0.0	3162.746276045815	55.80901616480398
448	55.75201249249822	24612.206841037158	2723.6948892039695	0.0	3168.4095697580738	55.75201249249822
449	58.928203005075744	24671.135044042232	2736.128787836124	0.0	3174.9676594220505	58.928203005075744
450	52.74626401419082	24723.881308056418	2741.0582510707477	0.0	3183.6800229839473	52.74626401419082
451	53.679010862208	24777.56031891863	2747.139967169203	0.0	3192.142097295686	53.679010862208
452	51.6227501664779	24829.18306908511	2749.565098591806	0.0	3200.2558919702565	51.6227501664779
453	54.345991512521486	24883.52906059763	2754.1208146131535	0.0	3206.0895144508468	54.345991512521486
454	55.52406685108135	24939.053127448704	2760.2328572208016	0.0	3213.039644910845	55.52406685108135
455	54.47004378518257	24993.523171233894	2765.0043715771235	0.0	3222.8783540630916	54.47004378518257
456	59.133954091223806	25052.65712532511	2773.494790992505	0.0	3226.4143469272763	59.133954091223806
457	53.51917833297503	25106.176303658096	2778.6321385870383	0.0	3232.713774942394	53.51917833297503
458	55.86105311814588	25162.037356776236	2785.2293217468773	0.0	3238.283981590696	55.86105311814588
459	54.0233179160951	25216.060674692308	2787.649517563092	0.0	3245.6773357295533	54.0233179160951
460	54.96036904970256	25271.02104374204	2791.560956413878	0.0	3251.8584103374205	54.96036904970256
461	51.22384133674222	25322.244885078766	2794.2917826851026	0.0	3259.9810918861294	51.22384133674222
462	54.19555724646129	25376.440442325234	2800.6853805006317	0.0	3266.371720589357	54.19555724646129
463	53.63845407701957	25430.078896402247	2804.193328359549	0.0	3271.7181112081903	53.63845407701957
464	54.58747253704242	25484.666368939303	2811.313120049708	0.0	3277.0957667501657	54.58747253704242
465	54.33343570635324	25538.999804645646	2819.7758186609867	0.0	3284.073342917511	54.33343570635324
466	55.31020050485901	25594.310005150513	2825.4796661204036	0.0	3289.385589347361	55.31020050485901
467	52.24201005914269	25646.552015209654	2829.2739918634493	0.0	3295.4868176688055	52.24201005914269
468	53.08899719832898	25699.641012407974	2832.950169148522	0.0	3302.9439239724557	53.08899719832898
469	53.24920634216906	25752.890218750155	2838.6465502958604	0.0	3309.073468642392	53.24920634216906
470	52.14394579820019	25805.034164548353	2840.2809166071756	0.0	3315.736886891451	52.14394579820019
471	53.19544055761744	25858.22960510597	2844.6869769023683	0.0	3327.765537056922	53.19544055761744
472	57.62633626460636	25915.855941370566	2855.349715963035	0.0	3334.023014410083	57.62633626460636
473	54.808786902094106	25970.664728272663	2861.8905146957127	0.0	3340.2579565911706	54.808786902094106
474	55.503521606232	26026.168249878898	2868.904973629924	0.0	3346.0384760870566	55.503521606232
475	55.66968568816861	26081.837935567073	2875.471507539548	0.0	3352.168223633179	55.66968568816861
476	55.12916782458027	26136.967103391653	2880.417600261184	0.0	3359.4629689594967	55.12916782458027
477	53.34711970215813	26190.314223093807	2882.735322925995	0.0	3365.9387819221183	53.34711970215813
478	50.985304963195134	26241.299528057	2884.091344759914	0.0	3373.7083509983586	50.985304963195134
479	55.625690979880076	26296.925219036893	2892.614160753134	0.0	3378.490669016053	55.625690979880076
480	58.5732006997258	26355.498419736607	2903.0529904021846	0.0	3383.578822763001	58.5732006997258
481	58.6906563516359	26414.189076088234	2913.2562225012534	0.0	3393.845042652149	58.6906563516359
482	52.399808977975084	26466.58888506622	2915.1354148922137	0.0	3401.1397314152223	52.399808977975084
483	53.11328022571798	26519.70216529194	2918.4253364518418	0.0	3407.2059121507623	53.11328022571798
484	54.59052028716492	26574.292685579105	2924.9919849357234	0.0	3414.421893786935	54.59052028716492
485	52.661707197419	26626.95439277653	2930.871661931255	0.0	3420.807156636609	52.661707197419
486	53.08223628758638	26680.03662906411	2936.3055306394963	0.0	3426.65583378788	53.08223628758638
487	55.28340861313372	26735.320037677233	2944.4698344818476	0.0	3436.617056917427	55.28340861313372
488	54.58360802242327	26789.903645699662	2950.5854357742264	0.0	3445.484142338763	54.58360802242327
489	55.88397671590678	26845.78762241558	2956.9180416849244	0.0	3454.219664704448	55.88397671590678
490	54.083445850628415	26899.8710682662	2960.4810569647343	0.0	3461.520657185668	54.083445850628415
491	54.541720162675865	26954.412788428865	2964.1463335996923	0.0	3469.4983039537806	54.541720162675865
492	51.431702673128605	27005.844491102005	2965.984376310227	0.0	3478.368347047587	51.431702673128605
493	53.45762249218341	27059.30211359419	2968.5392392799286	0.0	3489.8086161085	53.45762249218341
494	53.343868333958696	27112.645981928144	2973.0186989689523	0.0	3496.8050824616107	53.343868333958696
495	53.42234262461739	27166.068324552765	2978.256127056872	0.0	3503.7944996152846	53.42234262461739
496	52.68635435169552	27218.75467890446	2984.7261933366613	0.0	3509.692131954357	52.68635435169552
497	54.998825757135144	27273.75350466158	2993.3059490714973	0.0	3516.254444085478	54.998825757135144
498	54.03350565865412	27327.78701032025	2998.621077657783	0.0	3521.7088188358416	54.03350565865412
499	53.771536475127256	27381.558546795375	3006.125840757077	0.0	3527.552443166147	53.771536475127256
500	53.01796295995817	27434.576509755338	3009.936037328911	0.0	3533.0735875983864	53.01796295995817
501	55.63499286526089	27490.211502620605	3014.382955477194	0.0	3538.760873787699	55.63499286526089
502	50.678493718865404	27540.889996339454	3014.382955477194	0.0	3546.009268415633	50.678493718865404
