task	reward	total_reward	total_regret	relative	total_reward_dev
0	78.88827973583751	78.88827973583751	34.10450497890312	0.0	30.04263989370445
1	84.26450203572341	163.15278177156085	72.62168288612219	0.0	46.892752277969755
2	87.02480324629745	250.1775850178584	112.45663281613749	0.0	62.93471210525133
3	84.71836736968856	334.89595238754686	150.4571656043075	0.0	69.4792001190897
4	81.62163184855692	416.51758423610363	184.7902245471787	0.0	76.35151168396654
5	84.8758535465305	501.39343778263435	222.1996959638699	0.0	75.26654924353906
6	79.02515908106929	580.4185968637038	254.1072821779293	0.0	81.29714905139744
7	81.20742457558028	661.6260214392839	289.5501353092164	0.0	82.56520714814728
8	77.30061245442414	738.9266338937081	322.64496441087346	0.0	84.56747828229405
9	80.33062877352766	819.2572626672356	357.2569589871425	0.0	88.40535337581287
10	80.01816707091378	899.2754297381496	389.5871807905862	0.0	88.98332974572295
11	84.28113981907201	983.5565695572211	430.26528460906246	0.0	93.96513284442922
12	81.4624384463942	1065.0190080036152	466.8260964870422	0.0	100.60664458198168
13	83.48963675581871	1148.5086447594342	505.1925169476035	0.0	102.87620224507197
14	77.56987422275792	1226.0785189821918	536.6289538002678	0.0	106.85700441472402
15	80.54234297110101	1306.6208619532931	571.3494315343804	0.0	111.09428078452183
16	82.89248913057489	1389.5133510838675	606.6699137223461	0.0	119.10357776114652
17	75.21658525526142	1464.7299363391303	633.308927365036	0.0	118.67219940731509
18	77.63029434282623	1542.3602306819564	664.400718468674	0.0	120.59281484394599
19	76.53217248225309	1618.8924031642077	694.4453968519017	0.0	118.39695877734395
20	73.93759678146382	1692.8299999456729	723.4166664832287	0.0	122.12506710256415
21	78.85685394019036	1771.6868538858625	758.4254144888549	0.0	128.2485077723281
22	87.56772314130016	1859.254577027163	801.9819947682583	0.0	140.1107425080301
23	78.65007101800651	1937.9046480451693	835.4247367044273	0.0	142.0790594804925
24	85.09070838577924	2022.9953564309483	875.3486533855356	0.0	141.11539230405245
25	78.1750520702941	2101.1704085012434	905.7417157403793	0.0	145.41247095080908
26	80.4862130907486	2181.65662159199	942.0053137566396	0.0	148.60824508176157
27	81.39350969382845	2263.0501312858196	978.7607431243395	0.0	146.00421310294684
28	83.02450743893525	2346.074638724755	1016.1941387408992	0.0	147.9517712302179
29	85.72333999388162	2431.797978718636	1058.594837576068	0.0	147.67744632722767
30	83.16133873471998	2514.9593174533566	1094.6652580972277	0.0	153.99574368822445
31	79.84877100125821	2594.8080884546143	1129.0742027669478	0.0	156.01866062999656
32	80.58463010242104	2675.3927185570356	1164.7522352291876	0.0	160.6148479253682
33	83.29837290611496	2758.6910914631508	1200.7979418642972	0.0	162.98465528458112
34	80.65008684971536	2839.341178312865	1235.8498067880519	0.0	167.41069923204654
35	84.7693807871144	2924.110559099979	1275.298613634035	0.0	173.3736176416207
36	81.2472852283526	3005.3578443283313	1309.4227561372975	0.0	170.95121692288768
37	82.8216979405282	3088.179542268862	1346.321113225529	0.0	175.64423330078986
38	79.02872181919146	3167.2082640880517	1383.6604858492012	0.0	176.29923589303073
39	84.71816290224474	3251.9264269902965	1423.1185241074686	0.0	178.096813858208
40	80.37085626232196	3332.2972832526184	1457.5748733846797	0.0	174.51068574135982
41	84.80016474361864	3417.097447996238	1496.26511191809	0.0	174.91630703701895
42	78.52947369865687	3495.6269216948945	1529.6187356848945	0.0	176.60386099449278
43	75.36821967233759	3570.995141367232	1561.081072316614	0.0	178.14433511328008
44	81.47327311667804	3652.4684144839093	1598.3021072110703	0.0	181.32961631599906
45	81.84865220052318	3734.317066684432	1632.7312735134878	0.0	184.73520791538454
46	80.65051117349945	3814.9675778579326	1668.9048944593153	0.0	190.79415189402377
47	83.01169475493428	3897.979272612867	1707.2790616379673	0.0	190.93637688217632
48	75.22512513749413	3973.20439775036	1739.8748022670302	0.0	192.21833620655732
49	82.58524581338018	4055.7896435637417	1777.6498072235772	0.0	194.54517486245862
50	81.09950597492295	4136.889149538664	1814.7445269535535	0.0	204.22548791942089
51	82.67468585929674	4219.563835397962	1852.6801803500773	0.0	207.3657986142317
52	76.85205339327804	4296.415888791238	1884.5894209427747	0.0	211.56491535023036
53	83.56844770478017	4379.984336496018	1922.8517623761215	0.0	215.16392974106336
54	83.65389302453703	4463.638229520556	1960.5512408925654	0.0	215.93254747605957
55	83.38324325679856	4547.0214727773555	1996.2362927836718	0.0	219.82703453698312
56	82.39183653267025	4629.4133093100245	2035.1720479676203	0.0	217.3723824402025
57	81.16947991604711	4710.582789226072	2070.5801997671133	0.0	219.6838531694884
58	77.70761349015173	4788.290402716225	2100.9622099020767	0.0	220.01187199088523
59	76.26560205064851	4864.5560047668705	2131.244235825215	0.0	222.40958372512696
60	75.56867840861997	4940.1246831754925	2163.0323867202583	0.0	223.38502103040682
61	83.77762683778455	5023.902310013277	2199.3863214353523	0.0	225.24804488452617
62	79.51741145994666	5103.419721473222	2233.5419935613727	0.0	227.97720383073903
63	80.0283305044251	5183.44805197765	2268.982517842951	0.0	227.11683062594608
64	76.19886594888641	5259.646917926535	2302.867940294441	0.0	227.9969732390058
65	81.52186246346292	5341.168780389999	2339.7878789273614	0.0	229.36332586621484
66	77.25729030040223	5418.4260706904	2371.3416346511463	0.0	231.42737758864297
67	84.24581711103887	5502.671887801439	2409.0465212642316	0.0	229.199079451496
68	79.9379547952282	5582.6098425966675	2445.5511988079525	0.0	228.35400035939813
69	79.44190152077721	5662.051744117447	2476.236310020256	0.0	232.60064482191765
70	82.45352224151253	5744.505266358956	2513.4672928492864	0.0	233.27955471264394
71	77.94529536381141	5822.450561722769	2544.9887429087503	0.0	236.23070466115985
72	83.93528103324607	5906.385842756015	2580.5987302442304	0.0	242.16689625505222
73	81.0310672133373	5987.41690996935	2614.738485820186	0.0	246.8016347215519
74	79.40944600066568	6066.82635597002	2647.9113549328213	0.0	246.7139217575878
75	83.34794299942224	6150.174298969439	2685.1130432078417	0.0	245.8791867111323
76	78.70775942072272	6228.882058390163	2716.6398264398927	0.0	245.17991257900724
77	77.62665374283397	6306.508712132998	2750.896246125593	0.0	244.02400533306226
78	80.89462722062824	6387.4033393536265	2787.229418029866	0.0	242.59741609687103
79	77.39469984796304	6464.798039201586	2821.960825580949	0.0	245.704661020642
80	83.13142620443804	6547.929465406026	2860.4000182693194	0.0	248.04809601139925
81	78.27440912164047	6626.203874527665	2891.907681687678	0.0	251.04301952664622
82	78.79814682730489	6705.00202135497	2924.5623430982155	0.0	245.55283267177248
83	78.5617518183825	6783.563773173352	2956.750645796298	0.0	247.66849518104704
84	78.28879606558431	6861.852569238941	2986.7282643838344	0.0	248.35531146451208
85	85.65638594144676	6947.508955180386	3027.8185073858317	0.0	256.6175185462424
86	87.58746911110289	7035.09642429149	3070.174854339803	0.0	257.64789123332173
87	83.87292374321488	7118.969348034706	3106.9860394175525	0.0	256.6244306388363
88	79.49774653333175	7198.4670945680355	3140.8432401094838	0.0	259.1858309032738
89	83.12360197980102	7281.590696547839	3177.211376903761	0.0	264.14500287736587
90	80.78652715870443	7362.377223706539	3212.895925647275	0.0	264.6088219152551
91	75.79728553593515	7438.1745092424735	3244.6340738917684	0.0	266.90008301449853
92	84.86974249273317	7523.044251735207	3283.8926807372186	0.0	268.4764636951809
93	79.62544400754959	7602.6696957427575	3317.4229882911836	0.0	269.54231019106817
94	80.90156298201063	7683.571258724773	3352.423957697375	0.0	267.637025347419
95	78.67222743048148	7762.243486155256	3386.088237542826	0.0	267.0037503629147
96	76.57591112724555	7838.8193972824965	3418.9842424380854	0.0	268.6309389865576
97	78.46061016902263	7917.28000745152	3453.4393235696243	0.0	269.4318528878322
98	82.70152812826896	7999.981535579789	3490.056226437138	0.0	274.2701280320193
99	81.65713423964938	8081.6386698194365	3527.206010823691	0.0	275.2428019768949
100	81.80157676015459	8163.440246579592	3564.606851872463	80.84551966843753	282.87276743946137
101	81.24850952032253	8244.688756099917	3602.9244373121187	80.81535974328355	287.1948871078718
102	76.26580042453078	8320.954556524443	3633.1780235888164	80.7077697150659	289.6974315039811
103	78.42306756932894	8399.377624093773	3666.223356379862	80.64481671706228	289.4458302782913
104	77.29664783924348	8476.674271933018	3696.5642659565533	80.60156687696913	292.4632209602873
105	80.7704182671568	8557.444690200173	3732.725222172684	80.56051252417538	293.1738476179411
106	85.32329451472205	8642.767984714894	3774.8959541838726	80.62349387851192	294.3812321914663
107	78.71234511114218	8721.480329826043	3810.3556293001666	80.59854308386757	297.5734855899751
108	82.51261104700039	8803.992940873042	3850.6635840576573	80.65066306979332	302.614954812111
109	80.28344748314117	8884.27638835618	3883.909199220309	80.65019125688947	310.88772813997565
110	77.55973672280722	8961.836125078986	3918.0777922772295	80.62560695340838	313.37921741608085
111	80.74704907995662	9042.583174158948	3955.025702141452	80.59026604601725	315.08288297210856
112	83.58381807005286	9126.166992228995	3992.9214985442045	80.61147984225383	309.6821261690753
113	79.07008852155747	9205.237080750556	4024.3491167624184	80.56728435991117	316.34121509808585
114	79.67906036486859	9284.91614111542	4059.083227093664	80.5883762213323	316.5251524703578
115	93.1112056877004	9378.02734680312	4104.080247308392	80.71406484849835	321.09218419436786
116	82.50882949123441	9460.536176294358	4140.185567820818	80.71022825210493	324.05485681494474
117	77.88090583484944	9538.417082129206	4174.996389392723	80.73687145790075	330.82864018681295
118	81.05364865675365	9619.470730785959	4212.876747106208	80.77110500104006	333.51183560531507
119	75.60395198053654	9695.074682766499	4243.568865462681	80.7618227960229	335.82754646053417
120	84.30455193976132	9779.379234706257	4283.589070953437	80.86549234760584	336.51601627213597
121	74.73693381880652	9854.116168525059	4314.604966430274	80.82429314639202	337.47910254309227
122	75.49936147602916	9929.615530001094	4345.271687598465	80.7036095297393	341.3834895590378
123	76.75534023036238	10006.370870231452	4375.922668141447	80.68466222186282	342.8572853565022
124	82.35065706020185	10088.721527291655	4416.590661135337	80.65726170860711	344.6334188187451
125	81.55245419680534	10170.27398148846	4453.259850699289	80.6910357298722	350.74670189665943
126	83.05946979714795	10253.33345128561	4489.705454914742	80.71676829693621	351.7922234696133
127	82.09360112483033	10335.427052410441	4527.799255775245	80.72376921124622	351.51001961637036
128	78.93809071222763	10414.365143122666	4563.05987942344	80.68290504397912	353.4913250085852
129	76.17830832923892	10490.543451451906	4592.757466463745	80.58745472733274	351.811037413531
130	82.33760314156763	10572.881054593474	4630.761552571834	80.57921737140119	359.01585179656144
131	82.65335656137626	10655.534411154847	4667.65686037434	80.60726322700239	355.74567681114075
132	82.48217191694359	10738.016583071794	4703.585901900308	80.62623864514761	354.00646478307544
133	86.48721886721836	10824.50380193901	4742.619568398196	80.65812710475869	354.34475339541075
134	78.62795823007305	10903.131760169088	4777.152893297496	80.63790581856223	352.2955628273964
135	82.71094368643021	10985.842703855507	4813.834840684108	80.61732144755536	353.41077375797676
136	77.61747299862346	11063.460176854138	4847.456838819597	80.58102332525806	357.08738916051743
137	78.85535803377634	11142.315534887917	4880.356743968596	80.54135992619058	353.5203856079373
138	82.40530864152176	11224.720843529438	4917.713479842951	80.57512579441386	350.0506174429119
139	85.91939462705086	11310.640238156484	4958.018518583004	80.58713811166191	352.2098072253904
140	79.18800848789756	11389.828246644382	4991.3394982799555	80.57530963391768	356.3675577893433
141	77.90529198705764	11467.73353863144	5025.867212144112	80.50636090635204	355.5139688691666
142	76.80385856947531	11544.537397200917	5059.022498120564	80.48910475506024	351.8872647767086
143	81.60504927537036	11626.142446476286	5094.331214383239	80.55147305109055	354.73207232907765
144	83.61904531967855	11709.761491795962	5135.361961687756	80.5729307731206	357.70670124359077
145	80.72841192895116	11790.489903724918	5169.519486722487	80.56172837040488	357.7284879691183
146	76.92336030222812	11867.413264027147	5199.271389462604	80.52445686169216	358.04278213702486
147	81.86513538080418	11949.278399407945	5235.713129343509	80.51299126795088	361.31334529289774
148	82.17405547113236	12031.45245487908	5274.467576630857	80.58248057128722	363.9159204121441
149	81.40142400605156	12112.853878885137	5311.173261393281	80.57064235321396	365.2269852242747
150	76.98254798233539	12189.836426867469	5343.858785346034	80.52947277328809	369.4266725256331
151	80.16561613711491	12270.00204300458	5379.328150764781	80.50438207606626	369.30765240496686
152	83.74116026374958	12353.743203268334	5419.097848853284	80.57327314477097	373.0501027925472
153	76.30964764016174	12430.052850908492	5449.734532340293	80.5006851441248	374.2672160364893
154	86.81343229086063	12516.866283199353	5490.533447700832	80.53228053678801	367.1867674203526
155	84.46055161602595	12601.32683481538	5527.84923029214	80.54305362038032	376.03485501333915
156	79.69401766606066	12681.020852481437	5564.416804673519	80.51607543171421	381.1050249809399
157	74.79130127132188	12755.81215375276	5593.026513386507	80.45229364526695	385.41617696134807
158	84.41390121094611	12840.226054963705	5630.27378313018	80.51935652247484	388.97630315609837
159	78.24352210037164	12918.469577064081	5660.71725272103	80.5391357229721	391.50327881937784
160	88.70676758406016	13007.176344648142	5702.040039067499	80.67051661472655	389.1460749688888
161	82.42302110604716	13089.599365754188	5740.90084359975	80.65697055740917	390.8614782264456
162	78.84122832805573	13168.440594082238	5777.7563718496685	80.65020872609027	393.8541753934312
163	81.31585626971392	13249.756450351946	5813.473181238114	80.6630839837431	390.8496663138139
164	81.34750584358781	13331.103956195542	5852.002089548774	80.71457038269016	391.667983689171
165	83.61692654436081	13414.720882739904	5892.167561649385	80.73552102349909	399.87330053322734
166	86.70778487605105	13501.428667615957	5933.730672582456	80.83002596925557	404.7574429920724
167	80.22252049432247	13581.65118811027	5968.738834308692	80.78979300308845	402.8989249987388
168	79.7510598809084	13661.402247991186	6002.952828737177	80.78792405394526	404.1201823269255
169	74.14097145401855	13735.543219445193	6032.683657179636	80.73491475327762	404.549644532643
170	78.68602685368079	13814.229246298883	6065.797030989081	80.69723979939934	398.3654394915665
171	81.25064165003172	13895.479887948917	6102.658739561767	80.73029326226155	400.67639982475544
172	86.50407485267999	13981.983962801598	6144.219262099841	80.75598120045588	405.60582383711085
173	78.28360654540485	14060.267569347005	6177.448542931291	80.72850659377654	407.05002427952917
174	79.12283239807792	14139.390401745073	6211.122502811623	80.72564045775067	411.0538406230029
175	76.29402668198212	14215.684428427054	6241.753275832502	80.65510129457628	411.979804671302
176	81.51029779106366	14297.19472621812	6278.335563651389	80.68312667827965	411.5686717470463
177	77.58267737551053	14374.777403593638	6313.665004057935	80.68268691460648	416.6400509504196
178	80.04594737775405	14454.823350971385	6350.366560356566	80.67420011617774	420.4878680943744
179	81.42657266776378	14536.24992363915	6387.001346762064	80.7145188443757	422.3782238690899
180	74.33935519512153	14610.589278834275	6415.656728528742	80.62659813428256	424.03536274926404
181	81.53113701631247	14692.120415850584	6451.641718367127	80.65916541322927	424.27953190245955
182	75.84050265646052	14767.96091850705	6483.836032264209	80.62958897152083	424.3493497459563
183	84.1608383962872	14852.121756903336	6525.264419048311	80.68557983729987	425.48971698327216
184	84.83668781536542	14936.958444718695	6562.954284566486	80.7510587547977	432.60006987736006
185	79.2418224662734	15016.20026718497	6596.59863998274	80.68691312004594	434.44935066248865
186	78.29343660165395	15094.493703786624	6627.708788831626	80.59397279495148	433.48844982148006
187	74.83480189557426	15169.328505682208	6656.31610489758	80.50359157647505	434.698880463686
188	86.10388069908603	15255.432386381286	6695.077575983026	80.56965291813262	434.1404784392697
189	83.96320040557103	15339.395586786855	6734.018199466529	80.5780489023903	437.44021681244476
190	80.18074203179884	15419.576328818659	6766.503611529238	80.57199105112122	437.41515812188675
191	79.49723518404365	15499.073564002698	6800.62016023903	80.60899054760235	436.8035504837342
192	77.08183478206828	15576.15539878476	6834.832609764422	80.53111147049567	437.0747616919575
193	80.99647231456488	15657.151871099328	6869.810411878005	80.54482175356584	438.72712413410795
194	75.77554180120649	15732.927412900544	6899.944630991825	80.49356154175778	438.75370765299164
195	83.61626597339213	15816.543678873926	6940.20326417999	80.5430019271869	442.61852040228246
196	87.12890781921107	15903.672586693132	6982.670225657702	80.64853189410655	442.90310316788924
197	79.97819789190318	15983.650784585045	7017.537584233801	80.66370777133538	443.4432504899965
198	81.20207748829847	16064.852862073334	7053.707368431643	80.64871326493568	450.78630387502704
199	83.38007326658453	16148.23293533993	7090.413956723891	80.66594265520504	452.77783488213134
200	77.43542013279176	16225.668355472713	7122.295314152621	80.62228108893135	450.60389846699866
201	76.55844756247619	16302.22680303519	7156.425438809924	80.57538046935291	454.99699104228085
202	80.13458590244996	16382.36138893764	7190.991191914011	80.61406832413213	455.3926183337006
203	80.91298103212368	16463.27436996977	7224.678691711301	80.63896745876005	460.08723905471953
204	82.6559593116786	16545.930329281447	7262.1150539526425	80.6925605734844	464.8386262083744
205	75.37318907477044	16621.303518356228	7291.548462292447	80.63858828156054	463.7655182925509
206	78.80515014151274	16700.108668497727	7324.725861254582	80.57340683782846	459.86009330597744
207	82.1846007648973	16782.293269262624	7361.206332962201	80.60812939436602	460.7507017112676
208	81.11161193970432	16863.40488120233	7397.782911751752	80.59411940329305	460.2385402634018
209	79.44896289076335	16942.853844093086	7431.334906770686	80.58577455736929	462.96090551615134
210	80.31109709022996	17023.16494118332	7465.145718400597	80.61328816104344	469.24315828778896
211	78.20947106196975	17101.374412245295	7498.501532465099	80.58791238086364	467.4162639564648
212	80.51606517344418	17181.890477418732	7533.0219935790965	80.5572348518975	465.0784961002892
213	81.5758128389965	17263.466290257737	7567.216271313044	80.58229209507192	473.83086128944217
214	78.4272681244605	17341.893558382202	7597.664814550676	80.56977417266786	475.049197349354
215	83.01623772483286	17424.909796107022	7635.318058324567	80.46882449303918	473.8308764584915
216	82.48877456115258	17507.398570668178	7674.374248312908	80.46862394373831	476.2793704108558
217	84.23425648221837	17591.63282715039	7712.080191893672	80.53215745021203	473.5297492631787
218	80.03688670391527	17671.66971385431	7747.995502076499	80.52198983068364	469.3011168359118
219	78.31538370613698	17749.985097560442	7780.187715748549	80.54910414793967	465.58441073381914
220	76.47165938540746	17826.456756945852	7813.301235498612	80.47077522239614	463.73406462332207
221	76.20623809204622	17902.6629950379	7844.919353783469	80.48546826512853	458.8536323323174
222	85.49599128263046	17988.15898632053	7885.492923916534	80.58543456319454	464.4895955519801
223	81.35526252421579	18069.51424884475	7923.103397239025	80.63143378613304	465.3682479295291
224	79.82473559345404	18149.338984438204	7957.774913229219	80.6061745714656	467.3834187619037
225	78.64412054323068	18227.98310498143	7991.233948915527	80.57709123492985	470.170279426385
226	82.63263544141967	18310.615740422847	8030.802291395338	80.57282289137257	464.5946846040312
227	76.89083890883342	18387.50657933168	8059.965515781405	80.5207952692126	462.8111140189476
228	80.68162771952524	18468.188207051204	8095.054583577843	80.53823063928556	469.58405722413073
229	71.95495613085114	18540.143163182063	8122.451129068829	80.49599711730167	468.10372720855736
230	80.95201445579882	18621.095177637857	8154.495502374913	80.48214123044394	471.9733798649907
231	81.19914648668234	18702.294324124538	8188.626665453694	80.46759912969706	470.33861377043246
232	79.43579120091327	18781.730115325452	8221.124984529786	80.43713532253679	476.1020246926501
233	76.60993561672348	18858.340050942184	8252.786358469799	80.33836249003186	473.5990785907689
234	75.42957941895062	18933.76963036113	8282.747031585839	80.30637870192058	474.20741370102587
235	77.43966233276025	19011.20929269389	8312.906623320341	80.25366588838388	477.1625026749391
236	76.5899551846314	19087.799247878516	8343.396689941785	80.24339071024397	479.8943464457322
237	78.59091622105284	19166.39016409957	8378.030094237793	80.24074629211668	480.20870948467825
238	81.57601646316228	19247.966180562726	8413.714359910233	80.23245337033315	481.4568022011948
239	83.71465076999257	19331.68083133273	8453.452374903121	80.21040593176257	478.67630248783627
240	80.80493868171862	19412.485770014442	8488.419792218516	80.22657523370076	480.2571255135574
241	79.11936530290585	19491.605135317357	8520.679611013888	80.23871596685923	481.2654968308412
242	79.70243119187188	19571.30756650923	8554.417476818382	80.2677016930832	484.0238942421216
243	78.58307815273511	19649.890644661955	8585.627988665896	80.23748198185686	483.89431898754265
244	77.74251834842245	19727.63316301038	8618.818873599066	80.17871671214426	485.678629046181
245	80.60130216793526	19808.234465178313	8654.389275589325	80.17744561453414	491.0985580379799
246	81.39064890742283	19889.62511408574	8691.873252470328	80.22211850058608	491.2745354891107
247	82.11610998416745	19971.74122406991	8729.058827236171	80.22462824661972	487.9898421275057
248	77.30591931814077	20049.047143388045	8762.256308033886	80.17594688508981	491.744121512711
249	80.80575122423055	20129.852894612275	8798.644443786809	80.16999015727158	494.8879224935062
250	84.09045983296984	20213.943354445248	8836.728774999434	80.24106927577795	492.0974421111942
251	77.82465219610133	20291.768006641338	8870.20318484559	80.21765963636781	491.11457734873903
252	85.74616433474908	20377.51417097609	8911.089032831329	80.23770967707782	487.98839125937945
253	87.40249489621341	20464.91666587231	8954.55265838957	80.34863814963832	488.153516514183
254	83.1797924427779	20548.09645831509	8991.678460495312	80.31230175115745	487.13028291472716
255	79.23406848519313	20627.330526800277	9023.739886724692	80.26003691984914	487.8681414525595
256	78.95053071051471	20706.28105751079	9057.900781754457	80.25260205029369	487.23071285061553
257	76.32414441509391	20782.605201925886	9091.663969310883	80.26793048173144	485.1057946254302
258	80.76923182808103	20863.37443375397	9127.17505861553	80.23148378790277	486.36873750706945
259	79.41985306727565	20942.794286821245	9162.19464356539	80.24324709757182	485.6647481509054
260	78.49472895273128	21021.289015773982	9194.578264947124	80.14112671125855	487.10266527906407
261	82.4311637158146	21103.720179489792	9233.793286090635	80.14120813735617	484.6479540322145
262	85.25152073248137	21188.971700222268	9272.580622859581	80.20531106140047	491.32261969762163
263	79.12790850185205	21268.09960872412	9306.727490785188	80.18343158372184	490.2714921896971
264	78.70141199061314	21346.801020714738	9338.424030333728	80.15697064519208	491.9412098204131
265	80.32292914285873	21427.123949857596	9371.762383238465	80.12403067117711	486.95989635007794
266	82.55643874016408	21509.680388597757	9409.651937015864	80.08251720981816	488.2883834159635
267	77.12820818658561	21586.808596784347	9440.90107518976	80.05157408674083	488.2299355042589
268	79.97734495665959	21666.785941741	9475.098651443403	80.0538369374983	490.66524746137696
269	85.55167680068507	21752.33761854169	9514.523981242695	80.167943990965	491.99730921846617
270	83.57013322113515	21835.907751762825	9551.095531506013	80.21678505463957	498.18498134991836
271	81.73762416095362	21917.645375923774	9589.21030185932	80.22165487974877	501.5142137806969
272	84.09691328011928	22001.7422892039	9625.514439511515	80.19758326402321	498.7314181888141
273	85.47305893915727	22087.215348143058	9663.915865935967	80.26947778796064	501.86387016364984
274	85.93665574577142	22173.152003888834	9706.09812359513	80.33761602143765	505.1827963517293
275	82.4879530646234	22255.639956953448	9744.969269701964	80.39955528526406	502.90109059321907
276	84.36739966173646	22340.007356615177	9786.81762456032	80.42812630397071	493.63516870080235
277	79.81022592107834	22419.817582536256	9819.388840931197	80.45040178942644	493.961033738099
278	76.99186726314574	22496.809449799403	9851.919949206418	80.4198609882803	493.3862314649204
279	83.22252273575313	22580.031972535155	9889.445424061114	80.43782048896024	492.74704095026607
280	76.923452834385	22656.955425369542	9921.156054316541	80.46366146535289	490.840615779534
281	81.81232487422614	22738.76775024376	9958.776245607678	80.46647334393204	490.22605237426893
282	79.95609732117985	22818.723847564946	9992.86884769484	80.50762929057922	492.1855974628657
283	76.86233073769635	22895.586178302652	10025.391945929108	80.43464421399331	492.1420504907759
284	83.1063741963796	22978.69255249902	10063.971694224161	80.41734107780344	490.2932581489246
285	76.22305779871601	23054.915610297743	10095.534460646952	80.38715343112783	491.3836744731182
286	79.75089332407872	23134.666503621815	10131.404446694547	80.4017279983521	494.0258813409356
287	83.53738613964676	23218.203889761473	10170.967654869683	80.48875384079285	503.3081195314733
288	81.53023213717108	23299.734121898637	10208.599266709965	80.44301735517371	504.9536492911779
289	76.14276352951	23375.876885428148	10238.95381208592	80.36481298641313	505.6535180382454
290	79.36623232684592	23455.243117754984	10272.336990296088	80.35666788936356	502.54027907570065
291	81.938857332593	23537.181975087587	10310.389749220843	80.38108411084903	501.1842444103216
292	77.09096902867846	23614.272944116263	10341.29113011952	80.38117545331517	500.99652621595413
293	85.37992944442314	23699.652873560673	10381.480215419073	80.4250100246137	500.50773228991915
294	80.04060529249449	23779.693478853176	10416.11684442775	80.46766065952659	499.7617983351779
295	78.04576956599561	23857.73924841918	10449.601827625133	80.41195569545265	497.30562280270453
296	81.26819907324895	23939.007447492426	10485.79032143227	80.35334860799301	502.6401580756401
297	79.99676431066462	24019.004211803094	10518.699974632484	80.35353427218065	504.73258916648047
298	87.67196199895028	24106.676173802047	10561.888032296292	80.41823311728716	505.34659057705824
299	78.77401266913492	24185.45018647118	10594.981945812155	80.37217251131267	509.06714410825197
300	80.0752853289207	24265.525471800094	10628.475010251308	80.39857116327394	507.049179316097
301	80.53460253598571	24346.060074336085	10663.561074020314	80.43833271300906	507.2239643324508
302	80.13336410990249	24426.193438445996	10699.802064084663	80.43832049508359	512.9630840727191
303	75.79267397384118	24501.986112419832	10731.3035165092	80.38711742450074	512.3638771745864
304	85.68217819293062	24587.668290612757	10772.021606880895	80.41737961331324	512.9935511379038
305	80.28425158270225	24667.952542195457	10803.528307731678	80.46649023839258	508.9166793149926
306	84.69665776475495	24752.64919996022	10843.848659040481	80.52540531462503	504.54854517643474
307	82.36354787665799	24835.012747836863	10883.255221968091	80.52719478574264	502.61108586644696
308	77.54233983252426	24912.555087669403	10913.655308661364	80.49150206467085	499.5302267691332
309	80.21198156199127	24992.767069231384	10948.996729793063	80.4991322513831	503.87724795862334
310	83.64881503844988	25076.415884269834	10986.947025125306	80.53250943086532	503.1040673484356
311	76.15344820212556	25152.569332471965	11018.09759899811	80.51194920226686	506.15882977969204
312	83.99868912225494	25236.568021594227	11054.411068729858	80.54677544175496	510.6330787045017
313	79.62167019479534	25316.189691789015	11089.844031606028	80.52723401531296	512.9551947429655
314	83.64758506585206	25399.83727685487	11125.105152249214	80.57943718472684	513.6190214113261
315	78.08269340730635	25477.91997026217	11158.19541440655	80.53010174155156	517.3589500241875
316	81.40964416531098	25559.329614427486	11193.33091637409	80.51931043759319	521.7181157917906
317	82.93254019201333	25642.262154619493	11230.53218721826	80.5062932746911	520.5293391275933
318	73.77830470891641	25716.0404593284	11260.556732253097	80.44370745474113	523.0334582515605
319	78.96133624778331	25795.00179557621	11295.165014088625	80.45016698015758	527.9685327937113
320	75.93367811148887	25870.935473687685	11323.0969431736	80.44478716741841	529.8070674896352
321	81.27226518347868	25952.20773887116	11359.874035309187	80.49544743833273	528.1034694883558
322	79.2771017764638	26031.484840647634	11395.791830105676	80.4332585432711	531.0906334057094
323	85.52566852960813	26117.010509177228	11433.953430778656	80.474962603325	533.0573828062786
324	78.13250121515084	26195.143010392392	11464.832783939191	80.45804025954197	535.0531946847062
325	77.28062048100917	26272.423630873396	11496.18659071181	80.44440525891976	530.7214952193291
326	74.41113483487624	26346.83476570826	11525.37975585557	80.3621902528543	530.1977627607577
327	79.37680200035713	26426.21156770861	11557.644913952974	80.38704988376956	530.8333200199884
328	82.03658024272696	26508.248147951355	11596.740419243046	80.40059940900156	528.9876619222207
329	81.08998498207183	26589.338132933433	11633.234286699197	80.49194969751376	528.277662510522
330	82.51757089779238	26671.855703831217	11669.400800856016	80.50760526193373	529.3669002601735
331	80.10045713876683	26751.95616096999	11702.768009180583	80.49661836845458	528.5049001639816
332	79.82544999218221	26831.781610962164	11736.744016326931	80.50051495636723	531.6189303524123
333	79.78602602836017	26911.567636990527	11771.057664708016	80.5322758604836	531.8891451913978
334	79.84731421673209	26991.414951207254	11806.393950600557	80.57645320846146	535.3915606859416
335	80.9394148033229	27072.354366010575	11841.694351655733	80.61145073316708	532.5665955813556
336	81.44736707033614	27153.801733080916	11878.0493042407	80.66002485202411	536.7193555750532
337	79.63109926130764	27233.432832342223	11912.624711818564	80.67042668242665	537.0655623497504
338	75.82290968335917	27309.25574202558	11942.055181286965	80.61289561462863	534.9851811080847
339	73.09121366791904	27382.34695569349	11968.206892448885	80.5066612436079	532.5350694935933
340	79.87475445082104	27462.22171014432	12001.721890268265	80.4973594012989	535.9238794239598
341	85.74347721972242	27547.965187364047	12040.205274635162	80.56360052046705	543.448999291487
342	76.02766172590427	27623.99284908995	12069.547462713512	80.52685282580741	540.5386303322088
343	84.52893139068556	27708.521780480627	12109.620843492756	80.58631135818689	545.9807529849086
344	79.64936616613339	27788.17114664676	12143.697104672188	80.60537983636401	544.9728257053026
345	78.1735040329751	27866.34465067975	12175.970679841634	80.58110185501441	543.2038228948085
346	79.97743728328014	27946.322087963013	12212.180929228565	80.56696973877298	548.9310950320984
347	80.07357035177421	28026.3956583148	12245.989606375879	80.54654434244907	550.8556015989662
348	83.06913995206403	28109.464798266854	12282.876129811755	80.60417654878829	549.0216554923215
349	84.69196003071245	28194.15675829758	12322.373016834801	80.64303863685309	551.3544648605542
350	80.95914420073531	28275.115902498328	12355.65687484674	80.61172548053074	551.9508817999491
351	74.45194529041437	28349.56784778872	12385.776266851013	80.57799841147389	555.54598787911
352	82.9487157528426	28432.516563541558	12421.904376392164	80.5500239256548	552.9789273710072
353	76.64010704960742	28509.156670591175	12453.214762465894	80.44240004718877	547.1713722808153
354	80.29515972025375	28589.451830311416	12487.159371661674	80.41355371996352	543.8535188706445
355	78.65022190158226	28668.10205221301	12521.663980272284	80.40771525412741	545.9680085445364
356	82.49667058251035	28750.598722795534	12557.652978049835	80.4431766528474	545.3996348092319
357	86.42302461939913	28837.021747414918	12597.548952014127	80.5441654548904	553.9692894835032
358	77.82879752956326	28914.850544944493	12630.735281739657	80.51476111190523	555.9945959720282
359	77.17831760541691	28992.028862549887	12661.407513042399	80.49234575728667	557.7620893452475
360	83.57361229855712	29075.602474848452	12701.990102673475	80.54313459074488	554.9362615385801
361	80.12454826078307	29155.727023109244	12736.970294858997	80.52006843619459	551.3372621490872
362	82.48142387951083	29238.20844698875	12777.506664286899	80.4923674676649	552.8163656014348
363	84.84808133237259	29323.056528321118	12816.656656008661	80.54956919597012	557.7733193902295
364	80.82461197944201	29403.88114030055	12851.90813029225	80.5708011958584	558.3774557584671
365	82.9530231376862	29486.834163438252	12888.689935315786	80.59710213580665	561.6909720833052
366	83.2516070017548	29570.085770440022	12926.232687682537	80.60405381842259	560.1469137996019
367	79.00434380749836	29649.09011424749	12960.597867425791	80.62281517463165	561.8556495159701
368	79.14200758584599	29728.232121833338	12995.742585378415	80.61446180092355	569.918808798912
369	82.79492335380662	29811.027045187147	13032.706973576453	80.58689426645475	567.1917726662074
370	78.15252093688991	29889.179566124043	13065.230992074863	80.53271814361234	568.7417477827437
371	82.6275523598864	29971.807118483935	13102.451634051256	80.54161742560163	572.3839334644409
372	81.02704099899542	30052.83415948294	13139.165526405573	80.51091870279043	575.3307606001634
373	79.22438489972139	30132.05854438263	13171.14469492182	80.44843196239604	573.5095013059092
374	80.84772352938263	30212.90626791202	13207.432948536374	80.39754264023217	578.3752489969459
375	79.13559748896655	30292.041865400988	13241.418131152544	80.36401908447561	576.9014062871839
376	85.68752879628599	30377.729394197268	13280.866536758322	80.3772203758211	574.0965577200882
377	79.83828415069452	30457.567678347983	13316.904644527507	80.37750095811727	571.66743934089
378	85.20327594641186	30542.77095429438	13353.389651891794	80.45961504494993	577.4049231861094
379	79.64444869275586	30622.415402987135	13385.705159047337	80.42383430451994	578.6246768043267
380	80.74594832216906	30703.161351309318	13424.022841317399	80.46205925939776	576.8675290055087
381	80.15436210524543	30783.31571341456	13459.667069038276	80.44547963170797	575.8831299521866
382	80.92671935474625	30864.242432769304	13495.547588747566	80.4551858520436	578.4383374892998
383	75.40227840137301	30939.644711170677	13525.84309255593	80.44058532868041	580.332993458128
384	77.62238470243213	31017.267095873103	13559.01438022993	80.38574543374094	574.0209860131679
385	82.96666826853408	31100.233764141638	13595.32956627196	80.45318153843911	571.4024876643582
386	81.81536032413118	31182.049124465768	13629.229303263735	80.47382620843965	569.730779917531
387	77.09961869660079	31259.148743162375	13660.080925634957	80.40944853400917	570.7519571312682
388	79.03721023135276	31338.185953393713	13694.854390774553	80.384518314951	569.6998544662459
389	82.14516847760406	31420.331121871328	13731.206619021807	80.44454236443197	566.4067306779694
390	81.20827911013937	31501.539400981477	13765.867048014961	80.46296283226486	562.110759992341
391	84.12336833685855	31585.662769318325	13805.314417370853	80.48480794230751	559.5664591781778
392	81.54024497021938	31667.20301428855	13841.820526171103	80.52930070172295	566.1032111730468
393	78.21716731398541	31745.420181602545	13874.122835947119	80.45767308041856	563.6117775667527
394	83.87451141641084	31829.29469301894	13911.447895388534	80.49601214165772	561.07819934032
395	86.91471249633756	31916.20940551528	13953.821190278726	80.58470157096113	557.9843568141222
396	81.56519784413022	31997.774603359412	13988.392618306341	80.58767155866997	560.8870985567723
397	80.20777722635306	32077.98238058575	14022.877406288204	80.58978168782684	562.027623440279
398	79.33036255105225	32157.312743136805	14056.98550539379	80.50636569334783	554.5878028491558
399	76.52397051465657	32233.836713651446	14088.344178667896	80.4838652718031	553.728511550743
400	82.97749298310164	32316.814206634583	14125.5131776009	80.51288734834492	561.0047897349
401	79.98417892807805	32396.798385562644	14160.060662945605	80.5073831122658	558.5850587971223
402	77.52127320372566	32474.31965876638	14192.4552325082	80.48126220320403	557.1989198329261
403	84.49786431056263	32558.81752307694	14229.890184731505	80.56831410657124	554.6982992500557
404	78.48815730946167	32637.305680386406	14262.349945225762	80.49637389773656	550.2639009984696
405	74.77963615907728	32712.085316545483	14292.460463507658	80.4413277435003	548.5066897581308
406	77.63289045265448	32789.71820699814	14326.179462213744	80.37069007037931	547.6379469702807
407	79.88912924927894	32869.607336247405	14358.615903293603	80.3459458841055	549.3465592257331
408	82.14883792603457	32951.75617417343	14397.917404197802	80.39201086504063	551.9755846262909
409	81.00343776351517	33032.75961193695	14433.751301042344	80.39992542705585	548.7173193677755
410	83.5706358045671	33116.330247741535	14469.860780956222	80.39914363471706	550.4953173990413
411	81.29442754527679	33197.62467528681	14503.884095472082	80.45055342814858	547.6599163348859
412	78.09857535317069	33275.72325063999	14537.03125675955	80.39155229045772	548.3872503451258
413	80.17733300315183	33355.90058364313	14570.929592999402	80.39710891854128	549.980945693163
414	77.94817123149345	33433.84875487463	14605.75858140486	80.3401147801977	550.1401712872915
415	78.5988051091265	33512.447559983746	14637.967470746276	80.34527589721588	553.5172778304542
416	75.97902162455858	33588.426581608306	14669.356739322506	80.29096967180838	556.1657512055345
417	78.60469674305327	33667.031278351365	14703.788687176302	80.24769123731879	551.5999824567677
418	79.02948481201882	33746.06076316339	14735.860000023511	80.3002030383498	550.8411368421961
419	76.03963820792275	33822.100401371295	14764.945652164693	80.27098605795119	553.6029493832021
420	78.13723601787476	33900.23763738919	14799.65510020565	80.29302163701504	553.7265074334158
421	78.40444618870823	33978.642083577884	14829.853247588459	80.26434344706732	553.8613496531567
422	84.89819004267862	34063.54027362056	14874.801617466894	80.3205543297295	551.6756733437935
423	74.78635056892207	34138.326624189496	14904.770261472415	80.21316115012262	553.0078305540304
424	80.81561922333384	34219.14224341283	14941.005307558067	80.23999233020444	553.6915708823655
425	79.4018815892201	34298.54412500204	14974.08089177864	80.26120494128654	554.8753765050351
426	81.15807344839325	34379.70219845043	15009.265918943172	80.32867432742171	554.985350076416
427	86.63570404333078	34466.33790249376	15052.273939819159	80.40126334785148	557.6268344259214
428	78.14601287437888	34544.48391536814	15082.789646760675	80.36235767416802	557.3890931118325
429	80.86837753814251	34625.35229290628	15116.084405298314	80.36014159972872	556.7594467408676
430	81.14451046335505	34706.49680336965	15150.27693482788	80.34641099538429	559.0295215910288
431	83.44920067915558	34789.946004048805	15189.044899310611	80.37989843078819	562.9708135042766
432	81.49553518277932	34871.44153923159	15224.407981952214	80.39659928269423	562.1451714230142
433	78.66134220885722	34950.102881440456	15257.534689594992	80.38535244449916	563.3647710992972
434	78.33507148366111	35028.43795292411	15292.543707162531	80.37023001716844	564.0265469663085
435	77.92264514668544	35106.36059807081	15325.252281430012	80.34006232060209	564.0880171932115
436	78.81697157989744	35185.177569650674	15358.827627661562	80.31375836569771	568.7558337241308
437	78.73892272070476	35263.91649237138	15389.800114475789	80.30483660029167	567.6935713590707
438	77.07221622008954	35340.98870859149	15422.2210920497	80.31732966565897	566.5601050951238
439	84.15202365149166	35425.14073224299	15459.386181031346	80.42793776549473	568.7429713809354
440	80.24752206890244	35505.388254311874	15491.612072646345	80.43166544167552	569.9491245080272
441	82.07102626251967	35587.4592805744	15524.96486246167	80.39494093210347	568.422183260747
442	79.51391119568139	35666.97319177007	15556.734581184615	80.42980342680126	569.5718659817909
443	84.14234536327814	35751.115537133366	15598.476130038129	80.42593756652718	567.3628237449957
444	78.73102076776136	35829.84655790112	15630.487355799007	80.41675411254349	569.4876536525345
445	78.156170506514	35908.00272840765	15662.93276167196	80.41658077727881	568.6153424172433
446	83.91470462027063	35991.9174330279	15703.305015618133	80.45595345064874	568.4158659478995
447	80.72074145212261	36072.63817448004	15737.421170454674	80.46242516165223	572.6189473936038
448	82.41217835108979	36155.05035283113	15774.80192549539	80.45585554564246	570.0869301697248
449	82.82088053614535	36237.87123336727	15812.667874576286	80.43714475069679	569.2156195658789
450	79.3412313841104	36317.21246475138	15845.461003977014	80.42096562253057	571.0518386044952
451	80.06597953087939	36397.27844428225	15878.94045590089	80.47710596493518	573.6655708134778
452	78.30887123702523	36475.58731551929	15910.265570653057	80.43070751977706	574.6175987256241
453	74.63711655567056	36550.22443207494	15939.010520355274	80.41067761483765	575.844865557774
454	78.99190009654056	36629.216332171505	15972.591813882089	80.39764501860053	577.9676890808571
455	81.91607549282855	36711.132407664336	16008.156631855882	80.43030355451299	582.9523745241873
456	80.96603203539374	36792.098439699745	16043.827361196014	80.41499716904184	581.7005459973585
457	79.6573933118293	36871.75583301155	16077.51931251199	80.34734085596611	587.6191512581808
458	79.3003359871877	36951.05616899874	16110.748006511045	80.36205624054236	589.9239969540262
459	77.78920226661225	37028.84537126534	16142.567159222739	80.36816508715431	592.7319252754743
460	79.59850792868201	37108.443879194034	16175.931153471382	80.32841404345558	590.4076772492889
461	77.81111261746827	37186.25499181151	16208.376506967426	80.30527968702245	593.7592223444092
462	83.94053935722093	37270.19553116873	16246.161055914534	80.31987084179954	595.9725992427435
463	75.01498648499864	37345.21051765372	16274.170967202635	80.22153989332578	594.9205986135644
464	79.44916741035587	37424.65968506409	16310.440588759091	80.20778544763493	595.0436210827912
465	85.51697960090904	37510.176664665	16352.882138786637	80.23342501226719	594.9012680790647
466	79.1687905363169	37589.34545520131	16387.66467785927	80.19259684761279	595.0870430956177
467	75.52670175860044	37664.8721569599	16418.489923112662	80.15782042712381	594.9475556393905
468	77.40643916599898	37742.27859612592	16451.311977461944	80.14046474292532	596.9021940248589
469	78.71811398590576	37820.996710111795	16486.176967025953	80.09969664924631	596.988138302772
470	78.76987880148936	37899.766588913284	16519.507332876576	80.10587022789232	593.0959675587427
471	87.08522856917003	37986.85181748248	16559.77370310055	80.15044698998514	595.6114916914028
472	76.69090891806802	38063.54272640054	16590.609112674174	80.10708566917589	599.9992361670071
473	83.12295017112393	38146.665676571654	16629.123988437812	80.1460713218899	602.4491454386902
474	80.34412691538824	38227.00980348706	16661.569740015457	80.14103535574995	608.4667391846538
475	80.1577889781117	38307.16759246517	16697.0360416302	80.15125727064141	607.5735510418581
476	76.18193492871788	38383.34952739389	16726.220781993183	80.05620133196571	610.6298511637482
477	80.80448537980284	38464.154012773695	16762.22109972296	80.06586334425677	611.6121881153189
478	79.48703125822959	38543.64104403191	16799.50147802655	80.00870089737498	615.3676129661077
479	83.35404284830382	38626.99508688024	16835.0042287931	80.04579683893047	618.4455500491445
480	86.07739352598362	38713.07248040621	16874.286540323697	80.09911129096861	619.9927353947751
481	82.86908612926561	38795.941566535475	16911.193610440267	80.12625853120885	623.5836407659837
482	81.22014883405873	38877.16171536954	16947.66951538754	80.129192826002	627.6065933463605
483	74.75580260966653	38951.91751797919	16976.985189688447	80.12272806808487	626.1670119434701
484	78.41565658238544	39030.333174561594	17010.422117222868	80.13066078688439	627.0849559404625
485	85.91953048834826	39116.25270504995	17052.392107250405	80.16018940908256	623.9217674170886
486	83.42937165398742	39199.682076703924	17087.30939099346	80.17632952238111	619.1880153590432
487	79.22118590860978	39278.90326261253	17123.84241695226	80.19754519450119	620.0789340398849
488	82.96972269261349	39361.87298530515	17161.927527345462	80.23687031911382	620.7655858933826
489	79.46368214503497	39441.33666745018	17197.405854513334	80.21005545578814	623.6444508300543
490	74.73162165720797	39516.0682891074	17225.585419810202	80.1452888812588	623.7372256731762
491	78.44940427794332	39594.51769338535	17259.85651895144	80.08854924066968	625.3004132000259
492	82.36264029865264	39676.88033368401	17294.271568068372	80.09677319395396	625.773895523343
493	80.70688600443059	39757.5872196884	17331.12447079615	80.12167038085846	622.4277470374764
494	77.97985890179122	39835.567078590226	17363.97909532597	80.06272385571228	623.3749082706943
495	79.20118084801554	39914.768259438235	17395.774250868566	79.98558853922901	627.6580543524251
496	84.20454376621403	39998.972803204444	17434.661557151907	80.01198199844985	628.0640867990254
497	80.58662766568779	40079.55943087013	17469.08605908153	80.0157705028432	622.6711159830181
498	85.46008434215642	40165.01951521231	17509.237106740187	80.07706772075426	624.1574793840197
499	80.20174114342332	40245.221256355726	17543.858127067822	80.11384542704191	629.5444650122246
500	80.07205729016295	40325.29331364589	17577.52099564954	80.08479107011254	630.0343371260486
501	80.14791225520285	40405.441225901086	17613.444290692365	80.0864284033838	635.1544978668918
502	76.7476374461789	40482.18886334728	17642.245277772097	80.07869204580832	634.9344051345442
503	86.06782722399417	40568.25669057125	17682.62245804324	80.09439167494261	637.4284439155283
504	77.62693650597045	40645.88362707722	17712.767404397808	80.08577946690774	640.8107068686598
505	81.7847479316687	40727.668375008885	17749.897057820486	80.15583058463359	649.087484445376
506	85.26831194850404	40812.93668695738	17787.832593047337	80.23218479959215	653.4176983208654
507	81.49521460677073	40894.43190156416	17825.83486830897	80.24824565316705	652.5002811071583
508	78.9338918245792	40973.36579338875	17860.50171416074	80.21609619215243	654.4771739435967
509	78.71283322954807	41052.078626618284	17892.4335847789	80.19319014681284	655.4098732148882
510	73.67386075553878	41125.752487373844	17921.690920610716	80.09422239632252	656.4074136503098
511	79.73711930167111	41205.48960667551	17957.811171870835	80.07864931388649	657.6520701916853
512	80.84174475720106	41286.33135143271	17957.811171870835	80.07864931388649	659.8089345240087
