task	reward	total_reward	total_regret	relative	total_reward_dev	joules
0	50.09300033801375	50.09300033801375	1.0310524204659972	0.0	13.5097181594773	50.09300033801375
1	72.1191027808622	122.21210311887599	22.42231095317969	0.0	16.021484915186864	72.1191027808622
2	61.295619337936344	183.5077224568123	35.1905487657418	0.0	22.29399244597179	61.295619337936344
3	58.631465524118624	242.13918798093087	48.1451031747885	0.0	26.728579644187953	58.631465524118624
4	58.0867694444346	300.22595742536555	57.087770851511394	0.0	32.650379977498865	58.0867694444346
5	60.83740262664365	361.0633600520092	68.39242012633139	0.0	37.23610195074218	60.83740262664365
6	61.020744761767816	422.08410481377695	77.69090495794688	0.0	38.76077446559796	61.020744761767816
7	58.84579123618583	480.92989604996285	87.35190949282861	0.0	40.65582931130147	58.84579123618583
8	58.5943511041795	539.5242471541425	97.22836176746726	0.0	42.34459346077326	58.5943511041795
9	57.2921751703082	596.8164223244505	108.2195431474226	0.0	45.420053458210056	57.2921751703082
10	58.16442097845118	654.9808433029018	117.8300956776203	0.0	47.64450710623358	58.16442097845118
11	59.70394365479786	714.6847869576997	127.6102175285814	0.0	51.47176725896482	59.70394365479786
12	56.83006985876752	771.5148568164673	134.04421735963834	0.0	55.64041196781069	56.83006985876752
13	56.156819592981925	827.671676409449	141.63933990831322	0.0	58.07557480488586	56.156819592981925
14	56.72856788509207	884.400244294541	150.0185404763126	0.0	59.608052974773585	56.72856788509207
15	55.18061299844795	939.580857292989	156.27194492704677	0.0	61.92403361089544	55.18061299844795
16	53.732704677154906	993.3135619701436	159.68923785509057	0.0	63.730537599508246	53.732704677154906
17	55.81474219437128	1049.1283041645156	167.50565014229133	0.0	69.38326256753467	55.81474219437128
18	55.62403058359077	1104.752334748106	175.1846717409682	0.0	72.62688801793114	55.62403058359077
19	55.84734133770635	1160.5996760858134	181.57543606887265	0.0	72.45941374582432	55.84734133770635
20	56.454390623287985	1217.0540667091002	189.66512078765976	0.0	74.17460406481169	56.454390623287985
21	56.40571081102081	1273.4597775201216	197.92846662099907	0.0	74.59527798216503	56.40571081102081
22	54.109349764146266	1327.5691272842678	200.92910515963314	0.0	73.9770996678738	54.109349764146266
23	52.99645331589117	1380.5655806001585	205.71495835739913	0.0	73.64121737439345	52.99645331589117
24	54.677375051265344	1435.2429556514232	210.2554390980489	0.0	75.30648533868953	54.677375051265344
25	54.0205514627244	1489.2635071141488	215.82698553271896	0.0	76.96230390709442	54.0205514627244
26	54.74401908833193	1544.00752620248	221.89184359063628	0.0	80.67943277172338	54.74401908833193
27	54.99044847578271	1598.9979746782635	228.77841915037325	0.0	83.48032207270505	54.99044847578271
28	54.15302004715298	1653.150994725416	234.6949982441097	0.0	85.12921063252602	54.15302004715298
29	58.50737045376787	1711.6583651791834	244.73342204846398	0.0	87.20176878344711	58.50737045376787
30	52.8064656452083	1764.4648308243904	247.34897549330645	0.0	90.4678142131506	52.8064656452083
31	53.52679935884585	1817.991630183239	253.46314921281584	0.0	90.88837317012867	53.52679935884585
32	53.21644315264761	1871.208073335885	255.52856395065436	0.0	91.19354599743114	53.21644315264761
33	53.57899054806498	1924.7870638839509	260.0560600501508	0.0	90.7500099543213	53.57899054806498
34	55.6921753297895	1980.4792392137401	266.6591113034982	0.0	91.36900997595384	55.6921753297895
35	51.81241381858658	2032.291653032328	271.0704490633223	0.0	92.9617537136718	51.81241381858658
36	51.706359823730935	2083.998012856058	273.08720831301775	0.0	94.52525484525371	51.706359823730935
37	52.96439564947595	2136.9624085055343	279.3224568676562	0.0	96.3882520187903	52.96439564947595
38	51.439164254234704	2188.401572759768	281.43124244859774	0.0	97.2517138205363	51.439164254234704
39	54.39847333100672	2242.8000460907742	285.62619434298364	0.0	97.02300318684347	54.39847333100672
40	51.98389057841865	2294.7839366691933	290.0907527428776	0.0	97.91237695578171	51.98389057841865
41	49.47029883213105	2344.254235501325	290.39413071742945	0.0	99.73375184863565	49.47029883213105
42	50.34060202670601	2394.5948375280304	290.5813450630708	0.0	100.95274222412036	50.34060202670601
43	51.244249356665634	2445.8390868846955	294.8011598118676	0.0	102.37139742573454	51.244249356665634
44	53.59576813817873	2499.4348550228756	299.2665507754702	0.0	103.88993583164684	53.59576813817873
45	53.580406523095554	2553.015261545972	306.07031874643036	0.0	105.54319798975351	53.580406523095554
46	52.5425758336167	2605.5578373795865	310.15194258368	0.0	104.5724315312599	52.5425758336167
47	51.84000894335556	2657.3978463229446	313.9790658586408	0.0	105.76454000846529	51.84000894335556
48	52.40966272095567	2709.807509043898	317.33155987291116	0.0	107.01387325500087	52.40966272095567
49	51.04524231990763	2760.852751363807	321.24656004504186	0.0	107.38717366301117	51.04524231990763
50	49.84835681404014	2810.701108177845	322.2142085798811	0.0	107.76317942723789	49.84835681404014
51	52.005418502456244	2862.706526680303	323.92303863479884	0.0	110.87312645079261	52.005418502456244
52	49.538897659392404	2912.245424339695	325.2776399015309	0.0	111.37070159938827	49.538897659392404
53	52.430466373459346	2964.6758907131543	327.59317487352956	0.0	110.92728179821906	52.430466373459346
54	51.01816412965974	3015.6940548428142	331.20340894787705	0.0	110.56503862063596	51.01816412965974
55	54.65062683088967	3070.3446816737037	337.1773135338655	0.0	109.00706794968046	54.65062683088967
56	51.18273365134908	3121.527415325052	340.40978912144305	0.0	109.98265580254683	51.18273365134908
57	52.35512249948948	3173.8825378245438	343.6105773576936	0.0	112.82551460498846	52.35512249948948
58	51.18129236707492	3225.0638301916174	347.55215330447123	0.0	114.54896285805556	51.18129236707492
59	50.57814558449136	3275.641975776109	347.36060660578187	0.0	114.39080164064403	50.57814558449136
60	52.606394877013216	3328.248370653123	353.2764453474475	0.0	113.44276455062665	52.606394877013216
61	52.95311717471671	3381.2014878278383	358.3340520504496	0.0	118.37283281107337	52.95311717471671
62	51.944089549571	3433.1455773774073	362.50499716349213	0.0	119.51954143693321	51.944089549571
63	53.7124841646377	3486.858061542048	368.3852718809609	0.0	120.43278530085156	53.7124841646377
64	51.92336255762722	3538.7814240996736	372.5949569575091	0.0	122.14116301546943	51.92336255762722
65	50.43455907449425	3589.215983174168	374.36178603100865	0.0	123.27385237184508	50.43455907449425
66	51.714321176574465	3640.9303043507416	377.25069157555146	0.0	122.98400532885492	51.714321176574465
67	49.971476530585505	3690.901780881327	377.3886781250448	0.0	126.00848113689224	49.971476530585505
68	50.6272175258141	3741.528998407141	378.9957760226807	0.0	129.0830528322758	50.6272175258141
69	51.24631620330907	3792.7753146104515	380.8674489700661	0.0	130.62626815506513	51.24631620330907
70	49.90208904233289	3842.677403652783	381.74241273138273	0.0	128.72041198508347	49.90208904233289
71	51.12520425403912	3893.8026079068227	384.45341024061815	0.0	129.21150979971776	51.12520425403912
72	50.984726072260884	3944.787333979084	387.70641546048887	0.0	130.44146441754472	50.984726072260884
73	49.676979481663714	3994.464313460751	391.3984931032965	0.0	128.41229836620104	49.676979481663714
74	50.81342808313395	4045.277741543882	394.5464352978945	0.0	127.5199615382657	50.81342808313395
75	49.893100182628785	4095.1708417265113	398.7566384400466	0.0	127.30110363241646	49.893100182628785
76	48.961203330875875	4144.132045057386	399.5910514911499	0.0	128.47643975372318	48.961203330875875
77	52.95443132070247	4197.086476378092	404.9118205990965	0.0	128.07057650861577	52.95443132070247
78	48.45086404712359	4245.537340425211	404.80489436098185	0.0	132.188884088514	48.45086404712359
79	51.04727055034163	4296.584610975555	405.8077171188506	0.0	135.08792031900333	51.04727055034163
80	50.74443360231924	4347.329044577875	410.03841676882416	0.0	133.53310390930642	50.74443360231924
81	50.74271723847569	4398.071761816348	411.29137806881715	0.0	134.57880955507966	50.74271723847569
82	52.60348829273033	4450.675250109078	414.3010212970023	0.0	136.28844365153708	52.60348829273033
83	49.67956247469014	4500.354812583771	415.2715279181307	0.0	136.23533455574446	49.67956247469014
84	51.05167562217602	4551.406488205944	417.35183288665576	0.0	137.51550915665595	51.05167562217602
85	52.93776433542747	4604.344252541373	422.81966687736815	0.0	138.25435350740034	52.93776433542747
86	50.229014036458445	4654.5732665778305	425.0544126850975	0.0	138.633548584829	50.229014036458445
87	53.73734998190443	4708.3106165597355	430.06639765810377	0.0	139.15092173506193	53.73734998190443
88	49.880982883065606	4758.191599442803	431.02787676786284	0.0	138.0733378784863	49.880982883065606
89	50.00927434743134	4808.200873790232	431.86908250155807	0.0	139.47688814518324	50.00927434743134
90	50.435738607412276	4858.636612397646	434.3480146995261	0.0	139.21106234132392	50.435738607412276
91	48.96353103637987	4907.600143434026	434.50556495776186	0.0	140.4336471391165	48.96353103637987
92	49.87081388542597	4957.470957319452	437.30387406408	0.0	139.43766745245432	49.87081388542597
93	50.008585183315134	5007.479542502766	438.09891024843057	0.0	140.1679756918807	50.008585183315134
94	49.917715035550124	5057.397257538316	441.27349653790094	0.0	139.54235487581198	49.917715035550124
95	50.3292943964964	5107.726551934815	441.9760295235669	0.0	141.94995405070262	50.3292943964964
96	49.43272439312087	5157.159276327934	443.3624875125281	0.0	142.75723705914496	49.43272439312087
97	51.759237440795886	5208.918513768729	443.71669048723334	0.0	144.90350075025333	51.759237440795886
98	51.18790403415486	5260.106417802885	445.3855712172748	0.0	145.55206339518165	51.18790403415486
99	50.00754736984614	5310.113965172731	444.80297589058995	0.0	144.13802183986797	50.00754736984614
100	49.75004023579215	5359.864005408523	444.2659148290497	0.0	144.2891185219353	49.75004023579215
101	49.97883678802515	5409.842842196546	444.63701227632197	0.0	145.46321707263937	49.97883678802515
102	49.712238234109336	5459.555080430659	444.8304843996253	0.0	146.3139185803045	49.712238234109336
103	50.09508118162708	5509.650161612283	445.11878183984476	0.0	148.39324788819172	50.09508118162708
104	48.61001475364049	5558.260176365922	445.1413705907526	0.0	149.42610758859746	48.61001475364049
105	49.14610549201856	5607.406281857947	446.4302302283673	0.0	151.60249741673144	49.14610549201856
106	53.19424181818794	5660.600523676132	448.3953380736005	0.0	152.31876129374524	53.19424181818794
107	50.45249543185001	5711.0530191079815	450.3614509611234	0.0	152.46961196164332	50.45249543185001
108	50.35526379369376	5761.408282901675	451.94882185660515	0.0	153.167991489999	50.35526379369376
109	51.64544355098554	5813.053726452661	455.347972170051	0.0	150.21909715459162	51.64544355098554
110	49.571664611074205	5862.625391063735	454.98180755823256	0.0	150.1072159703432	49.571664611074205
111	49.63531314892715	5912.26070421266	458.85111313668693	0.0	151.06869371023433	49.63531314892715
112	49.497402402522866	5961.758106615183	460.3242624392089	0.0	149.8611922424707	49.497402402522866
113	51.3893809882845	6013.147487603469	463.48089962230347	0.0	153.23707300242927	51.3893809882845
114	50.149988654591546	6063.29747625806	464.16571578416585	0.0	153.40892723810015	50.149988654591546
115	50.28785825106851	6113.585334509132	465.31225990363333	0.0	154.73921767446623	50.28785825106851
116	50.4709589384465	6164.056293447577	466.7976459138796	0.0	154.22367899454943	50.4709589384465
117	49.19089630690424	6213.24718975448	467.530740926632	0.0	154.1727231905642	49.19089630690424
118	51.28295349342201	6264.530143247902	469.8472645179582	0.0	159.5575755295639	51.28295349342201
119	49.42317829639242	6313.953321544296	469.96026461511656	0.0	163.24477383392576	49.42317829639242
120	48.30626482648572	6362.259586370778	469.9138316406711	0.0	160.60616697696332	48.30626482648572
121	51.079494358126695	6413.339080728907	470.7686937492581	0.0	159.73585466072407	51.079494358126695
122	47.18945743707269	6460.5285381659805	470.65337832719524	0.0	160.0376256936981	47.18945743707269
123	50.64604722960471	6511.174585395585	474.5778644300197	0.0	164.1325867317815	50.64604722960471
124	48.739885926437665	6559.914471322022	472.52215076738	0.0	165.2146761790324	48.739885926437665
125	49.959249112151575	6609.873720434178	474.37002971430576	0.0	166.47412367836597	49.959249112151575
126	49.849757085245365	6659.723477519417	474.4528644845061	0.0	167.14531579410215	49.849757085245365
127	50.24968153747309	6709.973159056893	477.4027609026762	0.0	169.5924628799193	50.24968153747309
128	50.193731499165345	6760.16689055606	479.6103283378558	0.0	170.88930092132063	50.193731499165345
129	49.04530855852797	6809.212199114587	480.4442405717598	0.0	171.9899983678861	49.04530855852797
130	51.99992360872167	6861.2121227233065	485.67300810856847	0.0	172.29320369659845	51.99992360872167
131	49.887769284113475	6911.099892007423	487.70318537965244	0.0	174.331699492247	49.887769284113475
132	47.949209076534544	6959.049101083956	486.90130022788026	0.0	174.98540598821256	47.949209076534544
133	49.401938397052156	7008.451039481007	487.5921137861441	0.0	176.37929036180802	49.401938397052156
134	48.6086217976314	7057.059661278639	486.7922358038081	0.0	175.24025417920132	48.6086217976314
135	48.141520355355645	7105.2011816339955	485.16936492045255	0.0	175.8341103331913	48.141520355355645
136	49.09205124374985	7154.293232877742	486.5565834356206	0.0	175.14240270885796	49.09205124374985
137	50.49417537953964	7204.787408257286	489.27000436823	0.0	177.05991683871773	50.49417537953964
138	49.65781601781977	7254.445224275103	491.2864627339573	0.0	176.06307548172236	49.65781601781977
139	50.067590908130754	7304.512815183233	491.88836561562516	0.0	176.8684988179134	50.067590908130754
140	48.49664863427168	7353.009463817503	491.92252563875553	0.0	175.14892015313401	48.49664863427168
141	49.578260807825565	7402.587724625329	495.620298395423	0.0	174.40016847470832	49.578260807825565
142	48.44219803707882	7451.029922662407	493.6579297666887	0.0	174.94799735223242	48.44219803707882
143	49.9624104646492	7500.992333127061	496.36539621453016	0.0	175.95027092570837	49.9624104646492
144	50.99373276259057	7551.98606588965	498.1356808765645	0.0	176.674160644838	50.99373276259057
145	50.36667655347122	7602.352742443119	500.7217209940378	0.0	174.9177650602183	50.36667655347122
146	49.75397551177733	7652.106717954898	501.61762358492945	0.0	177.02599007782538	49.75397551177733
147	51.40604880550148	7703.512766760401	505.40239450549103	0.0	177.48831883458666	51.40604880550148
148	49.10006710489942	7752.6128338653025	505.34026768406153	0.0	179.96262396198372	49.10006710489942
149	50.56437713550793	7803.177211000806	507.43151874809416	0.0	179.44597224331935	50.56437713550793
150	51.65892366059253	7854.8361346614	510.9840014045062	0.0	179.70923004975518	51.65892366059253
151	48.53464732638805	7903.37078198779	508.8663733293049	0.0	181.56663652984716	48.53464732638805
152	49.42004221036632	7952.790824198151	510.9144303933164	0.0	182.16195922008205	49.42004221036632
153	48.945408805989416	8001.736233004144	511.97273595754666	0.0	181.8199184893163	48.945408805989416
154	48.57323546133135	8050.309468465475	513.5079460159911	0.0	181.2874006758599	48.57323546133135
155	47.626608487066434	8097.93607695254	515.1793827997902	0.0	180.55533628095566	47.626608487066434
156	50.52450993085072	8148.46058688339	517.0390420179323	0.0	179.83514702342146	50.52450993085072
157	49.38389381767447	8197.844480701071	518.4076757655346	0.0	179.19653508890346	49.38389381767447
158	49.19613280975457	8247.040613510826	519.6601979373634	0.0	181.78433526178802	49.19613280975457
159	49.42663144018527	8296.467244951009	519.460086008431	0.0	181.06544710912397	49.42663144018527
160	50.092496671416285	8346.559741622421	522.0966821657271	0.0	182.86104251438073	50.092496671416285
161	51.49169124940782	8398.051432871831	526.6467232382282	0.0	182.72618726919387	51.49169124940782
162	49.54032011673901	8447.591752988572	526.8859955599474	0.0	183.30750071528647	49.54032011673901
163	49.74691842329275	8497.33867141186	526.1563195716938	0.0	184.79458699163985	49.74691842329275
164	50.12709189116261	8547.465763303026	528.1442600378356	0.0	187.1658246986839	50.12709189116261
165	48.96323338038477	8596.428996683413	528.4768521026447	0.0	188.92157854046346	48.96323338038477
166	49.48445368531637	8645.913450368727	530.0535158557441	0.0	187.66751628790715	49.48445368531637
167	50.99341085504937	8696.906861223777	533.7791982912112	0.0	188.7311102020271	50.99341085504937
168	47.07851384573039	8743.985375069507	534.0712095554024	0.0	190.30433192702932	47.07851384573039
169	48.06971367235934	8792.055088741865	533.5918749030996	0.0	192.40084431118788	48.06971367235934
170	48.61112532427396	8840.66621406614	532.8443060691723	0.0	190.45575117860912	48.61112532427396
171	47.952492031049104	8888.61870609719	532.1526560166774	0.0	192.80014458458447	47.952492031049104
172	50.054938098210776	8938.673644195398	533.2226294206253	0.0	194.87087235633666	50.054938098210776
173	50.90339076849416	8989.577034963899	534.6645857921969	0.0	194.28902106756854	50.90339076849416
174	50.00624354684217	9039.583278510738	533.9038703895521	0.0	192.96470966902837	50.00624354684217
175	49.860836862645186	9089.444115373379	532.8631791746135	0.0	194.06732049805143	49.860836862645186
176	49.91258990151658	9139.356705274897	532.2243179221765	0.0	197.42567375762158	49.91258990151658
177	50.38840563080851	9189.745110905707	533.9071479812995	0.0	198.59558607158766	50.38840563080851
178	47.65694773483879	9237.402058640551	534.132597389858	0.0	199.588001324696	47.65694773483879
179	50.912935735639614	9288.314994376187	536.5994639555353	0.0	198.52374385066653	50.912935735639614
180	48.92031694601444	9337.2353113222	536.2560691330425	0.0	199.33621337923333	48.92031694601444
181	47.572619651780585	9384.80793097398	533.7101680509684	0.0	201.94588716842782	47.572619651780585
182	52.33748780565911	9437.145418779639	537.0259551950668	0.0	203.2184060804026	52.33748780565911
183	49.49621663758492	9486.64163541722	538.563806047928	0.0	203.27095722049583	49.49621663758492
184	48.08214913580303	9534.72378455303	538.3140933662593	0.0	203.57683649672697	48.08214913580303
185	48.16151102941626	9582.88529558244	539.0034692445263	0.0	203.94404887587558	48.16151102941626
186	48.39386569444343	9631.279161276887	535.2790675312931	0.0	204.19210780944238	48.39386569444343
187	48.92359297010846	9680.202754246988	535.4117124081353	0.0	206.17807489568014	48.92359297010846
188	49.60311335875442	9729.80586760575	538.2280643788378	0.0	207.50308899245258	49.60311335875442
189	47.68996304125068	9777.495830646996	537.130567330624	0.0	205.0475200045231	47.68996304125068
190	51.89421968010794	9829.390050327109	539.2885546989751	0.0	205.29812104856833	51.89421968010794
191	47.817297535124936	9877.207347862231	538.5393009188081	0.0	205.94116510058203	47.817297535124936
192	49.561104165446885	9926.768452027682	536.8111983407342	0.0	205.5069771132913	49.561104165446885
193	47.998087686358794	9974.766539714039	535.9411433121817	0.0	203.5692614045053	47.998087686358794
194	50.43610014233755	10025.202639856381	539.00127813004	0.0	206.39964416452136	50.43610014233755
195	49.374123235716205	10074.576763092093	539.5369774956604	0.0	206.58896207907392	49.374123235716205
196	49.97014704242626	10124.546910134522	541.101768674824	0.0	208.91242434076145	49.97014704242626
197	48.61768742315198	10173.164597557672	541.0500405867625	0.0	211.81271315450792	48.61768742315198
198	49.67339354179413	10222.837991099466	539.0779781420937	0.0	212.95889067586904	49.67339354179413
199	48.340837052515695	10271.17882815198	536.8922197924794	0.0	214.33118442377963	48.340837052515695
200	51.34177297119143	10322.520601123171	540.5480089494336	0.0	216.40293573967946	51.34177297119143
201	48.45689702415803	10370.97749814733	540.3638161699681	0.0	215.96749995692136	48.45689702415803
202	48.401814002765086	10419.379312150091	540.1609910594769	0.0	215.22609804746796	48.401814002765086
203	49.981820452486126	10469.361132602578	541.3744228662467	0.0	215.62087499188704	49.981820452486126
204	51.52430800442121	10520.885440607004	546.5893309743733	0.0	214.32771936743362	51.52430800442121
205	49.37898141841398	10570.264422025417	546.0662973567513	0.0	213.64399311025193	49.37898141841398
206	46.977877032269255	10617.242299057683	543.6196961257531	0.0	213.1672175928039	46.977877032269255
207	48.30876620687384	10665.551065264563	543.7512559770133	0.0	213.92671578142432	48.30876620687384
208	48.66221319658861	10714.213278461148	544.7417346704394	0.0	214.98658838032517	48.66221319658861
209	49.09706562393313	10763.310344085081	545.1358065088998	0.0	212.6241292807113	49.09706562393313
210	47.508644613102085	10810.818988698185	543.8102205180066	0.0	212.49990959181082	47.508644613102085
211	52.24648919960393	10863.065477897786	546.6296293993347	0.0	213.2522302531891	52.24648919960393
212	50.294842911624976	10913.360320809414	548.9651893205876	0.0	211.48608145451914	50.294842911624976
213	49.7453602384948	10963.10568104791	550.0184278785963	0.0	210.8436530792123	49.7453602384948
214	47.67760001449915	11010.783281062402	549.0787007760337	0.0	209.0898026486991	47.67760001449915
215	47.12789342348914	11057.911174485891	543.9851875156402	0.0	209.71800554723637	47.12789342348914
216	50.27514501814364	11108.18631950404	545.588354643007	0.0	208.7363094143289	50.27514501814364
217	51.2740657054416	11159.460385209482	548.4041513468255	0.0	206.462232274559	51.2740657054416
218	52.82962733360633	11212.290012543084	554.6708328514811	0.0	206.74237040374126	52.82962733360633
219	50.09880356960431	11262.388816112692	558.0630794690119	0.0	206.87083621942207	50.09880356960431
220	50.090735226155964	11312.479551338847	556.7912160529995	0.0	206.56986729466146	50.090735226155964
221	50.2330350270492	11362.712586365895	559.3178379996192	0.0	205.51735577082962	50.2330350270492
222	49.78607692102813	11412.498663286926	558.3360885001284	0.0	204.55397591025033	49.78607692102813
223	49.34403118819104	11461.842694475115	559.1640535808735	0.0	205.19093780948637	49.34403118819104
224	48.96044421012788	11510.803138685244	559.1853072063836	0.0	204.95560104698774	48.96044421012788
225	49.336708215074644	11560.13984690031	558.530408089939	0.0	207.11263999552045	49.336708215074644
226	51.2178789935768	11611.357725893895	558.8162590008883	0.0	208.81145752170775	51.2178789935768
227	50.051815934290154	11661.409541828187	561.7802786845757	0.0	207.88124405835765	50.051815934290154
228	52.43858593837045	11713.848127766554	564.1395575141293	0.0	207.62708644215851	52.43858593837045
229	47.916712443014625	11761.764840209575	562.6559775465922	0.0	207.78665720716825	47.916712443014625
230	47.546929209866406	11809.311769419432	561.5674372009064	0.0	209.06081430356198	47.546929209866406
231	47.91310380664146	11857.224873226076	559.7494424359912	0.0	208.3382262121951	47.91310380664146
232	49.817927357889694	11907.04280058396	558.799727678357	0.0	207.34596124523824	49.817927357889694
233	48.42098924189376	11955.463789825862	558.0103046733785	0.0	206.76583263423262	48.42098924189376
234	49.93621013887143	12005.399999964733	557.6437106401058	0.0	209.33690934956948	49.93621013887143
235	48.729369832458396	12054.129369797187	558.899427712287	0.0	208.20374621338135	48.729369832458396
236	49.93785712259699	12104.067226919788	559.9730735965148	0.0	208.87472396172086	49.93785712259699
237	48.44825961031474	12152.515486530101	559.7839301666357	0.0	208.07510695884707	48.44825961031474
238	50.17851588633801	12202.694002416443	558.9262782506032	0.0	208.5008349030661	50.17851588633801
239	48.8138546655788	12251.507857082013	559.6564359824876	0.0	207.58683264977319	48.8138546655788
240	50.1648350918004	12301.672692173825	563.3992237250728	0.0	210.28387112094074	50.1648350918004
241	49.848879260212804	12351.52157143403	563.1835597093002	0.0	213.0672911464729	49.848879260212804
242	52.43277726426773	12403.954348698293	565.1669037826312	0.0	213.11885111951554	52.43277726426773
243	49.437211566156876	12453.391560264463	565.6277010401535	0.0	213.9329637203453	49.437211566156876
244	50.81605546114326	12504.207615725596	567.0731992312953	0.0	214.2124450463622	50.81605546114326
245	49.33372879168668	12553.541344517285	567.4484297264336	0.0	213.74517952619954	49.33372879168668
246	48.18492349143023	12601.726268008719	567.1552756595606	0.0	215.9935224725385	48.18492349143023
247	49.25533077462019	12650.98159878334	566.7952199836287	0.0	217.75583579990746	49.25533077462019
248	49.94064573805482	12700.92224452139	569.4860701415615	0.0	219.84020591583	49.94064573805482
249	50.43305450903244	12751.355299030423	572.6954381664784	0.0	221.75740141392546	50.43305450903244
250	47.297596878476355	12798.652895908897	572.2944932197311	0.0	224.1920889531402	47.297596878476355
251	50.20748138049177	12848.860377289391	574.7943750493791	0.0	223.59990913458608	50.20748138049177
252	47.49639723653529	12896.356774525924	573.4765856765233	0.0	222.65694229316094	47.49639723653529
253	49.73733127364056	12946.094105799566	573.3429330782726	0.0	223.76591895777068	49.73733127364056
254	50.84398749293662	12996.938093292516	574.9730775914984	0.0	223.68621159216636	50.84398749293662
255	49.55313410986842	13046.491227402374	577.16446452612	0.0	222.5431025884689	49.55313410986842
256	50.718585134172216	13097.20981253655	577.2452878316125	0.0	222.09427837318893	50.718585134172216
257	49.88626793634171	13147.096080472878	577.0201514011085	0.0	222.6714568366107	49.88626793634171
258	52.30695545421485	13199.403035927096	579.8242461642412	0.0	222.9569554492223	52.30695545421485
259	49.55809361536301	13248.961129542464	580.5064080558158	0.0	224.43762633924467	49.55809361536301
260	48.55781325058132	13297.518942793049	582.5060503979302	0.0	224.57414268075937	48.55781325058132
261	50.62835804058444	13348.147300833634	584.8052169499148	0.0	227.53734317771816	50.62835804058444
262	46.61014582313288	13394.757446656766	584.1828918842922	0.0	226.07702789844024	46.61014582313288
263	48.57017174173764	13443.327618398507	582.5869953040107	0.0	226.76413811697796	48.57017174173764
264	48.12582812968686	13491.45344652819	583.0235762888145	0.0	226.37840857935893	48.12582812968686
265	47.13595352953529	13538.589400057723	581.8385151298495	0.0	225.5466114895214	47.13595352953529
266	49.23291752247418	13587.8223175802	583.3201717134689	0.0	228.98074124013846	49.23291752247418
267	50.34806114844293	13638.170378728639	587.4747559257532	0.0	227.5244590863423	50.34806114844293
268	47.30134176784014	13685.471720496485	588.29684246113	0.0	227.61672654869136	47.30134176784014
269	48.1588866410649	13733.630607137547	588.3659025823125	0.0	227.73256533337045	48.1588866410649
270	51.52768205481198	13785.158289192355	591.9855449942876	0.0	229.2185225724037	51.52768205481198
271	48.32384605363307	13833.482135245986	591.1110286760237	0.0	229.87909469507287	48.32384605363307
272	50.77279690637568	13884.254932152364	594.6665597606873	0.0	227.66970807440816	50.77279690637568
273	50.11741135587441	13934.372343508237	595.8987110688871	0.0	227.88691915392764	50.11741135587441
274	49.10931020067277	13983.481653708906	595.1676021228341	0.0	228.86671099009493	49.10931020067277
275	46.37530228624169	14029.856955995152	593.6106554761052	0.0	230.42874891742366	46.37530228624169
276	50.841043660680725	14080.697999655844	595.7805922975517	0.0	231.93753058253566	50.841043660680725
277	52.14292244472486	14132.840922100553	596.5958229164802	0.0	230.8232936780911	52.14292244472486
278	49.249591098303526	14182.090513198862	597.3021030299481	0.0	230.15234918643733	49.249591098303526
279	49.63330708839281	14231.723820287267	596.8745056321616	0.0	232.0209985744458	49.63330708839281
280	48.491235997781	14280.215056285044	594.349356590545	0.0	232.08424966518646	48.491235997781
281	49.08311806247585	14329.298174347512	594.680412579772	0.0	231.85320629705114	49.08311806247585
282	48.13165084449192	14377.42982519201	596.2498259892195	0.0	231.80793803335249	48.13165084449192
283	51.24681273615695	14428.676637928165	596.2477450449871	0.0	232.0798490951453	51.24681273615695
284	47.90314417846889	14476.579782106637	594.713915865632	0.0	231.38116160297383	47.90314417846889
285	51.72712933201699	14528.30691143865	596.3016191856954	0.0	231.85234233657164	51.72712933201699
286	48.60646187824929	14576.913373316896	597.8741084794235	0.0	232.5707182397584	48.60646187824929
287	50.7370918870396	14627.65046520394	601.0115301271729	0.0	235.5630631811853	50.7370918870396
288	49.310275804170395	14676.96074100811	599.3241903755165	0.0	237.13543341647994	49.310275804170395
289	50.587144508920254	14727.547885517026	601.9751785032244	0.0	236.90254889043047	50.587144508920254
290	49.40754993057567	14776.955435447613	602.8759939504444	0.0	238.16429382611824	49.40754993057567
291	49.46469789640658	14826.420133344014	603.5014976871514	0.0	238.34090037147004	49.46469789640658
292	49.32787166068927	14875.748005004705	604.4966357790752	0.0	238.3800114408521	49.32787166068927
293	48.71175141929747	14924.459756424001	603.5863360830538	0.0	236.3094965418886	48.71175141929747
294	49.670655696039915	14974.130412120032	604.8594776739527	0.0	235.10107263642374	49.670655696039915
295	46.36885135715778	15020.499263477197	602.0045154026453	0.0	235.96353966919028	46.36885135715778
296	50.73394433246583	15071.233207809666	603.6936819358516	0.0	235.5593983628609	50.73394433246583
297	49.30234027493304	15120.535548084601	607.1678139596169	0.0	234.96685808991367	49.30234027493304
298	49.51198025023693	15170.047528334828	606.970042058862	0.0	236.22612552662218	49.51198025023693
299	50.39132934761722	15220.43885768245	609.1049891669205	0.0	238.91383506527495	50.39132934761722
300	49.25080125887349	15269.689658941319	611.8046288712346	0.0	240.8316078751703	49.25080125887349
301	49.22153376507341	15318.911192706397	611.9692962690704	0.0	239.60932950960878	49.22153376507341
302	50.169232893585765	15369.080425599986	612.8391327546638	0.0	238.5435690782016	50.169232893585765
303	50.55048633496273	15419.630911934935	614.4200664439941	0.0	238.81960294112017	50.55048633496273
304	50.383949013618924	15470.014860948559	614.2073199564509	0.0	239.76944147667905	50.383949013618924
305	48.75029575437868	15518.765156702935	615.6895657492349	0.0	240.35863728192047	48.75029575437868
306	48.69717805221067	15567.462334755153	615.883077183756	0.0	241.41113031888042	48.69717805221067
307	48.527606996718966	15615.989941751865	614.2710745433833	0.0	242.05944111275875	48.527606996718966
308	49.29011604287887	15665.280057794747	613.4474401224065	0.0	242.72837963571374	49.29011604287887
309	49.49543759619407	15714.775495390943	612.6799180748654	0.0	241.8311371842759	49.49543759619407
310	48.51382437311376	15763.289319764064	612.9724078099084	0.0	242.75068116113945	48.51382437311376
311	47.23010360641704	15810.519423370464	612.9507549310625	0.0	242.34542250659047	47.23010360641704
312	50.881997566741795	15861.401420937218	613.8238319570925	0.0	243.63396076775842	50.881997566741795
313	50.18604252913585	15911.58746346635	616.4699221369119	0.0	241.1879916888487	50.18604252913585
314	49.27045707019663	15960.85792053656	616.2869649225931	0.0	240.96192983921927	49.27045707019663
315	50.36357473567452	16011.221495272219	619.2629728793477	0.0	239.80139178275033	50.36357473567452
316	50.59063530993117	16061.812130582153	619.6907357009486	0.0	239.87575620757212	50.59063530993117
317	49.49957551104805	16111.311706093205	619.5170115716699	0.0	239.5189329203953	49.49957551104805
318	50.54514205463533	16161.856848147838	619.9792585849053	0.0	239.57918232605311	50.54514205463533
319	47.53278791833063	16209.38963606617	619.8081175819386	0.0	240.87111776790096	47.53278791833063
320	50.121813486189275	16259.511449552356	619.9840453676873	0.0	242.11552033449874	50.121813486189275
321	48.79633986570527	16308.307789418064	619.5208352896841	0.0	242.5627460554327	48.79633986570527
322	48.80932923554626	16357.117118653608	621.1734543898211	0.0	240.86617222373147	48.80932923554626
323	50.192689194305565	16407.30980784792	623.4587295799372	0.0	240.5758767075738	50.192689194305565
324	49.19505556690787	16456.504863414815	625.1878459110295	0.0	242.7533241523232	49.19505556690787
325	50.97252607180644	16507.477389486638	625.8673995189677	0.0	241.29843999887052	50.97252607180644
326	47.41343805210168	16554.890827538737	624.5386399123727	0.0	241.5694375998034	47.41343805210168
327	48.076997154377544	16602.967824693103	622.1625571963872	0.0	242.29747001736064	48.076997154377544
328	49.21509976155618	16652.182924454668	621.9052394962825	0.0	242.58641143275696	49.21509976155618
329	48.336552228339606	16700.519476683006	621.3889139051741	0.0	241.7257218268592	48.336552228339606
330	49.436450569553436	16749.95592725256	622.7594222422591	0.0	240.11809556645312	49.436450569553436
331	50.24395298770904	16800.199880240274	626.3142954004558	0.0	241.75702195058633	50.24395298770904
332	48.98656609739307	16849.186446337655	627.0136080614088	0.0	243.56945576963278	48.98656609739307
333	48.88472539796075	16898.071171735617	628.2259374266025	0.0	241.77096362333924	48.88472539796075
334	50.52980786833444	16948.600979603954	630.6237311362437	0.0	240.8249682726711	50.52980786833444
335	48.84455504649482	16997.445534650447	629.3737561507178	0.0	242.3706505765485	48.84455504649482
336	48.590593065694996	17046.03612771614	629.507751159503	0.0	243.61292962398088	48.590593065694996
337	50.10973154467408	17096.14585926082	631.082733619373	0.0	241.287030263431	50.10973154467408
338	50.03782532391588	17146.18368458474	633.0738906293723	0.0	243.18585472165938	50.03782532391588
339	51.25780220744853	17197.441486792188	637.0906846794434	0.0	242.48590704365066	51.25780220744853
340	49.97743968892947	17247.418926481118	637.6788997430884	0.0	242.94975256526865	49.97743968892947
341	48.17246042844204	17295.591386909546	636.8786886979497	0.0	243.31603529952937	48.17246042844204
342	49.545829005458245	17345.137215915016	637.4651928061502	0.0	243.06906749621052	49.545829005458245
343	49.639559851727526	17394.776775766743	637.719337447841	0.0	243.92772507679027	49.639559851727526
344	50.745808609696006	17445.522584376446	638.118857097402	0.0	245.2627964255155	50.745808609696006
345	48.63840946518234	17494.16099384162	639.4202976277202	0.0	243.76636753838326	48.63840946518234
346	49.5102626143514	17543.67125645598	639.2016296921806	0.0	245.19353644296143	49.5102626143514
347	49.24850927909074	17592.91976573506	638.4990207502991	0.0	246.9097404966848	49.24850927909074
348	49.061858162976286	17641.981623898042	639.4594829516598	0.0	246.4373962350152	49.061858162976286
349	48.58255734922425	17690.564181247257	640.5464358285627	0.0	247.01648954724544	48.58255734922425
350	48.39841465234529	17738.962595899608	643.1155127736139	0.0	247.4358092066049	48.39841465234529
351	49.167173144263685	17788.12976904387	641.9352300569136	0.0	248.78844821342122	49.167173144263685
352	48.14435540877761	17836.274124452655	641.5301921205609	0.0	249.8455329670642	48.14435540877761
353	49.85520726488316	17886.129331717526	643.4311305473899	0.0	250.37554802229315	49.85520726488316
354	48.63449427221264	17934.76382598975	643.0752120139084	0.0	250.713601346508	48.63449427221264
355	51.498497201071295	17986.262323190822	644.8404422641361	0.0	252.80699940120638	51.498497201071295
356	49.11530247946952	18035.377625670288	646.6548780837261	0.0	252.14757587617976	49.11530247946952
357	49.47692866250483	18084.8545543328	649.1829129309599	0.0	252.22617233506878	49.47692866250483
358	52.17016783697233	18137.024722169775	655.402261176582	0.0	251.74302879473706	52.17016783697233
359	49.207272406799895	18186.231994576567	652.35177471424	0.0	253.4876620045283	49.207272406799895
360	47.24715399165243	18233.479148568225	651.1308555289536	0.0	254.06287093373692	47.24715399165243
361	48.534954246325306	18282.014102814534	648.958440586924	0.0	255.13851882447238	48.534954246325306
362	50.3551053411003	18332.369208155647	649.297754413889	0.0	255.40314739202802	50.3551053411003
363	47.65088113135769	18380.020089287	649.4201660018925	0.0	252.88615163760699	47.65088113135769
364	48.10440771115542	18428.124496998153	645.8614525526265	0.0	254.0981334636814	48.10440771115542
365	48.63224890314419	18476.756745901293	645.4018177377502	0.0	252.4124265446614	48.63224890314419
366	51.45435961180277	18528.21110551311	646.444431418525	0.0	254.63917163516416	51.45435961180277
367	47.78830621384979	18575.999411726956	643.2383765122025	0.0	256.4915836830918	47.78830621384979
368	48.87378725714971	18624.873198984093	641.1092212854123	0.0	256.43499950609856	48.87378725714971
369	48.88223694816422	18673.75543593226	642.2672667635667	0.0	257.44793287914865	48.88223694816422
370	48.741254482713146	18722.496690414973	643.3739682133508	0.0	258.5381112709328	48.741254482713146
371	50.258150806718795	18772.754841221693	644.8135368024441	0.0	260.48584178918236	50.258150806718795
372	47.57694879541296	18820.331790017106	641.2153736220221	0.0	260.0428772163136	47.57694879541296
373	48.729262123505904	18869.06105214062	642.4435670422968	0.0	260.23806337960343	48.729262123505904
374	50.757564696520504	18919.818616837143	643.8541852848223	0.0	261.15981499466903	50.757564696520504
375	46.205279804472795	18966.023896641604	642.155695529981	0.0	261.10699607546127	46.205279804472795
376	48.672214875234616	19014.69611151684	640.6680623145211	0.0	261.60152664214803	48.672214875234616
377	48.991811078882975	19063.687922595724	644.1484562301633	0.0	262.33573752064376	48.991811078882975
378	49.10380164847207	19112.791724244194	645.9802913234955	0.0	262.0909776437512	49.10380164847207
379	49.20655202511215	19161.998276269307	645.9122075148724	0.0	264.5660641279418	49.20655202511215
380	50.65172256465154	19212.64999883396	645.9634596048113	0.0	264.51751573792484	50.65172256465154
381	50.986126436786314	19263.636125270747	648.371058275995	0.0	264.1740531879488	50.986126436786314
382	47.80246146507173	19311.43858673581	646.3937843651406	0.0	264.96754137440547	47.80246146507173
383	48.68676034907237	19360.125347084897	646.5871172390771	0.0	267.0800036530304	48.68676034907237
384	49.99953087916737	19410.124877964066	649.3170496478862	0.0	266.7856074688634	49.99953087916737
385	47.745139528460925	19457.87001749252	646.4277568596534	0.0	265.44030339877776	47.745139528460925
386	49.822455211150235	19507.692472703675	647.8794598484029	0.0	266.19914814609496	49.822455211150235
387	51.522930528108446	19559.215403231778	648.2787257105784	0.0	265.00500775720724	51.522930528108446
388	46.56794988154106	19605.78335311332	648.6741840567032	0.0	267.21315778324674	46.56794988154106
389	47.612811466706304	19653.39616458003	649.2252755364184	0.0	267.8423764066869	47.612811466706304
390	49.56908956636968	19702.9652541464	648.1072398801331	0.0	266.85574810717713	49.56908956636968
391	47.500681349449714	19750.465935495853	647.9489638943428	0.0	265.50197588224296	47.500681349449714
392	49.85306533288304	19800.31900082873	650.4532467902725	0.0	266.3312449011728	49.85306533288304
393	48.35482378274367	19848.673824611473	648.4502224440131	0.0	267.76817358895374	48.35482378274367
394	49.88378353007224	19898.557608141542	649.0105221090062	0.0	266.0920332745429	49.88378353007224
395	49.99346227582133	19948.551070417365	649.7663116152494	0.0	268.35016665924627	49.99346227582133
396	49.434983388341735	19997.986053805704	649.4606496280113	0.0	267.3750018732578	49.434983388341735
397	48.593930887856416	20046.57998469356	650.1893845407674	0.0	267.3418513916018	48.593930887856416
398	47.91342869837976	20094.493413391945	648.5217164854096	0.0	268.54677516411647	47.91342869837976
399	51.33542834779576	20145.82884173975	650.897927049558	0.0	270.7945647732031	51.33542834779576
400	49.54180807482946	20195.370649814566	647.874168313324	0.0	271.6884206551562	49.54180807482946
401	49.48583031473277	20244.8564801293	648.622121904609	0.0	271.8422132145659	49.48583031473277
402	47.85978881907008	20292.71626894838	648.9846172414397	0.0	273.02037860778347	47.85978881907008
403	48.49067343257628	20341.20694238095	649.1766576482661	0.0	274.4327654832597	48.49067343257628
404	49.65150348100738	20390.858445861948	650.793877976972	0.0	274.6684174475352	49.65150348100738
405	48.11451310388541	20438.972958965845	652.9675335773654	0.0	273.91003673652403	48.11451310388541
406	49.23262617315914	20488.205585139003	655.2015980370417	0.0	273.25718905482404	49.23262617315914
407	48.777462184541754	20536.983047323534	655.0033328240276	0.0	273.99271754617223	48.777462184541754
408	49.4147876502957	20586.39783497384	651.891878531782	0.0	274.9089356179751	49.4147876502957
409	47.877839730647075	20634.275674704484	651.7924586764689	0.0	275.1811156356151	47.877839730647075
410	47.60600361641598	20681.881678320908	651.9185381359742	0.0	273.94122183383456	47.60600361641598
411	50.048424036029765	20731.930102356935	652.0018780533837	0.0	273.58043439808955	50.048424036029765
412	51.51090265870148	20783.441005015633	653.8398768279617	0.0	275.4903412979873	51.51090265870148
413	48.78417675631532	20832.22518177195	652.0644369466052	0.0	278.18531100745383	48.78417675631532
414	49.83970296261665	20882.064884734562	652.5074639016353	0.0	276.7342795048463	49.83970296261665
415	49.13460144283838	20931.199486177407	650.7798146326007	0.0	275.9216482566549	49.13460144283838
416	48.316877279634085	20979.51636345704	651.4243038474507	0.0	274.25312559072506	48.316877279634085
417	49.314761249668116	21028.83112470671	651.5944220846789	0.0	272.5532808635569	49.314761249668116
418	48.02097702703035	21076.852101733744	651.6116581097008	0.0	272.97130861141704	48.02097702703035
419	49.19818462505666	21126.0502863588	654.4917249914756	0.0	274.8484179776354	49.19818462505666
420	48.688487771754055	21174.738774130543	653.5737185678521	0.0	275.4655432896757	48.688487771754055
421	47.66956394690368	21222.40833807745	654.2060166185424	0.0	275.1350333042394	47.66956394690368
422	49.73122222888182	21272.139560306332	654.4428401537325	0.0	274.2691486085927	49.73122222888182
423	51.40386456451992	21323.543424870848	656.322295102285	0.0	274.19707032449685	51.40386456451992
424	49.65044036919511	21373.19386524005	658.9991014404156	0.0	273.98107294283415	49.65044036919511
425	50.05596265565577	21423.249827895706	659.7622830037284	0.0	273.65842947768385	50.05596265565577
426	49.49076008580852	21472.740587981516	658.7538120142663	0.0	272.99991304319883	49.49076008580852
427	50.97806054925978	21523.718648530765	660.4956681315717	0.0	271.63376300169733	50.97806054925978
428	50.12613841969558	21573.844786950467	662.12981022175	0.0	272.9555603458555	50.12613841969558
429	48.749283649080695	21622.59407059954	661.05457708834	0.0	272.69440152031956	48.749283649080695
430	51.85649052168194	21674.450561121233	664.4917092102849	0.0	275.2543252911519	51.85649052168194
431	47.86599111369202	21722.316552234915	661.0053041122721	0.0	276.4201020152836	47.86599111369202
432	50.85843510829374	21773.17498734322	663.931810793007	0.0	276.4396267666446	50.85843510829374
433	49.39458305384932	21822.56957039706	663.0252031565889	0.0	278.2022410962273	49.39458305384932
434	48.78271066352665	21871.352281060586	661.9036106372845	0.0	279.57088053035085	48.78271066352665
435	48.58248140663041	21919.934762467215	662.2789997616311	0.0	276.85311802013956	48.58248140663041
436	47.07544917131537	21967.01021163854	661.5149989344587	0.0	277.3840445143189	47.07544917131537
437	50.59996308210159	22017.610174720645	666.0161596835247	0.0	278.84449598374965	50.59996308210159
438	49.80907939342338	22067.419254114055	666.2090688611147	0.0	278.74096312982414	49.80907939342338
439	48.98308017172262	22116.40233428578	665.4611333059709	0.0	280.4689577967802	48.98308017172262
440	48.032966377446655	22164.435300663234	663.8482084804206	0.0	280.9791366159838	48.032966377446655
441	48.71428271482554	22213.149583378054	661.2986823711719	0.0	280.959264768808	48.71428271482554
442	50.293127234791946	22263.442710612846	663.9215931858192	0.0	280.194349853801	50.293127234791946
443	48.20059416136971	22311.643304774218	665.1831234104948	0.0	281.71228349099914	48.20059416136971
444	48.755427959871106	22360.3987327341	666.682593857351	0.0	280.8383409368679	48.755427959871106
445	49.73628152198152	22410.135014256062	669.3028438190272	0.0	280.2463824328564	49.73628152198152
446	48.299215607121376	22458.434229863196	669.1853081068684	0.0	282.6138151259071	48.299215607121376
447	50.048274660078434	22508.482504523276	669.9588688063897	0.0	280.09462994166057	50.048274660078434
448	46.27810831459764	22554.76061283787	667.3700542422107	0.0	279.66440893594364	46.27810831459764
449	50.21586083692607	22604.976473674797	669.1650197138515	0.0	281.71628462250277	50.21586083692607
450	49.1913320726797	22654.167805747482	668.576512340279	0.0	282.5539332410901	49.1913320726797
451	48.625689261738174	22702.79349500921	668.9099212419553	0.0	284.0625168508728	48.625689261738174
452	50.37193774807722	22753.165432757283	670.8651690213093	0.0	285.43767502827757	50.37193774807722
453	49.117371185302176	22802.282803942588	669.7121542821986	0.0	285.7116236693245	49.117371185302176
454	50.4864257898097	22852.769229732407	669.4569550270611	0.0	285.50759518571056	50.4864257898097
455	48.615943679465666	22901.38517341187	667.2671774106607	0.0	286.06338379540904	48.615943679465666
456	48.677676904094696	22950.062850315953	666.3537833300754	0.0	286.81663012137227	48.677676904094696
457	48.912179475751635	22998.97502979171	666.4976047199426	0.0	288.28785301324586	48.912179475751635
458	48.48588990929384	23047.460919701	665.0600563797724	0.0	287.8724500452662	48.48588990929384
459	48.256581396975335	23095.717501097988	664.3812958028612	0.0	287.57315015862616	48.256581396975335
460	49.21726787994782	23144.93476897794	664.1580042702928	0.0	284.93393239502115	49.21726787994782
461	47.82025646184514	23192.75502543977	661.7590225590521	0.0	286.2692449825082	47.82025646184514
462	50.13007010478369	23242.885095544552	664.2016780907999	0.0	281.7887142453749	50.13007010478369
463	52.248795303482865	23295.133890848043	665.231805273291	0.0	283.3755474869572	52.248795303482865
464	48.70465182708981	23343.838542675123	664.9612562463004	0.0	284.47042349207254	48.70465182708981
465	51.542649869325174	23395.381192544457	668.6641642421685	0.0	287.175803203181	51.542649869325174
466	49.00297691797388	23444.384169462435	668.5808142285733	0.0	286.937531364254	49.00297691797388
467	51.96959521059321	23496.35376467302	671.8799298702783	0.0	286.5339393464047	51.96959521059321
468	50.28545326916603	23546.639217942185	673.4991554860816	0.0	286.62046572293264	50.28545326916603
469	48.693416102864695	23595.332634045055	673.0560896266949	0.0	288.55867146982956	48.693416102864695
470	48.31132778182237	23643.643961826867	671.2259836396927	0.0	289.6500279042432	48.31132778182237
471	51.77800752854722	23695.421969355422	672.6551628736561	0.0	289.057451551258	51.77800752854722
472	48.44106398214249	23743.863033337573	671.3771648988011	0.0	288.6611471045461	48.44106398214249
473	51.59526073223294	23795.458294069813	674.1237541625384	0.0	287.427473500433	51.59526073223294
474	50.90863730615928	23846.366931375953	675.5321099339677	0.0	286.4044138282584	50.90863730615928
475	51.73916183954541	23898.106093215512	677.3770559227473	0.0	288.34501530437484	51.73916183954541
476	49.428831613780716	23947.534924829284	680.3932347077954	0.0	288.9737333482487	49.428831613780716
477	48.5779831138737	23996.112907943167	680.2556269086081	0.0	289.0861255048441	48.5779831138737
478	47.36502861205321	24043.477936555217	677.2111992820097	0.0	287.86621912659325	47.36502861205321
479	51.69085104389261	24095.16878759911	681.3163951528912	0.0	288.38543461698123	51.69085104389261
480	44.55208921045281	24139.720876809555	677.4592148397069	0.0	287.627726877056	44.55208921045281
481	51.61874369667073	24191.339620506224	680.5005177627688	0.0	286.53125376438993	51.61874369667073
482	49.224193983237676	24240.56381448947	681.1371274643128	0.0	286.34531772329257	49.224193983237676
483	48.427513496492296	24288.991327985957	679.8482228773811	0.0	284.38559137801855	48.427513496492296
484	49.19415863306076	24338.185486619015	681.0078674691929	0.0	283.9851772683916	49.19415863306076
485	49.848700820492205	24388.034187439527	682.3800960033238	0.0	284.2874129094025	49.848700820492205
486	51.501269831613016	24439.535457271133	686.0136909570102	0.0	282.6219029395521	51.501269831613016
487	48.742595972605656	24488.278053243725	685.7043343176099	0.0	285.33032304878526	48.742595972605656
488	49.57779189436724	24537.855845138096	685.5614142566482	0.0	285.1155456552974	49.57779189436724
489	47.8695035521706	24585.72534869027	684.9335439834063	0.0	285.170608138566	47.8695035521706
490	48.092736079907546	24633.818084770184	682.7040883454362	0.0	285.0621062297032	48.092736079907546
491	49.129423553194435	24682.94750832336	683.9173375317658	0.0	284.2821228620363	49.129423553194435
492	49.42812882210209	24732.375637145477	686.0018915052384	0.0	285.7247633554685	49.42812882210209
493	48.293214491099704	24780.66885163657	682.6692303004413	0.0	286.20121460290017	48.293214491099704
494	49.312621241809524	24829.981472878386	684.2218872504823	0.0	286.6461070155419	49.312621241809524
495	50.2426688046147	24880.22414168301	685.0159473387586	0.0	288.29943431522014	50.2426688046147
496	48.901553385850505	24929.125695068844	685.6624396291652	0.0	286.677051543557	48.901553385850505
497	49.08565812338739	24978.21135319222	686.5721220853906	0.0	287.3454651105968	49.08565812338739
498	45.97351449364262	25024.18486768587	684.3008258138948	0.0	289.94374965053777	45.97351449364262
499	48.81342192384484	25072.99828960971	684.8919888391175	0.0	290.4261573792301	48.81342192384484
500	48.71979849764785	25121.71808810737	685.1453125335644	0.0	289.04505742886045	48.71979849764785
501	47.28880883384853	25169.006896941213	683.6293583690752	0.0	290.506872553911	47.28880883384853
502	49.62526918802498	25218.63216612925	683.6293583690752	0.0	291.08910392042804	49.62526918802498
