task	reward	total_reward	total_regret	relative	total_reward_dev	joules
0	66.60223627878882	66.60223627878882	19.58585431750766	0.0	41.07049467100837	66.60223627878882
1	81.32206554855019	147.92430182733904	51.187801822487636	0.0	51.65001033076155	81.32206554855019
2	67.82178811123684	215.74608993857578	72.91961418348149	0.0	62.29293810726235	67.82178811123684
3	72.13339423843178	287.8794841770077	97.6902608528619	0.0	70.70561612179634	72.13339423843178
4	75.19643208142983	363.07591625843736	123.7651877944835	0.0	90.26936118597474	75.19643208142983
5	67.657931751901	430.7338480103384	145.21994700466215	0.0	102.3586252704345	67.657931751901
6	70.49673126555915	501.23057927589764	168.65392208311138	0.0	108.94775616283431	70.49673126555915
7	72.39658016082534	573.6271594367231	193.51390332773082	0.0	114.39315805402482	72.39658016082534
8	76.07513976775849	649.7022992044813	221.64162333735786	0.0	120.49985284133761	76.07513976775849
9	69.96024393928349	719.6625431437649	242.24284746179276	0.0	123.71544982996107	69.96024393928349
10	70.8593128099679	790.5218559537329	263.76583751786694	0.0	127.82502564764813	70.8593128099679
11	70.59627767312095	861.1181336268535	285.6038707243245	0.0	131.2160279213932	70.59627767312095
12	68.04339693567024	929.1615305625241	301.9641597045529	0.0	134.09497141051452	68.04339693567024
13	66.27259211127827	995.434122673802	318.1745241821953	0.0	141.2597117281481	66.27259211127827
14	74.30547207899785	1069.7395947528003	345.18684075237337	0.0	141.96287644620702	74.30547207899785
15	68.56327831994861	1138.3028730727485	366.27713547982376	0.0	148.08420834506046	68.56327831994861
16	70.79019713254793	1209.0930702052967	387.69652695255536	0.0	155.85930368737732	70.79019713254793
17	66.79200045824874	1275.8850706635453	405.83679651342555	0.0	162.987186562289	66.79200045824874
18	65.38341568885079	1341.268486352396	422.6881493349796	0.0	167.5701741309398	65.38341568885079
19	70.43200109098137	1411.700487443377	443.013674308735	0.0	167.5733898095898	70.43200109098137
20	70.58236533069073	1482.2828527740674	465.03935519662514	0.0	173.10016663687122	70.58236533069073
21	67.18696305870488	1549.4698158327726	484.93492865341153	0.0	172.32838256056382	67.18696305870488
22	74.39527573860018	1623.8650915713724	512.8721601691982	0.0	182.06028457354464	74.39527573860018
23	62.70006878832916	1686.565160359702	527.6484977523663	0.0	190.09576784597186	62.70006878832916
24	64.05085803490891	1750.6160183946115	542.4525830450895	0.0	194.1946075025563	64.05085803490891
25	63.64630370275167	1814.262322097362	558.3805214949182	0.0	194.56443546743068	63.64630370275167
26	74.11772107735264	1888.3800431747152	584.471639038711	0.0	196.41910451830884	74.11772107735264
27	71.85721818105365	1960.237261355769	609.3498001074058	0.0	201.23810751958706	71.85721818105365
28	70.69381541829233	2030.9310767740606	634.8371929777459	0.0	201.8457078078393	70.69381541829233
29	70.19029795879521	2101.1213747328557	656.9653478306354	0.0	207.0695555063144	70.19029795879521
30	72.2307350295278	2173.3521097623834	679.5763552202126	0.0	215.6497834171938	72.2307350295278
31	65.8529047114761	2239.20501447386	696.3394969770774	0.0	218.66695361974706	65.8529047114761
32	64.3452537678126	2303.5502682416727	710.0622629693993	0.0	219.64688250511045	64.3452537678126
33	68.64310095122428	2372.193369192898	731.2715060315577	0.0	216.662712660031	68.64310095122428
34	72.88260558552112	2445.0759747784173	755.4374234517885	0.0	218.62462901830858	72.88260558552112
35	69.19996067202992	2514.2759354504487	775.9684914577599	0.0	218.99983104583333	69.19996067202992
36	64.9532246875734	2579.2291601380202	793.7813663364095	0.0	221.9369134859635	64.9532246875734
37	68.41367235602065	2647.642832494043	815.2234951508058	0.0	224.85239941840473	68.41367235602065
38	66.05114405323532	2713.6939765472766	831.7735502664764	0.0	230.15883674823738	66.05114405323532
39	67.99011452130468	2781.6840910685805	850.5687997310077	0.0	232.30991734769322	67.99011452130468
40	68.52875485919965	2850.2128459277806	870.6708516969381	0.0	237.65656060760793	68.52875485919965
41	72.78680854713767	2922.99965447492	895.2498007690381	0.0	240.57168252919243	72.78680854713767
42	62.26291134313485	2985.2625658180536	909.9317241779428	0.0	245.85256437906384	62.26291134313485
43	66.42655771364892	3051.6891235317016	928.3184613236684	0.0	250.96475801678537	66.42655771364892
44	68.77103935164556	3120.4601628833498	946.9307803069527	0.0	257.1659544040639	68.77103935164556
45	66.47509867658509	3186.9352615599328	964.7797948618787	0.0	263.90983306532297	66.47509867658509
46	63.6891136435006	3250.6243752034347	978.5549780722286	0.0	266.3009362597765	63.6891136435006
47	66.90838419908023	3317.532759402513	998.494415809103	0.0	260.5643432107461	66.90838419908023
48	67.96767434991027	3385.500433752424	1017.9566050186961	0.0	261.68063440274483	67.96767434991027
49	64.91949778761668	3450.419931540039	1035.8480665709562	0.0	268.22193341856257	64.91949778761668
50	73.82461981591665	3524.244551355957	1060.4077362846476	0.0	273.29099714178636	73.82461981591665
51	69.00583294216528	3593.2503842981214	1080.1228369507508	0.0	272.82602060232927	69.00583294216528
52	68.92810355787412	3662.1784878559956	1099.9639637664648	0.0	283.51891432717633	68.92810355787412
53	76.07050900363575	3738.248996859632	1128.1179087697453	0.0	287.6092594900099	76.07050900363575
54	65.3496847854983	3803.5986816451305	1143.976479558699	0.0	291.643495952616	65.3496847854983
55	64.35352397127845	3867.952205616411	1159.4552953653442	0.0	301.4568891920481	64.35352397127845
56	72.8152672438177	3940.7674728602265	1185.0500181394073	0.0	304.86871180886607	72.8152672438177
57	67.44418680564439	4008.2116596658725	1203.7721616246822	0.0	310.06858804012063	67.44418680564439
58	61.41761821422674	4069.629277880096	1215.6595939474896	0.0	313.52093717286266	61.41761821422674
59	73.5256344390468	4143.154912319145	1240.3347018606464	0.0	316.45188167601077	73.5256344390468
60	70.16720359622612	4213.322115915371	1264.5152136581735	0.0	317.09889059313065	70.16720359622612
61	66.12623646978595	4279.448352385156	1282.7678929327055	0.0	328.5516219403545	66.12623646978595
62	67.35123836683738	4346.799590751995	1302.0049848031467	0.0	334.69798798504587	67.35123836683738
63	66.35626258616199	4413.155853338156	1317.7942131507086	0.0	338.24861819396216	66.35626258616199
64	67.49956757627207	4480.655420914429	1336.472422325887	0.0	339.6578414295798	67.49956757627207
65	71.35231050670745	4552.0077314211385	1358.3097948414957	0.0	342.91030454843315	71.35231050670745
66	69.62410808138384	4621.631839502518	1379.0658818731326	0.0	349.1975489606544	69.62410808138384
67	67.08912682285371	4688.720966325372	1399.8986916546862	0.0	350.0172907725633	67.08912682285371
68	68.64334437114096	4757.364310696514	1418.9923606248942	0.0	346.3004104707418	68.64334437114096
69	66.20794239633913	4823.572253092852	1435.8796879120302	0.0	352.0069976775482	66.20794239633913
70	68.10062346350789	4891.672876556361	1455.1599009697443	0.0	353.66838222216546	68.10062346350789
71	66.25210009506765	4957.924976651428	1473.4470120468	0.0	356.4560165659053	66.25210009506765
72	71.08723686583048	5029.012213517262	1494.8741672147498	0.0	359.69120965385497	71.08723686583048
73	62.821157704635304	5091.8333712218955	1507.9217636458845	0.0	357.8866059607521	62.821157704635304
74	60.748923553699676	5152.582294775593	1518.5550929033798	0.0	361.5897253508491	60.748923553699676
75	73.87830153553442	5226.460596311128	1545.7478041649092	0.0	372.2511321342501	73.87830153553442
76	62.703999161458405	5289.164595472588	1557.345586097839	0.0	375.6364595802656	62.703999161458405
77	69.296314593496	5358.4609100660855	1580.3759941695319	0.0	376.9163697744304	69.296314593496
78	68.98354251984381	5427.444452585926	1601.0797062307674	0.0	387.96714419239277	68.98354251984381
79	68.05551437582412	5495.499966961752	1619.7536416442924	0.0	393.2909107062227	68.05551437582412
80	75.09230923176683	5570.592276193518	1645.1616622887889	0.0	392.11879491277665	75.09230923176683
81	64.57247884881009	5635.164755042328	1661.5048421175823	0.0	394.5608431493256	64.57247884881009
82	70.65736627584884	5705.822121318177	1685.3078406653606	0.0	393.6677790171041	70.65736627584884
83	69.49972634067885	5775.321847658855	1706.5557570310898	0.0	398.79943014208584	69.49972634067885
84	70.73020755717803	5846.052055216036	1729.7473232886352	0.0	404.8315167933377	70.73020755717803
85	66.53386001342848	5912.585915229463	1751.0055882981026	0.0	415.8547376479671	66.53386001342848
86	63.164328480909546	5975.750243710372	1763.4379125424923	0.0	416.69876224851805	63.164328480909546
87	71.03175607222875	6046.781999782604	1782.7665563548292	0.0	419.1632807922985	71.03175607222875
88	59.483394167755314	6106.265393950354	1794.5220933578237	0.0	415.92865207192887	59.483394167755314
89	66.09385751804857	6172.359251468406	1809.6908123712753	0.0	423.39865926757375	66.09385751804857
90	70.30941412024636	6242.668665588653	1832.182773907757	0.0	428.1007632360325	70.30941412024636
91	62.57329843340982	6305.241964022063	1844.7523610158073	0.0	425.4271955406166	62.57329843340982
92	63.894381829847596	6369.136345851908	1860.215285909589	0.0	429.3441485580596	63.894381829847596
93	72.33602376446488	6441.472369616373	1884.0992954309665	0.0	431.15091450886564	72.33602376446488
94	65.62815207825086	6507.100521694625	1901.0998780385378	0.0	432.60698548746393	65.62815207825086
95	66.81334328466734	6573.913864979292	1920.5355911286501	0.0	435.71980539219487	66.81334328466734
96	67.31323767871396	6641.227102658007	1937.8827171798794	0.0	439.5584604657808	67.31323767871396
97	69.83404044647583	6711.061143104482	1959.5349738188597	0.0	439.12870831675303	69.83404044647583
98	63.30492287169809	6774.366065976181	1972.0408502492546	0.0	439.32621772673167	63.30492287169809
99	65.94024859782336	6840.306314574004	1989.3842358226366	0.0	441.804330079184	65.94024859782336
100	63.809389168213386	6904.115703742218	2005.5642305902602	0.0	439.24756174887807	63.809389168213386
101	63.40913229272638	6967.524836034943	2020.2182554557323	0.0	445.2720364647853	63.40913229272638
102	64.61077494776015	7032.135610982705	2034.3288919841457	0.0	443.78505252579833	64.61077494776015
103	65.32592992709907	7097.461540909803	2051.8094676965866	0.0	453.8093942616952	65.32592992709907
104	60.822030299481284	7158.283571209288	2064.495992282131	0.0	449.4434642910228	60.822030299481284
105	62.62933143230717	7220.9129026415885	2076.5505349264254	0.0	452.73777302622045	62.62933143230717
106	66.85042711164382	7287.763329753236	2094.8954071804073	0.0	457.8743002295287	66.85042711164382
107	70.36730786347063	7358.1306376166995	2117.3299752265143	0.0	456.7638240238815	70.36730786347063
108	70.02918451352373	7428.159822130231	2139.520724561972	0.0	458.95992232760796	70.02918451352373
109	68.43144544586363	7496.5912675760965	2158.6295041346298	0.0	463.0532531872845	68.43144544586363
110	66.90970450789044	7563.500972083985	2176.514351628122	0.0	471.0317761538844	66.90970450789044
111	61.80876429539963	7625.309736379382	2188.8433578849313	0.0	480.84004980173427	61.80876429539963
112	66.94766733969263	7692.257403719076	2205.6359173361548	0.0	483.1361563650057	66.94766733969263
113	63.28125785198758	7755.538661571065	2219.3796852133914	0.0	486.4252816267211	63.28125785198758
114	64.03170079251166	7819.570362363576	2234.557508468956	0.0	487.4485381027941	64.03170079251166
115	58.397259396454174	7877.967621760031	2245.91660162597	0.0	489.01132524099205	58.397259396454174
116	67.777161717172	7945.744783477202	2265.831531146755	0.0	492.26710557102956	67.777161717172
117	61.932997679575244	8007.677781156776	2280.0658546579025	0.0	490.47235016713375	61.932997679575244
118	63.6432475914636	8071.321028748243	2296.3988747474195	0.0	489.8488925993272	63.6432475914636
119	71.34792236320757	8142.6689511114455	2320.110274946307	0.0	487.0972048770888	71.34792236320757
120	63.853298656929134	8206.522249768377	2334.2802106412064	0.0	488.769091582221	63.853298656929134
121	70.06039253271071	8276.582642301088	2359.018736910615	0.0	492.0670037400572	70.06039253271071
122	58.06846327726147	8334.651105578349	2368.2226795769557	0.0	491.23493259801137	58.06846327726147
123	68.72601004323118	8403.37711562158	2386.0148673865774	0.0	500.6054430026845	68.72601004323118
124	67.45736918300587	8470.834484804587	2404.0297561368	0.0	507.7899720973388	67.45736918300587
125	64.71760925271073	8535.552094057299	2421.2280339876056	0.0	503.1997932436944	64.71760925271073
126	64.97867763628992	8600.530771693588	2439.089422584411	0.0	504.7181995421595	64.97867763628992
127	64.5556169344815	8665.086388628068	2454.0071115771298	0.0	510.5562762192701	64.5556169344815
128	68.22583756051408	8733.312226188584	2472.0780839208787	0.0	514.5796622102955	68.22583756051408
129	64.72985480506458	8798.042080993646	2487.6556485093797	0.0	509.125052984073	64.72985480506458
130	66.31288334399608	8864.354964337643	2505.6137720641773	0.0	518.9458550461864	66.31288334399608
131	66.19276712538053	8930.547731463028	2522.434379801612	0.0	522.8084346504693	66.19276712538053
132	60.07548165071775	8990.623213113748	2532.9948951603596	0.0	522.7106807415647	60.07548165071775
133	69.88056720862772	9060.503780322368	2552.0794216518634	0.0	528.1666032121402	69.88056720862772
134	66.13952421657547	9126.64330453895	2568.9049561762076	0.0	534.7077718973052	66.13952421657547
135	67.58780035743025	9194.231104896371	2588.296971785493	0.0	532.3457260765258	67.58780035743025
136	71.98526913891936	9266.216374035299	2611.4319716916775	0.0	528.5804920721281	71.98526913891936
137	60.460146593519205	9326.676520628816	2624.7833555852185	0.0	534.4780518070554	60.460146593519205
138	61.97429386925089	9388.650814498065	2639.055470777194	0.0	531.7613277988956	61.97429386925089
139	63.992869015441514	9452.643683513505	2654.1475849380436	0.0	539.1119658889106	63.992869015441514
140	64.76665955504033	9517.410343068545	2670.939874190397	0.0	536.7666052469626	64.76665955504033
141	68.12975547207557	9585.540098540621	2691.360863297229	0.0	534.2066724666302	68.12975547207557
142	68.61185217281448	9654.151950713436	2711.3074295242295	0.0	536.1749722289104	68.61185217281448
143	62.824408556145826	9716.976359269578	2726.1024350717735	0.0	542.7620607717438	62.824408556145826
144	78.73831046500774	9795.714669734589	2757.5324277309082	0.0	550.2091689629576	78.73831046500774
145	63.63712348471693	9859.351793219304	2770.943371490937	0.0	555.7958528431175	63.63712348471693
146	64.19192922254106	9923.543722441844	2787.5448799232504	0.0	561.6621740247103	64.19192922254106
147	62.4139131728445	9985.957635614692	2801.372338645024	0.0	562.0074661815243	62.4139131728445
148	69.8083880422011	10055.766023656895	2823.3359685354358	0.0	563.5207011195794	69.8083880422011
149	68.41584021055952	10124.181863867449	2843.3229964860525	0.0	566.4006629747076	68.41584021055952
150	69.33514688560581	10193.517010753054	2864.6200010423904	0.0	569.9473782371248	69.33514688560581
151	63.850580718564444	10257.36759147162	2878.753199259068	0.0	570.9109276934325	63.850580718564444
152	68.95753831017721	10326.325129781799	2898.868843095057	0.0	573.5744779102653	68.95753831017721
153	66.44375721083968	10392.768886992642	2916.571889283734	0.0	571.589796700538	66.44375721083968
154	64.36943222087189	10457.13831921351	2933.280050222529	0.0	574.9259307200119	64.36943222087189
155	70.53059405630933	10527.668913269821	2955.1430000087	0.0	572.9481279864247	70.53059405630933
156	70.070791518205	10597.739704788024	2977.23862144697	0.0	576.0535904742612	70.070791518205
157	70.00876585121583	10667.748470639239	2997.957662320257	0.0	577.417065629122	70.00876585121583
158	63.59122121939872	10731.339691858637	3012.4877372867036	0.0	583.0362544996752	63.59122121939872
159	67.44404720282635	10798.783739061468	3029.1396672060496	0.0	587.3669866933486	67.44404720282635
160	64.90496754094133	10863.688706602408	3041.894557361452	0.0	593.4468040661187	64.90496754094133
161	66.20543897284996	10929.894145575254	3058.7612450677116	0.0	589.329863667192	66.20543897284996
162	64.66757765052432	10994.561723225777	3073.7292158173095	0.0	591.0823870131783	64.66757765052432
163	61.873713696059895	11056.435436921842	3086.780776371327	0.0	592.4313789667918	61.873713696059895
164	67.62584444612592	11124.061281367964	3105.14293154813	0.0	591.0376935466933	67.62584444612592
165	64.96893406364296	11189.030215431609	3120.4991870489825	0.0	589.4630897357822	64.96893406364296
166	63.39271223124034	11252.422927662848	3134.6164157204075	0.0	592.6362965827834	63.39271223124034
167	64.1054844003911	11316.52841206324	3149.014349321613	0.0	595.7362557313047	64.1054844003911
168	66.45184325290202	11382.980255316139	3168.5667840518063	0.0	597.4709417796541	66.45184325290202
169	68.95724410595172	11451.93749942209	3188.287492686216	0.0	598.3113952237902	68.95724410595172
170	62.21198360644907	11514.149483028545	3201.1970014750254	0.0	600.9750540541163	62.21198360644907
171	64.46749108582773	11578.616974114368	3218.4986579603788	0.0	599.3898069017486	64.46749108582773
172	63.96259107736484	11642.579565191734	3232.661442103125	0.0	601.4454883070875	63.96259107736484
173	62.45771532581587	11705.037280517545	3245.1780800597057	0.0	599.591944280562	62.45771532581587
174	66.54708605256407	11771.584366570109	3262.109488858999	0.0	604.1848945902476	66.54708605256407
175	62.076644957861106	11833.661011527976	3273.749669687086	0.0	607.4422988123357	62.076644957861106
176	66.12292314148885	11899.78393466946	3291.3237482985687	0.0	615.3163087110081	66.12292314148885
177	64.61447222983873	11964.398406899303	3304.890844948528	0.0	615.1151763247187	64.61447222983873
178	66.3280456228259	12030.726452522124	3323.7791424181946	0.0	616.8293930259204	66.3280456228259
179	66.00265729071407	12096.729109812837	3341.5156171999097	0.0	616.6118986035415	66.00265729071407
180	64.59575934346262	12161.324869156306	3355.9797854007124	0.0	619.2122021654109	64.59575934346262
181	61.92819662599705	12223.253065782299	3370.86199863265	0.0	620.8120450654351	61.92819662599705
182	61.733695313575424	12284.98676109588	3384.080192890833	0.0	617.4095730483688	61.733695313575424
183	70.49204582806104	12355.47880692394	3407.542338896927	0.0	621.3363909929051	70.49204582806104
184	70.04550862285132	12425.524315546785	3426.916093648943	0.0	625.8932959620819	70.04550862285132
185	64.86519724858893	12490.389512795371	3443.4494537068967	0.0	624.2025492995796	64.86519724858893
186	59.97289753863768	12550.362410334013	3454.6808294687958	0.0	630.3136046009624	59.97289753863768
187	65.36849838205298	12615.730908716067	3471.7437890776196	0.0	635.3437663949364	65.36849838205298
188	61.11132226719385	12676.842230983253	3485.413219323939	0.0	629.9144608364861	61.11132226719385
189	60.63484302400264	12737.47707400726	3495.798728279612	0.0	635.7354356139451	60.63484302400264
190	60.76058044286437	12798.237654450126	3507.355662351971	0.0	633.2753201552105	60.76058044286437
191	59.77748267869636	12858.015137128823	3519.583411921205	0.0	633.3421154736735	59.77748267869636
192	58.2090453031874	12916.224182432012	3529.5196949241904	0.0	634.9316058483631	58.2090453031874
193	64.22125943213956	12980.44544186415	3546.310406013409	0.0	634.4462917160729	64.22125943213956
194	58.692478374856385	13039.137920239007	3557.0300544595775	0.0	637.1779566202651	58.692478374856385
195	64.41012654846318	13103.548046787475	3572.8516542574203	0.0	639.2075716268122	64.41012654846318
196	62.57274709447268	13166.120793881944	3585.7545615516674	0.0	648.6673728393146	62.57274709447268
197	65.38156240640643	13231.502356288349	3600.90190236933	0.0	648.6339429969836	65.38156240640643
198	59.52508626878866	13291.027442557137	3612.280046571499	0.0	648.0597676845415	59.52508626878866
199	66.45597681876808	13357.483419375907	3630.5161817567905	0.0	651.8510880148492	66.45597681876808
200	64.80998326656635	13422.293402642472	3645.8142040184757	0.0	657.4191207339546	64.80998326656635
201	67.34866822969708	13489.64207087217	3665.017881254784	0.0	651.137477238321	67.34866822969708
202	61.260474071304834	13550.902544943476	3677.889345713301	0.0	655.7234548622571	61.260474071304834
203	62.751514155607964	13613.654059099084	3690.7137409498314	0.0	660.2440547231848	62.751514155607964
204	60.15012469909263	13673.804183798175	3701.512948164373	0.0	664.8629329243755	60.15012469909263
205	70.24066369819715	13744.044847496363	3723.741141283273	0.0	666.0050226939597	70.24066369819715
206	62.14330149652855	13806.188148992893	3737.0706019720697	0.0	666.0904885736929	62.14330149652855
207	60.674402978998366	13866.862551971893	3749.4875111275264	0.0	670.4569385903608	60.674402978998366
208	64.9740282641666	13931.836580236062	3765.725767475824	0.0	668.1962630925059	64.9740282641666
209	62.21131274806709	13994.047892984134	3781.0220247821103	0.0	669.5281530639332	62.21131274806709
210	65.57914219646243	14059.627035180594	3799.0681821807866	0.0	675.0023362681892	65.57914219646243
211	59.69221824213932	14119.319253422735	3808.693303854866	0.0	678.3648906172845	59.69221824213932
212	58.263807020927636	14177.583060443658	3819.233475763862	0.0	682.1560712264993	58.263807020927636
213	64.656965225562	14242.240025669222	3837.276346163647	0.0	687.4910896958045	64.656965225562
214	59.36644393216048	14301.606469601371	3849.9533265335276	0.0	687.3300263883401	59.36644393216048
215	61.906001745663104	14363.512471347047	3863.479466455849	0.0	689.7996567767838	61.906001745663104
216	62.41976514503348	14425.932236492075	3876.6077967177353	0.0	687.7527448863214	62.41976514503348
217	69.39982661972732	14495.3320631118	3895.695672702527	0.0	691.5462867211494	69.39982661972732
218	64.02536245529764	14559.357425567101	3911.5678809979263	0.0	695.2848816523674	64.02536245529764
219	71.47221437710591	14630.829639944215	3935.1958263672695	0.0	700.5208013322087	71.47221437710591
220	70.69145524036549	14701.521095184578	3957.3714358713037	0.0	706.1447836120055	70.69145524036549
221	62.97187743554636	14764.49297262012	3971.9008516106755	0.0	710.1884343830973	62.97187743554636
222	64.79812646920932	14829.29109908933	3988.4331656088593	0.0	709.8575944172785	64.79812646920932
223	65.25135968793073	14894.54245877726	4006.6553357057437	0.0	720.0706078456278	65.25135968793073
224	57.73778278303247	14952.280241560293	4016.160010530091	0.0	720.9998113270012	57.73778278303247
225	59.649128133635614	15011.929369693924	4026.0293231147416	0.0	724.4373737497879	59.649128133635614
226	64.59591273660601	15076.525282430526	4041.9260377696337	0.0	729.0296262562949	64.59591273660601
227	59.47002072801851	15135.995303158546	4052.036331396477	0.0	734.6161175608811	59.47002072801851
228	62.492978106634745	15198.488281265187	4065.927485797509	0.0	737.5178206892733	62.492978106634745
229	67.08538956574495	15265.573670830932	4086.09675024524	0.0	742.9451184996306	67.08538956574495
230	62.65127033789982	15328.224941168826	4099.358660355111	0.0	742.9657397504468	62.65127033789982
231	59.68364258265422	15387.908583751478	4111.320912168641	0.0	753.6814490478084	59.68364258265422
232	59.65812865311368	15447.566712404596	4124.515159789879	0.0	755.2255081758327	59.65812865311368
233	64.45670141139259	15512.023413815978	4140.814091187001	0.0	756.3091900406839	64.45670141139259
234	63.075810675619124	15575.099224491605	4154.9976101932025	0.0	753.8332043932581	63.075810675619124
235	62.90520283934356	15638.00442733096	4168.316860807304	0.0	750.7659144452223	62.90520283934356
236	63.56846381108517	15701.572891142037	4181.915894103611	0.0	751.7474326034206	63.56846381108517
237	62.01793220097979	15763.590823343016	4194.132587747655	0.0	754.1545759048744	62.01793220097979
238	65.4729694095934	15829.063792752615	4209.605561504662	0.0	755.0117708911631	65.4729694095934
239	61.9726991320923	15891.036491884706	4222.829864460822	0.0	753.8108054138153	61.9726991320923
240	63.48591125185305	15954.522403136558	4236.380500838955	0.0	753.901610858326	63.48591125185305
241	60.943661637235046	16015.466064773793	4247.654639186474	0.0	761.0984649279595	60.943661637235046
242	64.86210153416657	16080.328166307956	4265.872367731295	0.0	764.8940039392711	64.86210153416657
243	60.00753637876996	16140.335702686727	4277.0992403478485	0.0	772.5191851876168	60.00753637876996
244	61.55057092318686	16201.886273609913	4288.8169886252645	0.0	776.6048833058758	61.55057092318686
245	62.541777078246305	16264.42805068816	4302.3256577784205	0.0	777.0475685422683	62.541777078246305
246	62.8238615190547	16327.251912207217	4316.1061225741605	0.0	777.1951245252927	62.8238615190547
247	64.38352325075103	16391.63543545797	4329.779157096101	0.0	780.5553521363347	64.38352325075103
248	68.15989146306174	16459.79532692103	4348.903570425009	0.0	785.809663473568	68.15989146306174
249	62.36158049859827	16522.156907419616	4361.468407855715	0.0	786.0219331154435	62.36158049859827
250	60.84672455768483	16583.003631977317	4372.691111108782	0.0	792.529146785263	60.84672455768483
251	64.58589669854702	16647.58952867586	4387.720595184171	0.0	795.3093880869941	64.58589669854702
252	60.35013629029023	16707.939664966147	4399.344023649231	0.0	800.1534731669465	60.35013629029023
253	66.02462654330652	16773.96429150945	4416.690964757605	0.0	801.9273889892852	66.02462654330652
254	69.35662180281561	16843.320913312262	4436.909903607327	0.0	806.5668396443403	69.35662180281561
255	65.48447976110845	16908.80539307337	4449.878326573176	0.0	805.04146525927	65.48447976110845
256	62.02917824975198	16970.834571323125	4462.790356220674	0.0	809.4674978490843	62.02917824975198
257	65.22397599967135	17036.058547322802	4478.330658060626	0.0	808.8927095709239	65.22397599967135
258	61.953019758700975	17098.011567081503	4492.390375837107	0.0	811.6050611490209	61.953019758700975
259	65.90590486794812	17163.917471949455	4508.968037355988	0.0	817.3844065603239	65.90590486794812
260	66.79643262455679	17230.713904573993	4528.152312465237	0.0	825.6301518335019	66.79643262455679
261	63.80522246279777	17294.519127036798	4543.779009175627	0.0	831.0469138979622	63.80522246279777
262	65.47730153157154	17359.996428568375	4561.69290590713	0.0	827.6926905582324	65.47730153157154
263	60.028713020546036	17420.02514158892	4571.490603219889	0.0	836.7319027667764	60.028713020546036
264	65.19151265960917	17485.216654248532	4588.2907164325925	0.0	838.128705563521	65.19151265960917
265	61.475023268283195	17546.69167751681	4600.707500463442	0.0	842.5508606465866	61.475023268283195
266	61.21398054965658	17607.905658066473	4612.8617303561305	0.0	844.5076572560451	61.21398054965658
267	68.14535796494701	17676.05101603142	4632.782038206947	0.0	840.9770664537252	68.14535796494701
268	62.16635855578007	17738.217374587188	4646.211596916455	0.0	844.4765952478384	62.16635855578007
269	60.56712399241539	17798.784498579615	4656.883550207285	0.0	851.2233246152394	60.56712399241539
270	57.165788205099815	17855.950286784704	4664.871767087329	0.0	857.3670041161163	57.165788205099815
271	63.971065639455965	17919.92135242417	4679.4120456467035	0.0	864.4235001315636	63.971065639455965
272	59.17660020656298	17979.097952630742	4689.708820774058	0.0	861.0353054923983	59.17660020656298
273	67.31022496578503	18046.40817759652	4708.163653208087	0.0	866.0166371323787	67.31022496578503
274	60.67978163682952	18107.087959233348	4719.310152764177	0.0	860.9826476291892	60.67978163682952
275	62.91029784190319	18169.99825707525	4733.875796173226	0.0	864.1359380571545	62.91029784190319
276	63.48918782217823	18233.487444897422	4749.183333961906	0.0	861.7597789253343	63.48918782217823
277	70.44856796313839	18303.936012860566	4770.844512373373	0.0	857.2801888668091	70.44856796313839
278	60.329317766840774	18364.265330627408	4780.611802661328	0.0	854.1959224857294	60.329317766840774
279	64.54282044479176	18428.808151072197	4795.7647392156205	0.0	854.1227244801981	64.54282044479176
280	62.76759864035603	18491.575749712545	4812.65185492724	0.0	854.4454512623361	62.76759864035603
281	59.79978474594559	18551.375534458497	4823.564445195961	0.0	853.0254055925761	59.79978474594559
282	67.50816153581854	18618.883695994315	4842.589536778552	0.0	849.7343844562198	67.50816153581854
283	68.70985414622474	18687.59355014054	4862.748866841675	0.0	852.5978128410813	68.70985414622474
284	65.46173737807639	18753.055287518615	4881.216707974765	0.0	852.4732361839283	65.46173737807639
285	63.72702885525687	18816.782316373872	4895.741743806294	0.0	858.0759740575111	63.72702885525687
286	65.20256923182295	18881.98488560569	4913.820982417727	0.0	859.5699534629335	65.20256923182295
287	61.98345089825426	18943.96833650395	4928.3889704213125	0.0	861.07896767692	61.98345089825426
288	64.900475445983	19008.868811949935	4943.892076351241	0.0	859.7701451908604	64.900475445983
289	62.11935876873194	19070.988170718672	4956.662959557057	0.0	867.7703177570302	62.11935876873194
290	72.02601207772415	19143.014182796385	4979.5680732023975	0.0	872.1529866799333	72.02601207772415
291	59.22263430069834	19202.236817097095	4991.203946975689	0.0	873.3278916851476	59.22263430069834
292	67.8638631358944	19270.100680232983	5011.980237284293	0.0	887.085748306329	67.8638631358944
293	62.47149540747222	19332.57217564046	5024.0625468885755	0.0	897.0746525889231	62.47149540747222
294	60.65206724068875	19393.224242881144	5036.611984290921	0.0	897.5663403846632	60.65206724068875
295	66.85882620367744	19460.083069084823	5055.372634663547	0.0	897.9684094778546	66.85882620367744
296	57.646711808915995	19517.729780893744	5063.533760221642	0.0	898.1818417373745	57.646711808915995
297	61.91777567428604	19579.64755656802	5077.560476219897	0.0	894.6219721992295	61.91777567428604
298	62.49829965015935	19642.14585621818	5093.098933813496	0.0	904.7740156823819	62.49829965015935
299	64.23536359880579	19706.38121981698	5108.345779224824	0.0	906.3500938366296	64.23536359880579
300	62.33585927376912	19768.717079090755	5120.991461767336	0.0	907.8319307965493	62.33585927376912
301	60.10467944954628	19828.821758540296	5131.7832541041835	0.0	906.2667128120711	60.10467944954628
302	63.91358174885132	19892.735340289157	5148.159048026508	0.0	907.2011002278207	63.91358174885132
303	58.157333084213825	19950.892673373368	5155.538711574747	0.0	908.0638469151919	58.157333084213825
304	66.8467241612565	20017.739397534628	5174.6825445302	0.0	910.7792663857961	66.8467241612565
305	65.63678464094743	20083.376182175576	5192.471728885867	0.0	909.0559938422168	65.63678464094743
306	62.7925862728118	20146.16876844838	5205.711100885616	0.0	916.7503828715737	62.7925862728118
307	68.92623423456895	20215.09500268295	5224.854864082387	0.0	922.7880431866647	68.92623423456895
308	67.38181320241051	20282.47681588535	5244.838812387207	0.0	924.5292660219279	67.38181320241051
309	62.19302057495439	20344.669836460318	5259.635493325677	0.0	925.3288969264519	62.19302057495439
310	60.37709003941703	20405.046926499734	5271.975677887781	0.0	933.1084108950455	60.37709003941703
311	52.37949635621689	20457.426422855948	5274.883231669382	0.0	933.5253461881947	52.37949635621689
312	58.122344230024865	20515.548767085973	5283.739106901286	0.0	933.7167031342317	58.122344230024865
313	59.54047824877087	20575.089245334737	5295.147375718793	0.0	935.2705080432175	59.54047824877087
314	59.83174415220728	20634.920989486942	5306.3511175172225	0.0	937.5148005245544	59.83174415220728
315	62.84038831052475	20697.761377797473	5322.123944781726	0.0	942.316628226255	62.84038831052475
316	61.331147637452666	20759.092525434928	5334.512961439736	0.0	941.96001630471	61.331147637452666
317	57.40944503207343	20816.501970467016	5340.769751286946	0.0	942.6697317783951	57.40944503207343
318	66.77981165022692	20883.281782117232	5358.20765925995	0.0	946.5312042994324	66.77981165022692
319	55.589862166859014	20938.871644284085	5364.658452635206	0.0	944.7058015885567	55.589862166859014
320	64.83216456677339	21003.703808850856	5379.948469650666	0.0	940.7492729458733	64.83216456677339
321	56.59428263679505	21060.298091487653	5388.417125657009	0.0	942.3784046433071	56.59428263679505
322	64.39354951642922	21124.69164100408	5405.597602790337	0.0	944.0179309681638	64.39354951642922
323	60.55817536436689	21185.249816368454	5416.540464720053	0.0	952.0226399491625	60.55817536436689
324	59.71782942706948	21244.967645795532	5428.236576625627	0.0	953.3799877510289	59.71782942706948
325	58.49673582919304	21303.46438162471	5437.911487638214	0.0	954.261152848702	58.49673582919304
326	63.83238282681013	21367.29676445153	5451.580594216145	0.0	954.2580933307738	63.83238282681013
327	64.84852719595933	21432.145291647477	5468.253281465525	0.0	951.5849037597333	64.84852719595933
328	59.57622959425531	21491.721521241743	5478.882908115388	0.0	948.8399205751656	59.57622959425531
329	63.95113664060184	21555.672657882344	5495.429011318329	0.0	944.093609304529	63.95113664060184
330	71.0374679562727	21626.71012583862	5517.053549203792	0.0	944.4979896868992	71.0374679562727
331	60.61406074116666	21687.32418657978	5528.312343532327	0.0	945.3851760034224	60.61406074116666
332	60.1898152534287	21747.514001833213	5538.731813213729	0.0	945.5815285175232	60.1898152534287
333	58.891416975931605	21806.405418809143	5549.395057447859	0.0	948.6844477521365	58.891416975931605
334	55.710021971012814	21862.11544078016	5554.800941703366	0.0	947.8292605881221	55.710021971012814
335	62.698806423537356	21924.81424720369	5568.098922287451	0.0	951.384394609484	62.698806423537356
336	60.16136394800955	21984.975611151698	5578.644366375365	0.0	950.2315124612336	60.16136394800955
337	53.85091575586607	22038.826526907567	5583.326437830618	0.0	955.4647339656149	53.85091575586607
338	67.39042772157421	22106.216954629137	5601.015094330972	0.0	959.5441786616016	67.39042772157421
339	63.56864506849113	22169.78559969763	5615.477462331683	0.0	964.5863985818772	63.56864506849113
340	66.43276098586162	22236.218360683484	5632.6270795012	0.0	964.8328716779332	66.43276098586162
341	65.40156807496605	22301.619928758457	5651.076061011516	0.0	964.1645866490492	65.40156807496605
342	63.08196423178644	22364.701892990248	5666.199385374808	0.0	967.1304912768309	63.08196423178644
343	64.26913864280364	22428.971031633042	5683.050653307149	0.0	963.2271917969687	64.26913864280364
344	58.48129330341488	22487.452324936454	5693.252803004405	0.0	959.7273476685166	58.48129330341488
345	67.43460575360804	22554.886930690067	5713.2400051119985	0.0	965.3811212970165	67.43460575360804
346	66.83318633192751	22621.72011702198	5731.717207801166	0.0	967.9409908176478	66.83318633192751
347	58.92135152025658	22680.641468542242	5740.092892540951	0.0	971.194028153611	58.92135152025658
348	63.14563225306874	22743.787100795325	5757.873327317293	0.0	970.408056507677	63.14563225306874
349	62.67017596383553	22806.45727675915	5772.416383977485	0.0	968.5471805656553	62.67017596383553
350	68.43188482235327	22874.88916158152	5793.334106539662	0.0	967.1064775745353	68.43188482235327
351	61.85274500233751	22936.74190658384	5805.787546983682	0.0	971.0150453661879	61.85274500233751
352	64.38261441491183	23001.12452099875	5821.246605784225	0.0	970.3745394623008	64.38261441491183
353	68.71672332474199	23069.8412443235	5842.507064594872	0.0	975.346570300038	68.71672332474199
354	65.24361225289265	23135.0848565764	5858.475243041442	0.0	971.8341041336951	65.24361225289265
355	60.207086686230156	23195.29194326263	5868.109219825636	0.0	969.9801916779672	60.207086686230156
356	59.505175710344886	23254.79711897297	5877.643122683409	0.0	967.6523595493865	59.505175710344886
357	63.4407888436221	23318.237907816587	5892.050615614614	0.0	965.6856408749918	63.4407888436221
358	62.78615742700883	23381.024065243597	5906.0428864184305	0.0	961.8781265609679	62.78615742700883
359	62.488112668989196	23443.512177912584	5920.22643139817	0.0	958.8217378208648	62.488112668989196
360	69.04217069897639	23512.554348611568	5941.79990135995	0.0	955.5944608097533	69.04217069897639
361	62.271437612240796	23574.825786223802	5955.206970782085	0.0	951.7062203071239	62.271437612240796
362	59.09087662122083	23633.916662845026	5965.0479567488255	0.0	952.2757244752113	59.09087662122083
363	59.23902516557616	23693.1556880106	5977.397205095893	0.0	948.8289943486449	59.23902516557616
364	65.82341137530999	23758.979099385917	5993.131344271171	0.0	953.6699216653005	65.82341137530999
365	60.89160016951996	23819.870699555428	6005.5335039385545	0.0	953.1276714025455	60.89160016951996
366	61.525556454889085	23881.396256010325	6018.475269973015	0.0	948.0996562169261	61.525556454889085
367	62.84929250091043	23944.24554851123	6032.608450285287	0.0	947.1710582609231	62.84929250091043
368	59.09945860320159	24003.345007114418	6042.111020290893	0.0	943.3775746389838	59.09945860320159
369	57.446913785955594	24060.791920900392	6051.451679043651	0.0	944.3685543352872	57.446913785955594
370	65.23585532041082	24126.02777622079	6069.131800466881	0.0	945.2257448882943	65.23585532041082
371	66.69528604192644	24192.723062262725	6087.167574478334	0.0	945.5482098536305	66.69528604192644
372	66.83312574257127	24259.556188005303	6106.666417393538	0.0	946.5849514633957	66.83312574257127
373	62.03716395561477	24321.593351960903	6120.05565806576	0.0	943.3034736510325	62.03716395561477
374	62.27678157989469	24383.870133540804	6131.851410750465	0.0	942.8045587112906	62.27678157989469
375	58.482566019721446	24442.352699560524	6139.737395811004	0.0	942.5757512453276	58.482566019721446
376	61.280261178459284	24503.632960738985	6152.819456326684	0.0	943.9137355134663	61.280261178459284
377	63.15390303106836	24566.786863770052	6166.986459119989	0.0	948.213155825615	63.15390303106836
378	56.4206491745067	24623.207512944555	6175.187722562685	0.0	948.9461076510903	56.4206491745067
379	67.36615161409594	24690.573664558655	6194.763722738309	0.0	945.5244054248637	67.36615161409594
380	65.0129818327622	24755.58664639141	6213.048133378546	0.0	942.8831531231559	65.0129818327622
381	62.07874513259025	24817.665391524006	6226.430955689668	0.0	939.7865842739831	62.07874513259025
382	54.927075108283354	24872.592466632286	6235.358027947662	0.0	939.9152340375131	54.927075108283354
383	66.47989054208492	24939.07235717437	6253.370876081587	0.0	942.7498426773133	66.47989054208492
384	64.11587817918827	25003.188235353562	6269.82844085262	0.0	941.9437717545455	64.11587817918827
385	59.71687881707807	25062.905114170644	6279.929547486171	0.0	938.8945564384838	59.71687881707807
386	58.91606910720151	25121.821183277843	6290.876440340278	0.0	935.4706137683916	58.91606910720151
387	60.6746518566438	25182.49583513448	6303.567964864309	0.0	932.4928203503031	60.6746518566438
388	62.014160991669584	25244.50999612616	6316.030566925475	0.0	932.6763549730878	62.014160991669584
389	58.91444286586248	25303.424438992017	6326.841204115514	0.0	928.5797720640594	58.91444286586248
390	60.92525605911019	25364.34969505112	6338.551246179888	0.0	934.2629460691671	60.92525605911019
391	61.013640335937296	25425.36333538706	6351.227565474192	0.0	944.736749742769	61.013640335937296
392	58.948871276951884	25484.31220666401	6360.7823968776165	0.0	943.7363997984944	58.948871276951884
393	67.22621356975611	25551.538420233777	6377.016168482443	0.0	952.7367437605086	67.22621356975611
394	62.728315962864556	25614.266736196634	6391.567395583706	0.0	951.9438755191978	62.728315962864556
395	62.69085192239572	25676.957588119036	6404.278115506226	0.0	948.9486176781254	62.69085192239572
396	65.9126000164265	25742.870188135457	6422.093055619783	0.0	951.9828608693126	65.9126000164265
397	58.72375865804958	25801.59394679352	6432.058801177856	0.0	953.2856973228891	58.72375865804958
398	65.06037388917329	25866.654320682683	6449.793809922603	0.0	958.8250919239797	65.06037388917329
399	66.36731197973269	25933.021632662407	6465.958243504438	0.0	961.0163209843221	66.36731197973269
400	65.78035866681458	25998.801991329226	6482.683454200791	0.0	965.2495388392168	65.78035866681458
401	63.51297787354899	26062.31496920278	6498.254522873909	0.0	960.2325586887018	63.51297787354899
402	64.04415631350794	26126.35912551628	6512.833318868588	0.0	964.5003427630012	64.04415631350794
403	61.57509172627276	26187.934217242553	6523.747478603079	0.0	961.4007027555227	61.57509172627276
404	62.568659472886694	26250.502876715454	6536.564372188933	0.0	965.4751327339842	62.568659472886694
405	64.13675178505312	26314.6396285005	6550.775821912986	0.0	963.0103681625538	64.13675178505312
406	55.13968222915721	26369.779310729657	6558.411598960184	0.0	962.7322672134233	55.13968222915721
407	68.2376518040752	26438.016962533744	6581.094558802047	0.0	959.3030120978723	68.2376518040752
408	60.282196196970105	26498.29915873071	6592.374748258479	0.0	961.0881514309696	60.282196196970105
409	60.65583022555773	26558.954988956266	6605.730859761123	0.0	973.1742291088166	60.65583022555773
410	62.64843051449738	26621.60341947075	6619.9129228443735	0.0	988.4718718907606	62.64843051449738
411	68.50321272698393	26690.106632197738	6639.116724418142	0.0	992.8157704453207	68.50321272698393
412	64.18520940547256	26754.291841603204	6654.823324366773	0.0	991.5788742078262	64.18520940547256
413	60.173347026773136	26814.46518862999	6666.02376705467	0.0	990.0483823920137	60.173347026773136
414	64.44357554175723	26878.90876417173	6681.771008566944	0.0	992.0502481080193	64.44357554175723
415	68.51330504181671	26947.42206921355	6702.060140642915	0.0	994.6153321519326	68.51330504181671
416	59.431026757653896	27006.853095971215	6710.150388106717	0.0	995.4040784991968	59.431026757653896
417	60.97955408436973	27067.83265005558	6723.013886650753	0.0	995.7387094789065	60.97955408436973
418	67.16132750057001	27134.99397755615	6739.9525457956615	0.0	997.0250034480542	67.16132750057001
419	63.87423978804486	27198.8682173442	6754.858103240147	0.0	999.9625700003181	63.87423978804486
420	58.22026360300158	27257.08848094722	6765.421653971005	0.0	998.4367980512164	58.22026360300158
421	64.63833808942123	27321.726819036612	6783.9677559315805	0.0	998.6779142084911	64.63833808942123
422	58.74486983858621	27380.471688875212	6793.711138382742	0.0	995.3738514156408	58.74486983858621
423	61.081589326169016	27441.55327820136	6808.134058099343	0.0	1003.1218663323003	61.081589326169016
424	59.71788936548211	27501.271167566847	6818.430185373953	0.0	1005.344917239186	59.71788936548211
425	57.13279399912241	27558.403961565982	6827.428266379165	0.0	1007.4219507841076	57.13279399912241
426	60.637282740228336	27619.041244306205	6838.2810404036745	0.0	1007.3201462057713	60.637282740228336
427	66.58578898922859	27685.627033295437	6855.548030928605	0.0	1009.23772790494	66.58578898922859
428	65.35847054122189	27750.985503836666	6873.24626823306	0.0	1015.8432143569219	65.35847054122189
429	61.754915404411264	27812.740419241065	6888.364126994232	0.0	1019.8827874554488	61.754915404411264
430	62.47319668737009	27875.21361592845	6901.768148469143	0.0	1017.2181049141412	62.47319668737009
431	60.24415473505802	27935.457770663485	6912.181383003423	0.0	1013.0044004216803	60.24415473505802
432	62.9693901769203	27998.42716084041	6923.8101430550505	0.0	1012.5056729058675	62.9693901769203
433	60.849868603954135	28059.27702944439	6935.596930106755	0.0	1016.1988628035513	60.849868603954135
434	55.99504230948213	28115.27207175385	6942.368946297143	0.0	1020.9401036852053	55.99504230948213
435	60.985241101158216	28176.257312855014	6952.1337509004525	0.0	1022.0524172163382	60.985241101158216
436	63.87389855804647	28240.13121141306	6969.824553822108	0.0	1020.8444323112731	63.87389855804647
437	61.18278859201445	28301.314000005066	6982.72257223952	0.0	1018.2031163543495	61.18278859201445
438	57.04887427946288	28358.362874284547	6992.244913785457	0.0	1021.4196181340251	57.04887427946288
439	64.35518469070773	28422.718058975246	7008.593340814507	0.0	1020.082896841922	64.35518469070773
440	63.102160262573285	28485.8202192378	7020.657938261278	0.0	1023.4446775028813	63.102160262573285
441	61.522713565967344	28547.34293280378	7034.2456503209	0.0	1027.822531585962	61.522713565967344
442	64.14584816676232	28611.48878097054	7050.053381013147	0.0	1030.5035354859035	64.14584816676232
443	58.9314633231297	28670.42024429367	7061.3971208427065	0.0	1031.2075923591733	58.9314633231297
444	69.67929061684423	28740.099534910532	7082.705729110878	0.0	1027.267233183092	69.67929061684423
445	69.00151533833629	28809.101050248853	7101.502827034361	0.0	1027.4946310386033	69.00151533833629
446	61.77609777179117	28870.87714802065	7114.523825947125	0.0	1032.0559999196419	61.77609777179117
447	69.96378133531717	28940.840929355956	7135.583640404934	0.0	1028.9406489861683	69.96378133531717
448	61.36657949843783	29002.2075088544	7148.047011606885	0.0	1033.9690421711293	61.36657949843783
449	59.36945977920461	29061.576968633588	7156.101827219262	0.0	1033.1305974954896	59.36945977920461
450	55.65564020395072	29117.23260883756	7163.055222316857	0.0	1042.3236801003654	55.65564020395072
451	62.7229879689451	29179.95559680651	7175.818973031555	0.0	1036.4034769138925	62.7229879689451
452	65.60645228486814	29245.562049091357	7193.506990719222	0.0	1038.7889323682593	65.60645228486814
453	65.66170511929118	29311.22375421066	7210.990948265659	0.0	1041.9318691076087	65.66170511929118
454	62.88784481437541	29374.11159902502	7224.498456534313	0.0	1044.220816458849	62.88784481437541
455	68.17262218582775	29442.284221210855	7243.769134800589	0.0	1036.628983248843	68.17262218582775
456	59.257014304313635	29501.54123551517	7255.92386487221	0.0	1042.1202520386464	59.257014304313635
457	62.46381955422158	29564.005055069407	7266.490322061906	0.0	1041.1991243191912	62.46381955422158
458	58.669004651058565	29622.674059720448	7274.292030706757	0.0	1039.9530094537574	58.669004651058565
459	63.999999923135995	29686.67405964358	7290.507453591242	0.0	1037.613984443411	63.999999923135995
460	63.903099741081334	29750.577159384677	7304.585519147472	0.0	1043.4874996092296	63.903099741081334
461	62.184445272143165	29812.761604656796	7318.265459681282	0.0	1043.1959326990473	62.184445272143165
462	62.39402971067082	29875.15563436749	7332.989659961293	0.0	1047.398280851908	62.39402971067082
463	63.84472853978543	29939.00036290729	7348.052830448632	0.0	1043.9246670235705	63.84472853978543
464	59.763683526923444	29998.764046434208	7358.625679228874	0.0	1048.0643230030762	59.763683526923444
465	60.92458270838006	30059.688629142573	7371.375320151436	0.0	1052.622061152384	60.92458270838006
466	60.94249452319393	30120.631123665775	7384.603166486935	0.0	1053.1821422864234	60.94249452319393
467	61.49329793971307	30182.124421605487	7396.435658599461	0.0	1050.17536119587	61.49329793971307
468	63.448125282009	30245.572546887488	7413.943607742906	0.0	1052.5002075173284	63.448125282009
469	56.1234224812528	30301.695969368742	7418.813552919818	0.0	1054.7788646847312	56.1234224812528
470	67.30154990483206	30368.99751927358	7438.095573337282	0.0	1053.5042956873658	67.30154990483206
471	61.94932046167264	30430.946839735258	7450.2432608724075	0.0	1050.3786013897375	61.94932046167264
472	67.11485924741035	30498.06169898264	7468.771249493587	0.0	1060.3724723368616	67.11485924741035
473	66.70123815914243	30564.762937141786	7486.284383389765	0.0	1061.061612935979	66.70123815914243
474	63.647973491686734	30628.410910633487	7502.72551621887	0.0	1061.2289963253531	63.647973491686734
475	63.388887893806235	30691.7997985273	7517.06297192041	0.0	1061.758462879785	63.388887893806235
476	59.95252066386137	30751.752319191146	7528.8972466783225	0.0	1058.5033346967475	59.95252066386137
477	68.91082593720081	30820.663145128343	7548.425286089289	0.0	1057.510826500047	68.91082593720081
478	63.250102593504145	30883.913247721837	7564.200418398794	0.0	1051.1907380115608	63.250102593504145
479	58.52909131625179	30942.442339038098	7573.711176874321	0.0	1055.5985224747496	58.52909131625179
480	59.696194372359315	31002.138533410445	7584.433557150714	0.0	1059.278554892087	59.696194372359315
481	59.965090781166644	31062.103624191648	7594.482335232759	0.0	1064.733822314278	59.965090781166644
482	59.70510049452264	31121.808724686158	7606.763131798487	0.0	1062.836296625424	59.70510049452264
483	59.198788364791696	31181.007513050954	7617.854912517363	0.0	1064.9722886825496	59.198788364791696
484	61.916359113232375	31242.923872164185	7631.9857818221235	0.0	1065.77189788329	61.916359113232375
485	64.71806986814806	31307.641942032336	7648.680436078491	0.0	1066.8226518663325	64.71806986814806
486	57.21465374477238	31364.85659577709	7656.260649497513	0.0	1065.662015812021	57.21465374477238
487	54.33213617186477	31419.188731948972	7663.445745538698	0.0	1066.5832388114795	54.33213617186477
488	63.8112171608252	31482.99994910979	7679.187167071204	0.0	1068.3788196509684	63.8112171608252
489	65.42711053255053	31548.427059642334	7696.8852182657865	0.0	1069.326751300649	65.42711053255053
490	65.54785665670805	31613.974916299045	7712.096868609743	0.0	1070.9498178682916	65.54785665670805
491	65.10950950051242	31679.084425799567	7727.707587074692	0.0	1077.9612226839909	65.10950950051242
492	61.86253024543182	31740.946956044983	7739.848598642875	0.0	1077.0951294786405	61.86253024543182
493	57.270725297898956	31798.217681342907	7749.527239653599	0.0	1071.4874596165807	57.270725297898956
494	55.51358824420094	31853.7312695871	7757.380344324047	0.0	1074.4140447699679	55.51358824420094
495	54.76127085807973	31908.492540445164	7761.466746508135	0.0	1073.621998550302	54.76127085807973
496	59.547217107163036	31968.039757552328	7771.523518471025	0.0	1072.4047558785817	59.547217107163036
497	63.23468719808392	32031.27444475041	7787.045556328517	0.0	1070.0405227683534	63.23468719808392
498	65.01579483063215	32096.290239581052	7802.666898926804	0.0	1074.2191627436875	65.01579483063215
499	61.53619195334393	32157.8264315344	7814.781452993236	0.0	1079.922679356883	61.53619195334393
500	62.894951120093666	32220.721382654494	7829.094977394654	0.0	1084.723292881344	62.894951120093666
501	66.71038424964678	32287.431766904137	7845.306446819962	0.0	1085.6060310702326	66.71038424964678
502	63.660527006127815	32351.092293910267	7845.306446819962	0.0	1098.3380697718976	63.660527006127815
