task	reward	total_reward	total_regret	relative	total_reward_dev	joules
0	64.27223424966668	64.27223424966668	14.967765714454558	0.0	40.38740718905631	64.27223424966668
1	63.963394440548136	128.23562869021478	30.206908502372936	0.0	59.355980859137475	63.963394440548136
2	82.27935484951433	210.5149835397291	64.8488596685374	0.0	64.97177146446076	82.27935484951433
3	78.89483284559311	289.40981638532213	92.53912823809435	0.0	69.65322652226257	78.89483284559311
4	69.78494921498975	359.19476560031194	116.48567337640885	0.0	90.13151306368212	69.78494921498975
5	61.83179916198965	421.02656476230135	127.68148231760713	0.0	97.07388555074171	61.83179916198965
6	63.29122348110778	484.3177882434094	141.66717660699948	0.0	105.31069990087346	63.29122348110778
7	68.34335870563059	552.6611469490399	161.3050849134939	0.0	119.31284537062913	68.34335870563059
8	68.04896944168416	620.7101163907241	179.65409497976103	0.0	129.61869307571442	68.04896944168416
9	68.34758861645827	689.0577050071823	200.27319421898432	0.0	137.02478442984892	68.34758861645827
10	64.0261954109323	753.0839004181145	215.6732900158659	0.0	142.05571438088882	64.0261954109323
11	64.3835608774423	817.4674612955564	232.22395202476227	0.0	146.67957124969232	64.3835608774423
12	67.85090957832723	885.3183708738837	250.20733596789472	0.0	156.82885880620088	67.85090957832723
13	69.62832401956408	954.9466948934482	272.39807564189135	0.0	163.71310524868832	69.62832401956408
14	69.75869717669636	1024.705392070144	294.39088372508655	0.0	179.82542377381876	69.75869717669636
15	67.20449445860642	1091.9098865287503	311.0136749794452	0.0	188.4059142145895	67.20449445860642
16	64.3816362909173	1156.2915228196684	328.66926962686665	0.0	198.3737447978701	64.3816362909173
17	60.110090968406126	1216.4016137880735	338.9697930853592	0.0	207.33339641103763	60.110090968406126
18	67.00093089018215	1283.4025446782562	356.66447181171134	0.0	216.4388286499493	67.00093089018215
19	69.34401825456524	1352.7465629328217	378.3060483385941	0.0	220.36723528522313	69.34401825456524
20	68.0793291514946	1420.8258920843166	397.9566133707856	0.0	228.34072850051547	68.0793291514946
21	73.49777819763455	1494.3236702819506	424.77514450332774	0.0	230.77760243597717	73.49777819763455
22	66.69111586983831	1561.014786151789	441.7795386992528	0.0	238.46674310130942	66.69111586983831
23	62.809821177310134	1623.824607329099	457.083261815736	0.0	247.77146318168468	62.809821177310134
24	72.1028436913862	1695.9274510204843	480.7374959054825	0.0	252.8734908296643	72.1028436913862
25	66.75216526347357	1762.679616283959	495.65746873858683	0.0	265.4368188317166	66.75216526347357
26	64.18162073529139	1826.8612370192498	512.1093616669754	0.0	273.9876400930886	64.18162073529139
27	66.4126560294143	1893.2738930486644	530.7283287582582	0.0	287.49087903435407	66.4126560294143
28	68.93730727269163	1962.2112003213551	551.5989907350453	0.0	293.07305170356693	68.93730727269163
29	61.34410894137457	2023.5553092627306	565.9744447917601	0.0	305.88804219189296	61.34410894137457
30	67.32895423278434	2090.8842634955154	583.3123204287061	0.0	310.22179443775303	67.32895423278434
31	64.6551300108658	2155.5393935063803	599.263719273979	0.0	322.3762669499856	64.6551300108658
32	71.33794724321064	2226.877340749591	620.7462104025099	0.0	329.12335720487977	71.33794724321064
33	65.69883847614871	2292.5761792257404	637.1901394081223	0.0	331.3612736992868	65.69883847614871
34	63.527812489733904	2356.1039917154744	650.7382901311623	0.0	337.99741993342826	63.527812489733904
35	63.26105682397985	2419.3650485394533	666.7551826425292	0.0	342.75765480715665	63.26105682397985
36	62.7260885332937	2482.091137072746	680.7416460480854	0.0	352.4560869864799	62.7260885332937
37	70.90040680743478	2552.991543880181	704.8639808751587	0.0	360.2342864908451	70.90040680743478
38	68.98502200384343	2621.976565884025	723.4296229929912	0.0	369.387576430455	68.98502200384343
39	68.51529306333413	2690.491858947358	742.8775629250537	0.0	379.6191047977978	68.51529306333413
40	66.42613675158319	2756.9179956989433	760.2475779393999	0.0	390.48183341456865	66.42613675158319
41	71.03659798806548	2827.9545936870063	784.367306281683	0.0	398.0653044144062	71.03659798806548
42	67.62041675541316	2895.575010442422	802.6842774439829	0.0	406.43933444504927	67.62041675541316
43	62.93549058638303	2958.510501028804	817.0068337056142	0.0	411.4878931961093	62.93549058638303
44	68.84307086548894	3027.353571894293	835.4702984202517	0.0	426.1907433712532	68.84307086548894
45	60.384274765742894	3087.737846660035	847.1611457724888	0.0	433.225897024302	60.384274765742894
46	66.41358942192234	3154.1514360819583	863.8431162736622	0.0	442.4144443164419	66.41358942192234
47	65.95746344786659	3220.1088995298264	878.4266614771872	0.0	449.96202992544704	65.95746344786659
48	76.77371684630067	3296.882616376126	905.3872583607584	0.0	453.56863632713265	76.77371684630067
49	69.25853940666254	3366.1411557827873	927.1535408168338	0.0	461.9422591779373	69.25853940666254
50	69.46833166190565	3435.6094874446944	947.6021704293609	0.0	469.4094859074722	69.46833166190565
51	66.26579549215059	3501.875282936843	966.7949253508041	0.0	478.35768785894163	66.26579549215059
52	69.58451949850398	3571.459802435347	986.59748369072	0.0	485.8955850366992	69.58451949850398
53	62.599572784021696	3634.0593752193713	1003.0504256788594	0.0	497.67888082595755	62.599572784021696
54	68.15052538175502	3702.2099006011263	1021.7519643025166	0.0	503.86702308382434	68.15052538175502
55	72.79476494235942	3775.0046655434853	1046.4190589302264	0.0	507.46452477255394	72.79476494235942
56	67.37595517305049	3842.380620716534	1065.9087800558868	0.0	514.5681816117788	67.37595517305049
57	70.59960890037237	3912.9802296169055	1088.8231786610386	0.0	525.1651879769325	70.59960890037237
58	66.72823596710255	3979.70846558401	1105.335702316159	0.0	534.5278473808306	66.72823596710255
59	68.88358193664108	4048.592047520651	1124.8951890178835	0.0	541.4823143534355	68.88358193664108
60	73.2139455418428	4121.805993062493	1149.5280819241916	0.0	553.2833203030557	73.2139455418428
61	66.7756563706978	4188.581649433192	1169.4632854067904	0.0	560.9405637907369	66.7756563706978
62	70.13893279729585	4258.720582230487	1187.7926088584065	0.0	559.6665994613435	70.13893279729585
63	66.8170994250815	4325.537681655567	1206.1793774142252	0.0	564.474189667988	66.8170994250815
64	60.58527475936708	4386.122956414935	1219.4376413485502	0.0	576.2043505625893	60.58527475936708
65	61.1573875406644	4447.2803439556	1232.6634526615896	0.0	582.8554594241702	61.1573875406644
66	67.74103601869527	4515.021379974293	1251.6840846027203	0.0	584.4995405093899	67.74103601869527
67	70.00152724153904	4585.0229072158345	1273.293359721633	0.0	592.082569938929	70.00152724153904
68	65.04729708429413	4650.070204300129	1291.8994570923385	0.0	599.3143459450632	65.04729708429413
69	57.67700749103428	4707.747211791162	1300.5665493740787	0.0	606.0361567612168	57.67700749103428
70	71.96448202554669	4779.711693816707	1323.9625413079077	0.0	612.4976661034281	71.96448202554669
71	72.60418118771251	4852.315875004422	1348.4728780085054	0.0	613.9908182996038	72.60418118771251
72	65.48545433770595	4917.801329342126	1368.3123406422137	0.0	623.5173077287391	65.48545433770595
73	65.6942708887386	4983.495600230867	1385.3499451306802	0.0	635.3067670135034	65.6942708887386
74	61.5370854782536	5045.032685709119	1398.2230032719326	0.0	645.121491777196	61.5370854782536
75	63.49722122370629	5108.529906932826	1413.2219054324974	0.0	651.9626178677848	63.49722122370629
76	65.99339862446872	5174.523305557294	1432.9318803952397	0.0	661.1459370641934	65.99339862446872
77	67.11341899338879	5241.636724550683	1451.9058512311644	0.0	669.9473366147743	67.11341899338879
78	69.3865904250954	5311.0233149757805	1475.0160310932413	0.0	677.7310840366179	69.3865904250954
79	67.6975885469793	5378.720903522758	1493.2784212397821	0.0	683.4780251320291	67.6975885469793
80	68.0539169099011	5446.774820432658	1511.3625422767107	0.0	691.8636213085992	68.0539169099011
81	65.45035809000301	5512.2251785226645	1529.452091639193	0.0	695.4686573044609	65.45035809000301
82	69.45823696139581	5581.683415484059	1551.5772635598232	0.0	704.8108884666548	69.45823696139581
83	65.30335384426925	5646.986769328331	1568.4666422373293	0.0	710.8727555525096	65.30335384426925
84	69.4371663794345	5716.423935707762	1592.7607147373003	0.0	714.6335837509154	69.4371663794345
85	69.36972603089565	5785.793661738659	1610.3069538964555	0.0	718.50082551642	69.36972603089565
86	70.25785090063859	5856.0515126392975	1634.581355742017	0.0	723.2794199303216	70.25785090063859
87	65.33194112297736	5921.383453762274	1651.4864700982832	0.0	733.5614782838601	65.33194112297736
88	63.0352541007631	5984.418707863037	1667.0734317183396	0.0	742.314544280797	63.0352541007631
89	66.85461851195092	6051.273326374989	1683.9341418382216	0.0	748.7336843802568	66.85461851195092
90	64.38536060134773	6115.658686976338	1697.2444046942835	0.0	760.4303132926659	64.38536060134773
91	67.06812647729873	6182.7268134536325	1714.996335219728	0.0	765.0086291439259	67.06812647729873
92	64.91798291447093	6247.644796368106	1732.0096949019035	0.0	770.7189760337466	64.91798291447093
93	66.41776786976637	6314.062564237869	1749.7746416374084	0.0	783.0749759230786	66.41776786976637
94	68.94773558847679	6383.01029982635	1769.0375784905395	0.0	792.5755364849022	68.94773558847679
95	68.13135829287936	6451.141658119231	1788.4952088399723	0.0	791.631281772587	68.13135829287936
96	65.42090000788998	6516.562558127119	1805.1369345617322	0.0	802.3847492152422	65.42090000788998
97	67.78238417366532	6584.344942300784	1823.2295816125388	0.0	813.2281438734761	67.78238417366532
98	63.6755175387714	6648.020459839555	1836.2063516587687	0.0	822.793312877089	63.6755175387714
99	65.27351069192375	6713.29397053148	1852.0109413158616	0.0	831.2898960117262	65.27351069192375
100	66.09982450409564	6779.393795035573	1868.337108070014	0.0	840.6700379501299	66.09982450409564
101	66.58742635832354	6845.981221393902	1886.633251990731	0.0	847.9287344990653	66.58742635832354
102	72.36669003289407	6918.347911426792	1910.248737622067	0.0	855.8774543930011	72.36669003289407
103	70.50936404851122	6988.857275475303	1932.670508695885	0.0	863.6007013408791	70.50936404851122
104	67.85656420147761	7056.7138396767805	1953.8665171903278	0.0	875.3965031586729	67.85656420147761
105	66.9666395544358	7123.68047923122	1972.3046804659148	0.0	886.662632315284	66.9666395544358
106	64.17043033390101	7187.850909565114	1989.2175812980024	0.0	895.5359796183287	64.17043033390101
107	61.40789004747812	7249.258799612598	2002.3281189737986	0.0	905.9694298429865	61.40789004747812
108	66.08824503877476	7315.347044651368	2020.7516971265943	0.0	914.3890287870729	66.08824503877476
109	62.44967858586557	7377.796723237237	2032.9765191260344	0.0	921.6550973212526	62.44967858586557
110	65.73704920087087	7443.533772438107	2051.7913905123055	0.0	932.4425009267585	65.73704920087087
111	66.94273560184033	7510.4765080399475	2072.0163592149397	0.0	940.2929289812287	66.94273560184033
112	60.61071741103809	7571.0872254509895	2083.243455231407	0.0	947.1840468381115	60.61071741103809
113	65.09579649543468	7636.183021946424	2099.7686967359605	0.0	948.7525575854185	65.09579649543468
114	62.65310256682763	7698.836124513247	2112.5014505433214	0.0	954.8676356022347	62.65310256682763
115	71.29160510832112	7770.12772962157	2135.053131238939	0.0	956.6773139423916	71.29160510832112
116	69.02227519086554	7839.150004812441	2154.263221655793	0.0	960.2994783287679	69.02227519086554
117	67.91105210230745	7907.061056914743	2173.858165792843	0.0	966.4579912927798	67.91105210230745
118	62.7508944990206	7969.8119514137625	2189.779928278298	0.0	969.8125045536046	62.7508944990206
119	60.13208350167575	8029.944034915436	2200.8165153848613	0.0	978.7310464024551	60.13208350167575
120	71.46125953372004	8101.40529444916	2223.9679323144387	0.0	987.027387355804	71.46125953372004
121	72.28430030117596	8173.689594750335	2249.244260634364	0.0	995.9634342551582	72.28430030117596
122	61.560394859572206	8235.249989609909	2262.746744209667	0.0	1001.0470258568888	61.560394859572206
123	59.84878533388729	8295.098774943795	2273.495677444684	0.0	1009.0446859186022	59.84878533388729
124	63.0642426652399	8358.163017609033	2288.079782792518	0.0	1018.8603723174471	63.0642426652399
125	67.63112994785051	8425.79414755688	2307.069298545613	0.0	1028.389640427503	67.63112994785051
126	72.97288021620932	8498.767027773098	2331.9787547191354	0.0	1034.4318331124205	72.97288021620932
127	65.35709563279983	8564.124123405896	2349.1043717702037	0.0	1041.325150765312	65.35709563279983
128	68.6678292030928	8632.791952608986	2370.758313149055	0.0	1049.4532120323845	68.6678292030928
129	68.88576712750728	8701.677719736494	2390.569233618791	0.0	1054.2490952340181	68.88576712750728
130	71.4199812080291	8773.097700944525	2414.0005144738416	0.0	1063.8699795003695	71.4199812080291
131	61.04841662713676	8834.146117571661	2428.731038633112	0.0	1067.264896741709	61.04841662713676
132	75.99164842348443	8910.137765995147	2455.472428032204	0.0	1077.8489515073954	75.99164842348443
133	57.33207038643361	8967.469836381577	2464.570735043675	0.0	1083.9234033761606	57.33207038643361
134	66.62356791581851	9034.093404297395	2483.5017167611322	0.0	1088.415218917722	66.62356791581851
135	68.70958754065384	9102.802991838054	2503.2218161487913	0.0	1089.6275332493663	68.70958754065384
136	69.5263673379954	9172.329359176047	2522.741683030146	0.0	1095.7655824782055	69.5263673379954
137	69.34067740465417	9241.6700365807	2542.32535169179	0.0	1100.889559621314	69.34067740465417
138	71.74532897099957	9313.415365551704	2567.6256046263534	0.0	1108.0302699239385	71.74532897099957
139	66.55065859531673	9379.966024147017	2584.272173130916	0.0	1117.9285654543132	66.55065859531673
140	71.4424001245404	9451.408424271556	2607.995013629754	0.0	1125.7725215332828	71.4424001245404
141	74.38537235931945	9525.793796630875	2633.22839443152	0.0	1131.4360652658042	74.38537235931945
142	64.95759391926406	9590.751390550138	2650.1596561058755	0.0	1139.6676655292456	64.95759391926406
143	64.66582480498818	9655.417215355126	2667.6406397580786	0.0	1144.7282694899545	64.66582480498818
144	60.82464184005656	9716.241857195186	2681.5792419872687	0.0	1154.6520341046964	60.82464184005656
145	65.79763067510623	9782.039487870288	2698.403021215544	0.0	1159.9795447343183	65.79763067510623
146	67.0451072915098	9849.084595161796	2713.9937520052044	0.0	1165.876585969678	67.0451072915098
147	70.94677842134294	9920.031373583137	2736.12556096811	0.0	1177.5548062834112	70.94677842134294
148	62.916179868494964	9982.947553451635	2748.1936762037344	0.0	1191.0319907414842	62.916179868494964
149	61.77253257737985	10044.720086029021	2760.1296088375952	0.0	1198.7802734269765	61.77253257737985
150	66.62480714324903	10111.344893172265	2776.9786768536624	0.0	1211.3265914566407	66.62480714324903
151	68.89854379904575	10180.243436971314	2796.7059482440104	0.0	1213.5261129340104	68.89854379904575
152	69.97575072380552	10250.219187695118	2816.5312402892387	0.0	1220.6408597880918	69.97575072380552
153	62.098805323900315	10312.317993019014	2831.998938983138	0.0	1231.9939749470002	62.098805323900315
154	67.6690774324762	10379.987070451496	2847.106108867987	0.0	1237.327792323698	67.6690774324762
155	69.63205960144073	10449.619130052934	2868.23601442215	0.0	1241.4893895489188	69.63205960144073
156	61.84554996655583	10511.464680019486	2880.602120597564	0.0	1255.1457900262467	61.84554996655583
157	62.894193011229476	10574.358873030713	2894.985780214194	0.0	1263.196969039298	62.894193011229476
158	71.76499101809993	10646.123864048825	2919.3845777547895	0.0	1273.8525717618008	71.76499101809993
159	66.77713076468973	10712.900994813512	2937.782147834421	0.0	1278.7758813654928	66.77713076468973
160	68.51928323613214	10781.420278049638	2957.897815719958	0.0	1288.811841819196	68.51928323613214
161	69.9168734310991	10851.33715148074	2978.713269115844	0.0	1294.0896011692168	69.9168734310991
162	72.97638794219284	10924.31353942293	3002.1367701889594	0.0	1307.772207671	72.97638794219284
163	65.48115043056	10989.794689853486	3018.182878029425	0.0	1313.3422151930229	65.48115043056
164	59.0651041335195	11048.859793987009	3027.3237317471558	0.0	1320.311530394841	59.0651041335195
165	67.87744815899678	11116.73724214601	3048.1977416564	0.0	1329.6928322099068	67.87744815899678
166	66.73346621986089	11183.470708365869	3067.187978237841	0.0	1335.9624934999451	66.73346621986089
167	65.72545208658443	11249.196160452457	3084.1578638659885	0.0	1341.1305705707016	65.72545208658443
168	64.2717416001336	11313.467902052587	3097.0511348608507	0.0	1351.691237325453	64.2717416001336
169	67.90526087287668	11381.37316292546	3117.1752752947195	0.0	1357.7052931134735	67.90526087287668
170	65.42269093939026	11446.795853864856	3133.8517888224187	0.0	1368.8434693111137	65.42269093939026
171	69.25344741509659	11516.049301279952	3154.836341322443	0.0	1369.5011113821843	69.25344741509659
172	71.70510180537222	11587.754403085324	3177.191644552278	0.0	1384.2448861722053	71.70510180537222
173	67.87006341529823	11655.62446650062	3198.2892809106625	0.0	1390.9885952388079	67.87006341529823
174	66.89125106633247	11722.51571756695	3214.52117139861	0.0	1401.728639302393	66.89125106633247
175	65.95577907868669	11788.471496645638	3231.4278652953763	0.0	1411.8801305411998	65.95577907868669
176	67.15797964147222	11855.629476287111	3248.9537280673308	0.0	1417.9723056071707	67.15797964147222
177	66.43891938753139	11922.068395674642	3264.689043529199	0.0	1431.7821179473035	66.43891938753139
178	64.95773627319367	11987.026131947838	3280.4896283175553	0.0	1439.8359747365112	64.95773627319367
179	65.15124628146344	12052.177378229297	3296.877046785085	0.0	1446.173283089131	65.15124628146344
180	69.60645927745448	12121.783837506755	3316.8298188438976	0.0	1451.8624800742139	69.60645927745448
181	65.784561965824	12187.568399472579	3333.6751236351156	0.0	1460.6279714521193	65.784561965824
182	65.41534992865435	12252.983749401224	3351.5825802306413	0.0	1467.5160665862045	65.41534992865435
183	65.86967968042956	12318.853429081664	3369.2313424078784	0.0	1479.8494464016533	65.86967968042956
184	65.22405295094747	12384.077482032608	3385.895532826099	0.0	1486.0527548157022	65.22405295094747
185	65.96431896316139	12450.041800995781	3401.52194662452	0.0	1497.0818505312957	65.96431896316139
186	57.15955045414454	12507.201351449914	3408.744677140871	0.0	1507.5614346367465	57.15955045414454
187	69.01644071837462	12576.217792168283	3430.729888185033	0.0	1511.1174301202434	69.01644071837462
188	64.2938814629328	12640.511673631228	3443.698274171268	0.0	1513.9234936698563	64.2938814629328
189	64.81376367292567	12705.32543730415	3460.3116424511445	0.0	1522.1752611940772	64.81376367292567
190	71.79271455090787	12777.11815185505	3482.560067666226	0.0	1531.5109569847616	71.79271455090787
191	71.20962858565709	12848.327780440708	3504.703411758287	0.0	1539.470646427566	71.20962858565709
192	69.97232380619982	12918.300104246917	3523.261987597611	0.0	1552.0756639154174	69.97232380619982
193	74.36063417346506	12992.660738420374	3549.8639248687255	0.0	1564.783244077285	74.36063417346506
194	65.20757915622879	13057.868317576596	3565.4834898986774	0.0	1575.6987122303012	65.20757915622879
195	64.45516341002555	13122.32348098663	3582.4162505522822	0.0	1587.8537087671043	64.45516341002555
196	67.2586149690909	13189.58209595572	3598.3250949684207	0.0	1600.0769852386322	67.2586149690909
197	62.03072704900015	13251.612823004725	3611.663732500627	0.0	1607.6565395527316	62.03072704900015
198	66.63436974726481	13318.24719275199	3629.3154617268324	0.0	1615.7107333938582	66.63436974726481
199	63.09575676168249	13381.342949513664	3645.972595296596	0.0	1623.6201787976056	63.09575676168249
200	59.21822199987101	13440.561171513544	3655.136843650228	0.0	1633.069289448528	59.21822199987101
201	72.0762609960684	13512.637432509611	3677.073153073494	0.0	1635.5178437710617	72.0762609960684
202	66.7071578743234	13579.34459038393	3692.943382331083	0.0	1642.4500315220964	66.7071578743234
203	61.08015731625319	13640.424747700179	3703.599040940841	0.0	1651.0943683745797	61.08015731625319
204	63.508707083297466	13703.933454783475	3719.711545303589	0.0	1660.7485195141617	63.508707083297466
205	68.21250360938926	13772.145958392866	3736.8607836517003	0.0	1668.7746809019195	68.21250360938926
206	65.68664450956548	13837.83260290244	3751.950893721825	0.0	1679.8815373797247	65.68664450956548
207	69.19242761630879	13907.025030518744	3771.962298415235	0.0	1688.2618375809411	69.19242761630879
208	65.37002304503487	13972.395053563774	3786.9549860388843	0.0	1691.8092885415012	65.37002304503487
209	67.68544256295033	14040.080496126728	3806.1026311443316	0.0	1698.4821439498912	67.68544256295033
210	64.92235415334547	14105.002850280076	3822.630895789677	0.0	1702.7145633180664	64.92235415334547
211	66.53210941450976	14171.534959694587	3839.705978234947	0.0	1714.3708985832318	66.53210941450976
212	65.37337089824283	14236.908330592827	3856.8213585420494	0.0	1723.5753057972936	65.37337089824283
213	62.39138542340305	14299.299716016229	3867.88939927204	0.0	1729.1922236932685	62.39138542340305
214	61.95793157559754	14361.257647591832	3880.0141308984803	0.0	1736.2262989862213	61.95793157559754
215	72.16983750808153	14433.427485099905	3903.314099104572	0.0	1737.9441900647407	72.16983750808153
216	67.7984938489282	14501.225978948842	3923.4326514435047	0.0	1745.0539077277278	67.7984938489282
217	73.94983938195429	14575.175818330794	3950.345820001907	0.0	1744.4629521427942	73.94983938195429
218	68.10108987740928	14643.276908208207	3968.93118098473	0.0	1757.3849767436154	68.10108987740928
219	69.16052598502709	14712.437434193234	3988.1989380703094	0.0	1766.1067039393893	69.16052598502709
220	67.37277112377792	14779.81020531701	4006.8722191687716	0.0	1774.187068154282	67.37277112377792
221	67.47633293359047	14847.286538250593	4025.821964961514	0.0	1778.6717273969448	67.47633293359047
222	62.09293485398246	14909.379473104576	4040.1011594898296	0.0	1784.7289233901947	62.09293485398246
223	61.91736569538089	14971.296838799963	4053.1848151004733	0.0	1791.2901991486617	61.91736569538089
224	68.03445346046163	15039.331292260422	4073.0917908629567	0.0	1793.675399355056	68.03445346046163
225	68.13479747565472	15107.466089736074	4092.405747373459	0.0	1804.5253201389007	68.13479747565472
226	67.92466285650659	15175.390752592579	4110.351184173631	0.0	1811.7185604608526	67.92466285650659
227	63.70223866325457	15239.09299125584	4122.643334427016	0.0	1820.5701155911995	63.70223866325457
228	72.14217414548533	15311.235165401326	4145.501332058272	0.0	1824.766009417625	72.14217414548533
229	63.3527358900272	15374.587901291354	4160.287596862304	0.0	1832.3223523577033	63.3527358900272
230	68.76811423458024	15443.356015525924	4180.099600752165	0.0	1837.1945485169856	68.76811423458024
231	66.47496973390105	15509.830985259829	4198.917455041329	0.0	1841.815025001994	66.47496973390105
232	73.27091627653216	15583.101901536358	4224.013956073363	0.0	1846.3438535998246	73.27091627653216
233	62.80355080879005	15645.90545234515	4235.799184494717	0.0	1853.6921767536853	62.80355080879005
234	68.6843651662601	15714.589817511409	4255.573692519097	0.0	1860.806165460536	68.6843651662601
235	69.86640249204976	15784.456220003458	4278.905819594264	0.0	1865.441272684741	69.86640249204976
236	65.8466746550025	15850.302894658465	4295.665082616221	0.0	1867.3364923420036	65.8466746550025
237	62.4648603720557	15912.767755030516	4308.055241395548	0.0	1879.0569560910321	62.4648603720557
238	67.48426224787079	15980.252017278384	4325.751636461447	0.0	1890.3912815501255	67.48426224787079
239	61.30498673513334	16041.557004013524	4338.653995383584	0.0	1902.1459996769556	61.30498673513334
240	74.43058560149746	16115.987589615012	4364.597986362154	0.0	1906.8093596091448	74.43058560149746
241	68.3808977746187	16184.368487389636	4384.702879718108	0.0	1916.324913775265	68.3808977746187
242	68.63192862377545	16253.000416013407	4406.879069258594	0.0	1926.963160337966	68.63192862377545
243	63.71480177754387	16316.715217790952	4423.151701573606	0.0	1937.0538415473156	63.71480177754387
244	67.60558232734377	16384.3208001183	4440.066885841159	0.0	1947.2088917330855	67.60558232734377
245	61.912845125376755	16446.233645243683	4452.937511767301	0.0	1957.2073921048238	61.912845125376755
246	63.2150815602379	16509.448726803916	4465.622030132127	0.0	1964.7069763262061	63.2150815602379
247	65.88838926830432	16575.33711607222	4483.104639564322	0.0	1975.1520201686005	65.88838926830432
248	63.13009794458656	16638.46721401681	4497.378583749034	0.0	1983.705837556485	63.13009794458656
249	64.33355486712112	16702.80076888392	4514.441846975943	0.0	1990.1762431314487	64.33355486712112
250	61.9309041024508	16764.73167298637	4526.420281600776	0.0	1996.3338041091017	61.9309041024508
251	61.463668713751616	16826.195341700124	4537.508614136632	0.0	2011.7761182849586	61.463668713751616
252	70.11782485481609	16896.313166554944	4559.819690323373	0.0	2017.4132640064702	70.11782485481609
253	67.18303669562042	16963.496203250572	4578.903862199812	0.0	2025.3080637709759	67.18303669562042
254	71.74326127488638	17035.239464525454	4600.232495872498	0.0	2032.7344309566722	71.74326127488638
255	70.38619187481652	17105.62565640026	4620.95408773218	0.0	2044.1853268135894	70.38619187481652
256	68.16908358552038	17173.794739985784	4642.420099503369	0.0	2052.845733985375	68.16908358552038
257	67.87271460441646	17241.667454590206	4662.267268743477	0.0	2059.894898698676	67.87271460441646
258	69.40744207034477	17311.074896660546	4682.266240301687	0.0	2066.666540299533	69.40744207034477
259	67.78322580643217	17378.85812246698	4700.384624410091	0.0	2074.7710544211022	67.78322580643217
260	62.01609534704559	17440.874217814024	4715.141602336605	0.0	2079.2088352393857	62.01609534704559
261	72.57809729718856	17513.452315111208	4738.321973671691	0.0	2090.8749361797136	72.57809729718856
262	64.50301501961249	17577.955330130826	4755.514350544468	0.0	2097.616516954534	64.50301501961249
263	66.84900280232782	17644.804332933152	4772.715118007711	0.0	2104.1882753850664	66.84900280232782
264	67.39072654504189	17712.1950594782	4786.816003601611	0.0	2115.967914913219	67.39072654504189
265	65.20420777188968	17777.399267250094	4803.081770066792	0.0	2129.3863675629664	65.20420777188968
266	60.5934440196534	17837.992711269748	4813.898840004063	0.0	2139.035254182499	60.5934440196534
267	64.33839963144933	17902.33111090119	4829.600662234347	0.0	2143.651712550652	64.33839963144933
268	69.79280820293721	17972.123919104124	4849.6256466539035	0.0	2144.258563049728	69.79280820293721
269	63.51441622416525	18035.638335328298	4865.101761323561	0.0	2149.1184066440333	63.51441622416525
270	65.16811927620479	18100.806454604506	4881.124259984733	0.0	2156.0954715458183	65.16811927620479
271	70.03744785074015	18170.84390245523	4902.177399308979	0.0	2163.4032613716995	70.03744785074015
272	63.54511681421478	18234.389019269456	4917.0427365440255	0.0	2173.705724581966	63.54511681421478
273	64.01442655507292	18298.403445824526	4930.205992393261	0.0	2182.896399697309	64.01442655507292
274	71.34467566863351	18369.74812149316	4951.016633591164	0.0	2192.5074887216842	71.34467566863351
275	65.11795880557857	18434.866080298725	4965.095855154225	0.0	2203.095704749113	65.11795880557857
276	69.61634402976632	18504.482424328493	4986.704781583133	0.0	2209.866954122297	69.61634402976632
277	71.81850156625666	18576.30092589476	5009.173432238433	0.0	2214.538257145862	71.81850156625666
278	66.53041364220945	18642.831339536966	5026.124964798043	0.0	2221.2003637657876	66.53041364220945
279	65.5935285755275	18708.424868112492	5045.7674141744055	0.0	2230.397837337165	65.5935285755275
280	62.4637003949703	18770.888568507464	5058.920956787767	0.0	2236.6967498704944	62.4637003949703
281	65.32829458057921	18836.216863088044	5076.015826895561	0.0	2246.762693576642	65.32829458057921
282	68.99280774628738	18905.209670834327	5097.575518250231	0.0	2253.735314685631	68.99280774628738
283	66.90508360966126	18972.114754444	5115.80971968251	0.0	2264.955689575401	66.90508360966126
284	66.41979611348859	19038.534550557473	5131.650032804026	0.0	2266.5377399950726	66.41979611348859
285	67.09854702449242	19105.633097581976	5150.13868479778	0.0	2277.0152013156053	67.09854702449242
286	68.99840429810502	19174.631501880078	5170.168123157565	0.0	2285.6078262711476	68.99840429810502
287	71.55147820592609	19246.182980086007	5192.728227753804	0.0	2292.4498228635657	71.55147820592609
288	70.03235140763915	19316.215331493648	5213.23549937516	0.0	2304.070839561494	70.03235140763915
289	61.192154870938424	19377.407486364573	5227.390555000854	0.0	2310.191796342919	61.192154870938424
290	66.95951702839106	19444.36700339297	5245.751058573164	0.0	2323.2650444302226	66.95951702839106
291	68.57766886691546	19512.94467225988	5267.313685872627	0.0	2331.738964171663	68.57766886691546
292	61.84106467901783	19574.785736938895	5279.579339020183	0.0	2342.589758285033	61.84106467901783
293	69.3182691274854	19644.104006066387	5300.11515037431	0.0	2348.2638577540574	69.3182691274854
294	72.40134660862523	19716.505352675	5325.146100375448	0.0	2364.5648782992675	72.40134660862523
295	67.00215415248549	19783.50750682751	5343.883908750166	0.0	2372.3571629560674	67.00215415248549
296	67.53657732021813	19851.04408414772	5364.05754798218	0.0	2379.088140922044	67.53657732021813
297	71.42185774681276	19922.465941894527	5388.411756457725	0.0	2380.273864034073	71.42185774681276
298	70.87172520733088	19993.337667101856	5408.881671757766	0.0	2383.8954605652734	70.87172520733088
299	69.77699955743307	20063.114666659298	5429.171438749746	0.0	2391.2540883277798	69.77699955743307
300	65.63232131266366	20128.746987971954	5447.262080285859	0.0	2405.0017834607215	65.63232131266366
301	61.78407699969167	20190.531064971656	5460.579573709271	0.0	2415.9448342961796	61.78407699969167
302	64.59331057563422	20255.12437554728	5474.773341383256	0.0	2422.4813700157147	64.59331057563422
303	72.89984112158515	20328.024216668877	5499.795688015135	0.0	2429.149751676965	72.89984112158515
304	68.75988296528682	20396.78409963415	5520.136675591531	0.0	2436.476866835738	68.75988296528682
305	68.71809456694388	20465.502194201104	5539.220151216515	0.0	2441.909181554495	68.71809456694388
306	70.78877459557421	20536.290968796668	5562.265538618431	0.0	2448.001203787264	70.78877459557421
307	64.50049143885705	20600.791460235527	5578.4765149532295	0.0	2456.2889664067757	64.50049143885705
308	72.65151535399163	20673.442975589514	5602.158708555969	0.0	2461.7119162733165	72.65151535399163
309	73.68435842775659	20747.127334017277	5628.859900930347	0.0	2464.4698286949692	73.68435842775659
310	68.95334385807446	20816.08067787535	5648.497760280031	0.0	2470.4916525249105	68.95334385807446
311	65.20271822803942	20881.28339610339	5664.86818540873	0.0	2483.719881015596	65.20271822803942
312	69.78161690323466	20951.065013006624	5684.378055443343	0.0	2486.756701871915	69.78161690323466
313	63.95967555048238	21015.024688557118	5697.452554368578	0.0	2490.9564930166107	63.95967555048238
314	65.08544720876779	21080.11013576588	5712.733325270246	0.0	2497.0039719922484	65.08544720876779
315	59.8410876991578	21139.951223465043	5724.212812619844	0.0	2503.380842693634	59.8410876991578
316	63.35990740668291	21203.311130871716	5738.22318708857	0.0	2510.536393142643	63.35990740668291
317	70.60411282423371	21273.915243695952	5758.812375847035	0.0	2513.5172496739756	70.60411282423371
318	61.877893235405466	21335.793136931356	5772.244865207225	0.0	2519.4426473791214	61.877893235405466
319	63.75896733617736	21399.55210426754	5787.07634113926	0.0	2531.9547598746212	63.75896733617736
320	62.984898438847814	21462.537002706384	5802.285810512779	0.0	2537.3491025982007	62.984898438847814
321	66.54244895430644	21529.07945166068	5820.6365809863855	0.0	2539.3850153245417	66.54244895430644
322	65.18254895831497	21594.26200061899	5838.050411500495	0.0	2546.4938441349286	65.18254895831497
323	64.20205149064176	21658.464052109644	5851.221888521562	0.0	2554.727971109426	64.20205149064176
324	66.63335068737437	21725.09740279701	5870.133103363747	0.0	2569.364351594873	66.63335068737437
325	65.75196751113958	21790.84937030815	5887.54643792042	0.0	2580.4853247271712	65.75196751113958
326	65.43604582427798	21856.285416132436	5905.3568421616665	0.0	2592.6873580462493	65.43604582427798
327	70.79818221620494	21927.08359834864	5929.3447625570825	0.0	2606.2875992818435	70.79818221620494
328	72.5197695550034	21999.60336790364	5952.703369998871	0.0	2612.0349784021714	72.5197695550034
329	66.14966840854886	22065.753036312188	5970.324841103882	0.0	2615.2410424143086	66.14966840854886
330	65.05830275197394	22130.811339064156	5987.392693864779	0.0	2622.9990531418503	65.05830275197394
331	63.98002469897024	22194.791363763135	5999.8565852941865	0.0	2626.9262212614667	63.98002469897024
332	62.83931347100067	22257.630677234145	6016.174869234033	0.0	2638.0286140644002	62.83931347100067
333	61.99116133327429	22319.621838567407	6025.481056932178	0.0	2644.6603622024404	61.99116133327429
334	69.46203130666217	22389.083869874077	6045.423614971669	0.0	2653.543524369202	69.46203130666217
335	70.06762130310061	22459.151491177163	6066.121870600564	0.0	2659.999589432579	70.06762130310061
336	66.95254632742105	22526.104037504596	6085.1667825613085	0.0	2665.368613697403	66.95254632742105
337	66.22067861130591	22592.324716115905	6100.417089215559	0.0	2670.327133903186	66.22067861130591
338	68.1280851637735	22660.45280127966	6118.961373339088	0.0	2679.143876550469	68.1280851637735
339	64.09294396418392	22724.545745243853	6135.414881264052	0.0	2688.53184729377	64.09294396418392
340	60.18312209767501	22784.72886734152	6145.436197960258	0.0	2692.6361878868533	60.18312209767501
341	69.31083986773943	22854.03970720928	6168.4499601874595	0.0	2698.475914818934	69.31083986773943
342	68.93944981043184	22922.979157019712	6189.442872862798	0.0	2704.3433595599945	68.93944981043184
343	69.77276007553495	22992.751917095236	6211.686038437708	0.0	2714.9782473472383	69.77276007553495
344	58.626975355908655	23051.378892451154	6222.801043996703	0.0	2719.718027431602	58.626975355908655
345	60.43327736647236	23111.812169817626	6233.068236136837	0.0	2727.8238975605236	60.43327736647236
346	60.16515561108606	23171.977325428707	6242.626613833575	0.0	2736.359455166342	60.16515561108606
347	67.19154212273082	23239.16886755142	6262.197824274991	0.0	2747.2695299026454	67.19154212273082
348	70.1019633550184	23309.27083090645	6284.100611806586	0.0	2758.4919690076317	70.1019633550184
349	65.35506045932239	23374.625891365762	6301.191127868519	0.0	2762.921022565801	65.35506045932239
350	66.69444881215551	23441.320340177925	6318.247477929333	0.0	2772.4166975004114	66.69444881215551
351	60.98896431820499	23502.309304496142	6329.889081626032	0.0	2778.2287773502094	60.98896431820499
352	66.56284262231013	23568.872147118436	6347.474801240738	0.0	2785.478954206713	66.56284262231013
353	70.85707836507481	23639.729225483512	6368.904835176621	0.0	2801.4731366178094	70.85707836507481
354	63.43554383639587	23703.164769319916	6383.91989977923	0.0	2808.8405581456445	63.43554383639587
355	67.52786302843683	23770.692632348346	6403.624303624644	0.0	2820.46411907984	67.52786302843683
356	65.46272040435979	23836.15535275271	6420.708288739176	0.0	2835.3545627398203	65.46272040435979
357	62.94919985044393	23899.104552603145	6435.589956539555	0.0	2838.2627058206485	62.94919985044393
358	64.51299153896201	23963.61754414212	6449.42217655701	0.0	2846.1812788303037	64.51299153896201
359	65.48475935273514	24029.102303494852	6463.3922216412075	0.0	2852.3007163532616	65.48475935273514
360	66.3888583453786	24095.49116184024	6482.187577556996	0.0	2860.4348923161224	66.3888583453786
361	62.43347608976644	24157.924637930006	6497.303498440002	0.0	2867.43755453203	62.43347608976644
362	68.23931953784742	24226.16395746784	6518.385742074179	0.0	2872.3231129571536	68.23931953784742
363	66.57416617722737	24292.73812364507	6534.643986222171	0.0	2884.333904415254	66.57416617722737
364	66.27259064071835	24359.010714285792	6554.271206861403	0.0	2897.7839691017825	66.27259064071835
365	62.240782658333885	24421.251496944125	6569.22835262644	0.0	2903.469589846466	62.240782658333885
366	68.24664698216758	24489.498143926292	6588.2583118971515	0.0	2912.1086286523073	68.24664698216758
367	67.21040893714185	24556.70855286343	6605.5759023776845	0.0	2925.3712942203438	67.21040893714185
368	60.55163863611666	24617.260191499543	6616.684068310489	0.0	2929.264917779827	60.55163863611666
369	68.17940155668303	24685.439593056228	6634.812497881782	0.0	2935.934139856438	68.17940155668303
370	69.14923147064442	24754.588824526883	6654.522478728546	0.0	2942.4665254513166	69.14923147064442
371	62.2920359234775	24816.880860450365	6666.614897252252	0.0	2951.573043283274	62.2920359234775
372	70.70698864021405	24887.587849090563	6688.436781866735	0.0	2952.3684805920443	70.70698864021405
373	65.8355729641289	24953.4234220547	6703.319043012314	0.0	2958.825715995643	65.8355729641289
374	70.4205533836106	25023.843975438303	6725.6939543287735	0.0	2968.1578258347463	70.4205533836106
375	67.51244535223351	25091.35642079054	6742.618801245786	0.0	2973.672156476101	67.51244535223351
376	67.74873350248343	25159.10515429304	6762.362120703733	0.0	2977.6434046085296	67.74873350248343
377	71.86015520332599	25230.965309496354	6786.628307044515	0.0	2982.9647021701503	71.86015520332599
378	70.06756710834269	25301.03287660469	6807.9109591581855	0.0	2996.84595472706	70.06756710834269
379	63.74674211976478	25364.779618724464	6822.465841622531	0.0	3003.443483802812	63.74674211976478
380	66.13877710318167	25430.918395827644	6840.909224594317	0.0	3006.9908170095237	66.13877710318167
381	63.43566238733102	25494.354058214965	6855.343303934678	0.0	3017.1588214285175	63.43566238733102
382	61.68347286165336	25556.037531076618	6868.799032840617	0.0	3027.84132911251	61.68347286165336
383	69.59923174438995	25625.636762821003	6890.484606879065	0.0	3032.880608152912	69.59923174438995
384	60.25747849590266	25685.894241316913	6903.382222680095	0.0	3039.1292624531147	60.25747849590266
385	67.76194056836884	25753.65618188529	6921.878712907832	0.0	3051.47278263958	67.76194056836884
386	61.99707297881533	25815.653254864093	6936.1965624959375	0.0	3058.1249348643614	61.99707297881533
387	67.77650998156551	25883.42976484566	6956.408138030328	0.0	3071.9164069712174	67.77650998156551
388	70.01500344985263	25953.444768295525	6976.038579009323	0.0	3077.584006886048	70.01500344985263
389	61.64321583757899	26015.08798413309	6989.700591771908	0.0	3086.9107227928093	61.64321583757899
390	67.44592381519384	26082.533907948295	7008.074862704337	0.0	3098.8327765225376	67.44592381519384
391	64.91252252528338	26147.446430473577	7023.195461761268	0.0	3110.096594680043	64.91252252528338
392	64.35303113587412	26211.79946160945	7039.162691316213	0.0	3116.8629730615007	64.35303113587412
393	68.20559993973373	26280.00506154919	7059.474010267713	0.0	3118.993586852785	68.20559993973373
394	71.58917283459935	26351.594234383767	7084.667796282933	0.0	3120.4793879995614	71.58917283459935
395	67.63918100137838	26419.23341538516	7104.551850847464	0.0	3127.2178963223296	67.63918100137838
396	62.42112856184756	26481.65454394701	7116.257411747367	0.0	3133.310273816444	62.42112856184756
397	70.44136847623172	26552.095912423236	7138.106594151504	0.0	3140.9005859254185	70.44136847623172
398	66.33503643997446	26618.43094886321	7154.455418989024	0.0	3149.4567237634155	66.33503643997446
399	70.12498933269252	26688.5559381959	7175.1822324223185	0.0	3155.6797014573363	70.12498933269252
400	64.74504588440351	26753.300984080302	7191.147319993277	0.0	3161.7116871284493	64.74504588440351
401	67.11974452340662	26820.420728603716	7208.790686648581	0.0	3176.8475634204374	67.11974452340662
402	61.762116513333446	26882.18284511704	7220.289922258888	0.0	3181.9781893488994	61.762116513333446
403	72.45306013673653	26954.63590525378	7244.128616428156	0.0	3186.390385456225	72.45306013673653
404	63.177724423410666	27017.81362967719	7259.67500998452	0.0	3193.8704769605174	63.177724423410666
405	62.14217466040773	27079.955804337602	7272.161337397565	0.0	3206.5912044652896	62.14217466040773
406	69.74978599890967	27149.70559033651	7293.607023210413	0.0	3213.2717992413895	69.74978599890967
407	68.46431054477432	27218.16990088129	7315.197212676335	0.0	3220.5056701850563	68.46431054477432
408	73.58551929566389	27291.75542017694	7340.044803322121	0.0	3223.2609839744873	73.58551929566389
409	59.85961286155011	27351.615033038506	7350.459089536487	0.0	3233.53933545153	59.85961286155011
410	66.09999142803422	27417.71502446653	7368.1428364906715	0.0	3242.704845918446	66.09999142803422
411	69.09205171787055	27486.80707618441	7387.702620998666	0.0	3247.983632257056	69.09205171787055
412	70.32594816072373	27557.13302434512	7408.990007140951	0.0	3250.7302680885023	70.32594816072373
413	61.01517093375505	27618.148195278885	7422.125604042778	0.0	3255.1517904173456	61.01517093375505
414	67.42613895769925	27685.574334236593	7440.864494120959	0.0	3268.5852040616614	67.42613895769925
415	63.23676813411082	27748.811102370688	7455.826971467464	0.0	3278.147393261666	63.23676813411082
416	68.81457362483235	27817.625675995518	7475.714570841341	0.0	3287.0885761355153	68.81457362483235
417	61.80266745549142	27879.428343451014	7487.706508914131	0.0	3293.8982187892543	61.80266745549142
418	63.54161352313351	27942.96995697415	7504.769100914522	0.0	3304.289876641484	63.54161352313351
419	66.10481194242675	28009.074768916566	7524.032398561572	0.0	3310.2944190968606	66.10481194242675
420	66.93433359205414	28076.009102508637	7541.029222602049	0.0	3319.6564901459183	66.93433359205414
421	65.83080291812422	28141.839905426754	7559.3017056471945	0.0	3327.709765753365	65.83080291812422
422	68.92816801588299	28210.768073442636	7581.616009597767	0.0	3335.670289710521	68.92816801588299
423	69.66095798379592	28280.429031426436	7601.924357511993	0.0	3345.259192536617	69.66095798379592
424	66.93351266402557	28347.36254409047	7620.2327505621515	0.0	3349.672172786737	66.93351266402557
425	64.84782398678061	28412.21036807724	7636.506629998405	0.0	3364.755450080552	64.84782398678061
426	66.1024030602679	28478.312771137505	7653.995885581776	0.0	3371.9444720884517	66.1024030602679
427	64.25541306893588	28542.56818420645	7671.077723960566	0.0	3377.342484261968	64.25541306893588
428	65.14135631422998	28607.70954052068	7686.694261588558	0.0	3385.6004485650533	65.14135631422998
429	66.40239511449232	28674.11193563517	7704.9136929734295	0.0	3392.1419380796283	66.40239511449232
430	64.76327062243274	28738.875206257595	7719.633072313118	0.0	3401.330064833869	64.76327062243274
431	63.189403516541816	28802.064609774152	7734.258970466168	0.0	3410.0192954757395	63.189403516541816
432	68.17886278407411	28870.243472558202	7755.174220385181	0.0	3412.7703413554314	68.17886278407411
433	65.96368594594134	28936.207158504156	7772.330400650313	0.0	3417.338048256774	65.96368594594134
434	65.30055625276765	29001.507714756928	7786.601123655987	0.0	3420.7013961038556	65.30055625276765
435	69.67696969611444	29071.184684453037	7808.645894741752	0.0	3425.3441356974126	69.67696969611444
436	64.34038175602393	29135.525066209062	7824.553712367438	0.0	3430.4474290567646	64.34038175602393
437	62.322219513724264	29197.847285722786	7838.596511988218	0.0	3440.779156058766	62.322219513724264
438	68.16325362795642	29266.010539350726	7858.931014775068	0.0	3449.342760053017	68.16325362795642
439	63.50109717563429	29329.51163652639	7874.123183394072	0.0	3453.849192086384	63.50109717563429
440	67.12310723591855	29396.634743762308	7893.060147823241	0.0	3460.867115034174	67.12310723591855
441	56.68825133052555	29453.322995092833	7900.443162262215	0.0	3469.931104680324	56.68825133052555
442	69.651520401947	29522.974515494763	7919.774262767542	0.0	3477.6347382772856	69.651520401947
443	71.78284394873492	29594.7573594435	7942.1504844565825	0.0	3489.7443741105662	71.78284394873492
444	67.06285507432902	29661.82021451785	7960.740436596939	0.0	3498.684501763207	67.06285507432902
445	64.32847601778951	29726.14869053562	7974.61097622738	0.0	3503.508070025883	64.32847601778951
446	67.80072938424576	29793.949419919863	7995.084235955052	0.0	3505.7405054442725	67.80072938424576
447	65.74712263282075	29859.696542552694	8012.119232119617	0.0	3515.086443400824	65.74712263282075
448	65.27409553144747	29924.970638084127	8030.895064730234	0.0	3527.039310809001	65.27409553144747
449	66.42406712729526	29991.39470521144	8050.536851847261	0.0	3529.4594279041976	66.42406712729526
450	64.60927069389732	30056.00397590533	8066.533479223153	0.0	3536.4284090154424	64.60927069389732
451	66.48364378055338	30122.48761968589	8085.894097676606	0.0	3546.5438830980634	66.48364378055338
452	68.28344716119673	30190.77106684708	8102.643330262386	0.0	3556.143161812108	68.28344716119673
453	67.20565188665142	30257.97671873375	8122.402474432615	0.0	3569.0773719683966	67.20565188665142
454	67.01482595638346	30324.991544690114	8140.485914500044	0.0	3581.3543166660643	67.01482595638346
455	63.24482639118769	30388.23637108131	8157.224443397937	0.0	3585.967632449108	63.24482639118769
456	62.31138092016788	30450.54775200146	8171.098920380879	0.0	3591.8464723788356	62.31138092016788
457	67.79351778820288	30518.341269789667	8189.399383556056	0.0	3600.1707478265484	67.79351778820288
458	65.35884612817675	30583.700115917847	8205.009195780123	0.0	3615.1698319038437	65.35884612817675
459	69.98664197875846	30653.686757896623	8225.078233571676	0.0	3626.862183900031	69.98664197875846
460	71.76507484182721	30725.451832738436	8247.380307340502	0.0	3633.4009169720234	71.76507484182721
461	63.463357614879094	30788.915190353313	8262.582481784193	0.0	3643.6268473168134	63.463357614879094
462	62.66265110214698	30851.57784145545	8276.25709832496	0.0	3651.1651502001864	62.66265110214698
463	68.063308032409	30919.64114948786	8296.51253834012	0.0	3657.059887627535	68.063308032409
464	67.80112917707999	30987.442278664963	8314.991733100715	0.0	3662.2319811501784	67.80112917707999
465	65.85213317074832	31053.294411835683	8331.761788120848	0.0	3675.698727984311	65.85213317074832
466	75.47026735207854	31128.764679187774	8358.27427811452	0.0	3682.1128404980664	75.47026735207854
467	66.93516271538432	31195.69984190316	8375.993117691427	0.0	3694.711057107732	66.93516271538432
468	63.92290704988816	31259.622748953036	8392.842805381788	0.0	3699.978580168809	63.92290704988816
469	66.84687317509707	31326.46962212815	8411.265293781826	0.0	3709.439099950314	66.84687317509707
470	65.46884044434256	31391.938462572478	8429.747017672516	0.0	3717.8604423152924	65.46884044434256
471	61.86148990557108	31453.79995247806	8442.21183908765	0.0	3729.3913805525526	61.86148990557108
472	70.32106744778017	31524.121019925853	8464.342657826552	0.0	3739.821309907425	70.32106744778017
473	61.62989373335561	31585.750913659198	8476.367191023372	0.0	3743.974069967087	61.62989373335561
474	68.58421159730888	31654.33512525651	8495.200084195438	0.0	3749.017134438934	68.58421159730888
475	67.19849978950185	31721.53362504601	8512.148944400493	0.0	3757.365564201308	67.19849978950185
476	66.36533861373789	31787.89896365974	8530.250693402666	0.0	3768.8659922248976	66.36533861373789
477	63.31784178348837	31851.21680544324	8545.467028375431	0.0	3773.389697754747	63.31784178348837
478	68.81045694389681	31920.027262387135	8566.445868594079	0.0	3779.401309625833	68.81045694389681
479	67.63886904862565	31987.666131435763	8584.8011896935	0.0	3783.5390378834186	67.63886904862565
480	60.01928188711523	32047.68541332288	8594.58793440638	0.0	3789.9993217864635	60.01928188711523
481	64.76463240306622	32112.450045725942	8609.170850704477	0.0	3798.301041434227	64.76463240306622
482	67.95176547131234	32180.40181119725	8628.89943224821	0.0	3809.356439025413	67.95176547131234
483	68.13183509774956	32248.533646294996	8644.896504851306	0.0	3814.866026508516	68.13183509774956
484	70.50191764285736	32319.03556393785	8667.371397908566	0.0	3821.5521612132547	70.50191764285736
485	68.74406674043857	32387.779630678302	8689.34302192913	0.0	3831.4679423198813	68.74406674043857
486	70.93432204734341	32458.713952725648	8710.50911222706	0.0	3846.1779446421833	70.93432204734341
487	71.54447032234431	32530.25842304799	8732.666338172772	0.0	3850.0905888184266	71.54447032234431
488	62.260464959089525	32592.51888800708	8747.429042145544	0.0	3853.505720509713	62.260464959089525
489	61.71637578349086	32654.235263790564	8760.46487593033	0.0	3862.044613692801	61.71637578349086
490	66.91167537028639	32721.146939160848	8777.033589321449	0.0	3871.0040052512454	66.91167537028639
491	69.59259956965867	32790.739538730515	8797.218388817662	0.0	3873.9988772087386	69.59259956965867
492	62.986657088923266	32853.72619581944	8812.692023692518	0.0	3886.182443921679	62.986657088923266
493	64.43020298303931	32918.15639880247	8829.471609256436	0.0	3891.1310783754916	64.43020298303931
494	66.05403053601181	32984.21042933849	8844.714584503963	0.0	3894.22419177715	66.05403053601181
495	62.90366948820647	33047.11409882668	8858.505601914287	0.0	3902.7476376792897	62.90366948820647
496	68.0981268061238	33115.212225632815	8877.770604907691	0.0	3914.394177527744	68.0981268061238
497	75.00732636906886	33190.21955200187	8903.433214417097	0.0	3920.694202364531	75.00732636906886
498	62.18155333467267	33252.40110533657	8915.865464224535	0.0	3927.1397593279194	62.18155333467267
499	66.30534253429342	33318.706447870856	8931.997669832379	0.0	3935.20262735463	66.30534253429342
500	68.484315962666	33387.190763833525	8952.507896107232	0.0	3939.336983514751	68.484315962666
501	64.47431306707601	33451.665076900594	8967.942337919558	0.0	3949.114105565026	64.47431306707601
502	65.93860011194356	33517.603677012536	8986.162458333221	0.0	3957.818686732603	65.93860011194356
503	59.752495135498975	33577.356172148044	8996.420379765133	0.0	3967.1797015585203	59.752495135498975
504	64.21588258802738	33641.57205473607	8996.420379765133	0.0	3975.9228089124517	64.21588258802738
