task	reward	total_reward	total_regret	relative	total_reward_dev
0	59.41275108590557	59.41275108590557	13.357031169176	0.0	35.70842218562059
1	59.063319282311994	118.47607036821756	27.52735107305861	0.0	52.17997753721243
2	57.22518630820426	175.70125667642185	42.51326176301322	0.0	62.358904423631884
3	61.20052368290479	236.90178035932658	57.39467340368376	0.0	75.94514171167125
4	51.90272260891291	288.80450296823955	64.83654859081255	0.0	83.760641562989
5	59.2456511732824	348.05015414152183	80.80275505319592	0.0	94.8167755954993
6	63.630468564230256	411.6806227057521	97.0756271074512	0.0	100.84386086461762
7	62.21451012592479	473.8951328316769	115.00829493617134	0.0	105.60018528310674
8	64.76796307392242	538.6630959055992	137.3528725012474	0.0	113.22841846313602
9	55.52689875767828	594.1899946632775	146.85423256028028	0.0	116.84352835713293
10	56.02584099050746	650.215835653785	158.82923011214734	0.0	121.95577390185997
11	55.631957391851465	705.8477930456363	168.0141245773478	0.0	129.72429808410538
12	56.575835857616376	762.4236289032525	178.01267994257162	0.0	138.1733185678809
13	62.116292554475606	824.5399214577284	193.96804545598545	0.0	147.60329472145196
14	64.82893270860575	889.368854166334	215.63939584551582	0.0	162.20749395217172
15	57.61745927276901	946.9863134391028	225.51062755665615	0.0	165.82072694718394
16	59.74824402167288	1006.7345574607762	239.16436604632227	0.0	167.1678900827843
17	57.358955496240604	1064.0935129570166	250.37446026521286	0.0	166.21241710848875
18	59.947325235737665	1124.040838192754	264.4501252168712	0.0	171.8511112286387
19	61.77032266999017	1185.8111608627448	280.1568714014087	0.0	171.24227199788388
20	60.367970675673966	1246.1791315384182	294.98538270283973	0.0	171.5159043404048
21	66.91185837607242	1313.090989914491	314.6997254602644	0.0	176.2542092290063
22	59.94412431681628	1373.0351142313066	332.11833575558177	0.0	183.89948635792348
23	54.477589406900876	1427.5127036382075	338.8020865549121	0.0	186.76310182128069
24	61.02708988135143	1488.539793519559	356.12248871491056	0.0	187.68694002492214
25	64.276163379719	1552.815956899279	375.11278243404007	0.0	188.9436596798741
26	59.82697442689325	1612.6429313261717	390.24288285663084	0.0	187.68139700755438
27	54.152827497444584	1666.7957588236156	400.46509402386073	0.0	192.02107300745317
28	60.19145355851158	1726.9872123821278	414.35976467483823	0.0	193.81632235280756
29	56.93826037074966	1783.925472752877	424.4817227955307	0.0	194.9733430423441
30	60.390176978455145	1844.315649731332	440.487453223726	0.0	197.63975036606277
31	55.81298614705484	1900.1286358783866	453.1568276949572	0.0	204.42863000911476
32	64.05527014147566	1964.183906019862	473.65188417202194	0.0	208.63581008274696
33	58.18899299693251	2022.372899016795	488.0426911372309	0.0	209.4038167416427
34	58.38158496269857	2080.754483979494	502.5309775468306	0.0	218.35605826092768
35	55.68286207716438	2136.4373460566585	513.6998345854321	0.0	222.25235399661358
36	60.03820338379696	2196.4755494404544	528.0638814765446	0.0	221.52299250662472
37	63.75882791547561	2260.2343773559314	545.8741522093035	0.0	225.90423533622666
38	60.897330702602964	2321.1317080585336	561.1314807877582	0.0	226.87407647418294
39	54.739614772772484	2375.8713228313054	572.0893041421972	0.0	231.75033580044595
40	64.62720595096833	2440.4985287822747	593.8623833204124	0.0	234.1177376998868
41	58.39227266838351	2498.8908014506583	607.073766292959	0.0	232.91217254117942
42	61.8211627706234	2560.7119642212815	624.7751682412395	0.0	238.48558092626945
43	64.26009899842298	2624.9720632197054	644.3388973930832	0.0	241.31227691745968
44	56.91085519514736	2681.8829184148512	655.9063222697566	0.0	242.38113846142716
45	63.00828558766114	2744.8912040025125	673.3365518595987	0.0	245.2254062102994
46	58.130988245230675	2803.022192247742	683.8292424917546	0.0	248.80659610106332
47	64.7876394533885	2867.8098317011313	705.2597132881776	0.0	259.90489144374635
48	57.23858125703121	2925.048412958164	715.8035458025671	0.0	257.43994704333335
49	56.67256107664834	2981.720974034811	725.484615517723	0.0	260.69212570054566
50	51.445823858828874	3033.16679789364	731.3358845485027	0.0	267.04580297043685
51	55.96623149648404	3089.133029390123	740.9897699871856	0.0	263.7284816894244
52	63.426418375612435	3152.5594477657364	762.3055427322075	0.0	260.767884075223
53	55.749996395370125	3208.3094441611065	773.1842837186491	0.0	259.0331814732508
54	64.25090464019655	3272.5603488013057	791.7903656489242	0.0	261.5260616275799
55	59.04556342962068	3331.605912230923	807.6829152102187	0.0	258.43325143891894
56	59.285762791128555	3390.891675022052	820.4022748257229	0.0	256.297986201902
57	65.53273177612496	3456.4244067981786	838.7483412621921	0.0	260.19522749017847
58	65.41334405689942	3521.8377508550766	860.6694734162483	0.0	271.9057337373205
59	53.18635583742734	3575.0241066925055	867.2567446157187	0.0	273.85755874045213
60	62.32998961762939	3637.3540963101336	884.2920728665663	0.0	281.1026140191898
61	64.48204764187258	3701.836143952006	904.2048557467956	0.0	283.550653679324
62	61.40093802989959	3763.237081981905	921.0639409327777	0.0	285.67342065652196
63	59.05032731926592	3822.2874093011733	934.5421054178295	0.0	289.94598193364
64	62.38983662348274	3884.6772459246545	950.5468581968559	0.0	294.1907418880112
65	62.89085512337754	3947.5681010480303	966.1390009772841	0.0	308.38603786201156
66	63.678044351397574	4011.24614539943	984.7144609938899	0.0	320.3345522913695
67	60.23822510491329	4071.484370504342	999.8482062742904	0.0	324.6825645817899
68	56.33766879741697	4127.822039301758	1008.6345298577028	0.0	326.75238574920706
69	50.26552544285752	4178.08756474462	1011.7565019328739	0.0	325.0879191354142
70	59.67670720821422	4237.764271952832	1028.952581375994	0.0	334.0173847604131
71	57.11192284393311	4294.876194796765	1040.4338157903157	0.0	337.0613399715724
72	72.52806367496565	4367.404258471731	1069.263184167227	0.0	340.13661357644116
73	63.609644403135654	4431.013902874866	1087.1302242234983	0.0	344.5216601156377
74	55.249385290481904	4486.263288165346	1096.94593950119	0.0	347.2819098264413
75	55.49866773545337	4541.7619559008035	1107.6385558614631	0.0	349.4365722786469
76	62.456853465192474	4604.218809365993	1125.6039452820494	0.0	354.4300661777788
77	58.17663056271836	4662.395439928712	1139.3820487665428	0.0	350.8635410249466
78	60.86952494836257	4723.264964877077	1153.0451709026765	0.0	350.527965151865
79	61.39059015979732	4784.655555036869	1167.772861636334	0.0	356.79999848505344
80	63.92201556247127	4848.577570599345	1187.1303062158702	0.0	356.7253831952523
81	60.17221910558067	4908.7497897049225	1202.2243843986666	0.0	353.275529247678
82	59.665588762720944	4968.415378467645	1217.0703015247614	0.0	359.41099402000884
83	55.949653438580484	5024.365031906225	1225.4644954886985	0.0	358.44591548001654
84	61.61416834076371	5085.979200246992	1243.4249216368457	0.0	360.5031549202114
85	57.53883747532759	5143.518037722317	1257.677459656803	0.0	362.7653795753578
86	61.761593628374555	5205.279631350692	1272.877218243916	0.0	362.3418690703563
87	56.5920639137036	5261.871695264396	1285.1405072551163	0.0	367.32760524918683
88	57.595885410422994	5319.467580674819	1295.0523458080434	0.0	377.35457308192935
89	62.60681589398727	5382.074396568804	1312.1474967245213	0.0	381.54450143546376
90	61.21324600664649	5443.287642575452	1326.193535834285	0.0	386.8223500227546
91	63.01261603691221	5506.300258612363	1344.1685559083082	0.0	392.78852532283014
92	58.53467004736711	5564.83492865973	1354.4687044647146	0.0	394.05491899808277
93	57.288692138170106	5622.123620797905	1368.3129445982945	0.0	393.1905607998486
94	59.67545248067498	5681.799073278578	1382.952143824415	0.0	391.69113815256486
95	55.69422832324585	5737.493301601822	1395.2168118614466	0.0	393.14961167286464
96	55.57728239715551	5793.070583998978	1404.6078263232496	0.0	395.7254854583804
97	52.104350009095924	5845.174934008071	1407.973740712149	0.0	392.4900120780444
98	60.01280361274319	5905.187737620814	1422.8423582141552	0.0	388.5332144423777
99	59.97213857355516	5965.1598761943715	1437.8321265682964	0.0	390.8426898343732
100	56.71498257383536	6021.874858768209	1447.2008955059	59.624621076823004	392.25608001718285
101	57.456923770162206	6079.331782538369	1458.9899783843916	59.60855712170153	399.85969870795986
102	58.842495235099044	6138.174277773472	1474.7142765378296	59.624730210970476	399.9319305330845
103	64.33341560606202	6202.507693379531	1492.7749392623496	59.65605913020202	398.0111204200341
104	59.57164309266981	6262.0793364722	1506.615159628418	59.73274833503963	398.86408536593245
105	56.12546874260804	6318.204805214809	1518.0128024740275	59.70154651073287	402.58184408894306
106	62.65979696816811	6380.864602182978	1533.3708414161097	59.69183979477227	412.1980263046567
107	64.6215116307606	6445.486113813734	1551.089413306143	59.7159098098206	409.18817244977953
108	63.77713334637675	6509.2632471601155	1568.3847363988136	59.70600151254517	415.15988250702253
109	68.35599234474653	6577.619239504862	1591.0358174018024	59.83429244841584	414.9312611807302
110	66.35195750865127	6643.971197013514	1608.6905866090879	59.93755361359728	419.80884421458506
111	62.37778667089437	6706.3489836844055	1624.9919387028867	60.00501190638769	423.39601943759226
112	54.44345077674072	6760.792434461149	1633.913269278425	59.98368805557895	430.33818581407775
113	58.688548842727194	6819.4809833038735	1647.90519017295	59.949410618461435	430.2857747727482
114	60.1600741992722	6879.641057503149	1661.784355172093	59.90272203336811	429.2762066952841
115	58.27678871278175	6937.917846215929	1673.339556242694	59.909315327768226	427.22198417249706
116	61.65808613345399	6999.575932349387	1688.0779914684233	59.92841374888607	431.5359843345883
117	54.57020249984411	7054.146134849231	1698.7021727540157	59.90052621892209	433.08321243096935
118	59.85724964368898	7114.003384492918	1710.7239262033677	59.899625463001605	431.01470315052296
119	61.776570732419074	7175.779955225335	1725.8366587245432	59.89968794362591	428.0605159336832
120	57.05390545562811	7232.8338606809675	1738.1783602470368	59.866547291425434	429.75426776321405
121	57.1798051190912	7290.013665800057	1749.7401111541799	59.769226758855645	433.53072769816663
122	62.20112665522633	7352.21479245528	1767.491206232019	59.79179678223971	432.8737149528699
123	58.81340208326879	7411.028194538547	1781.0119408828232	59.83515490900342	429.1318153686188
124	56.16868137860878	7467.196875917157	1792.2698397775564	59.78657082397599	431.4755335120265
125	68.21595532911171	7535.412831246272	1814.4481311059383	59.82596874346992	434.9489514167605
126	58.88279308655564	7594.295624332827	1828.3882575921289	59.81652693006651	438.54597162616403
127	64.03775510881853	7658.333379441647	1846.2791868004308	59.91537620618029	435.2200816529663
128	58.13002704870782	7716.463406490354	1861.9879754553756	59.89476194108226	434.40860094367406
129	51.330537075327484	7767.793943565675	1865.6641657031216	59.838684708128014	438.02785770672324
130	57.49169688911397	7825.285640454796	1877.2611738879775	59.80969990723461	435.35201671612054
131	62.955285798225496	7888.24092625302	1892.7408781759743	59.88112290374631	444.1679443317033
132	61.656258103457475	7949.897184356481	1908.6379677488667	59.857132783366154	448.14082595474434
133	54.595618068610165	8004.4928024250885	1919.3191106765175	59.82119903408292	447.6147635693094
134	55.19772817561642	8059.690530600697	1928.4526354393495	59.789360466212074	456.1936487388653
135	57.25469548639165	8116.9452260870985	1939.8069193262788	59.80507880030434	459.1632116781833
136	57.891136080479775	8174.836362167576	1953.8777471939402	59.783608127271194	460.45920833686614
137	53.76304734743994	8228.599409515016	1960.4853133905945	59.68365032159082	458.84880209839866
138	61.6160848558057	8290.215494370823	1976.6156097412115	59.69083786312287	463.6494215167373
139	59.093450486255605	8349.308944857075	1990.7534396298743	59.7343762202577	470.22774238777384
140	64.63592228304056	8413.94486714012	2010.776435900035	59.734463383578415	473.3395656621036
141	60.02764046859986	8473.97250760872	2025.1547602443588	59.750817061580534	479.50692657180684
142	56.91187691365506	8530.884384522373	2037.6395589971182	59.70172420301092	480.3650496085013
143	55.1186844618023	8586.003068984173	2048.044034368226	59.61031005764468	481.43285411229283
144	62.81735672321114	8648.82042570739	2065.332815778793	59.669375072925305	489.77788179653965
145	56.48031579576845	8705.30074150315	2076.238152740753	59.60409537500637	493.1087927801333
146	64.21474926898651	8769.515490772135	2094.9914613413307	59.664932985243965	494.2190183430621
147	57.79419005707616	8827.309680829212	2105.1723575022456	59.59499849128084	499.70834413867254
148	55.90957873552221	8883.21925956474	2116.2953310347566	59.58170846606571	503.0534371526444
149	68.2808688743977	8951.500128439135	2139.8058452696155	59.69779154404323	504.43566199286624
150	58.368740882056414	9009.868869321193	2152.562201050769	59.76702071427549	503.0106223013703
151	63.10408860136953	9072.972957922564	2169.2659689941456	59.83839928532436	509.29428467449304
152	58.62725583057402	9131.600213753134	2183.0964728144213	59.790407659874	513.7752680215241
153	59.97263347380607	9191.57284722694	2197.798001923999	59.83263403065834	517.3228418562965
154	63.26529480394753	9254.838142030889	2216.1491642538163	59.82277793229583	516.9227466021939
155	56.57876012406057	9311.416902154953	2226.6012208051457	59.798109899240245	514.088133440801
156	54.882341044307	9366.299243199255	2231.9913553557662	59.754075681771994	520.1254614927954
157	61.74133705303277	9428.040580252284	2249.6160877183297	59.7161617345411	521.7902240676727
158	59.33697734179866	9487.377557594089	2261.9355006113315	59.65539806739009	522.454046901695
159	53.646372308820354	9541.023929902907	2267.3055472837086	59.659998232104044	526.8718637870581
160	57.725708155915825	9598.749638058822	2279.242750997752	59.61395541748689	526.5426613524655
161	66.4128442113028	9665.162482270125	2300.6818681606906	59.633263383181166	531.9642197308592
162	57.95874553544751	9723.121227805572	2315.0549619480807	59.59884145823669	535.8556953727456
163	53.92339575869246	9777.044623564263	2326.1833881993134	59.547572142630976	536.4476366725792
164	60.70866933724927	9837.753292901514	2341.3875098418257	59.530760469768595	534.787773230041
165	61.516022421598244	9899.269315323116	2358.017202163202	59.517012142750765	542.724379294794
166	58.37060096863118	9957.639916291746	2371.3540026083433	59.46393770892313	539.2005214313399
167	57.005615104433375	10014.645531396178	2381.545426754863	59.43161160891836	541.2250645604648
168	56.61708260122495	10071.262613997402	2393.9090093307927	59.43440574695641	542.3335053515543
169	68.52758474426587	10139.79019874167	2418.6077735567333	59.61702633997049	547.0113987367358
170	62.87062302781928	10202.66082176949	2437.1061109070797	59.64896549816655	552.9685356195026
171	58.953992154819055	10261.614813924301	2451.751784354477	59.66738619127543	553.6557655113667
172	55.90157579089915	10317.516389715202	2462.693758517699	59.50112131243476	556.0017918209162
173	60.667431194797516	10378.183820909997	2476.578318018086	59.47169918035138	560.0988631672056
174	59.777189217746546	10437.961010127747	2492.2117033166846	59.51697721962404	562.1099897026622
175	53.8713083110165	10491.832318438765	2501.316157203767	59.500703625379636	560.4115843964141
176	61.95252742431555	10553.784845863083	2516.1435908550247	59.49566036497091	564.8042022988799
177	54.514216796538705	10608.299062659622	2529.08679255866	59.45903622730909	564.5731045742199
178	58.232287331877636	10666.531349991497	2545.379685865885	59.432663851144255	569.05905310604
179	59.67965793124284	10726.21100792274	2558.1646641068296	59.41555452885868	569.1556976890533
180	58.49412308513973	10784.70513100788	2569.977299121056	59.361275604085385	570.6223172290626
181	61.45737015443881	10846.162501162318	2587.806552532191	59.37412711457396	570.6199240334402
182	60.12072296287039	10906.28322412519	2603.8170821959693	59.37867845657545	567.402062314475
183	60.04342289501896	10966.326647020205	2618.9193099289614	59.41961615113987	570.3000612194305
184	57.40214594947774	11023.728792969687	2630.4796382672835	59.37749592722699	571.6501280544156
185	64.63234423436501	11088.361137204052	2650.9149451024355	59.44843099481734	569.5829107910434
186	57.077240237789326	11145.43837744184	2660.6268552579377	59.40158746091149	567.7471637080524
187	58.217968403159404	11203.656345844995	2672.6625853951355	59.41784650580605	568.7641751362045
188	57.21645206354231	11260.872797908538	2684.7939138783213	59.41405217233724	569.2720984014253
189	56.620027772623146	11317.492825681162	2696.7324448651325	59.354184291123595	572.2758258224115
190	61.04846526152251	11378.54129094269	2712.501901615159	59.35253648367234	575.3439218552803
191	58.31871489042365	11436.860005833118	2726.793585738468	59.305597472207495	574.2866104696185
192	54.85283547223294	11491.712841305343	2734.6662579747795	59.26877912645612	572.2219995443122
193	64.93253114466462	11556.645372450004	2754.3618060428	59.34521751652112	583.1315098037853
194	64.43352713554353	11621.078899585547	2771.8222336833305	59.39279826306978	584.1385376986201
195	56.6398138153648	11677.718713400911	2781.3403892803863	59.40225411799098	585.7867150550802
196	57.81763668182924	11735.53635008274	2793.9106654641632	59.42465766083773	589.2751433776244
197	59.133746980616195	11794.670097063361	2808.9198538662667	59.49495163055291	594.6367727299848
198	61.149842005928036	11855.819939069283	2823.3929812860033	59.50632201448475	599.0741875092187
199	60.27836640070405	11916.098305469983	2837.1117191898243	59.50938429275625	599.0207553466969
200	53.3033722215845	11969.401677691574	2846.492709454718	59.47526818923376	602.102966497509
201	61.72233795480417	12031.12401564638	2862.2334005108855	59.517922331080136	600.8079871150792
202	55.93308394792465	12087.057099594305	2872.9763702892583	59.4888282182084	598.492408059256
203	63.3133859982236	12150.370485592526	2888.9657709203298	59.47862792213004	598.222582693106
204	58.33246867804295	12208.702954270564	2900.5525786561775	59.46623617798373	601.2595174718871
205	58.67725131401756	12267.380205584592	2913.991535050917	59.491754003697864	601.7503255996062
206	56.9142853876649	12324.294490972254	2925.725725263596	59.43429888789283	601.7050181884972
207	58.42948428963996	12382.723975261892	2939.5976759948885	59.37237861448161	603.2419674540442
208	61.402514164711995	12444.126489426608	2954.6914865182875	59.34863242266495	605.7677428263431
209	54.3492352495163	12498.475724676118	2966.1804402619828	59.20856485171267	607.2927840076765
210	59.71026451587198	12558.185989191994	2979.0285747914086	59.14214792178483	613.1407529740477
211	55.06218655431553	12613.24817574631	2987.391091278478	59.06899192061908	613.3842051605936
212	52.58597066453327	12665.834146410843	2995.865496541346	59.05041711949701	616.9945251191194
213	54.81628987078472	12720.650436281627	3007.076837018963	59.011694529777586	622.4702178211724
214	63.61279296927672	12784.263229250902	3023.937706477208	59.04622171747765	621.8025707248735
215	60.94503985859862	12845.2082691095	3038.674157462288	59.072904228935805	627.4457061749613
216	66.80759877499986	12912.015867884502	3057.1989205866926	59.12439935535128	628.5521742619586
217	62.065031972927166	12974.080899857428	3073.92455752245	59.19934765008209	629.4353672626645
218	60.13411959808349	13034.21501945551	3089.5680934717075	59.202116349626046	630.8475080504891
219	55.87015930303657	13090.085178758547	3099.221310774715	59.1430522353322	626.2308057667568
220	52.32366451221913	13142.408843270761	3106.6117468364682	59.09574982589813	622.870398452388
221	62.05130083566744	13204.460144106431	3123.954070925712	59.144464783063874	618.2717394411532
222	56.665743780459046	13261.125887886894	3131.9895509954436	59.08911095431622	615.2955722270807
223	52.3215220420825	13313.447409928975	3140.9560535545565	59.024192153904366	613.5651729035776
224	64.25510606986204	13377.702515998833	3159.482278958471	59.10505640081686	618.7002162452345
225	59.918608225547366	13437.621124224377	3176.502141933682	59.022082929781234	625.3903624130328
226	60.03547976801442	13497.656603992395	3190.659929800248	59.03360979659585	629.8334339722239
227	60.870504177211295	13558.527108169608	3205.041295959146	59.00193728727973	631.2105877560405
228	57.94217130281957	13616.469279472425	3217.813666302817	59.000058729820886	635.564618428966
229	61.107034571399936	13677.576314043827	3233.0693647882226	59.09782370478158	639.7618634098955
230	66.01347164271668	13743.589785686547	3252.9106233788625	59.18304145231761	642.9189728461427
231	67.07555191384456	13810.66533760039	3273.129779752881	59.22424411347378	650.4972913831822
232	56.174510362622456	13866.83984796301	3284.07165142604	59.16942663606545	651.5002904665472
233	52.97838440735532	13919.81823237036	3292.756106635009	59.153254299452925	651.9006360310054
234	58.920864355917246	13978.739096726282	3305.797411435458	59.19048566125591	656.5901158852473
235	58.99731424083696	14037.736410967118	3318.0242199173126	59.20791184880039	659.6017768772482
236	56.65112940342223	14094.38754037055	3327.4203131971835	59.19551178202977	660.9014886429421
237	62.81419297290008	14157.201733343445	3343.330299042614	59.286023238284415	660.7711394591436
238	55.12971064139492	14212.331443984842	3354.3250387396192	59.2211594961403	659.6893329811029
239	59.707598630384524	14272.039042615217	3367.068336031135	59.22730097758156	664.0242387233677
240	57.62625035278637	14329.665292968	3380.0938235126882	59.15720425827901	664.6406052929383
241	62.68707694668481	14392.352369914703	3396.655110429264	59.1837986230599	664.7768081735936
242	52.45927343004839	14444.811643344741	3405.2941423783236	59.13927258822382	665.7234906825591
243	60.86651740988383	14505.678160754622	3419.0781862475246	59.19675091770464	670.5541767322153
244	60.87697243976385	14566.555133194393	3435.9768432395404	59.17734707487015	674.3247417556029
245	65.46493766819748	14632.020070862593	3457.040078526494	59.26719329359443	671.9483894994765
246	58.90035008552027	14690.920420948116	3472.84044087606	59.214049301759786	676.4371964309702
247	65.16472491805654	14756.08514586616	3493.122473025387	59.287754650369614	676.1111626493843
248	62.686400512066776	14818.77154637823	3509.0559121855317	59.35552286813506	673.8094068317297
249	62.88273811959864	14881.654284497828	3526.9435314519483	59.301541560587054	676.5892132598175
250	60.37445716950193	14942.028741667327	3540.1307880821855	59.32159872346151	677.5614432377107
251	57.48086823619333	14999.509609903527	3553.5183926309796	59.26536651980977	672.620946242148
252	58.08555951045487	15057.595169413975	3568.127339858589	59.259949556608554	672.9170773130543
253	59.49970432876641	15117.094873742746	3584.0663643558455	59.25522026515816	678.9470232324759
254	59.352315389252944	15176.447189131995	3598.709612645132	59.216090471011185	681.6231838646942
255	58.464837285239575	15234.91202641724	3612.438857070933	59.23495124262301	681.9569805182781
256	62.02696729725548	15296.938993714492	3628.1085519828002	59.306397505152496	677.8159467681642
257	58.89063465164966	15355.829628366144	3640.468118439612	59.27789048113864	670.099537732704
258	52.27554467219652	15408.105173038333	3646.8526629963767	59.20727615444262	674.3239260486565
259	55.35689441473599	15463.462067453069	3659.0514093253705	59.22438137550177	667.2692664813331
260	62.94770648273716	15526.409773935806	3675.816802537809	59.27660135877	676.9482636610724
261	57.453757532162754	15583.863531467969	3689.815300071804	59.18701049197859	680.9881320741438
262	59.66822350559635	15643.531754973566	3705.4829232905586	59.20410527168007	677.3783444030568
263	57.636630420406576	15701.16838539397	3715.928266665052	59.24123761829723	675.383982456006
264	60.19921001307772	15761.367595407057	3730.815170888938	59.2361430250555	675.6883572276839
265	60.82930777483579	15822.196903181892	3745.759181574246	59.229275878587856	669.9181283478159
266	63.18278479894086	15885.379687980832	3764.1701660319945	59.27739771689097	674.5925742263641
267	58.69082522160328	15944.070513202429	3776.7833373986464	59.29424981806269	675.6288212343788
268	58.199584954180374	16002.270098156618	3790.7157350452308	59.310074841592225	678.5604151500661
269	56.81674220816845	16059.086840364782	3801.727540937346	59.192966416231265	680.1180396178613
270	58.20364109283202	16117.29048145761	3813.4932437025773	59.146296596881385	672.9823062325992
271	58.631501201750964	16175.921982659367	3825.9094052253186	59.14307168735071	670.4150960764446
272	59.71119861546654	16235.633181274838	3840.524623114994	59.181167915596355	670.5119723406207
273	61.4008324798917	16297.034013754721	3859.1068353829814	59.188501928447366	666.7264957906176
274	54.200966496359825	16351.234980251076	3870.1137860506715	59.13273970123347	663.5265207621286
275	62.20943993331118	16413.444420184394	3888.071958826495	59.21612101745642	659.1507687505214
276	54.19316066126904	16467.63758084567	3895.5823065872355	59.138527349825935	664.264645258261
277	58.96297343803573	16526.600554283705	3907.868363328267	59.18301491624092	659.501354430517
278	56.62119234719672	16583.221746630905	3917.3387790862866	59.16690396639408	655.7411181847276
279	67.91289688378842	16651.134643514684	3941.8213752694373	59.249236355919535	661.80633968085
280	53.37665818179689	16704.51130169648	3951.1358821127374	59.19806170688612	663.5303449253598
281	50.55228752368001	16755.063589220164	3956.6151496684133	59.08901088057856	667.4760396445844
282	58.06308045517926	16813.126669675334	3967.6543463322055	59.06843445550161	662.7957719814763
283	61.48706536565146	16874.613735040984	3982.3225838044727	59.08287088020791	662.6186920103405
284	64.36107717254771	16938.974812213535	4002.0263690188162	59.15246019243864	668.8229412229776
285	59.89686940206761	16998.87168161561	4018.373614658669	59.10510544411567	666.9968625840934
286	58.573648117854944	17057.445329733448	4031.39830124257	59.120069522916346	664.2377186894414
287	60.96474564675412	17118.41007538022	4047.5944231110548	59.147537295352265	665.2213098931022
288	52.41287130977408	17170.822946689994	4055.4023148762126	59.09950148781459	668.2962983773682
289	61.26889777886794	17232.091844468858	4071.033620617533	59.14599018787706	668.8003726914937
290	59.92181046505532	17292.013654933915	4085.758991197373	59.13472363991238	667.4685460788025
291	55.212496008459645	17347.226150942384	4096.512940350054	59.103661451092755	668.7976960632263
292	63.78205027751409	17411.008201219887	4113.521885284966	59.19295359914554	668.7664300029727
293	54.40974257484388	17465.417943794728	4121.611753088616	59.087725713447334	666.9844826056285
294	59.40908469504805	17524.827028489784	4136.956968221106	59.03748128904239	668.2751902602171
295	63.8317035320581	17588.65873202184	4155.469629908129	59.10940018620928	663.7321738191893
296	61.33891374844415	17649.997645770283	4167.347570092378	59.14461295687546	673.5210830097467
297	54.2820766286537	17704.279722398933	4176.882086482679	59.09609625335584	673.1705128375701
298	62.154461863614216	17766.434184262544	4192.6808482934175	59.10614245193272	676.2720403387034
299	55.688966013295264	17822.123150275846	4202.771173338579	59.06024844805863	681.7252750395331
300	68.2980243527443	17890.421174628576	4225.68578910577	59.210194969370185	691.7296288376745
301	57.78566612250978	17948.206840751096	4236.552764579692	59.170828251047254	690.2421593397962
302	69.10210556360252	18017.308946314693	4259.821389626981	59.30251846720405	695.3902977691696
303	60.810062069313375	18078.119008384012	4274.04741473297	59.27748522791495	692.0725128439261
304	64.40050495321002	18142.51951333722	4295.695869022791	59.338165590666634	693.6080277764381
305	55.34302199869053	18197.862535335924	4305.427172517274	59.30482329751334	690.8972824101985
306	60.47080158803147	18258.333336923948	4321.953119741213	59.34038845951701	693.5809492546737
307	63.17191956630388	18321.505256490243	4337.873863050325	59.38781281228365	700.9812144021005
308	59.27090082233717	18380.776157312583	4353.066862676486	59.36649667885988	702.8522248925502
309	59.07829841571461	18439.854455728295	4367.4588302888005	59.41378731052188	711.6910601101649
310	56.43807716955458	18496.292532897856	4376.670910511699	59.381065437058716	712.7940945198112
311	62.80755490869393	18559.100087806546	4394.21599946382	59.45851912060252	712.7521053154347
312	55.58733885946745	18614.687426666016	4404.361476816479	59.48853280255184	711.3450603394198
313	59.79754182721257	18674.484968493223	4420.077188713426	59.53834532211611	712.8959393990567
314	55.2861176728527	18729.771086166078	4429.284286997735	59.455078569151894	708.9247089345762
315	56.224447267864036	18785.995533433947	4442.2114710948445	59.40787264324453	708.2200622201476
316	58.882019531934404	18844.877552965867	4455.935740683897	59.328616850813894	711.3211816178841
317	61.79904900574969	18906.67660197162	4472.705486297403	59.32595702114212	709.4416480817506
318	63.57279776875163	18970.24939974038	4489.004717384293	59.360343802848796	707.9553321429289
319	60.715085094267906	19030.96448483465	4504.824441273455	59.4087930607611	716.160060530063
320	63.74928803601233	19094.71377287066	4525.41075500067	59.523049295999016	723.7858998068699
321	61.857666179986325	19156.571439050647	4543.557995742052	59.521112949442205	719.6371370440255
322	62.86240898401909	19219.43384803466	4562.561172019227	59.58307960147783	728.7422070365872
323	59.45736511707118	19278.891213151728	4576.862415573863	59.6544380322277	726.3351295181943
324	54.41452327972568	19333.305736431463	4585.386021163626	59.556032204326364	727.124577889119
325	59.13753193502653	19392.44326836649	4598.2438739548015	59.54822144142113	730.4102821727621
326	62.2580499305974	19454.701318297084	4616.353606809911	59.570447143046984	726.7191018243169
327	65.58956950923475	19520.290887806317	4636.398120927234	59.61763779636719	726.9303401000159
328	58.77708455437313	19579.06797236068	4647.400064596424	59.6259869288827	731.2326577589808
329	56.629513495285956	19635.697485855977	4661.040510594971	59.58121171812158	729.3943695732773
330	54.45615643658611	19690.153642292567	4669.390857296295	59.46563856606027	736.2536159472779
331	57.54306797975814	19747.69671027232	4680.515102675822	59.370313726719445	737.487937717218
332	56.75747716939567	19804.454187441712	4692.938435288244	59.376143394787185	742.7264161426691
333	60.466929268266675	19864.921116709986	4707.2792487472625	59.45102884339626	746.3868788267503
334	57.86500970013845	19922.786126410127	4718.468194397009	59.44047029683849	741.0509202819054
335	52.19749562106511	19974.98362203118	4726.90157726272	59.37247211064075	742.6782670318637
336	58.51643598672912	20033.50005801792	4738.74199429315	59.39112517647384	746.9734081797923
337	66.32376365529771	20099.823821673217	4758.90808941983	59.4262208832978	751.836373162934
338	62.44892318861133	20162.272744861824	4776.948652890841	59.49941300876997	759.8692318970378
339	50.30381790486408	20212.576562766688	4783.035541798607	59.405375201514744	765.9255090482163
340	64.22660861290727	20276.803171379594	4798.551674981648	59.47137878411595	762.7512252533688
341	59.787414849865044	20336.59058622946	4813.762214012454	59.442382163147784	761.0339098549177
342	57.252469899261214	20393.843056128728	4826.351895903699	59.490314127839895	758.4226764636581
343	64.18966292128187	20458.03271905	4845.584604073673	59.523545582953886	755.3440695560596
344	55.17667191998641	20513.209390969994	4855.261770804157	59.46654257775613	763.2367867732919
345	53.20682828393133	20566.416219253926	4865.126583509938	59.34396148391346	768.7717156978974
346	62.638394313463735	20629.05461356738	4881.889606267453	59.381341926192874	767.5084796007376
347	60.733356678437715	20689.78797024583	4897.297115055551	59.33702824379667	771.1467648051014
348	58.30994280571181	20748.097913051537	4910.2409377765425	59.29326366673315	772.1184813397805
349	59.541518639150894	20807.63943169069	4925.4224344680415	59.2598514719287	775.8938114417375
350	62.91114716969507	20870.550578860384	4943.4278995150635	59.2852183719306	772.8995059435414
351	59.5620063149378	20930.112585175306	4958.662387345616	59.30602975271806	773.3472514330128
352	66.5244897123291	20996.637074887647	4978.4538052830685	59.39041905473678	764.5468052558191
353	57.73513405176258	21054.3722089394	4989.277399889197	59.37277335196675	770.7829822315176
354	59.75978482123794	21114.13199376064	5001.93915738752	59.3768480462866	761.2806611530137
355	58.0180411698356	21172.150034930477	5015.09516990989	59.37238008513256	762.5462427231497
356	65.36473725838077	21237.51477218886	5034.849387614822	59.405757784743834	763.1504068757782
357	56.95273732965208	21294.467509518512	5047.127223452529	59.386378811523834	759.2073333429196
358	55.14303063901941	21349.610540157522	5053.669901284975	59.41505367119206	759.0410140600469
359	66.05144333738932	21415.661983494923	5074.007491193791	59.52199916041858	762.4934351788822
360	60.775478775354756	21476.437462270263	5091.596971429564	59.500276883344796	768.265522670255
361	71.25391874476578	21547.691381015044	5119.415901712946	59.63827849547081	770.8465865009285
362	56.52390471239314	21604.215285727434	5130.607078319575	59.606835307538766	768.4691182313358
363	60.417318248459175	21664.6326039759	5147.218022081756	59.63464218581931	768.8627544098115
364	56.144307176221425	21720.776911152123	5157.555337683156	59.59409315745074	767.8928528889386
365	58.388104575912	21779.16501572803	5171.088325721177	59.569681125461486	765.7688997291502
366	62.99279087505936	21842.157806603085	5186.320717079677	59.56778118622268	768.8428909927061
367	60.462384913193745	21902.620191516282	5200.857583727433	59.585496783138595	767.01530674636
368	56.8154377270747	21959.43562924336	5212.4447588361645	59.57165531086752	769.6380193309458
369	56.8199820490176	22016.25561129237	5224.522973058212	59.571687709276006	772.9968590078363
370	58.39925803632042	22074.6548693287	5235.221741776964	59.57364387871092	774.3303939393334
371	53.44017893583107	22128.09504826452	5241.511039073896	59.5217306560517	771.7754455157627
372	55.02356582344733	22183.11861408796	5250.5662391097585	59.4748543281315	777.6233368036424
373	53.757086986664156	22236.875701074634	5261.034380777386	59.39841687319924	777.3505846563957
374	60.21557511380319	22297.091276188443	5276.271156257122	59.458562959373694	785.1784159628234
375	57.57944942083091	22354.670725609263	5286.796927676668	59.41226305424886	790.779967189982
376	56.95917150974226	22411.62989711901	5297.380114380847	59.43992316273358	792.3243478941902
377	61.20185586332652	22472.83175298234	5312.213884146107	59.46231198698654	797.134797580033
378	65.52139771002923	22538.353150692365	5331.10006261765	59.55131404061481	797.9495823543285
379	58.657800427849935	22597.01095112021	5345.608147570103	59.45876307605545	787.9779785367184
380	60.706984007828375	22657.717935128043	5360.023244741947	59.53206633431574	788.7961185580765
381	57.07275824647101	22714.79069337453	5371.498932038626	59.59727104154368	794.5578508226513
382	60.64595000637412	22775.43664338089	5388.417659140808	59.62309973705565	792.2825162186756
383	60.08600562631371	22835.522649007205	5404.697179096907	59.60908913966225	790.9175380784812
384	57.429505608109295	22892.95215461531	5416.953892828162	59.53977342401785	791.2831353170483
385	68.05654324853427	22961.00869786385	5441.353529169333	59.621370162482535	789.4537799951163
386	63.293135216974925	23024.301833080826	5460.300333908367	59.66856503347373	786.4866338359355
387	53.60503785099205	23077.906870931824	5470.046834732003	59.59496795551611	794.5767473392813
388	63.27455868145496	23141.18142961327	5488.863729995495	59.70358482923292	794.6130979410553
389	64.16797986901126	23205.34940948229	5509.694736005281	59.73257565013433	794.9212714841298
390	63.95770694067982	23269.307116422966	5527.576509397725	59.7729346148906	790.1669574708255
391	58.16631652805999	23327.47343295102	5541.62999518312	59.80247282008658	790.9534412660533
392	56.633392884723605	23384.10682583574	5551.4144913460805	59.73098624615868	792.5307661962686
393	62.496476988861666	23446.603302824613	5567.8271387386185	59.811853590298895	786.3526365061718
394	64.55496730127908	23511.15827012588	5587.743129803357	59.8633124163612	780.957280208119
395	68.59920218786658	23579.757472313744	5611.134274430557	59.91098740291926	780.496114654948
396	62.152906294955194	23641.910378608707	5628.837887500064	59.91912732838438	782.8160897823801
397	54.468811306786385	23696.379189915493	5633.326692164931	59.920994675165694	785.2113188056952
398	58.7927583670042	23755.171948282485	5647.753080220494	59.88737764019966	780.9356250454497
399	58.1957677197198	23813.36771600221	5659.793679908268	59.91244565726383	786.3455356971692
400	60.71988541238161	23874.0876014146	5675.788718211456	59.83666426786021	783.567898919688
401	62.4664256451793	23936.554027059778	5693.919941065325	59.883471863086946	784.9135867159451
402	54.12935645024529	23990.68338351001	5705.381730384808	59.73374437195334	789.2814340413232
403	59.86527198267885	24050.548655492697	5717.374068347277	59.724296471087015	784.2318391019659
404	64.34473758011087	24114.893393072798	5738.283571331545	59.723738797356006	784.2137082433165
405	53.704290210015635	24168.59768328282	5745.5902560092045	59.707351479469274	786.8955417811048
406	60.41531868841626	24229.013001971227	5762.632402920855	59.70679665047309	784.5139639284608
407	63.454847239861465	24292.467849211098	5782.866737293621	59.709625927208656	774.9442780848398
408	59.45426714178577	24351.922116352882	5795.928489557488	59.711459590403145	770.0022430984675
409	62.60200888329735	24414.524125236185	5814.382854430891	59.746696695078974	771.8812586877525
410	61.269121036960925	24475.79324627314	5831.338662336368	59.795007133753096	780.1261842330271
411	64.5808036810009	24540.37404995415	5848.2615864507015	59.81273962147612	773.3916758069284
412	55.93171475130336	24596.305764705437	5859.290346144644	59.8161833803945	771.7046966621396
413	53.299720170348934	24649.60548487579	5866.528186487339	59.75120516382588	774.5142414003578
414	59.11803945897	24708.72352433476	5881.375631974073	59.78952438168703	771.0628448503273
415	56.185181383601915	24764.908705718382	5891.115460369047	59.7891317228444	764.0135745760607
416	57.419098598885	24822.32780431726	5904.253970741895	59.774502513513916	763.3331847051614
417	59.25979332886787	24881.587597646103	5919.520806106137	59.74910995674509	763.1648953168944
418	64.61376964780848	24946.201367293936	5938.148074777798	59.759519675535685	763.6271553187956
419	60.65795943394187	25006.85932672787	5953.883458093722	59.75894841893241	772.8218145258023
420	68.3040389905832	25075.163365718457	5977.965848053893	59.80449592847812	769.7096877566483
421	63.257424325173496	25138.420790043638	5995.966214308105	59.818493509929965	764.5970496167722
422	55.5371227125858	25193.95791275621	6006.589080264372	59.74524064721564	762.0531425138172
423	66.05307180398094	25260.0109845602	6028.798054165929	59.81119771408475	766.7939200607021
424	53.49937024039731	25313.510354800583	6039.319701538513	59.80204618369147	768.0770765885547
425	58.36257233850822	25371.872927139102	6052.411496498938	59.79429658772626	766.2521960271554
426	62.92184218298266	25434.794769322085	6069.545803137933	59.8009345102501	758.0892579414683
427	58.279991511217325	25493.0747608333	6082.459853874885	59.72783873026993	763.6703686438748
428	68.82923226768875	25561.90399310098	6104.717542085493	59.82836020740307	763.5232162205608
429	61.644682123218935	25623.5486752242	6118.750682515673	59.87851189368243	757.359263896021
430	59.98960412149257	25683.538279345707	6133.053406515474	59.93384637053151	764.0916676281757
431	64.11184589263551	25747.650125238335	6152.05348159371	59.999534149660306	763.6601725872204
432	57.59329190065214	25805.243417138983	6164.097187470565	60.00789229697284	759.8484289573597
433	59.718124062830896	25864.96154120182	6178.228242028242	60.000404244918506	754.0196726159833
434	59.34736037734312	25924.308901579163	6191.069056512037	60.01522775169052	757.4562835291918
435	59.01446418043497	25983.32336575959	6205.257722228349	60.083397437284255	754.4862614201403
436	56.82494634226226	26040.148312101854	6217.47030241197	60.06648254083957	759.8574706236836
437	60.62035071289574	26100.768662814764	6234.618019688402	60.00944841141556	761.6122298039354
438	66.12682676671126	26166.895489581464	6254.367154906979	60.046227447196564	763.6488585464256
439	64.37194820511628	26231.267437786595	6271.402350168207	60.18690875019905	758.273206326799
440	53.933454620208046	26285.200892406785	6276.9748944348585	60.08397721027209	755.1266062868685
441	64.71876821502184	26349.919660621807	6292.866355227222	60.133290743923624	760.0223151842515
442	55.33112574812912	26405.25078636995	6303.532510979337	60.11407730241234	762.662863276011
443	56.06334599307145	26461.314132363015	6313.196820668377	60.032814133130216	761.0986167332344
444	57.91349905945948	26519.22763142247	6323.845953516317	60.06018240452493	753.6479379745227
445	60.66160754197213	26579.889238964446	6340.825431942496	60.13473019710535	759.7911744189416
446	54.892095607863475	26634.781334572293	6350.566714615827	60.057267210049396	762.1711963347442
447	60.88933265299109	26695.670667225306	6367.217431023525	60.05882696979489	757.5871376813515
448	58.1461472242092	26753.81681444951	6380.280719382594	60.057189013979865	755.6432582348028
449	56.0563907523756	26809.873205201882	6391.292952938921	60.02233773511213	754.4410061416512
450	62.931786618174065	26872.804991820056	6407.410498556994	60.02254412959688	754.9129805733436
451	61.05309055717913	26933.858082377235	6421.512149487035	60.0374549720193	754.4189630177241
452	58.30159981879504	26992.159682196037	6434.460959514934	59.95522607308399	754.9512889515488
453	62.405132794147775	27054.564814990186	6451.621630112266	60.00192606050781	763.4242347977885
454	65.0108661745896	27119.57568116476	6470.186399598191	60.05443687404135	765.0040895535554
455	64.85395796621576	27184.42963913098	6489.453075315063	60.12279604200514	769.2718077351251
456	60.6139273477095	27245.043566478686	6504.018178764834	60.07528794289845	770.8475380140936
457	61.37985246576309	27306.423418944465	6519.661616709678	60.119559094259536	772.6102137459345
458	51.949044863040584	27358.372463807496	6525.447027815722	60.087619236499734	773.1957331429736
459	61.1802801282184	27419.552743935707	6542.643929974745	60.03890760440805	776.0238279589313
460	56.59172503589649	27476.144468971608	6554.855931874472	59.997070067013475	780.4346700250858
461	64.8219948401552	27540.966463811783	6572.960829796253	59.93275082796737	783.1434261953748
462	58.02675552011212	27598.993219331882	6584.0654289282065	59.94777933604455	783.3427833043787
463	60.87262793744052	27659.865847269317	6598.579052509316	59.95233243293436	785.3070331287679
464	62.127921672381945	27721.993768941695	6614.602985952751	60.01216857789596	782.6597374491569
465	58.8751262294521	27780.86889517115	6627.414485920758	60.01703879443134	784.4380584447999
466	58.63909019256793	27839.507985363718	6641.001148461389	59.97350178760647	784.3411011390306
467	60.99382039894791	27900.501805762662	6658.043506997163	59.978816142464005	788.1617064606048
468	63.53815144965564	27964.039957212328	6673.960111206036	60.046043279689805	782.8310793410308
469	56.36191979549751	28020.401877007815	6685.832933668635	60.041462657154625	783.9427332856645
470	58.79448431620174	28079.196361324008	6699.714671075418	60.04541491995343	784.6817787637864
471	56.18086792247398	28135.377229246482	6710.626930804828	60.072821809819835	780.0899264942997
472	61.1261119753481	28196.503341221833	6728.238001368108	60.13384727133888	774.9277327733763
473	55.51990944531262	28252.023250667167	6736.878950535086	60.15147549592536	771.7537459271731
474	56.668630365825095	28308.691881032988	6750.787627995233	60.116006048445534	772.85812706711
475	60.583201181010246	28369.275082213986	6767.5904991512625	60.14604356604732	767.2335677477349
476	54.57361361720265	28423.84869583119	6777.08813157383	60.12218798712196	767.62245580285
477	57.69729182579344	28481.545987656984	6790.672368343929	60.08714234674662	764.420289235976
478	63.88657752797013	28545.432565184954	6810.778672151164	60.070794144926005	758.1283297735317
479	60.5873015502882	28606.01986673523	6827.98312085526	60.090089156150405	759.5597729936446
480	54.26521943203441	28660.28508616728	6837.434575804027	60.02567151039249	755.3525645732949
481	58.822231515332035	28719.1073176826	6851.153794763611	60.04316624308106	756.6944122571111
482	53.28692751740394	28772.394245200023	6860.732694346865	59.96957601819136	756.5112346672639
483	61.67129886017346	28834.065544060195	6876.592752580997	59.98542895052999	757.8251860223546
484	61.94673322020016	28896.0122772804	6892.050013682014	60.03060122665088	752.9442728987726
485	58.72449064429264	28954.736767924685	6906.000353094852	59.9372807006085	750.2133087350803
486	55.58318182701759	29010.319949751698	6915.056990982757	59.86018116670893	751.3243016261013
487	54.62855496763812	29064.94850471933	6925.313839618908	59.87041633787535	751.3346051349201
488	60.48635233645433	29125.434857055792	6938.546115024467	59.84253427442536	753.6592504311279
489	57.22455088892753	29182.65940794472	6947.922426226337	59.773099984624494	755.3790433527247
490	60.42045715654967	29243.079865101263	6962.533516980895	59.737727486783186	758.7383079855308
491	61.249366777678006	29304.32923187894	6977.056374222867	59.76855798927939	759.0869401050483
492	59.62727971339875	29363.956511592347	6989.319820499226	59.798496857566136	767.4487349040606
493	63.926546937561746	29427.883058529907	7007.129111037379	59.81279755705313	768.4481009910562
494	55.77262882446836	29483.655687354374	7019.055150621359	59.724974172285016	771.8110777839223
495	64.63097838507356	29548.286665739455	7039.998363899202	59.685291934257094	771.3734962985396
496	64.51265316018954	29612.799318899633	7057.899108557946	59.708889402909456	778.223036829175
497	61.219229093284255	29674.01854799292	7070.725631233642	59.77639358077442	781.8138259541138
498	58.92199338571422	29732.940541378626	7082.490514170937	59.777685930961525	785.7479291353906
499	61.05304810705069	29793.993589485683	7094.9983336084115	59.806258734834856	782.784931544765
500	64.12824009827546	29858.121829583954	7114.218687321944	59.84034228169379	781.5477836488228
501	60.96318025799143	29919.085009841936	7129.9661488830925	59.825309827821904	789.1183966413156
502	63.04835027151971	29982.13336011348	7148.947617478578	59.914499766034666	787.3060721096297
503	60.428827089749795	30042.56218720321	7163.239258354807	59.920135317105334	785.2608456281197
504	64.59519670098895	30107.15738390421	7181.359605964006	59.92263990831416	781.9556007896707
505	60.1996713442071	30167.35705524841	7194.199341956643	59.987593719656054	784.6481118217546
506	57.85755086730788	30225.214606115722	7205.667181204178	59.96201604144496	790.8289410687383
507	62.87346097291689	30288.088067088644	7222.85809638735	59.9562021787755	792.4029376156636
508	63.29955463027796	30351.38762171891	7239.512551552656	59.994655053660445	793.3150694879591
509	60.266947042398755	30411.65456876132	7252.329212181245	59.97130443525144	792.918774188972
510	55.65253256197918	30467.307101323287	7262.489377922552	59.91513855050165	789.610050256384
511	54.23433969170965	30521.541441014997	7273.7011645310595	59.811673910608675	788.0674852010015
512	56.98411930123194	30578.52556031623	7273.7011645310595	59.811673910608675	793.4395498167706
