task	reward	total_reward	total_regret	relative	total_reward_dev	joules
0	55.16432502152605	55.16432502152605	8.176756624643163	0.0	27.83732761870438	55.16432502152605
1	76.11687597217693	131.28120099370298	36.468699330019525	0.0	35.83793703864705	76.11687597217693
2	63.231550404637986	194.51275139834095	50.282326749751576	0.0	42.647341516866135	63.231550404637986
3	64.17946993033166	258.6922213286727	67.76977581147271	0.0	51.41715015691448	64.17946993033166
4	63.59875065793433	322.29097198660696	82.93103186332115	0.0	56.30701588979258	63.59875065793433
5	68.45779636494127	390.7487683515481	102.42414780609528	0.0	72.55771394480401	68.45779636494127
6	58.859379711827245	449.6081480633753	114.2254414675101	0.0	80.26969742735503	58.859379711827245
7	53.61662278264007	503.2247708460155	116.09422197504905	0.0	83.10756430243165	53.61662278264007
8	62.958758382841864	566.1835292288574	130.35253146409116	0.0	91.64815964085521	62.958758382841864
9	56.95686375383594	623.1403929826934	138.41891362277744	0.0	97.79667295776053	56.95686375383594
10	60.1982504818091	683.3386434645025	152.11193040765258	0.0	104.25841104107752	60.1982504818091
11	61.34573562379842	744.684379088301	162.08909711263917	0.0	110.0368341197107	61.34573562379842
12	64.2053313009522	808.8897103892529	176.8683999060679	0.0	116.1775991451767	64.2053313009522
13	58.517039819469616	867.4067502087225	187.83818904182988	0.0	122.95638117516083	58.517039819469616
14	63.27575287038276	930.6825030791049	203.12646306027597	0.0	128.68891019177516	63.27575287038276
15	59.15135129370258	989.8338543728079	211.368608816712	0.0	137.83539348442318	59.15135129370258
16	56.91276056105465	1046.7466149338622	217.98515573048763	0.0	142.00454107947007	56.91276056105465
17	59.884200664083025	1106.6308155979455	230.60058968145174	0.0	148.35479388515947	59.884200664083025
18	62.68949841535603	1169.3203140133016	242.98898837718403	0.0	153.33427855480133	62.68949841535603
19	59.635869158947244	1228.9561831722485	253.69111577525655	0.0	159.32242524553405	59.635869158947244
20	64.46079415189975	1293.4169773241485	269.02139368205	0.0	167.80974579715954	64.46079415189975
21	60.37623337541442	1353.7932106995636	281.74997735934727	0.0	171.59730355675845	60.37623337541442
22	58.998815929317885	1412.792026628881	289.86448124015703	0.0	180.79443256552085	58.998815929317885
23	59.64027346751279	1472.432300096393	299.51117901103686	0.0	191.98264799617863	59.64027346751279
24	53.83672184805316	1526.2690219444476	304.28236040207526	0.0	195.48977843884833	53.83672184805316
25	57.41077591643015	1583.6797978608777	313.2273747610167	0.0	204.2252995759216	57.41077591643015
26	59.02729378751414	1642.7070916483922	321.4735389762381	0.0	209.48215678093248	59.02729378751414
27	54.74816711658955	1697.4552587649807	327.63484702647855	0.0	214.496005288664	54.74816711658955
28	62.45567632437258	1759.910935089353	342.03212723774465	0.0	218.94130873407443	62.45567632437258
29	61.43238769435532	1821.3433227837088	356.09780967934347	0.0	227.28414224861788	61.43238769435532
30	59.004066600911585	1880.347389384619	368.93389381796476	0.0	230.0382992949087	59.004066600911585
31	63.416657153243314	1943.7640465378638	382.7905663880598	0.0	231.97342409845342	63.416657153243314
32	57.52628778716898	2001.290334325033	390.64726552671897	0.0	238.35880367554427	57.52628778716898
33	64.95451655917604	2066.244850884209	406.7242609715568	0.0	250.84601811715535	64.95451655917604
34	59.61617140159605	2125.8610222858038	417.097778337923	0.0	260.7878621825022	59.61617140159605
35	60.98164803175422	2186.8426703175596	429.3489133430457	0.0	261.5095940880173	60.98164803175422
36	60.34686525451789	2247.1895355720762	441.9390850269452	0.0	265.8407590701774	60.34686525451789
37	57.9833416971489	2305.1728772692254	451.9658347370925	0.0	271.6658577000079	57.9833416971489
38	65.44290990414322	2370.615787173368	469.5019215862039	0.0	283.88068443852893	65.44290990414322
39	55.514774163289815	2426.130561336658	477.64126266566547	0.0	290.30463810932974	55.514774163289815
40	55.975929871804354	2482.1064912084635	483.5892699334179	0.0	294.41382097717093	55.975929871804354
41	59.49543116924226	2541.6019223777053	493.77876312567975	0.0	297.92540201427096	59.49543116924226
42	53.22714858815496	2594.82907096586	498.7676496425854	0.0	302.9454962000275	53.22714858815496
43	56.718661952043604	2651.547732917904	506.55579493115846	0.0	309.3030515285231	56.718661952043604
44	59.21180743148921	2710.7595403493933	516.3802642945568	0.0	314.8192339442358	59.21180743148921
45	59.02913855810071	2769.788678907494	523.5230339290687	0.0	322.04743902078866	59.02913855810071
46	53.08846019270693	2822.877139100199	528.3178510958265	0.0	326.23473968673477	53.08846019270693
47	55.5873636590255	2878.464502759225	535.7926429227268	0.0	324.665863082838	55.5873636590255
48	56.32433467373235	2934.7888374329577	540.8785765686242	0.0	327.8080793071149	56.32433467373235
49	59.12252754738068	2993.911364980339	551.7233461569184	0.0	329.91607561042326	59.12252754738068
50	55.92792311315965	3049.8392880934975	558.6042847504592	0.0	330.2069527676281	55.92792311315965
51	60.33333063592152	3110.1726187294194	570.2436927219351	0.0	334.0954574805842	60.33333063592152
52	59.19343307617925	3169.3660518056004	579.0354645130788	0.0	332.3701113080321	59.19343307617925
53	58.15624920798477	3227.522301013584	590.3273428365274	0.0	340.8730238754397	58.15624920798477
54	63.45489265972339	3290.977193673309	605.1825789793654	0.0	344.88433098946575	63.45489265972339
55	58.75213828568679	3349.7293319589953	616.117575191452	0.0	352.6971665877417	58.75213828568679
56	62.43529582258359	3412.164627781577	629.9825080639753	0.0	359.87683617066466	62.43529582258359
57	60.05316181044563	3472.2177895920245	641.5780332016211	0.0	361.53651373726217	60.05316181044563
58	51.62325058839002	3523.8410401804153	645.3178293792071	0.0	366.1246655613144	51.62325058839002
59	55.41778145026833	3579.258821630684	650.7258125691508	0.0	366.236849990913	55.41778145026833
60	60.23540113060984	3639.4942227612905	661.7206078519521	0.0	372.32521655049595	60.23540113060984
61	58.44713937118465	3697.941362132476	671.4118362967577	0.0	376.11434338766657	58.44713937118465
62	55.521702665270666	3753.463064797747	678.6442587018421	0.0	378.3145868284088	55.521702665270666
63	54.38483145288514	3807.8478962506324	683.692399036585	0.0	375.24361399933315	54.38483145288514
64	59.45348796331446	3867.3013842139453	694.2415714296454	0.0	384.1549261514842	59.45348796331446
65	60.48752401104604	3927.788908224993	708.9379901784205	0.0	388.1948489584764	60.48752401104604
66	58.61144761287954	3986.4003558378727	719.7133496067694	0.0	392.0097741920895	58.61144761287954
67	58.83425246231309	4045.2346083001835	726.720987238464	0.0	398.54256521386355	58.83425246231309
68	59.52462636085668	4104.759234661042	736.1369838265408	0.0	406.91494207699446	59.52462636085668
69	58.78907922673388	4163.548313887776	747.8652432685869	0.0	418.41150097812806	58.78907922673388
70	53.20225626483528	4216.750570152611	750.1380684673977	0.0	421.14541198058976	53.20225626483528
71	54.758118687574076	4271.508688840185	754.3151055395886	0.0	427.89274172906624	54.758118687574076
72	57.884791677688746	4329.393480517873	762.003886323998	0.0	426.7434551656904	57.884791677688746
73	59.049073809125886	4388.442554327001	773.4787852588009	0.0	435.2283471050941	59.049073809125886
74	52.910192201364595	4441.352746528366	778.2039023351795	0.0	436.12491230376554	52.910192201364595
75	53.30112958029632	4494.65387610866	781.5509802095329	0.0	439.08527845656226	53.30112958029632
76	53.51764170170204	4548.171517810362	785.4289068126723	0.0	440.06263110452534	53.51764170170204
77	54.52343482563232	4602.694952635994	793.3524713521091	0.0	443.4121781347877	54.52343482563232
78	53.27159250538828	4655.966545141384	798.4143044186926	0.0	448.7782109756082	53.27159250538828
79	59.563182938723976	4715.529728080105	809.3436807898402	0.0	452.145268365608	59.563182938723976
80	55.89903823455801	4771.428766314665	817.0192568866545	0.0	453.12473744905157	55.89903823455801
81	61.29007775175647	4832.718844066422	831.989242251209	0.0	457.40050673914766	61.29007775175647
82	58.715692881605364	4891.434536948027	841.0695356145301	0.0	460.4972230333965	58.715692881605364
83	61.47258541372662	4952.907122361754	852.3284615897211	0.0	462.02170604880604	61.47258541372662
84	56.059877140810286	5008.966999502565	861.2820087157374	0.0	466.90003927257106	56.059877140810286
85	59.809762510444614	5068.776762013008	872.6252912073459	0.0	475.72500611635985	59.809762510444614
86	54.35395721597874	5123.130719228989	877.8821359929951	0.0	478.4589555947028	54.35395721597874
87	59.64562326325958	5182.776342492246	887.8426688783882	0.0	480.9323785490317	59.64562326325958
88	56.0307279791391	5238.8070704713855	895.247874919939	0.0	484.722985551668	56.0307279791391
89	53.50519559006352	5292.312266061448	902.8030688949315	0.0	489.3630353266183	53.50519559006352
90	56.555573808380835	5348.86783986983	910.9900231328575	0.0	492.16886121309864	56.555573808380835
91	56.27415482781622	5405.1419946976475	919.8510100422484	0.0	494.2231518811183	56.27415482781622
92	61.47082781158558	5466.612822509234	932.3462340783516	0.0	497.73845081481926	61.47082781158558
93	52.34516869932243	5518.9579912085555	937.1231570303092	0.0	500.74489987146757	52.34516869932243
94	61.015870140645035	5579.973861349202	949.1260737311303	0.0	507.31535482756385	61.015870140645035
95	58.5014155540717	5638.475276903273	958.1978626496308	0.0	505.3600259363029	58.5014155540717
96	53.0450074603557	5691.520284363629	962.9173135337282	0.0	503.93938184804927	53.0450074603557
97	53.19191667293729	5744.7122010365665	969.1160268294069	0.0	504.21711050880987	53.19191667293729
98	53.66090650082691	5798.373107537392	975.7382780111832	0.0	508.12215088509674	53.66090650082691
99	52.99212968453242	5851.365237221923	978.5377077106359	0.0	513.0082708414556	52.99212968453242
100	56.9855628555198	5908.350800077445	985.3000200058169	0.0	513.6454951680771	56.9855628555198
101	55.26408374546922	5963.614883822912	992.431233826688	0.0	520.0084649834383	55.26408374546922
102	54.664975089209676	6018.279858912125	996.8794948721223	0.0	523.51752365491	54.664975089209676
103	54.75323855455803	6073.033097466682	1001.5860569299263	0.0	528.4140790289437	54.75323855455803
104	52.09080001173509	6125.123897478417	1004.9889478301317	0.0	530.02789444254	52.09080001173509
105	57.83923549915002	6182.963132977565	1015.9124503033978	0.0	529.6312529044761	57.83923549915002
106	52.09372691909308	6235.056859896663	1021.1428827805262	0.0	535.5773713096845	52.09372691909308
107	56.97677736232361	6292.033637258984	1028.8469478569702	0.0	545.1832875882027	56.97677736232361
108	55.74491381303437	6347.77855107202	1038.1531555434603	0.0	543.8661939564043	55.74491381303437
109	61.579319731332006	6409.357870803351	1050.431515624116	0.0	544.5285998167903	61.579319731332006
110	62.80303094938881	6472.160901752738	1063.8419064958282	0.0	551.6093371124548	62.80303094938881
111	53.06711368663232	6525.228015439374	1071.1138827535676	0.0	553.825871340956	53.06711368663232
112	60.94427204499981	6586.172287484373	1084.2272419866774	0.0	553.6193424943115	60.94427204499981
113	53.618000107892755	6639.790287592261	1088.8950420580288	0.0	558.3245103560744	53.618000107892755
114	54.41649839236519	6694.206785984625	1095.1181750727417	0.0	562.4490140851442	54.41649839236519
115	54.71646139640737	6748.923247381034	1099.621845185754	0.0	566.1623407952223	54.71646139640737
116	57.31285153322081	6806.236098914256	1107.4795620180253	0.0	568.0317584774481	57.31285153322081
117	56.534964092510826	6862.771063006767	1116.0018428159567	0.0	571.6255707005796	56.534964092510826
118	53.81470490128434	6916.585767908054	1123.419273415083	0.0	575.0183843386678	53.81470490128434
119	53.24662831417458	6969.832396222226	1129.0725315114041	0.0	576.8224845926391	53.24662831417458
120	49.5148197498786	7019.347215972106	1130.5337353663726	0.0	579.6194680677545	49.5148197498786
121	56.4525748132133	7075.79979078532	1138.414873906032	0.0	583.8951885285253	56.4525748132133
122	54.220688692315974	7130.020479477631	1144.9900152014225	0.0	586.9191206122232	54.220688692315974
123	54.07209200897156	7184.0925714866025	1149.27931617121	0.0	589.5596206190452	54.07209200897156
124	57.797710478654714	7241.89028196526	1159.13160534649	0.0	594.1620209786934	57.797710478654714
125	51.488771153112495	7293.379053118376	1160.547625594877	0.0	597.2102790410873	51.488771153112495
126	59.044686506357856	7352.4237396247345	1169.8584454504455	0.0	600.5632056762349	59.044686506357856
127	58.41594368471796	7410.83968330945	1180.599431737203	0.0	607.2006130173125	58.41594368471796
128	59.88437614128209	7470.72405945073	1191.2422838971158	0.0	610.4334035345926	59.88437614128209
129	55.68773969864297	7526.411799149376	1198.6684190231954	0.0	611.5452718073336	55.68773969864297
130	58.65534764286442	7585.067146792235	1208.6809493601613	0.0	617.3828114566359	58.65534764286442
131	56.16122939458647	7641.228376186823	1216.102218299337	0.0	621.3993398182446	56.16122939458647
132	56.510140561689305	7697.738516748517	1224.008690704379	0.0	627.6786416984634	56.510140561689305
133	59.81529354754802	7757.553810296062	1236.953933426029	0.0	631.6293938844871	59.81529354754802
134	53.96932882151216	7811.523139117574	1241.728612224138	0.0	641.4007164224124	53.96932882151216
135	62.74243330022897	7874.265572417805	1255.0390923864074	0.0	648.4111006859519	62.74243330022897
136	54.49192449379796	7928.757496911599	1261.041816753015	0.0	652.3779723155463	54.49192449379796
137	55.26037102039609	7984.017867931995	1266.2808251051713	0.0	657.5364835564164	55.26037102039609
138	55.882815706755466	8039.9006836387525	1273.0599272032814	0.0	661.1488179117368	55.882815706755466
139	59.197554523754455	8099.098238162508	1284.7990628302086	0.0	666.3031344045131	59.197554523754455
140	57.34382270581731	8156.442060868321	1291.8434299060027	0.0	667.8204769387062	57.34382270581731
141	59.003996358031	8215.446057226352	1303.283665351954	0.0	671.0446220694562	59.003996358031
142	55.46136068530469	8270.907417911663	1311.4061508337427	0.0	673.4161439224794	55.46136068530469
143	60.256113126647904	8331.16353103831	1323.7839313170289	0.0	680.1761462810813	60.256113126647904
144	52.937218951784004	8384.100749990093	1330.1832006180252	0.0	685.5525606234881	52.937218951784004
145	62.73421326109591	8446.834963251189	1343.7534581699533	0.0	690.8580787404338	62.73421326109591
146	57.29675562262319	8504.131718873812	1353.0557373882018	0.0	696.5512007144168	57.29675562262319
147	57.6191566771415	8561.750875550953	1357.9178990365867	0.0	702.1437220449048	57.6191566771415
148	54.26810105016228	8616.018976601115	1366.1174338290482	0.0	707.5527144731589	54.26810105016228
149	55.09495600120735	8671.113932602322	1372.7239232436934	0.0	706.6578797997312	55.09495600120735
150	55.43775133020599	8726.55168393253	1380.888451450883	0.0	710.6764814982404	55.43775133020599
151	54.23144546503749	8780.783129397567	1385.911758628925	0.0	710.4371971676208	54.23144546503749
152	56.54857779567579	8837.33170719324	1395.4765451700764	0.0	717.7781517803937	56.54857779567579
153	58.217580164074235	8895.549287357317	1405.0003502494185	0.0	719.1452052198919	58.217580164074235
154	54.335887410929935	8949.885174768246	1412.5017745512139	0.0	722.3681920236992	54.335887410929935
155	52.11932611155278	9002.004500879799	1416.7041424616598	0.0	725.4808967307241	52.11932611155278
156	54.44300676004464	9056.447507639847	1423.255287031173	0.0	727.6863614205272	54.44300676004464
157	54.86288182828246	9111.310389468123	1430.6085024877975	0.0	728.25949367037	54.86288182828246
158	56.1378188458298	9167.448208313954	1436.3272377673943	0.0	731.9000564851001	56.1378188458298
159	55.28674756183032	9222.734955875787	1442.6932807125331	0.0	737.6140216578816	55.28674756183032
160	53.333845717090554	9276.068801592875	1448.0474077110134	0.0	741.5849012785727	53.333845717090554
161	55.99183639925862	9332.060637992136	1455.2861928359637	0.0	747.6895303581222	55.99183639925862
162	59.029564520174034	9391.090202512312	1466.0317501535005	0.0	749.3454103070106	59.029564520174034
163	58.61525982750393	9449.70546233981	1476.223500045646	0.0	755.2434787543291	58.61525982750393
164	51.689478489319775	9501.394940829134	1478.803361466381	0.0	756.752472970121	51.689478489319775
165	54.48782736708229	9555.882768196218	1483.4018796985765	0.0	761.1392854769333	54.48782736708229
166	56.19759311767202	9612.080361313883	1490.5971928046301	0.0	773.782967064038	56.19759311767202
167	54.69645421889537	9666.77681553278	1497.4558639838888	0.0	778.4485770212295	54.69645421889537
168	56.98107303193017	9723.757888564713	1505.891434947829	0.0	779.6309642472901	56.98107303193017
169	49.21842030071532	9772.97630886543	1506.2643357317552	0.0	782.4217609863745	49.21842030071532
170	57.8858183487446	9830.86212721417	1513.9713317883552	0.0	784.7572012583084	57.8858183487446
171	57.321820980453666	9888.183948194624	1522.7072692537886	0.0	786.5246663710285	57.321820980453666
172	52.9245867584656	9941.108534953093	1524.2326959731918	0.0	787.1671346446883	52.9245867584656
173	58.07281786299142	9999.181352816082	1532.7639063881973	0.0	788.4600746798018	58.07281786299142
174	53.57522388090151	10052.756576696978	1537.7847767559572	0.0	790.514287631702	53.57522388090151
175	49.952151852262084	10102.708728549247	1539.2178594748123	0.0	794.6190041628349	49.952151852262084
176	57.34900920399752	10160.057737753243	1548.7811500339926	0.0	801.470466591806	57.34900920399752
177	60.37913529342668	10220.436873046672	1558.8114769253514	0.0	810.582178149026	60.37913529342668
178	57.58511766568901	10278.02199071236	1568.0487979210222	0.0	811.1822771196013	57.58511766568901
179	54.362612630457036	10332.384603342814	1572.2200139853257	0.0	814.4300245266367	54.362612630457036
180	55.335106354208754	10387.719709697025	1580.3145316785985	0.0	820.5795216629375	55.335106354208754
181	55.47791207219275	10443.197621769215	1585.233687185621	0.0	820.4047416731476	55.47791207219275
182	56.98251916494368	10500.180140934162	1592.3694899941213	0.0	826.126601424455	56.98251916494368
183	57.87687064958676	10558.057011583745	1600.582475975085	0.0	829.4369158360588	57.87687064958676
184	59.81888132490257	10617.87589290865	1611.7078696283609	0.0	831.1997917040857	59.81888132490257
185	56.34404262929113	10674.219935537942	1620.62481672119	0.0	834.0424676644573	56.34404262929113
186	52.97647132646387	10727.196406864405	1627.2289327736933	0.0	838.5504746007721	52.97647132646387
187	51.911434232553965	10779.107841096957	1629.6333161566588	0.0	842.71770904753	51.911434232553965
188	57.09102755330427	10836.198868650266	1636.5316534535848	0.0	843.0276280869373	57.09102755330427
189	53.293752562878225	10889.492621213138	1639.7566802289584	0.0	845.9821514150167	53.293752562878225
190	58.987230814074984	10948.479852027216	1649.7020510339164	0.0	845.7121299478362	58.987230814074984
191	53.231060397779665	11001.710912424998	1652.7719931285133	0.0	850.607732864677	53.231060397779665
192	55.68891850246538	11057.399830927463	1661.3533139773112	0.0	861.1194577017096	55.68891850246538
193	52.81397885561305	11110.213809783074	1665.1298358958518	0.0	867.382782747484	52.81397885561305
194	50.50814793624499	11160.72195771932	1666.798298577589	0.0	873.9582696760277	50.50814793624499
195	51.79559477319483	11212.517552492514	1671.468941898946	0.0	878.8642219007228	51.79559477319483
196	55.71215623500728	11268.229708727522	1677.687612823079	0.0	882.1534367334772	55.71215623500728
197	58.799227144877996	11327.028935872399	1686.6272833916548	0.0	885.9683084037484	58.799227144877996
198	55.26128227014608	11382.290218142543	1693.5879033219492	0.0	887.5109116879348	55.26128227014608
199	55.24998782498333	11437.540205967527	1700.1714757885084	0.0	888.780549396426	55.24998782498333
200	58.164997301260385	11495.705203268784	1709.494527010397	0.0	898.1085961532118	58.164997301260385
201	56.30772575673346	11552.012929025515	1719.3107373258251	0.0	898.5312313196338	56.30772575673346
202	58.390681386961475	11610.403610412486	1730.5075421988379	0.0	904.8202934011769	58.390681386961475
203	56.28649046700286	11666.690100879488	1737.583487737613	0.0	913.6553073217544	56.28649046700286
204	53.712219466471225	11720.402320345958	1742.4665689673495	0.0	915.963637056351	53.712219466471225
205	54.425726348128485	11774.828046694089	1748.7421698053615	0.0	920.3301450313533	54.425726348128485
206	54.57318469128429	11829.40123138537	1753.1400879809862	0.0	927.0315384963704	54.57318469128429
207	55.79621074435821	11885.197442129731	1761.9196732632342	0.0	928.8683629941551	55.79621074435821
208	59.25805201446703	11944.455494144193	1773.1103981595652	0.0	931.4313102345099	59.25805201446703
209	57.720651256274074	12002.17614540047	1781.6979637968318	0.0	933.2688937741565	57.720651256274074
210	57.40988004011127	12059.586025440578	1791.5921107562199	0.0	932.7668622523108	57.40988004011127
211	55.5376251547325	12115.123650595315	1799.1998953536743	0.0	937.1153457111714	55.5376251547325
212	57.7578829888773	12172.88153358419	1808.5017009515211	0.0	945.3538199342418	57.7578829888773
213	52.88950611136542	12225.771039695554	1812.911041598138	0.0	948.4602937526354	52.88950611136542
214	52.82166847720559	12278.592708172764	1817.4580353344018	0.0	951.6522814352506	52.82166847720559
215	56.82389679697621	12335.416604969734	1826.4565218397108	0.0	957.8630276767226	56.82389679697621
216	60.29154987116292	12395.708154840897	1836.79738138326	0.0	959.9431507181752	60.29154987116292
217	53.937192110406286	12449.645346951304	1841.6637339680979	0.0	965.047795473777	53.937192110406286
218	50.90527436994008	12500.550621321245	1845.9204305736903	0.0	968.5017986173592	50.90527436994008
219	56.80181297190647	12557.35243429315	1853.7994187149307	0.0	973.2698142915541	56.80181297190647
220	58.45646627697258	12615.808900570122	1862.7697084734257	0.0	984.2962395499792	58.45646627697258
221	61.78645582201609	12677.595356392143	1874.2588145028265	0.0	996.8099322233764	61.78645582201609
222	52.348706021941354	12729.94406241408	1875.98487891893	0.0	1001.3731977673992	52.348706021941354
223	59.88426350160238	12789.828325915683	1888.353742665054	0.0	1007.0002401681294	59.88426350160238
224	60.147926239480114	12849.976252155164	1899.1769358290994	0.0	1012.1784043718346	60.147926239480114
225	52.88752432253483	12902.863776477701	1903.5151376384258	0.0	1013.7685279462821	52.88752432253483
226	60.07347964513438	12962.937256122832	1914.693210707839	0.0	1013.2047272468494	60.07347964513438
227	57.47958458344114	13020.416840706275	1924.6784476167734	0.0	1018.1239413446772	57.47958458344114
228	52.47615659206375	13072.892997298337	1926.0022258857168	0.0	1019.8537276654521	52.47615659206375
229	51.36588263411805	13124.258879932459	1928.1170069917257	0.0	1028.5539654608535	51.36588263411805
230	52.909907766913484	13177.16878769937	1931.6256802676642	0.0	1030.5772882250164	52.909907766913484
231	58.35456850355369	13235.52335620293	1940.8689579414504	0.0	1029.697577385536	58.35456850355369
232	53.4294334047583	13288.952789607685	1944.1193937236133	0.0	1035.2959477356126	53.4294334047583
233	54.534482547596696	13343.487272155278	1950.6013611593446	0.0	1040.0666247161535	54.534482547596696
234	54.475768428434584	13397.963040583718	1955.6574778180895	0.0	1046.168052567527	54.475768428434584
235	53.37310332171913	13451.336143905435	1960.136502468582	0.0	1049.7827884747658	53.37310332171913
236	55.49295260317905	13506.829096508605	1967.0086769018794	0.0	1052.8332368608924	55.49295260317905
237	56.840506440818984	13563.669602949427	1976.068579253116	0.0	1058.3079336697833	56.840506440818984
238	60.43774990189111	13624.107352851319	1986.9457630086545	0.0	1060.749151477351	60.43774990189111
239	53.41083771754399	13677.518190568862	1991.9177128793378	0.0	1063.6406748158583	53.41083771754399
240	51.39500964262809	13728.9132002115	1996.316354781673	0.0	1065.6349373849544	51.39500964262809
241	55.45981175002398	13784.37301196152	2002.7500483609356	0.0	1065.4544209180042	55.45981175002398
242	57.50268748417215	13841.875699445694	2010.391866340145	0.0	1068.9391346392504	57.50268748417215
243	56.99874178726068	13898.87444123295	2019.0395203298644	0.0	1071.6849130431472	56.99874178726068
244	51.49037018807449	13950.364811421023	2023.0065978347875	0.0	1072.3576432471546	51.49037018807449
245	50.124489975873736	14000.489301396901	2023.727151847222	0.0	1077.2443911968317	50.124489975873736
246	58.21298585905237	14058.702287255956	2032.5525937263017	0.0	1087.1441090823848	58.21298585905237
247	56.85164322001615	14115.55393047596	2041.8026143126979	0.0	1088.8957111806008	56.85164322001615
248	53.036789190634046	14168.5907196666	2048.618133284025	0.0	1089.917454043029	53.036789190634046
249	53.59335762870052	14222.184077295306	2052.692157176518	0.0	1095.0792236367786	53.59335762870052
250	54.42951176883424	14276.613589064134	2059.000576206362	0.0	1095.6267425084652	54.42951176883424
251	53.881990782013105	14330.495579846145	2063.802058126164	0.0	1098.9539072270911	53.881990782013105
252	53.3229592766762	14383.81853912282	2069.7502714183943	0.0	1104.3523466360762	53.3229592766762
253	52.927764874347446	14436.746303997177	2075.814078102976	0.0	1103.2978262113816	52.927764874347446
254	56.42921630026688	14493.175520297436	2083.71536918047	0.0	1103.6212108667373	56.42921630026688
255	54.99801864942853	14548.17353894686	2089.4309860155686	0.0	1109.7938126501629	54.99801864942853
256	57.55717152954559	14605.730710476415	2098.877081739074	0.0	1111.4633156707018	57.55717152954559
257	56.863939107274035	14662.594649583685	2106.2914745612197	0.0	1112.83286695507	56.863939107274035
258	51.33044654099175	14713.925096124678	2111.081370646998	0.0	1121.0249620194159	51.33044654099175
259	57.727288933457814	14771.65238505813	2120.4997543391155	0.0	1128.458071652162	57.727288933457814
260	58.150598088649886	14829.80298314678	2128.0748600943107	0.0	1137.5985203447779	58.150598088649886
261	55.4426060505837	14885.245589197359	2134.795195679808	0.0	1138.1291449863336	55.4426060505837
262	56.95026669968467	14942.195855897051	2143.7088307071062	0.0	1138.580105902355	56.95026669968467
263	51.90118490717662	14994.097040804229	2147.8046444675692	0.0	1142.0803537765748	51.90118490717662
264	56.68167838083502	15050.778719185062	2156.0967917630846	0.0	1141.726169964257	56.68167838083502
265	62.0145287040339	15112.793247889093	2169.688864123679	0.0	1153.4699550057321	62.0145287040339
266	55.06899038839158	15167.862238277483	2175.1522857912064	0.0	1161.7789989275368	55.06899038839158
267	55.41812010452	15223.280358382008	2180.152906157591	0.0	1173.5102441678118	55.41812010452
268	55.41705245948643	15278.69741084149	2188.8781462783886	0.0	1174.1869403319465	55.41705245948643
269	56.360035720788204	15335.057446562292	2196.6255388145187	0.0	1175.313129509733	56.360035720788204
270	54.75625290814124	15389.813699470425	2201.8859289006705	0.0	1179.468499335008	54.75625290814124
271	56.79103635170128	15446.604735822126	2211.2631553714627	0.0	1182.0343870478164	56.79103635170128
272	56.226992588698295	15502.831728410822	2219.6370844371945	0.0	1185.080357346641	56.226992588698295
273	55.54276892328653	15558.374497334114	2226.470106916514	0.0	1195.4986093292641	55.54276892328653
274	50.13703128180859	15608.51152861592	2227.6438096401007	0.0	1198.755558249723	50.13703128180859
275	56.363010072429134	15664.874538688346	2237.3777192215675	0.0	1201.2385545883885	56.363010072429134
276	51.64779284147877	15716.52233152983	2240.118742453551	0.0	1209.8160368651816	51.64779284147877
277	49.36353861324857	15765.885870143084	2241.800916471958	0.0	1211.515070566509	49.36353861324857
278	58.66740284043321	15824.553272983509	2253.399314474187	0.0	1216.828873030964	58.66740284043321
279	57.70999341654533	15882.263266400048	2259.154165643035	0.0	1222.5834368660474	57.70999341654533
280	55.43092495551784	15937.69419135558	2266.909134341189	0.0	1225.6878437443584	55.43092495551784
281	56.986836465156685	15994.681027820736	2274.266302488694	0.0	1233.3455082323267	56.986836465156685
282	59.175305915995196	16053.856333736729	2284.2678628019626	0.0	1240.7838627072867	59.175305915995196
283	57.78962940909679	16111.64596314582	2291.0070163805767	0.0	1242.6060613809411	57.78962940909679
284	52.284876593814545	16163.930839739625	2295.1404009906823	0.0	1245.8237041647446	52.284876593814545
285	61.37855508471141	16225.309394824353	2308.8647901351583	0.0	1248.2199345374893	61.37855508471141
286	58.0693246422634	16283.378719466606	2318.08113039555	0.0	1250.6023094654618	58.0693246422634
287	51.555148786107914	16334.93386825272	2322.528717635879	0.0	1252.2300920885511	51.555148786107914
288	52.08693623876086	16387.02080449148	2322.928095928611	0.0	1255.8754602214854	52.08693623876086
289	57.547341040959225	16444.56814553243	2333.1022420138206	0.0	1261.29030924821	57.547341040959225
290	57.99062842582783	16502.558773958273	2342.816590554971	0.0	1262.5867967114616	57.99062842582783
291	60.30824205434915	16562.867016012617	2355.4166644946595	0.0	1267.169675018884	60.30824205434915
292	57.04602196151388	16619.913037974133	2363.625088682852	0.0	1274.2763814182115	57.04602196151388
293	58.862464292442404	16678.77550226658	2374.1508481501423	0.0	1277.6259553911286	58.862464292442404
294	55.80856961730724	16734.58407188388	2379.3831779296193	0.0	1279.330465067825	55.80856961730724
295	58.121608010971116	16792.705679894858	2387.748220519896	0.0	1281.3031197378032	58.121608010971116
296	55.28685956843067	16847.992539463277	2391.5108190809533	0.0	1287.0070576761755	55.28685956843067
297	58.014020400380105	16906.00655986365	2400.812104510859	0.0	1286.4227341596572	58.014020400380105
298	55.39019461318961	16961.39675447685	2411.391330528901	0.0	1289.3921544843522	55.39019461318961
299	58.82945225911356	17020.22620673595	2422.4663695928366	0.0	1291.5471216063577	58.82945225911356
300	56.094073664279094	17076.320280400243	2431.1672813308232	0.0	1296.1659865813972	56.094073664279094
301	54.70896001197288	17131.029240412216	2435.909764995683	0.0	1297.806552557603	54.70896001197288
302	55.31378840676751	17186.343028818985	2440.2956579658844	0.0	1300.6827658131606	55.31378840676751
303	57.20304256528286	17243.546071384266	2450.707297260828	0.0	1302.7409898560663	57.20304256528286
304	55.56226897704281	17299.10834036131	2458.7572167545704	0.0	1306.9931873460353	55.56226897704281
305	50.96832542747163	17350.076665788776	2460.493719599393	0.0	1308.159950923739	50.96832542747163
306	57.90505736255595	17407.981723151333	2469.5569153833762	0.0	1310.615052732354	57.90505736255595
307	58.38139867665755	17466.363121827984	2477.758004083756	0.0	1312.643318986459	58.38139867665755
308	51.97335314577209	17518.336474973763	2479.7611393639654	0.0	1315.8011433032714	51.97335314577209
309	54.697046150070676	17573.033521123834	2485.469451919755	0.0	1320.0969586009344	54.697046150070676
310	56.47751653842622	17629.511037662265	2494.969391555556	0.0	1320.7883705771137	56.47751653842622
311	54.99799158051974	17684.50902924279	2501.626906094997	0.0	1327.5243228318832	54.99799158051974
312	58.401615096098176	17742.91064433887	2513.3008013617477	0.0	1330.8845593031594	58.401615096098176
313	53.82864218110307	17796.739286519976	2519.8189403306483	0.0	1333.4872495818115	53.82864218110307
314	54.33231113358735	17851.07159765358	2526.340613517894	0.0	1336.3420454982534	54.33231113358735
315	56.839334806526686	17907.91093246009	2535.2632779652467	0.0	1341.8053664109116	56.839334806526686
316	53.66341902033745	17961.57435148043	2539.5968048345067	0.0	1342.4118312574267	53.66341902033745
317	55.87446319776735	18017.4488146782	2544.643160358649	0.0	1346.5785032850936	55.87446319776735
318	52.392342241658895	18069.841156919854	2548.06884336562	0.0	1348.160254461569	52.392342241658895
319	58.42226126644076	18128.2634181863	2556.3443428938035	0.0	1352.7320069966124	58.42226126644076
320	56.273536800758954	18184.53695498706	2563.1614857136847	0.0	1355.1246651061936	56.273536800758954
321	53.64879016499939	18238.18574515206	2569.383594252205	0.0	1357.596484682946	53.64879016499939
322	56.04969577384743	18294.235440925906	2574.431234764046	0.0	1360.678359529161	56.04969577384743
323	56.49143681816057	18350.72687774407	2580.798994628571	0.0	1362.306959412491	56.49143681816057
324	55.46020779260241	18406.187085536665	2587.2271550445507	0.0	1365.3985796868533	55.46020779260241
325	54.82676958311708	18461.01385511979	2591.268420316525	0.0	1366.1307754452603	54.82676958311708
326	51.87161391842145	18512.885469038203	2593.824946622708	0.0	1368.604408772716	51.87161391842145
327	53.8762383787674	18566.761707416972	2598.556991554855	0.0	1369.4668013439232	53.8762383787674
328	53.906099555908284	18620.66780697288	2603.7871063799726	0.0	1371.7675833605529	53.906099555908284
329	57.10595174040096	18677.773758713287	2611.0791492799794	0.0	1382.4334904712823	57.10595174040096
330	54.39863270370148	18732.172391416992	2619.000171680205	0.0	1390.5148456989764	54.39863270370148
331	56.547312916552265	18788.71970433354	2628.4007000001275	0.0	1390.9495979708884	56.547312916552265
332	54.40322736833698	18843.122931701884	2631.5996500818164	0.0	1392.481692929168	54.40322736833698
333	57.55954478735001	18900.682476489223	2642.759439118402	0.0	1393.7705637034758	57.55954478735001
334	57.537991164948906	18958.220467654162	2651.7663934078655	0.0	1395.8146932399773	57.537991164948906
335	56.665887446912144	19014.886355101076	2658.994507952057	0.0	1398.6913922352614	56.665887446912144
336	58.22072776576073	19073.107082866845	2669.1087327173027	0.0	1400.1368472413146	58.22072776576073
337	54.15280118869195	19127.25988405554	2674.1212332277983	0.0	1403.9513001749617	54.15280118869195
338	52.95763776191318	19180.21752181746	2678.1945118459785	0.0	1407.4458407520128	52.95763776191318
339	58.76378234151987	19238.98130415897	2688.9646917072037	0.0	1413.052736892269	58.76378234151987
340	58.798214987236435	19297.779519146214	2698.2953183687	0.0	1414.5049962490534	58.798214987236435
341	56.139832923752074	19353.919352069966	2704.620451484075	0.0	1417.4845614162036	56.139832923752074
342	57.595573156566296	19411.514925226526	2713.364671438164	0.0	1431.1494732527262	57.595573156566296
343	56.24244373071779	19467.75736895724	2721.143959029455	0.0	1433.0341192225696	56.24244373071779
344	56.808032532805655	19524.565401490046	2729.620832617792	0.0	1434.102810378104	56.808032532805655
345	57.930157122907424	19582.495558612965	2739.522032225538	0.0	1432.6874991028114	57.930157122907424
346	54.678567127271684	19637.174125740235	2745.823147974313	0.0	1435.7128838486653	54.678567127271684
347	56.58075114219101	19693.754876882424	2754.834643800868	0.0	1436.5942035270043	56.58075114219101
348	55.71144589671187	19749.46632277914	2760.2451567949524	0.0	1436.697095788388	55.71144589671187
349	60.18029990312236	19809.64662268225	2772.162630504586	0.0	1438.1124789360679	60.18029990312236
350	56.235151074068405	19865.88177375631	2780.4308252041483	0.0	1440.239025131126	56.235151074068405
351	56.4509906101837	19922.332764366496	2786.57397342431	0.0	1442.6190920465551	56.4509906101837
352	62.11316958833831	19984.44593395484	2801.0834174233446	0.0	1447.030296466313	62.11316958833831
353	57.46082040045785	20041.906754355303	2809.856821005201	0.0	1450.4869156339257	57.46082040045785
354	54.770166879614834	20096.67692123492	2813.8636124146274	0.0	1454.0009727241202	54.770166879614834
355	53.02956761096384	20149.70648884588	2819.1600409940543	0.0	1459.2525509532477	53.02956761096384
356	53.298347118966106	20203.004835964843	2825.0037044815253	0.0	1464.0519528193856	53.298347118966106
357	55.785808082820395	20258.790644047676	2832.3994636455614	0.0	1465.303202673773	55.785808082820395
358	54.62271946807787	20313.413363515752	2837.7772505590315	0.0	1469.5935683571497	54.62271946807787
359	52.81995804732897	20366.233321563075	2839.6832606484886	0.0	1471.7297025132564	52.81995804732897
360	58.49418430511664	20424.72750586818	2849.596571899089	0.0	1473.6618244137082	58.49418430511664
361	54.22142168249424	20478.94892755069	2853.1858324468635	0.0	1476.3045042387123	54.22142168249424
362	58.71751905615699	20537.66644660684	2863.5525582467394	0.0	1476.499280439761	58.71751905615699
363	51.58016107164777	20589.24660767849	2866.265734508527	0.0	1480.9885729460527	51.58016107164777
364	59.87292259131728	20649.119530269814	2875.7633480944855	0.0	1485.3392584145424	59.87292259131728
365	58.165569212806375	20707.285099482608	2884.767957392494	0.0	1486.9045497476586	58.165569212806375
366	56.22566656685577	20763.51076604947	2891.8864034681887	0.0	1487.6654820312551	56.22566656685577
367	57.98772556921352	20821.498491618684	2900.55946971694	0.0	1489.7739970160962	57.98772556921352
368	60.35641163595996	20881.85490325463	2911.3991022117975	0.0	1492.3418008138322	60.35641163595996
369	54.491525947308745	20936.346429201953	2918.453322624104	0.0	1494.5352914914681	54.491525947308745
370	54.35625098474844	20990.702680186703	2926.9263353033107	0.0	1500.96506441889	54.35625098474844
371	59.74726992500141	21050.449950111702	2937.913178774818	0.0	1502.4439644473414	59.74726992500141
372	57.91904678080501	21108.368996892506	2946.440588461162	0.0	1505.692244817211	57.91904678080501
373	54.70479728347622	21163.073794175976	2951.491218324797	0.0	1506.5283394312357	54.70479728347622
374	55.51139726473341	21218.58519144072	2956.878154732532	0.0	1517.7573252013922	55.51139726473341
375	53.42612151437477	21272.011312955092	2959.708919972533	0.0	1519.1780464097562	53.42612151437477
376	51.06986324204663	21323.081176197138	2961.436511537308	0.0	1522.374008404874	51.06986324204663
377	56.27207642452679	21379.353252621662	2967.433928053595	0.0	1525.9338291750896	56.27207642452679
378	57.73039454857846	21437.083647170235	2977.7193580792577	0.0	1527.8537230575203	57.73039454857846
379	53.856099403745255	21490.93974657399	2983.5000284123757	0.0	1532.9171580954362	53.856099403745255
380	54.97476747713166	21545.914514051125	2989.5250374180846	0.0	1534.3770630732354	54.97476747713166
381	57.17663842134571	21603.091152472465	2996.7844464111467	0.0	1537.0499004127705	57.17663842134571
382	54.18992074704031	21657.281073219496	3002.6739430217262	0.0	1541.599074996165	54.18992074704031
383	56.81970117981639	21714.100774399318	3011.6840136101882	0.0	1544.8139090547509	56.81970117981639
384	51.67470056622068	21765.775474965536	3014.4331412092592	0.0	1550.0856923530894	51.67470056622068
385	56.83592236433258	21822.61139732987	3019.8595252053183	0.0	1554.4979917047551	56.83592236433258
386	49.413881848317395	21872.02527917819	3021.536340312201	0.0	1557.89356003584	49.413881848317395
387	55.04765144996713	21927.072930628154	3026.7478325381985	0.0	1560.6778140774004	55.04765144996713
388	56.881993670828514	21983.954924298985	3035.237237179582	0.0	1562.4865299012836	56.881993670828514
389	55.7552018612499	22039.710126160233	3040.04743478997	0.0	1565.8844669871805	55.7552018612499
390	55.861482489311136	22095.571608649545	3046.5982134617293	0.0	1567.340283843328	55.861482489311136
391	55.38502124485542	22150.956629894397	3050.989143148555	0.0	1571.9345148373502	55.38502124485542
392	55.201801869852574	22206.158431764263	3056.4799472362674	0.0	1574.1025311489404	55.201801869852574
393	55.08643103821336	22261.244862802487	3062.1404941056053	0.0	1576.241095804742	55.08643103821336
394	59.76484145398915	22321.00970425644	3074.6656605257963	0.0	1577.3826965765795	59.76484145398915
395	57.15260336626382	22378.162307622722	3084.2682622084117	0.0	1578.1198370609657	57.15260336626382
396	52.904311071871255	22431.066618694596	3088.9744167262556	0.0	1581.9394830465253	52.904311071871255
397	54.93757445208724	22486.004193146684	3094.151268393602	0.0	1587.099442575016	54.93757445208724
398	54.123046645826996	22540.127239792513	3098.0559244238416	0.0	1591.1835484685414	54.123046645826996
399	55.05227606639832	22595.17951585891	3103.813917814887	0.0	1594.3606721590334	55.05227606639832
400	55.254292662642285	22650.43380852154	3110.448797300266	0.0	1602.2024329402038	55.254292662642285
401	55.12414910913887	22705.557957630685	3116.9707136671645	0.0	1606.57655124572	55.12414910913887
402	54.62676738328219	22760.184725013973	3124.8230266072824	0.0	1609.3338471099378	54.62676738328219
403	56.69955059282473	22816.88427560679	3133.5599845739825	0.0	1613.204051478688	56.69955059282473
404	59.15685216811649	22876.041127774908	3143.7597439565848	0.0	1616.7405213834218	59.15685216811649
405	55.80431564792602	22931.845443422837	3149.8383772305096	0.0	1620.4150539993952	55.80431564792602
406	56.980238535616046	22988.82568195845	3157.9289653667165	0.0	1626.0111311883902	56.980238535616046
407	57.63372113251026	23046.45940309096	3167.8877614621388	0.0	1629.2649816236844	57.63372113251026
408	59.86891772817725	23106.328320819135	3177.9112625140497	0.0	1630.551054397778	59.86891772817725
409	51.895909968134504	23158.22423078727	3182.665822497738	0.0	1632.5202187415396	51.895909968134504
410	56.43684191920407	23214.661072706465	3191.323410018029	0.0	1632.429444781243	56.43684191920407
411	60.13894492156382	23274.800017628047	3201.8374175018093	0.0	1636.627878654318	60.13894492156382
412	51.781662159928956	23326.581679787967	3204.8350804974225	0.0	1639.9989823669132	51.781662159928956
413	56.7315983616226	23383.3132781496	3212.950048091892	0.0	1645.8102390741556	56.7315983616226
414	58.42140897642775	23441.734687126012	3222.6776980476516	0.0	1645.3299144172065	58.42140897642775
415	52.535290538764656	23494.269977664793	3227.2335599437683	0.0	1646.938398948517	52.535290538764656
416	54.10166050039047	23548.371638165176	3233.647720685335	0.0	1650.8326931545917	54.10166050039047
417	53.27090400929919	23601.642542174464	3238.615395129222	0.0	1654.5013555485698	53.27090400929919
418	54.62209183951075	23656.264634013987	3244.411992831594	0.0	1654.8927328963512	54.62209183951075
419	59.68387122445494	23715.94850523844	3254.6377917913887	0.0	1655.444758116788	59.68387122445494
420	53.956432497457165	23769.904937735893	3259.5612228125824	0.0	1658.029616959301	53.956432497457165
421	56.86490448354981	23826.769842219437	3266.8431002095235	0.0	1659.6201344857698	56.86490448354981
422	55.59726330722433	23882.367105526668	3274.8818516927613	0.0	1662.4855087492267	55.59726330722433
423	54.553336632353606	23936.92044215902	3279.0891386803846	0.0	1666.124632899964	54.553336632353606
424	58.8051340672232	23995.72557622625	3288.8134140660886	0.0	1667.4572142579225	58.8051340672232
425	56.37532109530207	24052.10089732155	3295.375152559058	0.0	1671.6616339713178	56.37532109530207
426	59.559225506425065	24111.660122827972	3305.3653768789595	0.0	1673.4973092561122	59.559225506425065
427	59.4425163693594	24171.102639197325	3316.774613734164	0.0	1678.361293337788	59.4425163693594
428	61.07540171082067	24232.178040908162	3330.090674001408	0.0	1682.1534158136865	61.07540171082067
429	50.967273287776194	24283.14531419592	3331.77941794316	0.0	1686.556174403603	50.967273287776194
430	54.55261594665623	24337.697930142596	3334.479646030864	0.0	1691.5826836325002	54.55261594665623
431	57.93992829191113	24395.6378584345	3341.4969603668023	0.0	1695.4621804795386	57.93992829191113
432	61.302876106623046	24456.940734541124	3355.7252214831974	0.0	1699.4836767459958	61.302876106623046
433	58.99310340811024	24515.93383794923	3365.542254305432	0.0	1701.2626830386475	58.99310340811024
434	55.02299235898758	24570.956830308212	3371.480600670637	0.0	1708.0739981502466	55.02299235898758
435	58.574903098999044	24629.53173340722	3380.6388183519807	0.0	1717.2907935248577	58.574903098999044
436	52.81584432928984	24682.347577736513	3385.460656816709	0.0	1727.3038332715223	52.81584432928984
437	60.41053230040163	24742.758110036906	3398.474058672399	0.0	1728.6312189321786	60.41053230040163
438	52.88922640460207	24795.64733644152	3400.5069123868248	0.0	1731.6859936442524	52.88922640460207
439	61.035698740515215	24856.68303518202	3412.728631072755	0.0	1742.146285973576	61.035698740515215
440	55.540401380418345	24912.22343656246	3417.2143309362086	0.0	1748.7931894913745	55.540401380418345
441	58.65437948258345	24970.87781604503	3426.9567830483743	0.0	1752.2675418822635	58.65437948258345
442	57.309939727793946	25028.187755772822	3435.5527766787714	0.0	1753.412350960125	57.309939727793946
443	51.90345182508852	25080.091207597918	3435.977228037655	0.0	1756.6486732480969	51.90345182508852
444	53.88678467972049	25133.977992277636	3441.2288696572336	0.0	1760.178771549062	53.88678467972049
445	55.06796124585962	25189.045953523495	3448.9638346355	0.0	1765.9573020492023	55.06796124585962
446	55.76698028482558	25244.81293380831	3454.2989527992804	0.0	1768.8992476076062	55.76698028482558
447	56.835080751350176	25301.648014559665	3461.3016993229376	0.0	1773.5290833159584	56.835080751350176
448	54.37329958736716	25356.021314147034	3464.8188792141423	0.0	1778.162161689769	54.37329958736716
449	55.497122848378325	25411.518436995422	3473.60050364426	0.0	1783.9304531360835	55.497122848378325
450	55.55647930803691	25467.074916303445	3477.732528382266	0.0	1786.9786918223353	55.55647930803691
451	56.60265287862344	25523.677569182077	3484.6147843210806	0.0	1790.0987426195472	56.60265287862344
452	54.285042694802584	25577.962611876876	3491.183988607892	0.0	1791.4957736945262	54.285042694802584
453	56.81183170385535	25634.774443580733	3499.367898905775	0.0	1796.7923929460906	56.81183170385535
454	56.76349365788606	25691.5379372386	3507.0036929790954	0.0	1798.538318120785	56.76349365788606
455	59.81415531609381	25751.352092554705	3518.024932946012	0.0	1810.9626654999051	59.81415531609381
456	56.94065119738092	25808.292743752092	3525.648456033085	0.0	1812.6957519491777	56.94065119738092
457	53.58694656035928	25861.879690312453	3531.7126008312202	0.0	1815.3444323343933	53.58694656035928
458	59.96432867629096	25921.84401898873	3541.860469252093	0.0	1819.9812774785946	59.96432867629096
459	63.88121011660045	25985.72522910534	3556.7737614635885	0.0	1824.893158721971	63.88121011660045
460	51.29339458183069	26037.018623687174	3558.6599598320627	0.0	1827.842749510276	51.29339458183069
461	52.295301482154976	26089.313925169336	3562.848243098249	0.0	1829.1572095544757	52.295301482154976
462	56.13391437827921	26145.447839547614	3570.882655061927	0.0	1833.5967233349606	56.13391437827921
463	57.42135615394832	26202.869195701554	3581.201540485625	0.0	1838.0093347150785	57.42135615394832
464	64.1418980275152	26267.01109372907	3594.023546528173	0.0	1839.4082075554415	64.1418980275152
465	55.41906806516911	26322.430161794236	3599.9992767878866	0.0	1845.0375845805802	55.41906806516911
466	56.70584610305618	26379.13600789728	3607.8901438026614	0.0	1847.0350024430325	56.70584610305618
467	58.707974187497456	26437.84398208478	3615.1854112237465	0.0	1848.295244427546	58.707974187497456
468	53.83033193299287	26491.674314017775	3622.7019208646943	0.0	1851.6423806190273	53.83033193299287
469	53.621256025643376	26545.295570043432	3630.2976765319418	0.0	1857.7835069796113	53.621256025643376
470	57.61705947362991	26602.91262951706	3638.6939910075644	0.0	1862.9896944525465	57.61705947362991
471	53.66374013948712	26656.576369656563	3643.5258207288452	0.0	1867.0596606922018	53.66374013948712
472	50.41154719508722	26706.987916851638	3644.166797096546	0.0	1869.5381025516933	50.41154719508722
473	52.371943109577614	26759.35985996122	3647.3930545595663	0.0	1872.7945138749624	52.371943109577614
474	56.593521405729255	26815.95338136694	3653.5606784383144	0.0	1871.797819975136	56.593521405729255
475	58.3412663870372	26874.29464775397	3663.869750501235	0.0	1874.1391875119555	58.3412663870372
476	55.14846304282477	26929.443110796794	3669.820053501084	0.0	1877.2527904040876	55.14846304282477
477	50.65491295009439	26980.09802374688	3671.6784228663532	0.0	1879.774228857402	50.65491295009439
478	56.56515613847969	27036.66317988538	3680.8007657312696	0.0	1882.0333257881814	56.56515613847969
479	56.545114921562735	27093.20829480695	3687.0827569943503	0.0	1883.9318056935754	56.545114921562735
480	55.20270406410208	27148.410998871037	3693.8359027653946	0.0	1887.3562011019192	55.20270406410208
481	52.64836993309041	27201.059368804134	3699.7562119999893	0.0	1888.7474340507702	52.64836993309041
482	59.96168119070343	27261.02104999484	3709.845369298099	0.0	1888.8187521679104	59.96168119070343
483	61.667130811154955	27322.688180805995	3723.1993464377224	0.0	1891.748099138079	61.667130811154955
484	56.60843907161051	27379.29661987759	3732.3918922068156	0.0	1894.117384263639	56.60843907161051
485	57.7457345630803	27437.042354440677	3742.4879831304647	0.0	1898.000833860073	57.7457345630803
486	55.408119386440404	27492.450473827124	3749.1661191954277	0.0	1901.2178320087507	55.408119386440404
487	55.28734092791536	27547.73781475503	3756.8415267697105	0.0	1901.9699147922897	55.28734092791536
488	54.65393417707247	27602.39174893211	3761.5919271157854	0.0	1904.4369827084681	54.65393417707247
489	62.45880624109628	27664.85055517319	3775.292750945546	0.0	1905.2048578755152	62.45880624109628
490	53.99841956436909	27718.84897473757	3778.573275239776	0.0	1907.7921743483532	53.99841956436909
491	53.32486855150981	27772.17384328909	3781.675039222169	0.0	1911.0017500893334	53.32486855150981
492	58.42045518774882	27830.59429847684	3791.102712781109	0.0	1915.2028545165863	58.42045518774882
493	59.123462148774635	27889.71776062559	3801.57930839328	0.0	1917.0639679943415	59.123462148774635
494	57.89878461133016	27947.616545236924	3810.249904180104	0.0	1921.254316104661	57.89878461133016
495	50.389587804357035	27998.006133041275	3813.1484903065143	0.0	1924.676382596577	50.389587804357035
496	57.50935068629244	28055.51548372759	3821.2918948906254	0.0	1928.8012856037308	57.50935068629244
497	61.49979778875061	28117.015281516356	3834.2298230136857	0.0	1930.624918772305	61.49979778875061
498	49.9287390197554	28166.9440205361	3833.978625943224	0.0	1934.7312203826027	49.9287390197554
499	61.810479843961545	28228.754500380048	3845.7728380248504	0.0	1941.5159607033916	61.810479843961545
500	55.97300217824793	28284.7275025583	3853.7412674359675	0.0	1943.4382278511166	55.97300217824793
501	54.17142926491687	28338.8989318232	3858.9050155565224	0.0	1949.4102567763905	54.17142926491687
502	54.366955916003526	28393.265887739206	3858.9050155565224	0.0	1953.2731525290608	54.366955916003526
