task	reward	total_reward	total_regret	relative	total_reward_dev	joules
0	72.27560289899638	72.27560289899638	1.9431052930117334	0.0	6.978292322130612	72.27560289899638
1	70.43746761443037	142.71307051342671	1.2102671925576254	0.0	10.496985885414615	70.43746761443037
2	71.69981370502063	214.41288421844737	1.2961652102596504	0.0	14.24878643074052	71.69981370502063
3	70.775990771999	285.18887499044627	1.3676597603446923	0.0	14.696812908277192	70.775990771999
4	72.71834142650201	357.90721641694836	2.07983911234261	0.0	15.552223480233073	72.71834142650201
5	71.65547430460482	429.56269072155305	3.4424220245190353	0.0	17.958028432911522	71.65547430460482
6	70.52149627776878	500.08418699932184	3.031480490706236	0.0	19.32036574130508	70.52149627776878
7	72.34248706633812	572.4266740656602	4.3985389001826745	0.0	21.668333381641112	72.34248706633812
8	70.35881657777401	642.785490643434	3.5145757611206703	0.0	22.81974872470688	70.35881657777401
9	71.09081517440632	713.8763058178407	2.7381280186581707	0.0	23.935512719367	71.09081517440632
10	71.18756924727514	785.0638750651153	3.889928432135415	0.0	25.086562540955086	71.18756924727514
11	71.08790541269788	856.1517804778132	5.11811329637311	0.0	25.391600689922583	71.08790541269788
12	70.86567592653151	927.0174564043455	4.901635086276453	0.0	27.125865883216786	70.86567592653151
13	71.81874278453986	998.8361991888852	6.465382512136082	0.0	28.441510730784845	71.81874278453986
14	69.99343684372262	1068.829636032607	4.50877702775864	0.0	29.78908880128562	69.99343684372262
15	71.96685111571378	1140.796487148321	4.870655796925689	0.0	30.48367616488543	71.96685111571378
16	71.56457965118837	1212.36106679951	5.66988108657687	0.0	30.931906736319448	71.56457965118837
17	70.93304019897323	1283.2941069984831	5.93075104869957	0.0	31.278771635145453	70.93304019897323
18	70.7127734996988	1354.0068804981813	4.946192399346942	0.0	32.15681537748908	70.7127734996988
19	72.41689116683608	1426.423771665018	5.6382121329012715	0.0	32.82272135079187	72.41689116683608
20	70.9151308349894	1497.3389025000067	5.020952114717245	0.0	33.47679526355874	70.9151308349894
21	69.99577507964553	1567.3346775796513	1.4354075153707209	0.0	34.48458305244935	69.99577507964553
22	71.61748561008432	1638.9521631897371	1.583704280872812	0.0	36.22862114797409	71.61748561008432
23	70.06845420885134	1709.020617398588	1.3382784636558358	0.0	35.593642085984484	70.06845420885134
24	72.11176501771628	1781.1323824163046	2.4043787907287264	0.0	35.97986149608006	72.11176501771628
25	70.96465424674747	1852.097036663053	0.6981910232530754	0.0	37.065853285495635	70.96465424674747
26	71.83175436338652	1923.9287910264386	1.9428620661473475	0.0	37.24055558274938	71.83175436338652
27	71.25176609062642	1995.180557117066	2.3023943734639762	0.0	37.60747052489461	71.25176609062642
28	71.52316801783722	2066.703725134902	2.330791443445203	0.0	37.89181635939274	71.52316801783722
29	71.54173406512406	2138.245459200027	3.2816893670811194	0.0	38.817526282134956	71.54173406512406
30	71.30564609210938	2209.5511052921356	3.4202039574532135	0.0	39.49920486485299	71.30564609210938
31	70.4521633513878	2280.0032686435234	3.5207306001538656	0.0	40.64082425472121	70.4521633513878
32	71.57674482647138	2351.5800134699944	4.046070575365852	0.0	42.322667669689565	71.57674482647138
33	71.28696410080872	2422.8669775708036	5.570945018036305	0.0	42.12441015974752	71.28696410080872
34	70.28715315072422	2493.1541307215266	4.090955283435351	0.0	42.45810485165239	70.28715315072422
35	70.67423934923306	2563.828370070761	4.449851859852665	0.0	42.8742741900048	70.67423934923306
36	72.07090641612399	2635.8992764868844	4.507019779429729	0.0	42.734265224222405	72.07090641612399
37	70.44697275529703	2706.346249242182	3.4967998040098927	0.0	42.62534900885052	70.44697275529703
38	71.452281622935	2777.7985308651178	5.096599111830256	0.0	42.66292647483176	71.452281622935
39	70.1667559768886	2847.9652868420067	5.439339620135152	0.0	44.1436293132501	70.1667559768886
40	71.85311104681924	2919.8183978888246	6.502651863178334	0.0	42.78939883768279	71.85311104681924
41	71.58827488346252	2991.4066727722875	7.1590317872261675	0.0	44.52683975796405	71.58827488346252
42	71.3132235276159	3062.719896299904	8.045899479525605	0.0	45.01506192778039	71.3132235276159
43	70.46597589377048	3133.1858721936737	8.617193938256532	0.0	45.30891001722498	70.46597589377048
44	71.59656131479035	3204.7824335084624	9.122581165999204	0.0	46.45520902704666	71.59656131479035
45	71.64159507612743	3276.424028584592	8.832937349390722	0.0	46.70194167232648	71.64159507612743
46	71.02245648027518	3347.4464850648656	9.377850727914302	0.0	48.20431492768676	71.02245648027518
47	70.44263651857595	3417.8891215834424	7.78117678792105	0.0	48.60704174359921	70.44263651857595
48	73.1256540839202	3491.014775667362	10.856068694020433	0.0	49.44765744189371	73.1256540839202
49	71.03755249385017	3562.0523281612127	12.138065610006889	0.0	48.879330562909445	71.03755249385017
50	71.69702841642102	3633.749356577634	13.435992349310636	0.0	49.30334193253815	71.69702841642102
51	71.2625168412338	3705.0118734188704	14.195739199425566	0.0	49.66362305077694	71.2625168412338
52	70.69018694965456	3775.702060368522	14.916525101700154	0.0	50.030033052837936	70.69018694965456
53	71.06509736395074	3846.7671577324722	14.872729975448229	0.0	49.168266779089784	71.06509736395074
54	71.05925973816994	3917.8264174706455	15.34883352652097	0.0	47.89951016112711	71.05925973816994
55	71.39012058431085	3989.2165380549513	15.944730384059522	0.0	48.68685258350805	71.39012058431085
56	71.14553324705567	4060.36207130201	16.185169584686072	0.0	49.266334877695556	71.14553324705567
57	72.15247908560622	4132.514550387615	17.091473876377023	0.0	51.47018487780073	72.15247908560622
58	69.75923541693523	4202.27378580455	14.511785503944234	0.0	52.62531826260097	69.75923541693523
59	72.17655593655873	4274.450341741109	15.388172663763317	0.0	53.478069007715455	72.17655593655873
60	70.45655918658318	4344.906900927695	14.459293415910714	0.0	55.685514633365415	70.45655918658318
61	70.82352735771768	4415.730428285412	14.549344742338034	0.0	55.954643015207914	70.82352735771768
62	70.60059009016058	4486.331018375573	15.025859016694286	0.0	56.92313281810492	70.60059009016058
63	71.45752433294766	4557.788542708517	15.516399678235812	0.0	58.756202175660626	71.45752433294766
64	71.18471101823816	4628.973253726758	16.411202149556928	0.0	59.742690774268944	71.18471101823816
65	72.7755563889649	4701.748810115721	17.86623176911029	0.0	61.092025702664216	72.7755563889649
66	71.59576451595329	4773.344574631675	17.75624050879719	0.0	61.584174445630794	71.59576451595329
67	72.10276828148962	4845.447342913165	18.734516164952456	0.0	62.08966522464668	72.10276828148962
68	71.76317113399404	4917.210514047159	19.096152101345716	0.0	63.367244858609965	71.76317113399404
69	71.08366159160246	4988.294175638761	19.044383122832304	0.0	64.61203868728929	71.08366159160246
70	71.30660059594483	5059.600776234705	20.29703838330836	0.0	65.73219321332533	71.30660059594483
71	70.18781903260785	5129.788595267313	19.580419396171173	0.0	67.04766888514663	70.18781903260785
72	70.74785442403767	5200.536449691351	20.692545780861856	0.0	68.3000282086273	70.74785442403767
73	70.81772017899969	5271.354169870352	19.958788242595446	0.0	68.13364065674654	70.81772017899969
74	71.52187988747608	5342.876049757828	20.542462045982347	0.0	69.05402607216003	71.52187988747608
75	71.16779808117877	5414.043847839008	19.833867410934598	0.0	69.94208123009349	71.16779808117877
76	71.28889956170025	5485.3327474007065	20.908100434429308	0.0	72.96084976837798	71.28889956170025
77	70.77762997205926	5556.1103773727655	20.535722949204583	0.0	73.14509858633436	70.77762997205926
78	71.38660376542805	5627.4969811381925	20.53547591861534	0.0	73.42955452867096	71.38660376542805
79	69.9915829636897	5697.488564101883	19.901491919523924	0.0	73.84269096487809	69.9915829636897
80	70.76851319230153	5768.2570772941845	19.509470781692343	0.0	74.43090901722589	70.76851319230153
81	70.05367625788485	5838.310753552068	19.022993897647346	0.0	75.24342645109611	70.05367625788485
82	70.5557333563331	5908.8664869084	18.357913952381587	0.0	74.87644878616717	70.5557333563331
83	70.9086130715368	5979.775099979943	17.803744161296727	0.0	75.8078246943697	70.9086130715368
84	71.48757172386922	6051.262671703811	18.66108006839192	0.0	75.88700510008074	71.48757172386922
85	72.6964428755058	6123.959114579313	20.787057066750677	0.0	76.46554241653824	72.6964428755058
86	71.43715566143551	6195.396270240752	21.31929063535241	0.0	76.7952151792674	71.43715566143551
87	71.19893726740142	6266.595207508155	22.037217424852333	0.0	77.37820127757826	71.19893726740142
88	72.70282123302167	6339.298028741173	22.99812297952151	0.0	77.32782625350944	72.70282123302167
89	71.35292822365746	6410.650956964832	23.30563067764444	0.0	77.50658573192912	71.35292822365746
90	71.81694213686927	6482.467899101699	23.696271043073057	0.0	78.25587726122293	71.81694213686927
91	72.9801988874819	6555.44809798918	24.077861783399058	0.0	80.06209490698659	72.9801988874819
92	72.37161843190968	6627.819716421092	26.062105064335967	0.0	81.37083814714343	72.37161843190968
93	71.51215962960896	6699.331876050698	26.652564695550044	0.0	81.99829136488712	71.51215962960896
94	71.88710118514588	6771.218977235845	27.43732657763946	0.0	82.74756144805177	71.88710118514588
95	71.8599664842792	6843.078943720126	28.75396359106634	0.0	81.50962391650891	71.8599664842792
96	70.5700477942348	6913.64899151436	28.962813456900985	0.0	83.03628668359028	70.5700477942348
97	70.31116236448152	6983.96015387884	27.899130343535646	0.0	83.3027950995667	70.31116236448152
98	71.67242228593575	7055.632576164774	30.253920111481804	0.0	83.8233576348335	71.67242228593575
99	72.29589519144479	7127.928471356226	31.615467238255587	0.0	83.2209894793556	72.29589519144479
100	71.35364571293698	7199.282117069159	32.4706688491469	0.0	82.34430531954855	71.35364571293698
101	71.3072350851844	7270.589352154347	31.8227682620222	0.0	81.74782112286722	71.3072350851844
102	69.91079103105817	7340.500143185406	28.49481721612209	0.0	80.46462423704777	69.91079103105817
103	71.91862982262818	7412.418773008029	29.441375984991218	0.0	81.7834214788931	71.91862982262818
104	72.57340787636787	7484.992180884399	31.383377433593022	0.0	83.25431008081	72.57340787636787
105	71.68215301419013	7556.674333898587	31.259911630082115	0.0	83.27847579258852	71.68215301419013
106	71.30179794204733	7627.976131840637	30.2574007345497	0.0	83.20795198691943	71.30179794204733
107	72.64105528099608	7700.617187121633	32.99371561666186	0.0	83.57163819168369	72.64105528099608
108	72.18759649955082	7772.804783621183	34.53672964261847	0.0	84.34119804001344	72.18759649955082
109	70.17855110720384	7842.9833347283875	34.2804479604548	0.0	84.20022782596916	70.17855110720384
110	71.67069412097236	7914.654028849359	33.80116095206596	0.0	84.35513399128699	71.67069412097236
111	71.22457934899055	7985.878608198347	32.56377666339873	0.0	85.36031307543875	71.22457934899055
112	71.59289221510909	8057.471500413456	32.78036592551851	0.0	88.36432004036264	71.59289221510909
113	71.75860988842646	8129.230110301884	34.383031773955985	0.0	88.66244953308446	71.75860988842646
114	70.32494099608179	8199.555051297966	33.747575816038406	0.0	89.08751269582989	70.32494099608179
115	69.74502524374891	8269.300076541716	32.00890872739489	0.0	89.73702019938351	69.74502524374891
116	70.93490490383016	8340.234981445543	31.921102798310923	0.0	89.0285857715457	70.93490490383016
117	71.21985126495898	8411.454832710506	31.82073390358698	0.0	90.18368682091693	71.21985126495898
118	70.96274342045245	8482.417576130956	31.607847989974236	0.0	91.13611088554086	70.96274342045245
119	70.78318500955189	8553.20076114051	33.41024493176801	0.0	91.00549933029174	70.78318500955189
120	72.22349461932309	8625.424255759826	35.038659457467254	0.0	90.75005334036841	72.22349461932309
121	71.670373969002	8697.094629728834	36.47252791334875	0.0	90.13068053991188	71.670373969002
122	70.78063226174875	8767.87526199058	36.028734260004654	0.0	91.69125473056704	70.78063226174875
123	71.82443096385167	8839.699692954431	37.41282070129362	0.0	91.2134734417921	71.82443096385167
124	71.27448666161938	8910.974179616049	38.09029758094041	0.0	91.75472104769888	71.27448666161938
125	73.03035007429789	8984.004529690352	39.88579922481947	0.0	92.9039679227618	73.03035007429789
126	70.66456630358795	9054.66909599394	40.72591764236524	0.0	92.57813146944446	70.66456630358795
127	72.75782639497238	9127.42692238891	43.21387781629095	0.0	93.56094091113954	72.75782639497238
128	71.64149483370656	9199.068417222616	43.225286184493946	0.0	94.06816272570393	71.64149483370656
129	72.8722891876503	9271.940706410269	43.44448631327889	0.0	94.95692647729526	72.8722891876503
130	70.05037020690129	9341.991076617167	42.1919990904415	0.0	94.59959693683987	70.05037020690129
131	70.12659031979565	9412.117666936967	42.71233575917131	0.0	94.53461954511022	70.12659031979565
132	71.07672205538252	9483.194388992353	42.800274175011076	0.0	94.76914554762435	71.07672205538252
133	71.395206237894	9554.589595230244	42.288163288022716	0.0	94.93312701540182	71.395206237894
134	71.2707613487969	9625.860356579034	41.8714351761744	0.0	95.45242019920627	71.2707613487969
135	72.1751439368694	9698.035500515909	43.06818854790552	0.0	95.03095953540259	72.1751439368694
136	70.35196465482294	9768.387465170732	41.72972046569534	0.0	95.17935817702264	70.35196465482294
137	72.2494411941422	9840.636906364869	43.57062952650413	0.0	94.81927237976141	72.2494411941422
138	70.97909473512199	9911.616001099997	42.84742266283764	0.0	94.45392642429832	70.97909473512199
139	72.06470802916323	9983.680709129158	43.708985391837814	0.0	94.73089594708561	72.06470802916323
140	70.26289750041624	10053.943606629575	43.00350794510006	0.0	94.41081266081119	70.26289750041624
141	70.30530240088827	10124.24890903046	42.65127900815794	0.0	94.15500138125488	70.30530240088827
142	70.04207757374573	10194.29098660421	41.914388942112836	0.0	96.05860086287379	70.04207757374573
143	70.63824478350894	10264.929231387716	39.1957805518531	0.0	95.00339830183721	70.63824478350894
144	71.34056739928265	10336.269798787	38.92204543205611	0.0	95.80138209007784	71.34056739928265
145	71.8635617127036	10408.133360499705	39.32176029563272	0.0	96.35532512909698	71.8635617127036
146	71.50255642125995	10479.63591692096	39.94516389595028	0.0	96.64611367636263	71.50255642125995
147	71.29681863399236	10550.932735554958	39.74529626678557	0.0	96.31820653444812	71.29681863399236
148	69.92057762818703	10620.853313183148	40.169555232230124	0.0	96.19083298580742	69.92057762818703
149	71.55385097936808	10692.407164162512	41.48761055808925	0.0	96.2337318552012	71.55385097936808
150	69.94119820799314	10762.348362370505	39.96034194357588	0.0	96.48786659439209	69.94119820799314
151	70.5046143306701	10832.852976701173	39.40232014244644	0.0	96.01822921859942	70.5046143306701
152	70.29885437408849	10903.151831075264	38.65945932059052	0.0	97.70566056821755	70.29885437408849
153	70.77536179235683	10973.927192867619	38.78303477883914	0.0	98.8401963325154	70.77536179235683
154	72.27926282258979	11046.206455690219	39.26102993733579	0.0	100.55374286043157	72.27926282258979
155	72.00036739062952	11118.206823080836	39.870428299356284	0.0	101.11956811893435	72.00036739062952
156	71.47660566612252	11189.683428746965	40.01247719580672	0.0	102.94651372461874	71.47660566612252
157	70.91297293434398	11260.596401681309	38.79021136632737	0.0	103.13572941724905	70.91297293434398
158	71.34968982176625	11331.946091503072	39.26604912123545	0.0	104.76515703688094	71.34968982176625
159	71.98564295719584	11403.931734460279	40.138024284278764	0.0	105.16620369480246	71.98564295719584
160	71.6737132258661	11475.605447686135	41.03170978388236	0.0	106.21922154594941	71.6737132258661
161	70.344034337227	11545.949482023365	40.99302195431281	0.0	105.41654399610809	70.344034337227
162	70.2634369978071	11616.212919021167	40.35712578869559	0.0	106.75878874941196	70.2634369978071
163	71.6136968291308	11687.826615850301	41.409332085291425	0.0	107.4389922918029	71.6136968291308
164	70.87566935848983	11758.702285208788	41.675760593056985	0.0	107.56943516706623	70.87566935848983
165	71.40277003785961	11830.105055246644	42.473886706002304	0.0	107.67018518139463	71.40277003785961
166	70.0084025859736	11900.113457832618	41.16708591535667	0.0	108.12169079933258	70.0084025859736
167	70.90162669826947	11971.015084530893	40.45090318869572	0.0	108.35586142458213	70.90162669826947
168	71.6915125962696	12042.706597127168	40.43033212988841	0.0	107.93709940286602	71.6915125962696
169	70.48195899260887	12113.18855611976	40.873046902567836	0.0	108.62200724767074	70.48195899260887
170	71.06691292078536	12184.255469040556	40.314161737612	0.0	110.60867499677259	71.06691292078536
171	71.33256488732057	12255.588033927872	41.75103122427748	0.0	109.96151590832274	71.33256488732057
172	70.88798381579949	12326.476017743676	42.10384316252606	0.0	109.9839723233338	70.88798381579949
173	71.88829091811922	12398.364308661792	41.89024458160724	0.0	111.16082066250472	71.88829091811922
174	72.2100091811386	12470.574317842938	42.123063883479496	0.0	111.79048461566241	72.2100091811386
175	71.96001979965308	12542.534337642584	43.52022727603642	0.0	111.84720380219547	71.96001979965308
176	71.57763159833051	12614.111969240917	45.20026223891682	0.0	112.77213802521113	71.57763159833051
177	71.27274471381568	12685.38471395473	45.28348397368141	0.0	113.9280442661743	71.27274471381568
178	69.6818006169913	12755.066514571723	44.828711209787016	0.0	112.57772889205573	69.6818006169913
179	71.45380661878585	12826.520321190506	44.397074561819956	0.0	112.73885248708991	71.45380661878585
180	71.51883925913626	12898.039160449647	45.85654920751758	0.0	113.2849202399098	71.51883925913626
181	71.61972071965879	12969.658881169304	45.85309599914879	0.0	113.97400421253091	71.61972071965879
182	70.69944767212583	13040.35832884143	44.94342402090615	0.0	114.16539950723842	70.69944767212583
183	71.23311715146708	13111.591445992897	45.097630264783746	0.0	115.7527272029196	71.23311715146708
184	71.78660432258235	13183.37805031548	46.31504001720601	0.0	116.22716033427935	71.78660432258235
185	71.51510556501897	13254.893155880503	47.79879698610619	0.0	116.57891009973748	71.51510556501897
186	71.0540228029701	13325.947178683475	48.900891115979086	0.0	117.21933548458243	71.0540228029701
187	72.01271230005287	13397.959890983524	49.12608412243844	0.0	117.50145993460875	72.01271230005287
188	71.40179149848785	13469.36168248202	49.65449065639048	0.0	117.28746283222374	71.40179149848785
189	71.30941311143192	13540.671095593443	48.74270821884644	0.0	118.09465744082537	71.30941311143192
190	71.07689747147703	13611.747993064917	49.830247364815044	0.0	118.20808236773586	71.07689747147703
191	69.90885358531165	13681.656846650225	48.4430911396231	0.0	118.58025013518215	69.90885358531165
192	70.52678652733546	13752.183633177572	48.5873660810822	0.0	118.25257589709447	70.52678652733546
193	70.91799042695563	13823.101623604518	47.72630835862452	0.0	118.96281671043079	70.91799042695563
194	72.41261552403054	13895.514239128546	48.49378237665822	0.0	120.03020296736992	72.41261552403054
195	69.93044631772784	13965.444685446282	48.03781885751265	0.0	120.7180255524927	69.93044631772784
196	72.6607311038351	14038.10541655012	50.429560431418125	0.0	120.69895893786527	72.6607311038351
197	70.98733110621511	14109.092747656327	49.832484167526836	0.0	120.29095212374756	70.98733110621511
198	71.20934324365072	14180.302090899984	49.26946674675417	0.0	119.59325250295947	71.20934324365072
199	70.88966704157843	14251.191757941559	47.43461945817262	0.0	120.58673343945867	70.88966704157843
200	72.45036573013182	14323.642123671692	48.565169001377924	0.0	118.98629179799038	72.45036573013182
201	73.20346715419015	14396.845590825884	50.91314628214166	0.0	120.27675016187038	73.20346715419015
202	71.20854321627542	14468.054134042155	49.51903020958256	0.0	120.58117879877166	71.20854321627542
203	72.00314262259054	14540.057276664753	49.825074149788996	0.0	121.552669128024	72.00314262259054
204	71.7148674831945	14611.772144147933	50.34345068772256	0.0	122.3058848212201	71.7148674831945
205	71.6127195728313	14683.384863720776	51.051321225027515	0.0	122.37670905394435	71.6127195728313
206	70.95337461379098	14754.338238334563	49.98830791248542	0.0	121.88541686599504	70.95337461379098
207	70.91873270818961	14825.25697104275	49.1957908146328	0.0	123.70905710712556	70.91873270818961
208	70.7202293158182	14895.977200358568	48.83244255374555	0.0	123.77440372405454	70.7202293158182
209	71.1187251232169	14967.09592548179	48.07326420544921	0.0	124.36162077381964	71.1187251232169
210	71.60767020527499	15038.703595687071	48.595112324969726	0.0	126.1432823729592	71.60767020527499
211	71.21836968998275	15109.921965377041	48.39346195446749	0.0	127.22690837351978	71.21836968998275
212	70.59969214924911	15180.521657526302	48.060690889113445	0.0	128.03124033595506	70.59969214924911
213	71.90339955621883	15252.425057082513	48.866350727519055	0.0	129.197840938872	71.90339955621883
214	70.6160455624353	15323.041102644956	47.31084604112255	0.0	130.51237060877324	70.6160455624353
215	70.89620928071179	15393.93731192566	46.58762801734669	0.0	130.14767665684187	70.89620928071179
216	71.90728377082709	15465.844595696492	48.455637736249685	0.0	130.4147025222256	71.90728377082709
217	70.2847864435941	15536.129382140076	47.66187806428552	0.0	129.97264577305293	70.2847864435941
218	70.75404361060414	15606.883425750684	47.145632019940514	0.0	129.45098800983732	70.75404361060414
219	70.7045049882023	15677.587930738886	45.55576065996995	0.0	129.97296515962196	70.7045049882023
220	70.70863920118308	15748.296569940067	44.24593275329526	0.0	131.01337628477188	70.70863920118308
221	70.7688383830072	15819.065408323078	43.23817738781989	0.0	130.85041336030952	70.7688383830072
222	70.26987468951626	15889.335283012595	41.90930809602421	0.0	130.62406633436814	70.26987468951626
223	72.1737616853537	15961.50904469795	43.424395789478496	0.0	131.4247364254732	72.1737616853537
224	70.53933628086602	16032.048380978818	43.63035893317754	0.0	130.88203618015083	70.53933628086602
225	70.41171928532748	16102.460100264145	43.5824465269547	0.0	130.0408980932727	70.41171928532748
226	70.60630025823747	16173.066400522375	43.50862077298149	0.0	128.7971303472186	70.60630025823747
227	72.00803099842923	16245.07443152082	44.08577513719798	0.0	128.20111280889407	72.00803099842923
228	71.53261411128958	16316.607045632094	45.099197184348085	0.0	129.25560544404328	71.53261411128958
229	72.39643554164749	16389.00348117375	46.606225196383164	0.0	128.84187740385138	72.39643554164749
230	70.26767100223799	16459.271152175977	45.09568735989209	0.0	128.20308053430895	70.26767100223799
231	71.82757286525431	16531.098725041236	45.2841255392691	0.0	128.39296267731288	71.82757286525431
232	71.0509455835731	16602.149670624807	44.91083902718059	0.0	128.454836372171	71.0509455835731
233	71.41545878675218	16673.565129411567	45.37679158144221	0.0	128.6996497533368	71.41545878675218
234	71.34192799488719	16744.907057406454	45.619401228631	0.0	130.28851059532494	71.34192799488719
235	72.31210529947509	16817.219162705922	46.49877293329136	0.0	130.85600473929125	72.31210529947509
236	70.41499377916419	16887.634156485088	47.01373179927432	0.0	132.01704657337254	70.41499377916419
237	71.65872130727458	16959.29287779236	47.11185719348425	0.0	133.01098740810576	71.65872130727458
238	71.53697099434997	17030.829848786725	46.426406187309546	0.0	132.55825066120934	71.53697099434997
239	71.47120945660417	17102.301058243323	46.578834080452104	0.0	132.5810854292023	71.47120945660417
240	70.67015823707352	17172.971216480386	46.33915551607235	0.0	133.25947890674394	70.67015823707352
241	72.29043784349216	17245.261654323887	48.85784318525788	0.0	133.2654450337418	72.29043784349216
242	70.75077379421958	17316.0124281181	49.276685622345354	0.0	134.86985846539002	70.75077379421958
243	70.71106006199808	17386.723488180105	49.095109150448955	0.0	135.51043384402882	70.71106006199808
244	71.24629121722529	17457.969779397332	48.96292348986702	0.0	138.0861169186699	71.24629121722529
245	72.84017729407815	17530.809956691406	49.937216388727684	0.0	139.08887221816727	72.84017729407815
246	72.1124970263856	17602.922453717798	51.31327542280185	0.0	139.74596804707915	72.1124970263856
247	70.39476943383254	17673.317223151633	50.28743880103164	0.0	141.14641607990492	70.39476943383254
248	71.2952089316077	17744.61243208323	50.34007351763878	0.0	142.0110168197299	71.2952089316077
249	70.87189667217446	17815.48432875541	50.17880717242217	0.0	143.3607616841435	70.87189667217446
250	71.54913775621537	17887.033466511617	51.294967567253515	0.0	144.00355149922953	71.54913775621537
251	70.06508431980534	17957.09855083143	50.80904800371627	0.0	144.37207616375696	70.06508431980534
252	71.78913038257474	18028.887681214008	51.27656108737916	0.0	144.92925088636613	71.78913038257474
253	72.28351070452412	18101.171191918518	52.23664858994169	0.0	146.32419132954988	72.28351070452412
254	70.63240616731179	18171.80359808584	53.3171650110155	0.0	145.9319766567945	70.63240616731179
255	70.5619954545747	18242.36559354041	51.94901757408261	0.0	147.46613452178343	70.5619954545747
256	71.51107187352676	18313.876665413944	52.26255539465499	0.0	147.0147389217664	71.51107187352676
257	70.29347660339774	18384.170142017334	51.479932802189545	0.0	146.48493326614482	70.29347660339774
258	69.26759831996799	18453.437740337315	49.956690643486	0.0	146.25133979689286	69.26759831996799
259	72.21523976477135	18525.65298010208	50.432919235469164	0.0	146.4353531472321	72.21523976477135
260	71.07852180188256	18596.731501903956	51.024465513098804	0.0	145.90792097188563	71.07852180188256
261	70.878771362487	18667.610273266448	49.654180064798204	0.0	146.0700511949212	70.878771362487
262	70.1529997165223	18737.763272982964	49.41003509410384	0.0	146.35151063271567	70.1529997165223
263	72.37990453561106	18810.14317751858	51.08023940438754	0.0	145.33235801492472	72.37990453561106
264	71.35470898113222	18881.497886499707	51.34652151948405	0.0	145.8513612422147	71.35470898113222
265	70.70924927759188	18952.207135777302	51.29108282408681	0.0	148.05193218725435	70.70924927759188
266	71.88523531678823	19024.09237109409	51.235835546160196	0.0	149.05056780622914	71.88523531678823
267	70.2056558981664	19094.298026992255	49.45517241615246	0.0	149.2519648379319	70.2056558981664
268	72.75631774654002	19167.054344738797	51.41048150095539	0.0	150.47334522780653	72.75631774654002
269	70.86805605911364	19237.922400797917	51.725553977124584	0.0	151.04744369220487	70.86805605911364
270	71.470791228247	19309.39319202616	52.516976245821894	0.0	151.29227368658886	71.470791228247
271	70.7461720846663	19380.139364110826	51.822587105199744	0.0	152.60461308687698	70.7461720846663
272	70.34154822136372	19450.48091233219	51.134873458716754	0.0	152.61397528199018	70.34154822136372
273	71.31037604022949	19521.791288372417	49.88727511976249	0.0	153.5177416343392	71.31037604022949
274	71.18560704558735	19592.976895418004	50.03529803554877	0.0	154.52496660636285	71.18560704558735
275	71.22357977997703	19664.20047519798	50.604990370640444	0.0	154.57215593529673	71.22357977997703
276	70.43936190511258	19734.639837103095	48.55423835447069	0.0	153.86238862626837	70.43936190511258
277	72.15017101308732	19806.790008116175	47.968340601444616	0.0	153.19632492918504	72.15017101308732
278	71.37476013916054	19878.164768255338	47.30398360118325	0.0	153.61893116024518	71.37476013916054
279	71.17536136474305	19949.340129620086	46.89786128602027	0.0	153.5152256047407	71.17536136474305
280	70.34754443021089	20019.687674050296	46.99862932300166	0.0	153.2294613599629	70.34754443021089
281	71.444166898481	20091.13184094878	46.65341918862847	0.0	153.70172607910092	71.444166898481
282	70.3148762650698	20161.446717213843	45.40211375701357	0.0	152.80253199529773	70.3148762650698
283	70.17063903227516	20231.617356246115	45.03998946623553	0.0	152.2608135796184	70.17063903227516
284	70.91169232453281	20302.529048570654	44.7869223319738	0.0	151.74265789266266	70.91169232453281
285	71.13435477424424	20373.6634033449	45.4641605694636	0.0	153.34655144709583	71.13435477424424
286	70.15322908989128	20443.81663243479	45.13019030672957	0.0	154.30248438809193	70.15322908989128
287	69.75668450725283	20513.573316942042	43.414810420519714	0.0	153.7698893472943	69.75668450725283
288	72.86594176555286	20586.4392587076	44.557334341545904	0.0	154.23563265135465	72.86594176555286
289	70.42020007845107	20656.85945878605	44.31079303764891	0.0	154.14360447610346	70.42020007845107
290	69.94122958731938	20726.80068837337	42.29617841295217	0.0	155.84713672470164	69.94122958731938
291	70.63429935497388	20797.434987728346	42.06525121100789	0.0	155.74304791279081	70.63429935497388
292	71.08891250865376	20868.523900237004	42.175438231625996	0.0	155.53368216468442	71.08891250865376
293	70.34356846967265	20938.86746870667	40.73829853067414	0.0	154.77083602522202	70.34356846967265
294	71.3080521728075	21010.17552087947	41.87891927534929	0.0	154.24879576647535	71.3080521728075
295	71.78503247014186	21081.960553349614	44.00029245902453	0.0	155.51492266045008	71.78503247014186
296	71.92951641294897	21153.89006976256	44.206158210457616	0.0	154.76533168013688	71.92951641294897
297	72.0420199909805	21225.932089753554	44.25791787066213	0.0	154.6547908191896	72.0420199909805
298	71.244816771306	21297.17690652485	44.004450445409894	0.0	153.36523114925689	71.244816771306
299	71.96465150474529	21369.14155802959	43.81553579540942	0.0	152.88418068373787	71.96465150474529
300	71.05798652270643	21440.1995445523	43.48468566708223	0.0	153.22164614176927	71.05798652270643
301	71.63468502719894	21511.834229579516	44.3822683115476	0.0	152.76317388078354	71.63468502719894
302	71.43872091614666	21583.27295049564	44.532110328326745	0.0	152.36254407275962	71.43872091614666
303	72.14664759186036	21655.419598087505	45.8522946071429	0.0	151.8144666203719	72.14664759186036
304	71.33305468035495	21726.752652767867	47.246714664061216	0.0	152.44405410863683	71.33305468035495
305	70.70474254293296	21797.4573953108	46.35946319253933	0.0	151.91475079039512	70.70474254293296
306	70.66383214969633	21868.1212274605	44.52667409525617	0.0	151.92562403039048	70.66383214969633
307	71.13185152293843	21939.253078983427	44.76630349352614	0.0	152.2525947291246	71.13185152293843
308	72.3130691791469	22011.566148162583	46.070080432447575	0.0	152.1107657728716	72.3130691791469
309	71.1087128707187	22082.674861033298	46.455812022898975	0.0	151.59313836596792	71.1087128707187
310	71.30923082823548	22153.984091861534	47.01743929868804	0.0	152.6442400581624	71.30923082823548
311	71.87693411825424	22225.86102597979	47.68759402934043	0.0	152.88147812651746	71.87693411825424
312	70.43581994329742	22296.29684592309	46.9441712920009	0.0	154.90413777048624	70.43581994329742
313	71.59286382442653	22367.889709747502	47.17703313638729	0.0	155.83410970287812	71.59286382442653
314	71.10019505425765	22438.989904801776	47.12408310873721	0.0	155.121311453184	71.10019505425765
315	71.06362711840632	22510.053531920177	46.8906033955012	0.0	155.20783350709598	71.06362711840632
316	71.83568713403747	22581.889219054206	48.17861772903769	0.0	155.55876977068036	71.83568713403747
317	70.29623862956363	22652.185457683783	47.59119196271345	0.0	154.95500118566918	70.29623862956363
318	71.53364224054508	22723.719099924318	47.5575414778123	0.0	155.01314848719915	71.53364224054508
319	71.71543234589585	22795.434532270217	49.09174761048231	0.0	155.4163846990881	71.71543234589585
320	71.17390895579756	22866.608441226017	50.93533967647789	0.0	154.8490567480168	71.17390895579756
321	71.52253329884454	22938.130974524858	51.37623151018565	0.0	155.88014464485852	71.52253329884454
322	72.52365030180944	23010.654624826675	52.13383032796777	0.0	155.5900081274411	72.52365030180944
323	71.1284777970501	23081.783102623718	51.50334166758479	0.0	155.2920562730618	71.1284777970501
324	72.29812995724804	23154.081232580982	53.02137401602016	0.0	155.4781671133022	72.29812995724804
325	70.63631448722167	23224.717547068187	50.0878097465407	0.0	156.7301655961684	70.63631448722167
326	69.7448679538266	23294.462415022015	48.576460675908635	0.0	156.61635587502653	69.7448679538266
327	70.39516842452707	23364.85758344655	48.14988636093065	0.0	156.55211546077044	70.39516842452707
328	69.54827526295676	23434.4058587095	46.48391698638894	0.0	156.9171611747962	69.54827526295676
329	70.83942583318662	23505.245284542685	46.60214510667527	0.0	157.09810183652675	70.83942583318662
330	71.0288810591478	23576.274165601833	47.41317602201834	0.0	156.33565968818272	71.0288810591478
331	71.06766105549431	23647.341826657328	47.36263587820118	0.0	157.10301222321027	71.06766105549431
332	71.67151248628178	23719.013339143617	48.74897132649232	0.0	157.1726693279915	71.67151248628178
333	72.4236117757736	23791.436950919386	49.86591489561539	0.0	157.9026264517944	72.4236117757736
334	69.96570582507685	23861.402656744467	48.798079765809014	0.0	157.5018184294325	69.96570582507685
335	71.10977670108514	23932.512433445547	49.342247327336594	0.0	157.01928885111653	71.10977670108514
336	70.31073025225295	24002.823163697794	49.040782703099325	0.0	157.5504312696719	70.31073025225295
337	71.56582474851223	24074.388988446306	48.73720729666384	0.0	157.1319506392145	71.56582474851223
338	70.89708735175459	24145.286075798063	50.07341145966533	0.0	156.28792602448038	70.89708735175459
339	71.61684606989489	24216.902921867968	51.03704617550691	0.0	156.63231538051593	71.61684606989489
340	72.26343357825736	24289.166355446232	52.09622433507135	0.0	156.19423588656306	72.26343357825736
341	70.85845494941073	24360.024810395626	50.98539090561157	0.0	157.37888668267217	70.85845494941073
342	71.76800073595818	24431.792811131574	52.28120030027108	0.0	157.12704704766583	71.76800073595818
343	71.37722539721119	24503.17003652879	51.23489188957039	0.0	157.3053304826134	71.37722539721119
344	70.53492277031678	24573.704959299117	51.792767444289964	0.0	156.5902394066744	70.53492277031678
345	71.90313186997594	24645.608091169088	53.29131723538223	0.0	155.8708235309035	71.90313186997594
346	71.47900706465067	24717.087098233736	54.153060392156696	0.0	155.6968652547433	71.47900706465067
347	71.61019713405707	24788.69729536778	53.754364416596985	0.0	155.5636678001448	71.61019713405707
348	71.08770436415816	24859.78499973196	52.78982365501466	0.0	154.65006667108503	71.08770436415816
349	71.03132765999258	24930.81632739194	52.65773891148296	0.0	155.1450021099617	71.03132765999258
350	70.26578785909781	25001.08211525105	51.01034970751061	0.0	154.49035058398474	70.26578785909781
351	71.4422379540182	25072.524353205066	50.881936518762885	0.0	154.8367143666966	71.4422379540182
352	70.0940880784951	25142.618441283565	49.62857673574028	0.0	153.99999425121752	70.0940880784951
353	71.07923219803624	25213.697673481605	50.136651197126845	0.0	154.46860828913267	71.07923219803624
354	71.5165462358908	25285.21421971748	50.33250037986909	0.0	154.17626740959582	71.5165462358908
355	71.73883455832147	25356.95305427581	51.60769049679177	0.0	155.40656414286667	71.73883455832147
356	71.8557929133146	25428.80884718912	53.24308753412992	0.0	154.7703280262367	71.8557929133146
357	72.35113516188713	25501.159982351015	54.99326828108507	0.0	155.37058528910043	72.35113516188713
358	72.43751646344336	25573.597498814455	57.227085517500164	0.0	156.94976347953295	72.43751646344336
359	71.10263394268252	25644.700132757138	57.35355805635536	0.0	157.46406819182405	71.10263394268252
360	71.67952078030588	25716.379653537442	58.173299996153695	0.0	157.28300705518907	71.67952078030588
361	70.27273969066104	25786.65239322811	57.619590685225305	0.0	156.9967340928891	70.27273969066104
362	70.2673950295246	25856.919788257634	58.05839083041727	0.0	156.6507476372443	70.2673950295246
363	72.46049711183119	25929.38028536945	59.39220454562834	0.0	155.89516590557454	72.46049711183119
364	70.74833766578712	26000.128623035238	59.4514552372945	0.0	155.672353156855	70.74833766578712
365	71.03282685637632	26071.16144989162	58.86292539941817	0.0	156.76979829669216	71.03282685637632
366	71.5713966171097	26142.73284650872	59.381459806537386	0.0	155.7049347732888	71.5713966171097
367	70.03248953802385	26212.765336046756	59.2676149335409	0.0	155.62744020179193	70.03248953802385
368	71.717268084651	26284.482604131405	60.47280225132286	0.0	155.07776313908008	71.717268084651
369	71.55410111300614	26356.036705244405	60.68946715536007	0.0	155.93548030602437	71.55410111300614
370	72.87284984432847	26428.909555088747	62.093230025858574	0.0	155.4838958805113	72.87284984432847
371	70.92542744792132	26499.834982536664	60.89332401915599	0.0	154.9778313819032	70.92542744792132
372	70.66773473303732	26570.50271726969	59.835538970300874	0.0	155.95979321926933	70.66773473303732
373	70.62576614199229	26641.128483411685	59.71098128243629	0.0	154.9150508492708	70.62576614199229
374	72.32888649812351	26713.45736990981	61.5480406504116	0.0	156.29357130325343	72.32888649812351
375	71.26388316358954	26784.721253073396	62.26565343209808	0.0	155.53492002206056	71.26388316358954
376	69.68800245052394	26854.409255523922	61.92422713272117	0.0	154.34647811826719	69.68800245052394
377	71.45635543752066	26925.86561096145	62.87564667424238	0.0	154.93295208697393	71.45635543752066
378	71.74786216472903	26997.613473126177	63.89524254274391	0.0	155.11057651965174	71.74786216472903
379	71.50502857967727	27069.118501705852	64.71672797501334	0.0	155.46674295915363	71.50502857967727
380	70.89127775863602	27140.00977946449	64.51080538821941	0.0	156.02893434080045	70.89127775863602
381	71.74156717625199	27211.75134664075	65.6576701984398	0.0	155.68654803174053	71.74156717625199
382	72.00159252697428	27283.75293916772	67.07427838108845	0.0	157.24295110703713	72.00159252697428
383	71.84392739552659	27355.596866563264	67.58118653281534	0.0	157.25009440324433	71.84392739552659
384	72.37196580424369	27427.96883236748	68.37044354644233	0.0	156.74041863411182	72.37196580424369
385	71.67031189748694	27499.639144264987	69.7370504492471	0.0	156.57143717970538	71.67031189748694
386	70.75421609725792	27570.39336036225	69.72763227683758	0.0	157.00229475282921	70.75421609725792
387	70.77834026606718	27641.171700628296	68.71214922419499	0.0	157.68861201656932	70.77834026606718
388	71.29081400041505	27712.46251462872	68.64315094636073	0.0	157.40996895366516	71.29081400041505
389	71.20844990742624	27783.670964536144	68.86317499628207	0.0	157.15054884265354	71.20844990742624
390	71.938323707518	27855.609288243664	69.25555545569641	0.0	157.5783942126261	71.938323707518
391	70.62799291846846	27926.23728116213	69.13654574674526	0.0	157.84854328763882	70.62799291846846
392	71.64527421002542	27997.88255537216	70.20026817908703	0.0	158.55087961802707	71.64527421002542
393	71.49887971167792	28069.381435083837	70.2234714290388	0.0	159.60954649945646	71.49887971167792
394	71.13717119838552	28140.518606282232	69.74596131858965	0.0	159.70324053166203	71.13717119838552
395	72.7278311693909	28213.246437451617	70.08752372862494	0.0	161.71860123969333	72.7278311693909
396	70.41484469657418	28283.66128214819	69.2854244756046	0.0	161.7383440619663	70.41484469657418
397	71.25138973213829	28354.91267188032	69.01437032512091	0.0	162.5158403399503	71.25138973213829
398	71.50287001888628	28426.415541899205	71.18748463286941	0.0	163.6130784714695	71.50287001888628
399	70.95770808889878	28497.373249988104	71.26200336532528	0.0	164.36183296556106	70.95770808889878
400	70.95992927728163	28568.333179265388	71.23402462348699	0.0	164.95899533124137	70.95992927728163
401	72.36453805820128	28640.69771732358	73.07680878099367	0.0	164.1476792527399	72.36453805820128
402	70.82975473958756	28711.527472063197	74.18816316415709	0.0	163.91368795575892	70.82975473958756
403	71.09301649349409	28782.62048855668	73.55407684502232	0.0	164.77497161066438	71.09301649349409
404	71.28323537592514	28853.9037239326	73.70019101417004	0.0	165.37745038748645	71.28323537592514
405	72.40438657903482	28926.308110511633	74.06249730406547	0.0	165.4584661458944	72.40438657903482
406	71.9042587236088	28998.212369235243	75.10540253501411	0.0	165.39364530378052	71.9042587236088
407	71.25524968559428	29069.467618920826	75.04618871483751	0.0	165.33745117850475	71.25524968559428
408	70.79589231997356	29140.2635112408	74.77269240327732	0.0	165.046471249591	70.79589231997356
409	71.76244969876458	29212.025960939565	75.97142448504623	0.0	165.1321117142626	71.76244969876458
410	70.61022206440269	29282.636183003982	76.93752630055594	0.0	164.95713188081373	70.61022206440269
411	71.15493476057452	29353.791117764533	77.95920068144704	0.0	165.48746097503602	71.15493476057452
412	70.35789341541779	29424.149011179965	76.73886910534922	0.0	165.92622030625495	70.35789341541779
413	71.58962088453231	29495.738632064502	76.7725918761949	0.0	166.72528747114893	71.58962088453231
414	71.41237836838184	29567.151010432895	77.07536725815979	0.0	166.68782155196496	71.41237836838184
415	70.57829112705679	29637.729301559935	76.26881108412209	0.0	166.4020122282798	70.57829112705679
416	71.61708628274349	29709.346387842674	76.52629962123257	0.0	167.16621265224617	71.61708628274349
417	71.67727084556073	29781.023658688253	77.03881990608934	0.0	167.43641416724904	71.67727084556073
418	71.34451089241207	29852.36816958064	78.46729630128637	0.0	167.53190440226098	71.34451089241207
419	72.30335595327323	29924.67152553393	79.623523427055	0.0	167.93349371436375	72.30335595327323
420	70.9243693358955	29995.59589486982	79.88506648048501	0.0	168.26127368923824	70.9243693358955
421	72.59666012145419	30068.19255499127	81.95732503776635	0.0	168.8850969669611	72.59666012145419
422	71.54797769272174	30139.740532683994	82.58371660331014	0.0	169.07374722619903	71.54797769272174
423	70.42857939767917	30210.169112081676	82.12413148366923	0.0	169.21482050967512	70.42857939767917
424	71.11835558732389	30281.287467669	83.66135638980592	0.0	169.61161022603918	71.11835558732389
425	71.36719764344198	30352.654665312442	84.25598358031682	0.0	168.45370764125533	71.36719764344198
426	72.30557634976161	30424.960241662204	85.04143118792089	0.0	169.22368494940258	72.30557634976161
427	72.10053040543926	30497.06077206765	86.74611581484871	0.0	168.2515689469573	72.10053040543926
428	70.98722805897084	30568.04800012661	86.19926574617399	0.0	168.30828836145457	70.98722805897084
429	71.88707508627486	30639.93507521289	87.22877332855732	0.0	168.45807502984943	71.88707508627486
430	71.87243697570223	30711.807512188578	88.315851620569	0.0	168.57414866385096	71.87243697570223
431	71.12751525378039	30782.935027442374	88.41308897750213	0.0	167.8724114913139	71.12751525378039
432	71.77863753547841	30854.713664977844	89.30634134354274	0.0	167.46946589431414	71.77863753547841
433	71.08783653406809	30925.80150151194	89.62049828874642	0.0	168.49789038079817	71.08783653406809
434	69.8180959298934	30995.6195974418	88.26657126492631	0.0	169.05482960062756	69.8180959298934
435	72.07411068278388	31067.6937081246	89.20110223048083	0.0	169.04161579400665	72.07411068278388
436	70.41354869685838	31138.107256821444	87.43674757467743	0.0	169.29186448225568	70.41354869685838
437	70.87368996545932	31208.980946786905	86.8572288245544	0.0	170.56276122558276	70.87368996545932
438	70.36341919060229	31279.344365977522	86.92626980784382	0.0	170.77634178793187	70.36341919060229
439	70.52523585956139	31349.86960183708	86.45922463299335	0.0	170.76042322346368	70.52523585956139
440	71.52445488560744	31421.394056722685	87.1063982953881	0.0	171.67262291028283	71.52445488560744
441	70.935726102915	31492.329782825596	87.77309103759046	0.0	171.73511846437765	70.935726102915
442	71.09542664316386	31563.425209468758	89.39035065616929	0.0	173.05237462972022	71.09542664316386
443	71.79029941918198	31635.215508887937	89.51743116904268	0.0	172.88309161320674	71.79029941918198
444	70.9010949779802	31706.116603865932	89.18467746078073	0.0	173.7033892234449	70.9010949779802
445	70.95333022249683	31777.069934088435	88.9572340265559	0.0	175.06563549019458	70.95333022249683
446	71.38664068929432	31848.456574777723	90.23413359283441	0.0	175.47986757373286	71.38664068929432
447	70.36780577606407	31918.82438055379	90.61730502320337	0.0	174.66170880137784	70.36780577606407
448	72.339755187801	31991.164135741587	92.23331003948468	0.0	175.42488514815673	72.339755187801
449	71.82343082261156	32062.98756656419	92.28396068901013	0.0	176.07577978538143	71.82343082261156
450	71.8395441310925	32134.8271106953	92.4914831907209	0.0	176.54224583209955	71.8395441310925
451	70.84555698625223	32205.672667681534	92.14264827584255	0.0	176.4574986523528	70.84555698625223
452	71.42057009994852	32277.093237781493	91.65128101898615	0.0	175.9205956061521	71.42057009994852
453	71.14703462765395	32348.240272409148	91.47699995354255	0.0	174.89176920696485	71.14703462765395
454	70.53795333774958	32418.7782257469	88.92417401569753	0.0	175.5731469228213	70.53795333774958
455	71.12948111224782	32489.907706859143	88.35592276943702	0.0	176.10459764208304	71.12948111224782
456	71.22100432779747	32561.12871118693	88.48091179573119	0.0	176.2958424094979	71.22100432779747
457	70.99118226600109	32632.11989345294	89.48467869373545	0.0	175.52218004940266	70.99118226600109
458	70.30340363219364	32702.423297085137	90.20073860133762	0.0	176.12363075628818	70.30340363219364
459	72.27275689737775	32774.6960539825	90.03323465591583	0.0	175.11514090635444	72.27275689737775
460	70.99500456276263	32845.69105854528	89.44268558305451	0.0	175.23490987250895	70.99500456276263
461	71.77867834527096	32917.46973689054	89.8388296816538	0.0	175.76672019249116	71.77867834527096
462	72.59095351453696	32990.06069040509	91.36247098065404	0.0	174.6933291092674	72.59095351453696
463	71.54437685960056	33061.60506726468	92.61926852478017	0.0	174.50527903520359	71.54437685960056
464	71.5510198535288	33133.156087118194	93.24973269128975	0.0	174.01119230691722	71.5510198535288
465	69.6606398770452	33202.81672699525	92.05739676238765	0.0	174.47841380839995	69.6606398770452
466	71.94783718838721	33274.76456418364	91.95906452681461	0.0	174.97484697076254	71.94783718838721
467	70.8736749898472	33345.63823917348	92.90056075586843	0.0	175.4918604242848	70.8736749898472
468	71.31815318680917	33416.956392360284	93.62727315160315	0.0	175.4825282416776	71.31815318680917
469	72.60338971822107	33489.55978207852	94.52668960141732	0.0	176.0478216877831	72.60338971822107
470	70.85884461989308	33560.41862669841	93.90839131915025	0.0	176.92819852778337	70.85884461989308
471	70.92252100704883	33631.34114770547	92.64646552351209	0.0	176.95717659578384	70.92252100704883
472	69.98253826563439	33701.323685971096	91.18780468960293	0.0	177.14860496972224	69.98253826563439
473	71.22695082481485	33772.550636795895	91.70476639178655	0.0	177.35926790492127	71.22695082481485
474	71.10067362293555	33843.65131041884	91.3101925159929	0.0	177.83931933808634	71.10067362293555
475	70.45347941792227	33914.10478983676	89.961854427301	0.0	177.74175146786328	70.45347941792227
476	70.21048666518837	33984.315276501955	89.1005957476268	0.0	177.88843982741938	70.21048666518837
477	71.25811795223984	34055.57339445419	88.93226345194358	0.0	176.92825190904222	71.25811795223984
478	70.29237725785374	34125.865771712066	88.61885732357929	0.0	176.94015791215853	70.29237725785374
479	70.94889274215903	34196.81466445421	89.47587786744356	0.0	177.1975911512552	70.94889274215903
480	71.33867363896513	34268.15333809319	89.91922531022458	0.0	178.06637507162495	71.33867363896513
481	71.5710350587004	34339.72437315186	90.80592910154738	0.0	177.79900839529455	71.5710350587004
482	71.3768220237498	34411.101195175615	91.58662959569693	0.0	177.8070511755353	71.3768220237498
483	71.22449979803508	34482.32569497367	91.99400373900309	0.0	177.30971079701976	71.22449979803508
484	70.75688172431113	34553.08257669796	93.2429382303531	0.0	178.88808978749108	70.75688172431113
485	71.16791306506003	34624.25048976303	93.75650054663588	0.0	180.00253525800542	71.16791306506003
486	70.84308877806973	34695.093578541106	94.16002244523341	0.0	179.9691580752073	70.84308877806973
487	70.22379991301788	34765.317378454114	93.10111214185046	0.0	180.89212956596268	70.22379991301788
488	70.73099781761275	34836.04837627172	93.26693276398677	0.0	180.72436741780925	70.73099781761275
489	70.17807161904916	34906.226447890775	91.76255618989111	0.0	181.29040061450684	70.17807161904916
490	70.65668133485232	34976.88312922564	90.57820463647803	0.0	181.24958711395726	70.65668133485232
491	71.73464199927575	35048.61777122492	90.14209084865972	0.0	181.76419128838293	71.73464199927575
492	70.34502776867349	35118.962798993576	89.52037674404004	0.0	182.70082614569677	70.34502776867349
493	70.69081707167955	35189.65361606527	89.97602609663154	0.0	183.4799586563768	70.69081707167955
494	72.2153613001038	35261.86897736538	91.53261178245411	0.0	184.74509989949027	72.2153613001038
495	72.90711045425738	35334.77608781963	94.652052268228	0.0	184.75658053052285	72.90711045425738
496	72.16762463247869	35406.94371245209	95.33957299495749	0.0	184.3498668121539	72.16762463247869
497	70.9108555939605	35477.85456804606	94.32888036639365	0.0	183.9833320623487	70.9108555939605
498	72.031077813665	35549.88564585973	94.25316714142107	0.0	185.36836176168373	72.031077813665
499	71.06177955307705	35620.94742541282	94.54738349734791	0.0	185.16216730357237	71.06177955307705
500	69.7838002058348	35690.73122561862	93.8991290840925	0.0	185.8002348153064	69.7838002058348
501	70.73291781792854	35761.46414343656	93.79445349682763	0.0	185.48562409104622	70.73291781792854
502	70.95428195942677	35832.418425396	93.79445349682763	0.0	184.35969285431452	70.95428195942677
