task	reward	total_reward	total_regret	relative	total_reward_dev	joules
0	46.21455435451876	46.21455435451876	-0.1265795631449923	0.0	15.120851753353415	46.21455435451876
1	45.96703710666387	92.18159146118263	-3.434791076085318	0.0	20.368122613864927	45.96703710666387
2	44.82981825622041	137.011409717403	-2.973031919416228	0.0	26.62581341779608	44.82981825622041
3	45.19655700754142	182.2079667249444	-1.7227788054887758	0.0	30.65827872581598	45.19655700754142
4	47.79497946202083	230.0029461869652	0.3393187691378208	0.0	34.356743515091686	47.79497946202083
5	46.885260513496036	276.88820670046147	0.4733768039056352	0.0	39.7543017462403	46.885260513496036
6	45.68323633664668	322.57144303710794	1.8183923873083072	0.0	43.13749669695128	45.68323633664668
7	49.48319407216891	372.05463710927694	6.608747021285742	0.0	47.72077892945627	49.48319407216891
8	43.750325120528984	415.80496222980605	4.800148588060494	0.0	50.361305630077794	43.750325120528984
9	44.033788600525284	459.83875083033104	4.817524994216223	0.0	52.96933758972089	44.033788600525284
10	60.582000814338265	520.4207516446692	21.13217139296793	0.0	54.36613660178036	60.582000814338265
11	56.723124945499194	577.1438765901685	34.542487414662645	0.0	57.97483486122202	56.723124945499194
12	57.623859024873035	634.7677356150419	47.4802176890187	0.0	61.78640379668368	57.623859024873035
13	58.83778738675074	693.6055230017923	64.2945109261762	0.0	64.45124759348697	58.83778738675074
14	63.07195972399121	756.6774827257838	82.4145527795751	0.0	62.074704505596735	63.07195972399121
15	60.222639436887306	816.9001221626709	95.6994187602857	0.0	67.21394207316479	60.222639436887306
16	57.781260045674436	874.6813822083449	106.61036537110503	0.0	68.02119095350724	57.781260045674436
17	56.808407662909865	931.4897898712552	118.9934745769364	0.0	68.05187999936675	56.808407662909865
18	62.585900660832905	994.0756905320883	135.6823475309092	0.0	71.1122775391661	62.585900660832905
19	56.09966391423918	1050.1753544463268	146.40652531799412	0.0	72.48472644029918	56.09966391423918
20	56.378576969954835	1106.5539314162822	156.6730260041154	0.0	73.93306642486522	56.378576969954835
21	59.96697381075595	1166.520905227038	169.01613352482994	0.0	74.03651841498113	59.96697381075595
22	60.844754575645474	1227.3656598026835	186.2851311470554	0.0	75.24501724355271	60.844754575645474
23	59.10961386921762	1286.475273671901	201.05550684129545	0.0	74.70146131178555	59.10961386921762
24	60.249127871512044	1346.724401543413	214.86209041019686	0.0	77.6772561620333	60.249127871512044
25	59.92557425718753	1406.649975800601	227.62658107597466	0.0	78.18373110057372	59.92557425718753
26	57.835320946751146	1464.4852967473519	241.8431512107205	0.0	83.4026938387953	57.835320946751146
27	60.12052619708869	1524.6058229444416	255.8910315765888	0.0	83.41468623362933	60.12052619708869
28	58.965289522342836	1583.5711124667835	269.25429256905153	0.0	85.91678387653415	58.965289522342836
29	60.12350321555111	1643.6946156823353	283.68578354657325	0.0	86.44581173662203	60.12350321555111
30	45.16014761658431	1688.854763298919	284.2172416439577	0.0	85.63313676722096	45.16014761658431
31	48.588312792522856	1737.4430760914422	285.9040809736131	0.0	88.49376769522314	48.588312792522856
32	50.24925132618711	1787.692327417629	288.2116469761142	0.0	90.04118040581486	50.24925132618711
33	46.89851828870171	1834.59084570633	288.36704859210676	0.0	91.33991282398989	46.89851828870171
34	48.65182754349815	1883.2426732498286	292.13207375546654	0.0	92.97104839865199	48.65182754349815
35	49.957316286598264	1933.199989536427	296.0783380597729	0.0	92.18399682375123	49.957316286598264
36	49.66337211246656	1982.863361648894	302.02480646922896	0.0	95.45874311124115	49.66337211246656
37	46.89002756477151	2029.7533892136646	303.2511462138514	0.0	95.96390179858388	46.89002756477151
38	50.13283336328893	2079.886222576954	304.5566485209792	0.0	98.02176170447889	50.13283336328893
39	49.334893129878886	2129.2211157068327	309.4049364753415	0.0	97.25840441765982	49.334893129878886
40	71.32193121436892	2200.543046921202	333.52939390251316	0.0	98.52184520179001	71.32193121436892
41	70.92284823892155	2271.4658951601227	360.1043042618757	0.0	98.95723275279185	70.92284823892155
42	70.638966275965	2342.1048614360875	383.8462506562393	0.0	99.28295874353549	70.638966275965
43	71.73405886426411	2413.838920300353	408.75289429167407	0.0	100.38933750370008	71.73405886426411
44	69.96862385595733	2483.8075441563087	433.28275939435326	0.0	99.85734631502555	69.96862385595733
45	70.60688520458052	2554.4144293608897	459.21876189812116	0.0	99.21576279965998	70.60688520458052
46	70.97707455814708	2625.391503919038	484.95821595075796	0.0	99.43015851364746	70.97707455814708
47	70.62968294695207	2696.0211868659885	509.83685315233294	0.0	99.78298956425122	70.62968294695207
48	72.49231612178642	2768.5135029877747	536.9583613077766	0.0	100.03744156447509	72.49231612178642
49	70.78327611829286	2839.2967791060682	562.9389164676991	0.0	101.33454865053217	70.78327611829286
50	71.68386795872084	2910.9806470647886	588.5176308888554	0.0	100.9472340008618	71.68386795872084
51	72.69462178468656	2983.675268849476	614.737793778428	0.0	101.93018218043954	72.69462178468656
52	72.52815207519164	3056.2034209246685	640.437298226585	0.0	102.46832754772582	72.52815207519164
53	71.93500932837281	3128.138430253039	666.5291218838115	0.0	101.73535977126978	71.93500932837281
54	72.06114460524627	3200.1995748582854	694.2944111764613	0.0	101.01135333421735	72.06114460524627
55	72.3936328337042	3272.5932076919917	721.4554724670967	0.0	99.90293493561362	72.3936328337042
56	70.6510218185401	3343.2442295105307	746.2528810794106	0.0	100.06361707283246	70.6510218185401
57	72.0429655967444	3415.2871951072757	773.5868134326547	0.0	99.54170476935137	72.0429655967444
58	71.57520904231535	3486.862404149589	800.7584490620612	0.0	99.37184886460108	71.57520904231535
59	71.54882928765203	3558.4112334372435	825.7925854390576	0.0	99.66755002257868	71.54882928765203
60	47.011113238160604	3605.4223466754024	828.3281686160256	0.0	100.78236272187571	47.011113238160604
61	46.92237153726323	3652.3447182126674	830.7233330697073	0.0	104.01255352537088	46.92237153726323
62	45.91408532838944	3698.2588035410563	829.6683161644571	0.0	106.4812703002028	45.91408532838944
63	44.345960313960276	3742.6047638550167	828.5296555385664	0.0	109.88368733823427	44.345960313960276
64	43.516352179997476	3786.121116035015	826.3141593772627	0.0	112.36689740578466	43.516352179997476
65	46.383019690836534	3832.5041357258533	827.4531544153381	0.0	114.43222075963725	46.383019690836534
66	48.7712620054025	3881.275397731252	831.2021953658259	0.0	115.08223949456621	48.7712620054025
67	48.48860937962282	3929.764007110874	836.5861189358172	0.0	118.09605223804772	48.48860937962282
68	46.61624029850681	3976.380247409383	837.6861819269741	0.0	120.11383047408235	46.61624029850681
69	46.65423783229975	4023.0344852416824	840.1478535310595	0.0	122.28175000375059	46.65423783229975
70	48.38907931530536	4071.423564556986	842.6080196356129	0.0	122.9890706362456	48.38907931530536
71	47.25401375422521	4118.677578311213	846.5015808184525	0.0	122.96010542431604	47.25401375422521
72	47.545929775254464	4166.223508086466	847.9315937744436	0.0	124.9073013527591	47.545929775254464
73	47.1732910451006	4213.396799131569	850.1037244426569	0.0	125.67717996180973	47.1732910451006
74	46.24961257039923	4259.646411701969	849.8584311528642	0.0	127.89513969802788	46.24961257039923
75	46.57259620231811	4306.219007904283	853.0979148923803	0.0	128.35861667915654	46.57259620231811
76	47.10169753373799	4353.320705438022	856.0661468218437	0.0	129.15585927552965	47.10169753373799
77	46.97807892989531	4400.2987843679175	857.4602126901514	0.0	133.2121476752016	46.97807892989531
78	47.778305580520936	4448.0770899484405	858.9700559847727	0.0	133.9780749291664	47.778305580520936
79	45.49248668220689	4493.569576630647	858.0167217985008	0.0	134.0539152954345	45.49248668220689
80	46.61785733428857	4540.187433964933	856.6600326812217	0.0	136.45496199057226	46.61785733428857
81	46.67196702275829	4586.859400987693	857.7624462696407	0.0	137.20423274938324	46.67196702275829
82	47.26361121626688	4634.12301220396	859.8809187822131	0.0	138.93555283656124	47.26361121626688
83	47.248555047586976	4681.371567251548	861.4163451186512	0.0	140.69059381066742	47.248555047586976
84	45.071302695454314	4726.442869947002	862.1592759187631	0.0	141.92765863419214	45.071302695454314
85	46.28934908543913	4772.732219032439	865.647058129995	0.0	142.02629158273103	46.28934908543913
86	45.864674177831546	4818.596893210271	868.8050182226619	0.0	147.15168436380586	45.864674177831546
87	47.22071552617385	4865.817608736446	871.3109625590008	0.0	150.33524327021192	47.22071552617385
88	49.646225176997106	4915.4638339134435	874.8517033727924	0.0	150.35624937079027	49.646225176997106
89	46.18166786222514	4961.645501775672	876.5490036576907	0.0	153.24596938682595	46.18166786222514
90	44.228082179257875	5005.873583954927	873.8690969439226	0.0	155.5346929184028	44.228082179257875
91	45.95732761846408	5051.83091157339	875.482391718773	0.0	160.08966736764754	45.95732761846408
92	48.45071263646709	5100.281624209856	879.6019862896057	0.0	160.01886082543143	48.45071263646709
93	46.06855988363405	5146.350184093492	879.7468179807554	0.0	161.02982742625346	46.06855988363405
94	47.66484881282729	5194.015032906317	880.6934128874766	0.0	165.03472325069703	47.66484881282729
95	49.89115512535009	5243.906188031669	885.79035247779	0.0	168.13223096626342	49.89115512535009
96	48.76845172735662	5292.674639759027	888.7554671680598	0.0	172.88732487358814	48.76845172735662
97	45.50618256318198	5338.180822322206	887.9573086287509	0.0	176.0312107825953	45.50618256318198
98	48.10739407265533	5386.2882163948625	891.6182244504511	0.0	178.7519390610151	48.10739407265533
99	48.680489056862434	5434.968705451726	894.2978414958045	0.0	180.24667234872405	48.680489056862434
100	48.937926571768664	5483.906632023492	899.4171002947168	0.0	181.3400389549156	48.937926571768664
101	46.40212749285852	5530.3087595163515	898.5359615221827	0.0	184.6440229481197	46.40212749285852
102	46.42298322231207	5576.731742738664	896.7056740973899	0.0	186.6750504242906	46.42298322231207
103	47.24674085839086	5623.978483597055	896.6377285695074	0.0	186.79782979223566	47.24674085839086
104	45.17618458411831	5669.154668181174	898.2166482051834	0.0	189.25955031740287	45.17618458411831
105	44.69560621878272	5713.850274399957	899.398828334831	0.0	190.74466403503664	44.69560621878272
106	46.84705203056144	5760.697326430516	902.1589408724249	0.0	190.91871780003058	46.84705203056144
107	45.923542304891505	5806.62086873541	903.5831304366151	0.0	195.68799714833216	45.923542304891505
108	47.33443222382004	5853.955300959227	905.823921371551	0.0	199.12763537892207	47.33443222382004
109	47.173316610007184	5901.128617569236	909.584777307181	0.0	199.4946617187537	47.173316610007184
110	46.527593367263634	5947.6562109365	908.7881935900181	0.0	203.86063161693977	46.527593367263634
111	45.34193390859556	5992.998144845097	910.8989203072582	0.0	206.05872166028126	45.34193390859556
112	45.27119366070156	6038.269338505797	910.0015488157833	0.0	208.73730504471283	45.27119366070156
113	46.30971271425603	6084.579051220054	913.7075261185583	0.0	210.809644137643	46.30971271425603
114	49.892079961392575	6134.471131181444	917.7819055926426	0.0	214.82175690077594	49.892079961392575
115	44.63279806694907	6179.103929248394	917.5111310476182	0.0	213.86033917538765	44.63279806694907
116	46.450126333083624	6225.55405558148	918.3466647786431	0.0	215.75120818796168	46.450126333083624
117	47.7992808553623	6273.353336436841	920.4992973373254	0.0	218.71691501951577	47.7992808553623
118	45.86103266957255	6319.214369106413	919.4174244023625	0.0	222.80947855772146	45.86103266957255
119	47.91815419627876	6367.132523302691	921.8386069731082	0.0	224.8848047182212	47.91815419627876
120	47.41428411690589	6414.546807419597	923.2958843715093	0.0	226.59860555271112	47.41428411690589
121	49.32024394141181	6463.867051361012	926.8411358819721	0.0	229.30922474477615	49.32024394141181
122	46.802462762235635	6510.669514123245	929.1948943204468	0.0	231.92040526218003	46.802462762235635
123	46.602046171617104	6557.27156029486	931.3451230782109	0.0	238.74251824967246	46.602046171617104
124	46.834667762765136	6604.106228057631	931.2872300488627	0.0	242.17046208043405	46.834667762765136
125	45.55664700486594	6649.662875062495	930.6781313198123	0.0	248.6187012890693	45.55664700486594
126	50.173199740693214	6699.8360748031855	934.1664646693769	0.0	251.06765881960925	50.173199740693214
127	47.603712157929046	6747.439786961117	936.01452786864	0.0	252.4197505066065	47.603712157929046
128	47.541781374012565	6794.981568335127	939.7120091711648	0.0	254.8377955221687	47.541781374012565
129	46.13371962059328	6841.115287955723	939.1211894115754	0.0	254.13885617864415	46.13371962059328
130	48.68623028673542	6889.801518242456	943.2286556051462	0.0	257.22747683183445	48.68623028673542
131	48.706901433285346	6938.508419675743	948.2765293113864	0.0	258.8790680348182	48.706901433285346
132	47.463050361143516	6985.971470036888	950.9644413004623	0.0	263.9682921183365	47.463050361143516
133	46.88501453583866	7032.856484572726	951.076319401137	0.0	265.08188886317987	46.88501453583866
134	48.142317894961295	7080.998802467686	954.8720630560655	0.0	267.33027996367855	48.142317894961295
135	45.887321319871944	7126.886123787558	956.0744258532857	0.0	269.02150889713005	45.887321319871944
136	45.865707235937315	7172.7518310235	958.7559475048417	0.0	271.90583324336137	45.865707235937315
137	48.50772514568553	7221.25955616918	963.3008727415962	0.0	274.3375231246307	48.50772514568553
138	47.478921684213994	7268.738477853394	963.9650717330173	0.0	280.61871347333033	47.478921684213994
139	46.66981513858575	7315.40829299198	966.0825927566154	0.0	287.37421323569146	46.66981513858575
140	48.80330065572973	7364.211593647711	970.5478619981934	0.0	289.2108734612811	48.80330065572973
141	45.33433824871892	7409.545931896428	973.1479348076216	0.0	293.6342244035016	45.33433824871892
142	46.746516571678306	7456.292448468108	974.6923944531654	0.0	295.1654880722889	46.746516571678306
143	48.94318321875537	7505.23563168686	977.0557655349287	0.0	298.23802433396355	48.94318321875537
144	44.99577695636166	7550.231408643223	976.4522683937569	0.0	298.3910175970616	44.99577695636166
145	45.53552544177696	7595.766934085	975.4360545044337	0.0	301.40755067839007	45.53552544177696
146	47.77384790159308	7643.540781986592	978.1172773820057	0.0	303.53862749990856	47.77384790159308
147	46.944995513456846	7690.485777500054	979.4130431365516	0.0	306.9618498061611	46.944995513456846
148	49.06272869514431	7739.548506195194	982.4726264895056	0.0	306.7495703902851	49.06272869514431
149	45.49737853211321	7785.045884727306	980.966631341628	0.0	306.61166313942357	45.49737853211321
150	47.129257406650694	7832.175142133959	983.4532705773518	0.0	310.28022953867594	47.129257406650694
151	49.44625683915132	7881.621398973112	986.3287194391283	0.0	315.2893616776586	49.44625683915132
152	47.998800363179306	7929.620199336288	989.1406275476598	0.0	318.1405009862233	47.998800363179306
153	48.08679729071112	7977.706996627004	995.4815936660716	0.0	322.9820773892969	48.08679729071112
154	46.05634437163173	8023.7633409986365	996.069613297392	0.0	322.55696056682075	46.05634437163173
155	49.80705711796522	8073.570398116596	996.8637308601232	0.0	327.1619993769432	49.80705711796522
156	47.887598471567884	8121.457996588164	1000.3073896779641	0.0	331.5713175418186	47.887598471567884
157	48.3099585929983	8169.767955181161	1003.8054462463657	0.0	336.1340006486365	48.3099585929983
158	48.60641817036424	8218.374373351533	1008.3466352023721	0.0	340.6266367829155	48.60641817036424
159	46.59645916082355	8264.970832512352	1009.7615569848836	0.0	342.45665434587863	46.59645916082355
160	46.52614988546205	8311.496982397814	1014.2340761631534	0.0	342.87520653879915	46.52614988546205
161	47.502371074531375	8358.999353472345	1016.2343851173022	0.0	346.90788881831867	47.502371074531375
162	46.61770745207739	8405.61706092442	1018.9224738531655	0.0	350.72355045304533	46.61770745207739
163	46.041119912998674	8451.658180837421	1017.9733028989764	0.0	355.85160154420134	46.041119912998674
164	46.82325466470498	8498.481435502123	1019.3922482611658	0.0	357.48552818699295	46.82325466470498
165	45.89203477885283	8544.373470280983	1021.1213590737004	0.0	360.4360210241175	45.89203477885283
166	50.06671968851974	8594.4401899695	1025.0374419760085	0.0	362.45460447450586	50.06671968851974
167	45.3099911625857	8639.750181132082	1026.0773938906732	0.0	363.54399450972284	45.3099911625857
168	49.60458566197108	8689.354766794058	1028.1248192179642	0.0	365.7894206734922	49.60458566197108
169	46.98442363740335	8736.339190431461	1030.5523276028644	0.0	368.43653807327354	46.98442363740335
170	46.03290707267205	8782.372097504132	1031.9314528967723	0.0	371.1161088140284	46.03290707267205
171	47.22366504894168	8829.595762553075	1032.5783188308947	0.0	377.8601384115602	47.22366504894168
172	48.15562019798854	8877.751382751061	1032.800698960756	0.0	382.0788172473775	48.15562019798854
173	45.97499648694342	8923.726379238004	1034.777631828244	0.0	386.5157118181472	45.97499648694342
174	45.609798720080434	8969.33617795809	1034.3579854881632	0.0	387.02660481344554	45.609798720080434
175	44.70839412355564	9014.044572081637	1032.4227178012754	0.0	391.8672136619004	44.70839412355564
176	48.1630948805968	9062.207666962233	1035.8710192339408	0.0	393.89496439988756	48.1630948805968
177	46.36754847616735	9108.575215438408	1035.814692255286	0.0	397.0073270365575	46.36754847616735
178	46.36601407994706	9154.941229518352	1036.2787664216764	0.0	399.9919765448926	46.36601407994706
179	46.165718948612565	9201.106948466966	1036.3132987666988	0.0	401.21654073177984	46.165718948612565
180	44.7726351305254	9245.87958359749	1036.0477589612183	0.0	403.48333652470285	44.7726351305254
181	45.989260221354215	9291.868843818844	1036.6388570864965	0.0	407.2699169433445	45.989260221354215
182	45.10468576663261	9336.973529585479	1037.362429969421	0.0	411.47343582714785	45.10468576663261
183	48.113789052940675	9385.087318638418	1039.7005982344206	0.0	417.4117356298837	48.113789052940675
184	48.84715287462707	9433.934471513043	1043.531815273585	0.0	422.16928778825945	48.84715287462707
185	47.57540764893246	9481.509879161977	1048.0252840622588	0.0	426.29175333288345	47.57540764893246
186	46.141583344512576	9527.651462506486	1046.9987901429886	0.0	426.33606668633394	46.141583344512576
187	46.249021456605554	9573.90048396309	1046.5517473491977	0.0	427.28000330962624	46.249021456605554
188	46.07571547703047	9619.976199440125	1044.1788091668675	0.0	429.2447135646941	46.07571547703047
189	49.617759403644726	9669.593958843769	1050.5806308322517	0.0	434.2444646871791	49.617759403644726
190	45.8945510832328	9715.488509927003	1051.9489361786407	0.0	435.4838521276464	45.8945510832328
191	44.829423603777016	9760.317933530781	1051.3727854544059	0.0	437.6702962358719	44.829423603777016
192	48.12862836847362	9808.44656189925	1051.4616221589688	0.0	438.6308308447553	48.12862836847362
193	49.22342191347877	9857.669983812733	1057.8197570341677	0.0	442.17799589385254	49.22342191347877
194	48.09531543375804	9905.765299246486	1059.9046752548657	0.0	443.57660354667206	48.09531543375804
195	46.57030754563753	9952.335606792123	1060.6816895864522	0.0	448.3554587920245	46.57030754563753
196	47.611381343834026	9999.946988135966	1064.320909031121	0.0	451.5846604788546	47.611381343834026
197	46.37967850247585	10046.326666638437	1064.9545858020576	0.0	453.4931014963766	46.37967850247585
198	46.74157448990024	10093.068241128338	1067.755735153617	0.0	457.4324485189677	46.74157448990024
199	47.654460394882456	10140.722701523222	1071.5115573425971	0.0	461.5270002636249	47.654460394882456
200	46.04307903024714	10186.765780553465	1070.701121395753	0.0	462.6958257691077	46.04307903024714
201	46.89692780114419	10233.662708354612	1075.3156160260019	0.0	463.27985229841113	46.89692780114419
202	45.30090748254792	10278.96361583716	1077.4146959962031	0.0	466.5153790918642	45.30090748254792
203	50.23548597783683	10329.199101814991	1084.6159700841374	0.0	471.52574464621574	50.23548597783683
204	46.98243024422014	10376.181532059214	1085.6903512273645	0.0	475.1361510024664	46.98243024422014
205	48.51481547404745	10424.696347533269	1090.30172037052	0.0	480.4784425878174	48.51481547404745
206	45.191417065877744	10469.887764599145	1090.5941693608997	0.0	484.3184360011093	45.191417065877744
207	44.683183904515516	10514.570948503655	1091.8150864476731	0.0	485.3254128215345	44.683183904515516
208	45.91117562471849	10560.482124128379	1093.722533220115	0.0	487.6288602404505	45.91117562471849
209	46.974626159809176	10607.456750288184	1096.1767591221353	0.0	488.47888311571813	46.974626159809176
210	46.095581563224385	10653.552331851412	1095.1480422703817	0.0	491.1808000849575	46.095581563224385
211	44.65575498979963	10698.20808684121	1093.6940420772053	0.0	491.75865993165144	44.65575498979963
212	46.255516143350725	10744.463602984557	1093.3106896474785	0.0	493.54860220443317	46.255516143350725
213	46.273916606024656	10790.737519590582	1095.6134418613174	0.0	496.19101519749404	46.273916606024656
214	46.13649880502342	10836.874018395603	1097.111371670593	0.0	502.2548589634673	46.13649880502342
215	44.377802699967695	10881.251821095575	1097.5636944174883	0.0	506.16445924220244	44.377802699967695
216	44.241741514991745	10925.493562610569	1096.6938374576678	0.0	508.7108391813469	44.241741514991745
217	45.33332251435256	10970.826885124923	1098.3388784960457	0.0	510.60038483061487	45.33332251435256
218	46.189452141521016	11017.01633726644	1099.2192124167611	0.0	515.5257612846553	46.189452141521016
219	44.26937510388834	11061.285712370334	1097.074799239628	0.0	515.5221363143847	44.26937510388834
220	47.361257023837695	11108.646969394167	1098.574539059382	0.0	518.6209876660362	47.361257023837695
221	48.94760517392593	11157.594574568093	1101.2111540747721	0.0	520.9659207757397	48.94760517392593
222	45.00287718922426	11202.597451757323	1099.3797589776693	0.0	527.2506664452486	45.00287718922426
223	46.30374196468399	11248.901193722002	1100.878613750432	0.0	532.8993512951929	46.30374196468399
224	46.299375218821105	11295.200568940823	1103.9414714393397	0.0	535.0761709659319	46.299375218821105
225	45.0211229748424	11340.221691915664	1105.5374384776833	0.0	537.1154610178306	45.0211229748424
226	47.39109869285011	11387.612790608513	1105.70307230568	0.0	542.6313599355012	47.39109869285011
227	47.78039343937487	11435.393184047884	1108.3060185333873	0.0	547.0586166309541	47.78039343937487
228	49.386733434345935	11484.779917482238	1113.9604128841731	0.0	548.7552565772976	49.386733434345935
229	45.27655157235653	11530.056469054593	1115.3470206097293	0.0	550.8421127870723	45.27655157235653
230	48.13640532833838	11578.192874382932	1119.8514586660153	0.0	554.0019891659728	48.13640532833838
231	46.02912235605817	11624.221996738988	1118.9692819013449	0.0	557.0748353678894	46.02912235605817
232	48.241166614204765	11672.463163353195	1121.5834143683037	0.0	558.1410915529818	48.241166614204765
233	47.589048463308366	11720.052211816503	1122.390249030656	0.0	561.4464148486102	47.589048463308366
234	48.64037965279126	11768.692591469293	1126.6432818625422	0.0	565.7219656236358	48.64037965279126
235	45.75104686884716	11814.44363833814	1126.6284826580602	0.0	567.9050284844654	45.75104686884716
236	45.31892212626192	11859.762560464394	1126.2133012603433	0.0	570.8330811375885	45.31892212626192
237	49.86103319850378	11909.623593662905	1129.5441063721944	0.0	573.6252627310623	49.86103319850378
238	46.05616857195582	11955.679762234862	1132.0799661873161	0.0	577.1773679561553	46.05616857195582
239	45.353558695185185	12001.033320930048	1131.0769222740664	0.0	581.4709455756607	45.353558695185185
240	46.6835186911439	12047.716839621185	1131.5489796802885	0.0	584.6246038633575	46.6835186911439
241	46.06019138402252	12093.77703100522	1131.2673848026543	0.0	585.2601101264167	46.06019138402252
242	47.729886365639324	12141.506917370849	1134.202735813479	0.0	589.3091495921896	47.729886365639324
243	44.347555512385696	12185.854472883237	1133.659928518773	0.0	590.570992448989	44.347555512385696
244	48.52154059144109	12234.376013474683	1135.1560314687883	0.0	596.4820397506372	48.52154059144109
245	44.16528000286092	12278.541293477534	1134.8282238136667	0.0	601.2258401290507	44.16528000286092
246	46.116617989382995	12324.657911466926	1137.2002202723868	0.0	601.6450295155674	46.116617989382995
247	45.74614172589284	12370.404053192813	1135.7658321021988	0.0	601.8134532100618	45.74614172589284
248	48.867722764642984	12419.271775957453	1138.5864192351949	0.0	603.7955222459149	48.867722764642984
249	48.240741970198606	12467.512517927655	1141.3181832557113	0.0	604.6851020407288	48.240741970198606
250	45.74991020421157	12513.262428131862	1141.861141561345	0.0	606.6426693692031	45.74991020421157
251	49.22770253354585	12562.490130665412	1146.6558006534533	0.0	612.1711107492325	49.22770253354585
252	43.59313883157737	12606.083269496994	1143.932680484409	0.0	614.6151554575034	43.59313883157737
253	47.247462653162785	12653.33073215016	1147.602868665427	0.0	617.8219972414477	47.247462653162785
254	47.023419462852615	12700.354151613004	1149.9862626019146	0.0	621.1965549706438	47.023419462852615
255	48.6066351995619	12748.960786812579	1153.4769253983395	0.0	620.5634610404538	48.6066351995619
256	48.17448593959751	12797.135272752166	1156.4068358287934	0.0	622.2403252590811	48.17448593959751
257	50.11215464446572	12847.247427396635	1160.951539960856	0.0	623.7155044615362	50.11215464446572
258	47.34480427443908	12894.59223167107	1160.86987367274	0.0	627.5367181235019	47.34480427443908
259	47.046670098295436	12941.638901769367	1162.757121680209	0.0	629.0873050870254	47.046670098295436
260	44.597103482550985	12986.236005251918	1160.5975147722665	0.0	631.1489950331592	44.597103482550985
261	45.92990741132232	13032.16591266324	1161.4131635345284	0.0	632.7642828095799	45.92990741132232
262	45.98708337644953	13078.15299603969	1162.1308714697486	0.0	636.1003687005025	45.98708337644953
263	46.56963439447542	13124.722630434162	1162.610648737023	0.0	639.5556022857292	46.56963439447542
264	45.67408167113383	13170.396712105297	1164.3274107798543	0.0	643.2968901182486	45.67408167113383
265	45.96048484178105	13216.357196947076	1165.172480539097	0.0	646.7276106327372	45.96048484178105
266	46.760568907844096	13263.117765854926	1168.1103457639852	0.0	650.0898946865206	46.760568907844096
267	47.074938920736294	13310.192704775656	1168.2061311028478	0.0	657.6953300113751	47.074938920736294
268	45.37049272353054	13355.563197499197	1167.6470336996915	0.0	657.4114622184898	45.37049272353054
269	43.988429680331784	13399.551627179524	1165.535054008982	0.0	661.6804409878508	43.988429680331784
270	44.85775862695374	13444.409385806472	1166.303759949414	0.0	664.8589292549401	44.85775862695374
271	46.45605573706805	13490.865441543538	1166.9086370952873	0.0	669.944337241809	46.45605573706805
272	47.323537416352366	13538.188978959888	1167.0945437667406	0.0	674.6301740990497	47.323537416352366
273	48.084420862764276	13586.273399822658	1168.2183509039442	0.0	675.8658258932785	48.084420862764276
274	47.14127227734343	13633.414672100003	1169.1531901650376	0.0	675.9490365192318	47.14127227734343
275	47.787121701686004	13681.201793801702	1169.8306635182307	0.0	675.8410932543021	47.787121701686004
276	46.638792511802386	13727.840586313496	1174.2601764666224	0.0	679.8952774033111	46.638792511802386
277	46.55054372971059	13774.391130043208	1175.7348525863135	0.0	681.6532397638565	46.55054372971059
278	48.37057393336717	13822.761703976572	1178.111322197382	0.0	685.5406906115275	48.37057393336717
279	45.80959325447039	13868.57129723105	1175.4890893865131	0.0	688.9120886971942	45.80959325447039
280	44.861302223222694	13913.43259945426	1177.240977975704	0.0	689.7677381299785	44.861302223222694
281	46.387717466769	13959.820316921032	1177.5326512954598	0.0	691.828679599655	46.387717466769
282	48.28428839270567	14008.104605313738	1178.1025594059886	0.0	696.7690739784736	48.28428839270567
283	46.225842108672204	14054.330447422408	1178.777514493669	0.0	698.1131113721807	46.225842108672204
284	47.54664083257794	14101.877088254992	1182.1300332168357	0.0	700.6797591231264	47.54664083257794
285	45.79564730011783	14147.672735555103	1182.196724142553	0.0	703.3130322353088	45.79564730011783
286	46.48593279217489	14194.158668347278	1183.4818202983513	0.0	705.8474744973843	46.48593279217489
287	47.158670842457866	14241.31733918974	1187.2352990912432	0.0	708.1424770219279	47.158670842457866
288	47.393823737571665	14288.711162927313	1190.1522054966097	0.0	710.8286617220449	47.393823737571665
289	47.013261541331524	14335.724424468644	1191.6859559943523	0.0	716.7254717017217	47.013261541331524
290	48.25448790443668	14383.97891237308	1195.9998645693306	0.0	720.7491049652185	48.25448790443668
291	49.293132805131954	14433.272045178208	1200.5247732184894	0.0	723.6664325071782	49.293132805131954
292	46.99678233797146	14480.268827516187	1203.6811560615945	0.0	726.0320979854498	46.99678233797146
293	46.00329184259038	14526.272119358771	1206.600840707653	0.0	726.8349038719734	46.00329184259038
294	44.268128945786906	14570.540248304564	1204.74086858766	0.0	730.0139740819918	44.268128945786906
295	45.39586900858359	14615.936117313146	1202.3143694009336	0.0	733.4397916498222	45.39586900858359
296	46.77192137268919	14662.708038685836	1205.2667720706404	0.0	734.707618779775	46.77192137268919
297	46.22494600773869	14708.932984693573	1205.5695520307352	0.0	738.570838788291	46.22494600773869
298	48.40024129133554	14757.333225984905	1208.1177994696543	0.0	742.7564782875282	48.40024129133554
299	46.77151926445458	14804.104745249362	1208.1946799254954	0.0	744.3162913232177	46.77151926445458
300	46.711741608083976	14850.816486857446	1209.9679158839979	0.0	742.1588492615938	46.711741608083976
301	46.9738011595277	14897.790288016975	1213.223889334523	0.0	745.4533441283991	46.9738011595277
302	46.63635348180888	14944.426641498776	1216.1967697864818	0.0	747.5180466356204	46.63635348180888
303	46.608232478762915	14991.034873977553	1218.6863229301066	0.0	753.2321792000473	46.608232478762915
304	46.01916687935656	15037.054040856901	1221.6958430535767	0.0	756.5997884014221	46.01916687935656
305	45.436600824028126	15082.490641680932	1218.8691430019342	0.0	758.2903005030007	45.436600824028126
306	48.43113041283563	15130.921772093769	1219.5511583323193	0.0	759.5702427760872	48.43113041283563
307	48.61225613727331	15179.534028231034	1222.7304943503127	0.0	762.1715050962252	48.61225613727331
308	47.214096145258516	15226.748124376298	1224.814386261553	0.0	763.7830211765103	47.214096145258516
309	46.51294107730246	15273.261065453597	1226.0780150329297	0.0	764.5132024130288	46.51294107730246
310	46.45383892830701	15319.714904381908	1227.773379246005	0.0	767.6105964562993	46.45383892830701
311	48.84617694840029	15368.561081330314	1229.0007301011783	0.0	769.8578782077514	48.84617694840029
312	49.511137901809185	15418.072219232121	1233.8138718959638	0.0	774.9434961207663	49.511137901809185
313	46.710001170150456	15464.782220402269	1233.7365966518512	0.0	776.465398104453	46.710001170150456
314	50.162908705412484	15514.945129107673	1239.1799731997132	0.0	778.9328836939284	50.162908705412484
315	49.267477009013355	15564.212606116696	1246.0585578525886	0.0	778.7710619602365	49.267477009013355
316	48.713552952987	15612.926159069688	1248.7525968642274	0.0	781.0922895660177	48.713552952987
317	45.60416885320974	15658.530327922886	1248.4971132741164	0.0	783.3189276902883	45.60416885320974
318	48.493436461680005	15707.023764384568	1250.979899276706	0.0	785.3812556123462	48.493436461680005
319	49.600443392202905	15756.624207776764	1257.079146544134	0.0	787.9702376533061	49.600443392202905
320	43.69110299539606	15800.315310772161	1256.029379503706	0.0	790.02027243205	43.69110299539606
321	44.9949230616096	15845.310233833781	1255.146012046502	0.0	794.021583532686	44.9949230616096
322	49.08854305827672	15894.398776892054	1260.2704098110617	0.0	795.499625241122	49.08854305827672
323	47.588587762966114	15941.987364655019	1261.8965316086335	0.0	799.1320922900337	47.588587762966114
324	44.23127289324338	15986.218637548269	1262.381127984438	0.0	802.5800364214498	44.23127289324338
325	47.28379287178782	16033.50243042006	1263.0619233823932	0.0	805.7074832919308	47.28379287178782
326	46.33513735696144	16079.837567777016	1264.7863004428398	0.0	809.979140609754	46.33513735696144
327	45.3083936704101	16125.14596144742	1262.8695620056237	0.0	809.2974882003339	45.3083936704101
328	45.24243816564535	16170.388399613068	1261.6618926614233	0.0	810.4915927209789	45.24243816564535
329	48.047518225907005	16218.435917838975	1264.7267492300082	0.0	814.2505955227706	48.047518225907005
330	47.244320605557505	16265.680238444538	1265.4059723673888	0.0	814.4107986106465	47.244320605557505
331	47.0824999620324	16312.762738406556	1269.7568368509594	0.0	816.7263802135	47.0824999620324
332	48.33198084426789	16361.09471925083	1273.2498743267386	0.0	822.4816374242539	48.33198084426789
333	46.94424792070311	16408.038967171527	1277.0840033760337	0.0	821.8895105221179	46.94424792070311
334	44.33892019767136	16452.37788736921	1273.9531135703253	0.0	825.8974518462252	44.33892019767136
335	47.04562167474465	16499.42350904396	1276.0482080975028	0.0	832.3289210895776	47.04562167474465
336	45.73640449584933	16545.1599135398	1275.069131313203	0.0	834.1724776670407	45.73640449584933
337	46.43094625912795	16591.590859798933	1277.318893881355	0.0	835.0921260288504	46.43094625912795
338	47.42727538692599	16639.018135185855	1280.247826242432	0.0	839.8105309120402	47.42727538692599
339	48.659700466307456	16687.677835652165	1282.9582223778411	0.0	843.8905613984358	48.659700466307456
340	48.19618225534228	16735.874017907507	1284.8377608900412	0.0	847.9545684993066	48.19618225534228
341	45.38893905773647	16781.262956965245	1283.1051884012984	0.0	849.1238867207942	45.38893905773647
342	45.7684668114813	16827.031423776723	1283.6454431818393	0.0	851.6353216263108	45.7684668114813
343	46.52429756566348	16873.555721342396	1283.4666670393383	0.0	854.0986750297478	46.52429756566348
344	44.81372519114613	16918.36944653353	1284.4147697357146	0.0	858.6955321734454	44.81372519114613
345	45.18338845316116	16963.552834986698	1283.5735179116532	0.0	860.7827909746527	45.18338845316116
346	46.91093776734494	17010.46377275404	1285.4596815843306	0.0	865.5587156279499	46.91093776734494
347	48.08952334605261	17058.55329610009	1289.004245591873	0.0	868.4916977377223	48.08952334605261
348	49.514406700768625	17108.06770280086	1292.3559434884492	0.0	873.8291977667278	49.514406700768625
349	46.44469736938224	17154.51240017024	1293.956838851236	0.0	878.0039185296596	46.44469736938224
350	46.374251923465344	17200.886652093708	1296.5990134435203	0.0	880.0616635141183	46.374251923465344
351	45.611501989774915	17246.49815408349	1296.86259282163	0.0	883.8923202971707	45.611501989774915
352	48.6807198804959	17295.17887396397	1303.5774287483046	0.0	885.8896174613194	48.6807198804959
353	45.43289761326476	17340.61177157724	1304.8261892910205	0.0	886.77635159443	45.43289761326476
354	43.15636806816904	17383.76813964541	1302.009231946512	0.0	892.8150624764879	43.15636806816904
355	43.51474007981248	17427.282879725226	1300.0241852082374	0.0	895.9293215508	43.51474007981248
356	46.19248312395758	17473.475362849174	1302.5508037979685	0.0	899.527022589152	46.19248312395758
357	45.59908885188578	17519.07445170107	1302.098783192588	0.0	900.7361562236657	45.59908885188578
358	45.37921062777696	17564.453662328848	1301.3917358377855	0.0	903.9809717587098	45.37921062777696
359	45.21564994188589	17609.669312270737	1303.211609131021	0.0	906.3129532929216	45.21564994188589
360	48.88205685234464	17658.551369123077	1307.0496887391537	0.0	906.7249869212961	48.88205685234464
361	48.603933519687196	17707.155302642765	1310.5789310972389	0.0	907.8089493628137	48.603933519687196
362	47.29643957210566	17754.451742214864	1310.6593399679193	0.0	907.8802257722006	47.29643957210566
363	47.9776392354801	17802.429381450343	1310.8638478278156	0.0	910.4571015911157	47.9776392354801
364	46.2746360016561	17848.704017452	1309.8964065971577	0.0	913.0283128585687	46.2746360016561
365	45.66186785032053	17894.36588530233	1310.7748545395634	0.0	918.327846409035	45.66186785032053
366	44.933368876562014	17939.2992541789	1311.2917097849336	0.0	920.3521760170386	44.933368876562014
367	46.35095363856358	17985.650207817453	1311.4389634445988	0.0	926.4432740635666	46.35095363856358
368	45.96482812981007	18031.615035947267	1313.4330341916773	0.0	927.4469453497353	45.96482812981007
369	45.36488029054587	18076.97991623782	1312.8648039532598	0.0	930.3652381710957	45.36488029054587
370	47.93279198699936	18124.912708224805	1317.685134341993	0.0	929.4352960187867	47.93279198699936
371	48.02738448275246	18172.940092707555	1319.1225117011872	0.0	933.0670144760622	48.02738448275246
372	47.50913691386205	18220.449229621423	1317.8169704799732	0.0	934.5821970568509	47.50913691386205
373	48.60941233106019	18269.058641952477	1323.8317243164067	0.0	938.6862477848599	48.60941233106019
374	47.719780509002355	18316.77842246148	1327.1247671921883	0.0	940.8183928748148	47.719780509002355
375	44.265331255091006	18361.04375371658	1324.863865070697	0.0	941.4171140766008	44.265331255091006
376	46.860148231838785	18407.90390194842	1326.2533625925469	0.0	944.6668613290669	46.860148231838785
377	44.73352180256166	18452.637423750974	1326.9456268507472	0.0	949.9299633171847	44.73352180256166
378	46.888516625919685	18499.525940376894	1326.3538544934331	0.0	951.9567929941451	46.888516625919685
379	48.54626333220912	18548.072203709107	1329.041485952944	0.0	952.4408017108987	48.54626333220912
380	46.99731406220966	18595.069517771306	1330.659503234863	0.0	955.4445473573462	46.99731406220966
381	48.08859979991734	18643.158117571234	1334.1586474684425	0.0	960.1026807193232	48.08859979991734
382	47.92315091367904	18691.081268484908	1338.6609827515902	0.0	967.0932292686883	47.92315091367904
383	46.59275250292313	18737.674020987834	1341.4261760126765	0.0	969.2835215069273	46.59275250292313
384	46.906911461157904	18784.580932448996	1342.9401885550965	0.0	970.2441774100973	46.906911461157904
385	48.529000260407855	18833.1099327094	1343.722899200261	0.0	974.7611438201892	48.529000260407855
386	46.82303166176849	18879.93296437118	1343.3323790776954	0.0	974.2132353756828	46.82303166176849
387	47.80712771839735	18927.740092089567	1345.2389269536566	0.0	973.2264703518501	47.80712771839735
388	47.65652077899458	18975.396612868564	1347.4505107161212	0.0	974.4488284660872	47.65652077899458
389	49.758972312985804	19025.155585181557	1350.3774570367584	0.0	976.7259745254798	49.758972312985804
390	48.85045715152144	19074.00604233306	1355.0990033855985	0.0	979.5261200695019	48.85045715152144
391	45.74420680371666	19119.75024913678	1354.3607424826696	0.0	981.1747347663504	45.74420680371666
392	47.30452411376694	19167.054773250547	1358.9191344858336	0.0	983.8066936780748	47.30452411376694
393	46.12183534070928	19213.17660859126	1355.6943934216426	0.0	985.2850612823868	46.12183534070928
394	48.650203743766035	19261.82681233502	1358.2973899792473	0.0	988.3396045687097	48.650203743766035
395	45.475290272926905	19307.30210260796	1358.3754458194026	0.0	994.959484153679	45.475290272926905
396	47.2953749251446	19354.597477533094	1362.6557322869148	0.0	996.8906110274164	47.2953749251446
397	49.060618162967764	19403.65809569607	1364.7405129407007	0.0	999.742862991211	49.060618162967764
398	46.2476320945319	19449.9057277906	1366.0624571661742	0.0	999.7806627062059	46.2476320945319
399	46.67985618932558	19496.585583979926	1367.1025140942174	0.0	1002.0818218756788	46.67985618932558
400	46.71817614578994	19543.303760125717	1370.777601645823	0.0	1005.4378817275623	46.71817614578994
401	47.277947715756426	19590.581707841473	1371.0228258987006	0.0	1009.5474981981084	47.277947715756426
402	43.15488108634599	19633.73658892781	1370.1262526880316	0.0	1012.385980586199	43.15488108634599
403	45.5161185029321	19679.252707430755	1370.838781707932	0.0	1013.3636547111798	45.5161185029321
404	46.18752956889729	19725.44023699964	1371.087907722839	0.0	1017.0082188517375	46.18752956889729
405	46.775417306061996	19772.215654305717	1374.1274020990995	0.0	1021.6179450924803	46.775417306061996
406	44.93265177374671	19817.148306079456	1369.8450479048772	0.0	1019.5206085505256	44.93265177374671
407	46.43785501280298	19863.58616109226	1370.7836214324298	0.0	1023.0327964281971	46.43785501280298
408	49.24626820196785	19912.83242929422	1374.511865399643	0.0	1026.634545389069	49.24626820196785
409	47.62974415680938	19960.462173451033	1376.0122894657407	0.0	1028.8548591460249	47.62974415680938
410	46.351132443243635	20006.813305894277	1376.4987069045978	0.0	1031.197735326557	46.351132443243635
411	45.970633689475996	20052.783939583762	1376.1927945168109	0.0	1031.2431688996803	45.970633689475996
412	47.11150803040195	20099.895447614148	1377.1811360959175	0.0	1033.6938021899116	47.11150803040195
413	49.08179846249866	20148.97724607665	1379.4050461505922	0.0	1036.8222974013843	49.08179846249866
414	45.812623845845145	20194.7898699225	1378.1053120448476	0.0	1041.3732622049752	45.812623845845145
415	47.397188203116	20242.1870581256	1379.3377281894925	0.0	1046.9813289905596	47.397188203116
416	46.86326836112217	20289.050326486744	1381.4578370916463	0.0	1050.015674102589	46.86326836112217
417	46.665385188736536	20335.71571167547	1382.0326164331482	0.0	1054.355228187975	46.665385188736536
418	48.54431411866799	20384.260025794138	1383.5652269201566	0.0	1056.9549652575745	48.54431411866799
419	43.706435197672775	20427.96646099182	1382.2897445129388	0.0	1058.589263488147	43.706435197672775
420	45.76256114956271	20473.72902214138	1383.9701928809777	0.0	1060.8713341620685	45.76256114956271
421	46.35634528698648	20520.085367428368	1385.3865386101752	0.0	1062.657790280516	46.35634528698648
422	47.24466936132877	20567.33003678968	1387.7209064669184	0.0	1067.3930755770757	47.24466936132877
423	46.28609553797316	20613.61613232766	1388.2034640919724	0.0	1069.5239181350025	46.28609553797316
424	47.61079304096098	20661.226925368625	1390.9300318153237	0.0	1072.8062161223654	47.61079304096098
425	46.89366807956796	20708.12059344819	1391.8903030262375	0.0	1073.896758740038	46.89366807956796
426	47.856786205568234	20755.977379653767	1394.0048174607177	0.0	1079.2824047265417	47.856786205568234
427	48.88114533195059	20804.858524985713	1397.7004934969623	0.0	1080.2798820317466	48.88114533195059
428	47.2831789451799	20852.141703930894	1400.9312354552656	0.0	1084.3285865817602	47.2831789451799
429	45.7841454210212	20897.92584935192	1400.2831594458216	0.0	1090.3812318046569	45.7841454210212
430	44.912887056986754	20942.8387364089	1399.3031298222556	0.0	1094.0637785883387	44.912887056986754
431	47.25178957102503	20990.090525979926	1400.8249635958302	0.0	1096.5870299558687	47.25178957102503
432	46.59264935317907	21036.683175333095	1402.7636390388775	0.0	1100.922848341642	46.59264935317907
433	47.94607363316827	21084.629248966277	1405.5116073386207	0.0	1101.4342211359372	47.94607363316827
434	49.224391117601755	21133.853640083868	1407.767509704177	0.0	1102.215700293906	49.224391117601755
435	44.63390220248129	21178.487542286348	1409.202304556154	0.0	1103.6906649166624	44.63390220248129
436	46.1459842178273	21224.633526504193	1408.9107041471084	0.0	1106.15240148718	46.1459842178273
437	46.86790667875096	21271.501433182926	1411.8615710067604	0.0	1105.5204936205248	46.86790667875096
438	46.08338372712788	21317.584816910065	1415.8303578837724	0.0	1108.508663791162	46.08338372712788
439	46.129032292273976	21363.713849202326	1417.9206137252663	0.0	1109.8397272933578	46.129032292273976
440	45.98679033687081	21409.700639539198	1417.7564222399565	0.0	1111.5360559809355	45.98679033687081
441	45.43444578711137	21455.135085326325	1419.2745580869089	0.0	1113.0849916332322	45.43444578711137
442	47.959470481550014	21503.094555807864	1420.2020652368303	0.0	1118.159899194864	47.959470481550014
443	47.64484795941582	21550.73940376729	1422.1757805901373	0.0	1125.7010821101987	47.64484795941582
444	46.47309943446686	21597.212503201747	1423.7203119548728	0.0	1129.2725753299549	46.47309943446686
445	47.61920031190868	21644.83170351366	1428.7439627415338	0.0	1136.2913367102722	47.61920031190868
446	46.51114898738339	21691.342852501046	1428.7332191368166	0.0	1137.7495303540422	46.51114898738339
447	45.86579206890327	21737.20864456995	1431.2363967225099	0.0	1142.1233737949888	45.86579206890327
448	48.05932683265143	21785.267971402594	1433.7282120088673	0.0	1143.804753052481	48.05932683265143
449	45.09856077047701	21830.36653217308	1430.6362637619254	0.0	1146.5450608207389	45.09856077047701
450	46.71346333386371	21877.07999550694	1432.9523749327407	0.0	1149.8585244649953	46.71346333386371
451	48.14418577506978	21925.224181282014	1438.0264838211203	0.0	1153.0548666186	48.14418577506978
452	45.24703083348939	21970.471212115484	1438.3477400251313	0.0	1153.9532164003015	45.24703083348939
453	44.879019220219114	22015.350231335728	1439.4935284948817	0.0	1156.264729199549	44.879019220219114
454	46.00605276742012	22061.356284103138	1438.9929929909297	0.0	1156.6991216949687	46.00605276742012
455	48.47796255265456	22109.83424665578	1443.8200535677463	0.0	1158.261015371571	48.47796255265456
456	48.38376877909633	22158.218015434897	1447.0000352996112	0.0	1163.9622881123116	48.38376877909633
457	46.41992983346914	22204.637945268354	1448.36770334028	0.0	1165.0197555904792	46.41992983346914
458	45.59614736508842	22250.23409263344	1447.0269794805304	0.0	1167.7325396028043	45.59614736508842
459	46.883482815503385	22297.117575448952	1446.569357718794	0.0	1167.685512247962	46.883482815503385
460	49.39620152812417	22346.513776977084	1447.668926725156	0.0	1172.6018733001215	49.39620152812417
461	46.92450694081075	22393.438283917876	1448.432797232566	0.0	1176.3345431869252	46.92450694081075
462	45.15677939540158	22438.59506331329	1446.707686809096	0.0	1179.3065325923976	45.15677939540158
463	47.24849409113079	22485.843557404416	1448.717064489793	0.0	1185.015594432872	47.24849409113079
464	43.86721178845498	22529.71076919287	1449.6115250312153	0.0	1186.1414345435644	43.86721178845498
465	46.95791377478323	22576.66868296766	1449.423252440254	0.0	1189.8358551154813	46.95791377478323
466	45.85733213771761	22622.526015105374	1450.2045652635397	0.0	1194.5204337430973	45.85733213771761
467	49.63821529336058	22672.16423039873	1456.1649967751616	0.0	1199.6940546859114	49.63821529336058
468	46.66001093901927	22718.82424133775	1458.250798752551	0.0	1199.4063970579361	46.66001093901927
469	46.181327833904305	22765.005569171673	1459.8316528132855	0.0	1200.3962829209831	46.181327833904305
470	45.33841817039357	22810.34398734205	1460.8024772071512	0.0	1203.0443165287136	45.33841817039357
471	49.17557769107807	22859.519565033122	1465.7498647867394	0.0	1203.6774472622158	49.17557769107807
472	44.517767671314076	22904.03733270444	1465.9114904449975	0.0	1202.6548716860673	44.517767671314076
473	46.52747497572692	22950.564807680174	1467.8076443027196	0.0	1206.6206936221906	46.52747497572692
474	47.15833619495944	22997.72314387513	1466.9740597959933	0.0	1209.061012347725	47.15833619495944
475	47.6020789065788	23045.325222781707	1468.0896931030843	0.0	1211.1831900938469	47.6020789065788
476	48.60055437004464	23093.92577715175	1472.5203458189055	0.0	1214.9529646946246	48.60055437004464
477	46.729149838484894	23140.654926990243	1475.9080646466712	0.0	1217.1804274380331	46.729149838484894
478	49.05449837340435	23189.709425363642	1476.1295220421648	0.0	1221.1397969577533	49.05449837340435
479	45.02204612528124	23234.73147148893	1475.904458161725	0.0	1220.3091816180665	45.02204612528124
480	46.17239695461587	23280.903868443536	1477.646351720142	0.0	1220.3321549352604	46.17239695461587
481	46.99786262533796	23327.901731068883	1478.694496838984	0.0	1223.6550724585345	46.99786262533796
482	47.91670695316947	23375.818438022037	1481.1181369436827	0.0	1225.0982274881048	47.91670695316947
483	45.351455991604496	23421.16989401365	1481.041977454334	0.0	1229.0324331052338	45.351455991604496
484	47.37594376331212	23468.545837776965	1484.9050029953314	0.0	1230.631816657515	47.37594376331212
485	47.78991926264293	23516.3357570396	1486.8810318060248	0.0	1234.008971548171	47.78991926264293
486	46.61891786806741	23562.954674907665	1490.6517594972681	0.0	1237.1825489734908	46.61891786806741
487	44.31195742263592	23607.266632330306	1488.2771833357358	0.0	1237.183709756603	44.31195742263592
488	48.77916645586501	23656.045798786163	1488.2077169207923	0.0	1241.8332450115884	48.77916645586501
489	46.3933451280208	23702.43914391419	1492.7062855726385	0.0	1242.7944830208698	46.3933451280208
490	45.67254724641173	23748.111691160608	1494.2634959595503	0.0	1243.364122273538	45.67254724641173
491	47.468188657839576	23795.57987981844	1498.1942867387288	0.0	1245.8175190010409	47.468188657839576
492	46.79048104370705	23842.37036086216	1503.0086131804671	0.0	1247.8344315382826	46.79048104370705
493	46.76216450431067	23889.13252536645	1503.6681018425259	0.0	1249.5726748103766	46.76216450431067
494	48.700056453959114	23937.832581820432	1507.7527766838184	0.0	1254.564513156891	48.700056453959114
495	46.86764923873661	23984.700231059156	1507.9694207648802	0.0	1258.9879682932885	46.86764923873661
496	50.04005149758741	24034.740282556744	1513.9377765863965	0.0	1263.0409523430974	50.04005149758741
497	45.486654216582764	24080.226936773335	1511.6470899258936	0.0	1267.1238222075915	45.486654216582764
498	46.565569227870064	24126.79250600121	1513.3645832383172	0.0	1271.171341719466	46.565569227870064
499	46.40420337867113	24173.19670937987	1515.2369369422186	0.0	1278.0126962892843	46.40420337867113
500	46.15663031630375	24219.35333969617	1516.911428242497	0.0	1286.4493027384717	46.15663031630375
501	45.79392605986226	24265.14726575604	1516.0681837330415	0.0	1288.33822166571	45.79392605986226
502	47.48957860281822	24312.63684435887	1518.6043558161223	0.0	1294.6527825504181	47.48957860281822
503	45.05144195200043	24357.688286310855	1517.7638490644654	0.0	1293.8148225465281	45.05144195200043
504	46.56995856549209	24404.258244876346	1520.4730027148357	0.0	1294.8698454321045	46.56995856549209
505	46.797057146964995	24451.055302023324	1522.5606677884964	0.0	1297.4279346266248	46.797057146964995
506	47.02934142118413	24498.084643444494	1523.638703005458	0.0	1298.3514198820535	47.02934142118413
507	45.48310045214004	24543.567743896627	1523.9056919709797	0.0	1298.2581691432933	45.48310045214004
508	45.26919013322452	24588.836934029867	1524.0392420648654	0.0	1301.0302247826794	45.26919013322452
509	43.872207128724106	24632.70914115858	1522.7137460977767	0.0	1300.753203470291	43.872207128724106
510	49.43051256051819	24682.139653719103	1527.0753802390207	0.0	1303.6022604055179	49.43051256051819
511	46.86527844167999	24729.004932160788	1529.2568865856563	0.0	1305.048245603244	46.86527844167999
512	47.04695102476438	24776.05188318556	1530.0980669018747	0.0	1306.3414203677287	47.04695102476438
513	48.5016034210394	24824.553486606575	1532.3694144692904	0.0	1311.4878039796658	48.5016034210394
514	48.060448368679324	24872.613934975267	1537.8499126128722	0.0	1313.5555973112484	48.060448368679324
515	45.84272442218179	24918.456659397456	1541.7993194758662	0.0	1315.1090298325462	45.84272442218179
516	46.1356884649997	24964.59234786245	1539.2611667356052	0.0	1315.1525149405834	46.1356884649997
517	45.19524822891902	25009.787596091377	1539.2890652493747	0.0	1317.0339257144797	45.19524822891902
518	46.905945752144746	25056.69354184351	1541.5466280067285	0.0	1318.761603107422	46.905945752144746
519	45.783865138126515	25102.477406981638	1540.8365983841027	0.0	1322.9152294019675	45.783865138126515
520	46.382170297471156	25148.8595772791	1542.0289721560607	0.0	1324.7078332610254	46.382170297471156
521	47.14765078419262	25196.007228063292	1544.789001711799	0.0	1329.0943910770015	47.14765078419262
522	47.24068172622557	25243.247909789527	1547.2524526126283	0.0	1331.244592156841	47.24068172622557
523	48.59143679083615	25291.83934658037	1551.8620527006005	0.0	1336.6204336144003	48.59143679083615
524	46.74244903693956	25338.581795617287	1551.9821496715906	0.0	1340.149350378507	46.74244903693956
525	47.07545435166782	25385.657249968965	1554.1391825174394	0.0	1344.0489630724323	47.07545435166782
526	49.10034042234832	25434.75759039134	1557.74694928641	0.0	1343.3877368973176	49.10034042234832
527	46.412410795007894	25481.170001186325	1557.91654641033	0.0	1347.0445092771336	46.412410795007894
528	47.07065814283407	25528.24065932916	1558.5189309270138	0.0	1351.4554086272594	47.07065814283407
529	47.3085873522565	25575.54924668141	1564.3330814627611	0.0	1352.4438499693288	47.3085873522565
530	44.585008070265275	25620.13425475168	1562.8168281246315	0.0	1353.5632213191736	44.585008070265275
531	49.399661853142916	25669.53391660481	1566.4865100770032	0.0	1360.154196009221	49.399661853142916
532	48.08667763787023	25717.620594242715	1572.6921971011368	0.0	1366.4521625347588	48.08667763787023
533	45.85087952802185	25763.471473770718	1573.087911281006	0.0	1366.5535919253264	45.85087952802185
534	47.2461086694093	25810.717582440124	1575.0512807080877	0.0	1370.8271019305848	47.2461086694093
535	46.801525498317424	25857.51910793845	1576.8426222002975	0.0	1374.0111796740257	46.801525498317424
536	45.835883984219116	25903.354991922664	1577.4032729400794	0.0	1375.9752470676087	45.835883984219116
537	46.79423100546437	25950.14922292813	1580.5960405999242	0.0	1378.594769522378	46.79423100546437
538	47.72343612575304	25997.872659053875	1583.8608035099655	0.0	1380.2411017477132	47.72343612575304
539	43.7889028033391	26041.661561857214	1582.7254589558258	0.0	1382.9379476848515	43.7889028033391
540	45.79212747775267	26087.45368933497	1582.533598547214	0.0	1386.758081067063	45.79212747775267
541	45.88471816356612	26133.338407498533	1581.92008139529	0.0	1389.4197711741704	45.88471816356612
542	44.68970776818198	26178.028115266734	1582.2564240327783	0.0	1391.9067690590898	44.68970776818198
543	48.89348723210773	26226.92160249882	1586.4898045238797	0.0	1396.7871541425172	48.89348723210773
544	47.198496495778635	26274.1200989946	1589.3446489250002	0.0	1400.363751531799	47.198496495778635
545	47.035157812980195	26321.155256807586	1592.5421030625687	0.0	1402.1546232596236	47.035157812980195
546	43.38338792545448	26364.538644733046	1591.1828444412904	0.0	1404.2478866919328	43.38338792545448
547	47.96277478317046	26412.5014195162	1594.001085370516	0.0	1406.400222474454	47.96277478317046
548	46.75479241355596	26459.25621192977	1595.8915267230811	0.0	1406.2136805119942	46.75479241355596
549	46.98778317448608	26506.243995104254	1598.866722820203	0.0	1409.126821629189	46.98778317448608
550	48.08330915238346	26554.327304256632	1603.25321639811	0.0	1411.3777755068513	48.08330915238346
551	47.05403310708673	26601.381337363724	1605.8746174015428	0.0	1412.2526119904803	47.05403310708673
552	47.32508769623843	26648.70642505997	1608.5675036766243	0.0	1414.4674882171498	47.32508769623843
553	47.85768833208745	26696.564113392033	1609.9959042416965	0.0	1414.8438465214774	47.85768833208745
554	44.751747775722855	26741.31586116777	1611.385839015257	0.0	1420.4288146324284	44.751747775722855
555	47.67468237038398	26788.990543538166	1614.5613637579381	0.0	1423.072670959909	47.67468237038398
556	45.70386560393502	26834.694409142096	1616.0700566426146	0.0	1421.785235421669	45.70386560393502
557	47.15805944470376	26881.852468586796	1616.9792275890495	0.0	1425.7973219415733	47.15805944470376
558	45.912446263031796	26927.76491484984	1619.7157267965426	0.0	1428.1711408571066	45.912446263031796
559	46.20534308296973	26973.970257932804	1618.731819123427	0.0	1428.8748653560272	46.20534308296973
560	48.6331554488062	27022.603413381603	1618.731819123427	0.0	1432.4113185070548	48.6331554488062
