task	reward	total_reward	total_regret	relative	total_reward_dev	joules
0	71.97181712808151	71.97181712808151	-0.5134604748470106	0.0	10.309465086531457	71.97181712808151
1	74.9877806672774	146.95959779535892	3.2603191046903994	0.0	20.57950662193812	74.9877806672774
2	74.92526044177292	221.88485823713188	6.895223300737505	0.0	27.792330569138166	74.92526044177292
3	71.03407526207816	292.91893349920986	5.238437101159847	0.0	28.577884269010028	71.03407526207816
4	73.09280586468898	366.01173936389904	6.895881888141546	0.0	32.0304303015254	73.09280586468898
5	77.75886318969495	443.7706025535941	13.594004623934277	0.0	40.41104912384285	77.75886318969495
6	73.64203165104661	517.4126342046405	16.695758229103664	0.0	41.568283276225316	73.64203165104661
7	73.14090687781756	590.5535410824581	19.833799249420576	0.0	44.213742646557	73.14090687781756
8	74.30685918192499	664.8604002643832	22.682075321176544	0.0	47.68083670320167	74.30685918192499
9	73.21033640969148	738.0707366740749	25.159834186981325	0.0	53.03492059940428	73.21033640969148
10	74.20568464613322	812.2764213202079	29.99184878571743	0.0	56.34207191331694	74.20568464613322
11	74.5531683488141	886.8295896690214	32.587700938052485	0.0	56.636077309028764	74.5531683488141
12	74.16162930728	960.9912189763022	35.97952271264917	0.0	59.034061563926585	74.16162930728
13	71.83351435611155	1032.8247333324132	34.876113952850865	0.0	59.6236854804269	71.83351435611155
14	71.29215160377974	1104.1168849361932	35.26898033879898	0.0	60.10039430171132	71.29215160377974
15	70.44048236979386	1174.557367305987	34.51088462944179	0.0	61.126172994720335	70.44048236979386
16	72.928151104593	1247.4855184105797	35.43117080186377	0.0	62.620114819426874	72.928151104593
17	72.73357090943176	1320.2190893200113	36.41618036968348	0.0	62.484543370947904	72.73357090943176
18	73.05162712784349	1393.270716447855	38.63967902893945	0.0	63.396714435431626	73.05162712784349
19	72.62491470120233	1465.8956311490574	40.27541100715829	0.0	62.57946029201336	72.62491470120233
20	72.89017651203271	1538.7858076610898	41.35134094496096	0.0	63.81374528599087	72.89017651203271
21	71.65824750870098	1610.4440551697908	42.79404951509752	0.0	62.56741676938726	71.65824750870098
22	71.32883019644872	1681.7728853662402	42.89256625811417	0.0	63.70978637720704	71.32883019644872
23	72.12272724500947	1753.8956126112494	44.6229666928327	0.0	66.4372346148972	72.12272724500947
24	75.09612541058723	1828.991738021836	47.86719824945476	0.0	68.76278082611516	75.09612541058723
25	72.97332502508817	1901.965063046925	51.111494745576366	0.0	71.20722452164213	72.97332502508817
26	72.65659887664819	1974.6216619235731	52.698215819955934	0.0	72.16126246396384	72.65659887664819
27	75.73849350094928	2050.3601554245233	57.075296341214944	0.0	75.91524750063209	75.73849350094928
28	71.77772331612542	2122.1378787406466	58.034225090239715	0.0	75.32648472554244	71.77772331612542
29	74.25777388220234	2196.3956526228485	61.62327248415863	0.0	75.29395249935806	74.25777388220234
30	73.21359752745546	2269.6092501503063	63.273381003630654	0.0	76.55485743688719	73.21359752745546
31	74.03423449396547	2343.6434846442708	66.4538288341696	0.0	81.78073569560041	74.03423449396547
32	77.08307905943984	2420.726563703711	72.25934293240056	0.0	83.87524427456722	77.08307905943984
33	73.21056925757235	2493.9371329612836	73.5326831001531	0.0	84.01686605664095	73.21056925757235
34	73.50471379636005	2567.4418467576434	75.35714061949133	0.0	85.93352014395563	73.50471379636005
35	73.27518979220503	2640.717036549848	77.76518316556607	0.0	88.28132565095187	73.27518979220503
36	72.01906865579537	2712.7361052056435	79.17754257649766	0.0	86.67253452516961	72.01906865579537
37	73.06313688913332	2785.7992420947758	81.08478036204282	0.0	90.29839080012532	73.06313688913332
38	72.75859943986273	2858.557841534641	82.40287446472571	0.0	92.60017209258453	72.75859943986273
39	72.98559496864146	2931.5434365032797	84.64345642988923	0.0	95.35039017849387	72.98559496864146
40	72.15743409596259	3003.700870599243	85.26056955878707	0.0	94.89839074124163	72.15743409596259
41	75.76563703307201	3079.4665076323163	89.92817771070656	0.0	97.31856462338492	75.76563703307201
42	72.24993270225774	3151.716440334573	90.56519368873076	0.0	95.88578719522518	72.24993270225774
43	72.48567637565401	3224.202116710227	92.19308417229156	0.0	95.36613316751739	72.48567637565401
44	73.64245879276488	3297.8445755029934	93.84611338254592	0.0	96.8556962396719	73.64245879276488
45	72.57443803925761	3370.41901354225	96.59140942942935	0.0	100.9981461439189	72.57443803925761
46	74.08656396336461	3444.505577505614	100.49551350640395	0.0	103.12556923279624	74.08656396336461
47	75.6810038498628	3520.1865813554764	104.88974443174433	0.0	102.6693510793767	75.6810038498628
48	73.67827439091637	3593.864855746395	107.66628607225294	0.0	102.73419409658072	73.67827439091637
49	72.26534538967476	3666.13020113607	108.82825663453879	0.0	103.13971437885455	72.26534538967476
50	73.63489715788106	3739.765098293951	110.39274701853734	0.0	105.5310538875673	73.63489715788106
51	72.11164473011368	3811.8767430240628	110.48111267791872	0.0	104.78499067965397	72.11164473011368
52	75.55318534510425	3887.429928369167	115.56428516855328	0.0	109.26132107312097	75.55318534510425
53	71.54594782274845	3958.9758761919156	117.9447329991935	0.0	110.50890907539	71.54594782274845
54	72.35527321936404	4031.33114941128	118.13703055431527	0.0	111.23609680012203	72.35527321936404
55	72.32458888089462	4103.655738292176	119.21778882185778	0.0	113.07845767368062	72.32458888089462
56	72.16647566350198	4175.822213955678	119.95721174616969	0.0	116.12241917014325	72.16647566350198
57	71.10608746257248	4246.928301418249	120.02457361697378	0.0	115.24607164503696	71.10608746257248
58	71.68333073985366	4318.611632158103	121.32066798857569	0.0	119.99068773329867	71.68333073985366
59	74.4966815854601	4393.10831374356	124.78339297239935	0.0	121.58256776656377	74.4966815854601
60	74.16331844968394	4467.271632193246	127.90630825816635	0.0	122.88293615472253	74.16331844968394
61	72.75832282837968	4540.029955021627	130.31339862092597	0.0	120.93715267587127	72.75832282837968
62	72.06825643039483	4612.098211452021	131.56851748395897	0.0	121.32475069350858	72.06825643039483
63	71.89377739541571	4683.991988847437	131.772818503849	0.0	122.19565552551668	71.89377739541571
64	74.15292935063752	4758.144918198074	135.021020792495	0.0	123.30748380768847	74.15292935063752
65	73.47950296611035	4831.624421164186	135.88135554231087	0.0	125.61049927578716	73.47950296611035
66	73.84013016924614	4905.464551333431	139.10424109456227	0.0	125.28312756039986	73.84013016924614
67	73.40826583715649	4978.872817170589	142.5832075558843	0.0	122.97201289837129	73.40826583715649
68	74.14946005975132	5053.022277230338	145.98507492210064	0.0	124.95411943817071	74.14946005975132
69	72.53756541845799	5125.559842648799	148.2000401126169	0.0	125.23708673317832	72.53756541845799
70	72.14259823176688	5197.702440880563	148.72394659192875	0.0	124.69395961793074	72.14259823176688
71	70.7400967204105	5268.442537600972	150.06861448001476	0.0	125.34738006386638	70.7400967204105
72	73.43272331116887	5341.875260912144	153.16707599284143	0.0	128.42149500747533	73.43272331116887
73	72.36041944388882	5414.2356803560315	155.23685245806323	0.0	128.58274703058262	72.36041944388882
74	73.80661710024548	5488.042297456273	158.11863163962943	0.0	130.2018258988763	73.80661710024548
75	73.43120953735927	5561.473506993639	160.30905421873305	0.0	135.3567375411435	73.43120953735927
76	70.64165870455308	5632.115165698191	159.96460656135736	0.0	138.0351010099384	70.64165870455308
77	72.64785235091445	5704.763018049104	162.80644709180694	0.0	140.6796401150433	72.64785235091445
78	73.29454750683958	5778.057565555941	165.79313902600705	0.0	142.71884876811933	73.29454750683958
79	74.39105886715845	5852.448624423101	169.0696038799546	0.0	141.21516609201717	74.39105886715845
80	73.2340654058604	5925.682689828964	171.2745616569192	0.0	141.56436129939016	73.2340654058604
81	71.87311762706511	5997.5558074560295	172.05713968312665	0.0	138.84462277436634	71.87311762706511
82	74.48943892580468	6072.0452463818365	174.7827351516201	0.0	140.142635776437	74.48943892580468
83	75.48683920391018	6147.532085585744	179.9760592775239	0.0	137.62740195517443	75.48683920391018
84	72.38884756259648	6219.920933148341	182.1862891234181	0.0	139.02676009601814	72.38884756259648
85	72.98352963910266	6292.904462787444	184.39123140975747	0.0	139.38397111299543	72.98352963910266
86	72.35125603609917	6365.255718823543	184.7675794044507	0.0	139.0821798655345	72.35125603609917
87	73.74814590536107	6439.003864728901	187.84256350952535	0.0	143.49153987714695	73.74814590536107
88	73.17243628507069	6512.176301013974	189.03778971325565	0.0	145.55971434006466	73.17243628507069
89	73.40302405095795	6585.57932506493	191.64050902738688	0.0	146.60010487372196	73.40302405095795
90	73.44706694615022	6659.026392011079	193.76644127933562	0.0	147.79250875112248	73.44706694615022
91	75.27864432132324	6734.305036332403	197.11527126780854	0.0	149.2375705545476	75.27864432132324
92	71.75899678776092	6806.064033120165	198.22733044979904	0.0	149.4840977005136	71.75899678776092
93	73.03621662640784	6879.100249746572	198.9332456491918	0.0	148.37068368899546	73.03621662640784
94	72.43762417567312	6951.537873922247	199.1594590473313	0.0	148.2448395026951	72.43762417567312
95	74.0827490097097	7025.620622931955	203.19651979125913	0.0	149.0452061515676	74.0827490097097
96	78.06144234541708	7103.682065277369	209.85669798628078	0.0	147.3478687895759	78.06144234541708
97	72.13317209382927	7175.815237371201	209.4908001964015	0.0	146.8975714717368	72.13317209382927
98	73.93736402984342	7249.752601401047	212.00289353154315	0.0	150.80394919018616	73.93736402984342
99	73.00476136585868	7322.7573627669035	212.4813586409157	0.0	151.7166407938521	73.00476136585868
100	71.41089047021093	7394.168253237115	213.09206504590267	0.0	152.77183113881043	71.41089047021093
101	71.17507227391985	7465.343325511036	212.97366097973844	0.0	153.35964838475874	71.17507227391985
102	75.22132137716275	7540.564646888197	217.80447186587077	0.0	152.10397510212962	75.22132137716275
103	72.89941693992728	7613.464063828124	219.83740123676688	0.0	152.53673627048894	72.89941693992728
104	74.7021760950214	7688.166239923146	223.52840323263467	0.0	153.19913714577942	74.7021760950214
105	74.06128513274747	7762.227525055898	226.99992474963585	0.0	153.8010022848878	74.06128513274747
106	70.84036957012518	7833.06789462602	226.72668421632275	0.0	154.99730540275854	70.84036957012518
107	73.44966704977176	7906.517561675792	227.88962160421136	0.0	154.62021440688372	73.44966704977176
108	73.64154631308804	7980.1591079888785	230.01731595931244	0.0	152.50999628851184	73.64154631308804
109	74.10739222235061	8054.266500211234	232.87720048309896	0.0	153.51830039971503	74.10739222235061
110	75.7231534050551	8129.989653616284	237.7365077227181	0.0	154.64314329552582	75.7231534050551
111	71.27088531363056	8201.260538929917	237.49727075537785	0.0	154.92723651098322	71.27088531363056
112	72.26466866771949	8273.525207597639	238.450459268033	0.0	156.58646336351208	72.26466866771949
113	72.35700244859294	8345.882210046231	240.9062623298361	0.0	155.98220571661926	72.35700244859294
114	72.80477460410161	8418.68698465033	242.68294289818112	0.0	158.03546567011355	72.80477460410161
115	72.67778551000816	8491.364770160344	243.4816908363469	0.0	159.9024552703359	72.67778551000816
116	72.38181851474667	8563.746588675087	244.57342643036864	0.0	160.78359001949534	72.38181851474667
117	71.53230043272015	8635.278889107802	245.46089911182918	0.0	160.25667192865103	71.53230043272015
118	72.65855655927149	8707.937445667076	247.3898134480646	0.0	160.8746654521033	72.65855655927149
119	72.0775500855829	8780.01499575266	247.72341243587317	0.0	161.27173084287546	72.0775500855829
120	73.10316254125645	8853.118158293915	250.0016613978705	0.0	164.19725783025302	73.10316254125645
121	74.3291560335692	8927.44731432748	253.9102128839583	0.0	165.53309603780212	74.3291560335692
122	76.14706362245359	9003.594377949936	258.3212333983359	0.0	167.92999836100654	76.14706362245359
123	72.55735238638826	9076.151730336329	260.02498562788224	0.0	169.63716636711757	72.55735238638826
124	74.35823521698465	9150.50996555331	264.77558124187914	0.0	171.94315842771405	74.35823521698465
125	75.95665723745385	9226.466622790762	269.9687871328947	0.0	174.64080860179251	75.95665723745385
126	71.01532230369575	9297.481945094458	271.1541006448884	0.0	176.0046832672748	71.01532230369575
127	70.25712299186821	9367.739068086328	270.87472902799686	0.0	178.25028262663523	70.25712299186821
128	70.26743195670186	9438.006500043028	268.82843474122603	0.0	179.59184596111513	70.26743195670186
129	73.44117216527961	9511.447672208307	271.02564554271504	0.0	181.10959724193143	73.44117216527961
130	73.05774125826089	9584.505413466564	272.97475263882984	0.0	180.1229191453763	73.05774125826089
131	73.72892166639458	9658.234335132964	276.36377707966034	0.0	182.0860817018058	73.72892166639458
132	72.5497435066756	9730.784078639641	278.4243769294712	0.0	184.9277137007695	72.5497435066756
133	71.37334328264214	9802.15742192228	278.0180311583623	0.0	183.6475679160304	71.37334328264214
134	74.38580654272315	9876.543228465007	281.2665629866591	0.0	183.57159698178603	74.38580654272315
135	72.34631875313353	9948.889547218134	282.9890372067137	0.0	184.59447212373965	72.34631875313353
136	74.04233467189984	10022.931881890041	286.8319666349646	0.0	184.11517781556822	74.04233467189984
137	73.86245120051215	10096.794333090553	290.8204586909007	0.0	185.6489871848026	73.86245120051215
138	73.03381437829657	10169.828147468848	292.5449100075392	0.0	183.0559795420882	73.03381437829657
139	71.41263441057795	10241.24078187943	292.2950676232314	0.0	182.72001491661533	71.41263441057795
140	73.48707313930277	10314.727855018726	294.3567209339779	0.0	180.41586242084713	73.48707313930277
141	76.17456472864315	10390.902419747372	299.11892234922743	0.0	185.32174613819294	76.17456472864315
142	74.61914212843146	10465.521561875801	302.8123582967334	0.0	186.50358768108356	74.61914212843146
143	72.41102999162476	10537.932591867422	304.8331593412913	0.0	186.61328487411544	72.41102999162476
144	72.23404585791349	10610.166637725344	307.11989142076766	0.0	186.460858062535	72.23404585791349
145	73.59328046477893	10683.75991819012	309.26706320656706	0.0	186.3958198958598	73.59328046477893
146	70.44265650171738	10754.202574691835	309.99696398068124	0.0	185.65964793829508	70.44265650171738
147	72.81165130311753	10827.014225994957	310.77102617116617	0.0	186.43796601727527	72.81165130311753
148	76.25831564537401	10903.272541640326	315.262919528256	0.0	189.1926482387191	76.25831564537401
149	72.16123628519631	10975.433777925526	316.4374219244482	0.0	190.99144219746717	72.16123628519631
150	74.54904732885082	11049.98282525438	319.89618822139835	0.0	193.94834352396035	74.54904732885082
151	71.94728356391252	11121.93010881829	321.32128574006373	0.0	194.16018618117144	71.94728356391252
152	73.42827562020747	11195.3583844385	322.71519553396973	0.0	192.91504682667886	73.42827562020747
153	71.55852254146808	11266.916906979965	323.21232550958746	0.0	194.0624877235366	71.55852254146808
154	73.52821491757756	11340.445121897545	326.6522292258985	0.0	195.76894912016448	73.52821491757756
155	73.25531895967323	11413.70044085722	328.7155935756334	0.0	196.933867863594	73.25531895967323
156	77.13928291049113	11490.839723767707	334.9591192627714	0.0	196.7076578828375	77.13928291049113
157	74.41417374348784	11565.253897511193	338.99969990194097	0.0	195.2933456903676	74.41417374348784
158	71.55175906360203	11636.805656574792	339.1007904866851	0.0	195.05469346174593	71.55175906360203
159	73.75503880324378	11710.560695378035	340.78954029814116	0.0	193.85965465731172	73.75503880324378
160	73.06360549219843	11783.624300870237	343.9072079877037	0.0	195.14350644150556	73.06360549219843
161	72.64108969308228	11856.265390563318	345.35678946809065	0.0	190.45748126078715	72.64108969308228
162	73.18415489774765	11929.449545461071	347.72724739204847	0.0	190.5379448708878	73.18415489774765
163	72.76311332120318	12002.212658782271	349.64543517450613	0.0	189.32208300346392	72.76311332120318
164	71.77962167533545	12073.992280457602	349.01031421599396	0.0	190.2022983818247	71.77962167533545
165	73.12465465756709	12147.11693511518	351.23305687316076	0.0	191.21757715496906	73.12465465756709
166	71.49764247092041	12218.614577586095	351.91934981252706	0.0	191.5914893196397	71.49764247092041
167	73.80363212741133	12292.418209713509	354.2393811991591	0.0	193.63960770368092	73.80363212741133
168	75.64713886987762	12368.065348583383	359.07615608756237	0.0	195.76585378429064	75.64713886987762
169	73.94653229174986	12442.011880875134	362.11201563255526	0.0	196.4999303408874	73.94653229174986
170	70.92666760539505	12512.938548480533	363.14517236760395	0.0	197.22975198677213	70.92666760539505
171	71.39702095729251	12584.335569437817	362.75392532124954	0.0	197.1502155675143	71.39702095729251
172	74.24172432397937	12658.577293761799	364.9771241614947	0.0	197.03775301348202	74.24172432397937
173	70.67217501734872	12729.24946877915	364.24717590911604	0.0	197.85970260087547	70.67217501734872
174	72.45616903434632	12801.705637813497	365.37642219201757	0.0	200.8582125651162	72.45616903434632
175	75.78318105237088	12877.488818865862	371.03350038298123	0.0	200.4901190371882	75.78318105237088
176	72.41158349250168	12949.90040235836	372.4822212324746	0.0	201.219314178352	72.41158349250168
177	73.5508013546787	13023.45120371305	374.54949692883986	0.0	202.28449994810723	73.5508013546787
178	71.88045922841094	13095.331662941458	374.63887339795934	0.0	201.82097209713896	71.88045922841094
179	74.50070993283681	13169.83237287429	377.1917468083333	0.0	203.5862791062077	74.50070993283681
180	72.178661896552	13242.011034770847	377.3366860844342	0.0	203.12988105390664	72.178661896552
181	74.56044139696249	13316.571476167801	381.2835609851483	0.0	205.49217581449335	74.56044139696249
182	72.86458302182106	13389.436059189627	383.9074957090347	0.0	207.32751073137527	72.86458302182106
183	74.95104532779465	13464.38710451743	388.31229406020174	0.0	209.09612191517354	74.95104532779465
184	74.33876753738521	13538.72587205481	391.72352116361117	0.0	207.58892187785258	74.33876753738521
185	74.26557122394837	13612.991443278755	394.87606458264037	0.0	212.20795866111771	74.26557122394837
186	73.16766409979493	13686.159107378557	396.1876444114269	0.0	215.04058003608918	73.16766409979493
187	70.39062697420826	13756.549734352764	395.3038858326847	0.0	215.29143885069217	70.39062697420826
188	70.07460410631602	13826.624338459076	394.59407004242746	0.0	216.10812579203306	70.07460410631602
189	72.4718706771619	13899.096209136243	395.46487048750765	0.0	217.53363400302686	72.4718706771619
190	73.7060436176138	13972.802252753854	398.4340569686038	0.0	217.0482967710474	73.7060436176138
191	75.17575674589956	14047.97800949975	403.9500638286718	0.0	220.00180543662734	75.17575674589956
192	73.46568815348992	14121.443697653247	405.99295621018223	0.0	218.73164151739036	73.46568815348992
193	75.34352209579708	14196.787219749034	409.90125345177796	0.0	217.5327981978932	75.34352209579708
194	76.33030124335555	14273.117520992395	416.73978040574895	0.0	220.53377037327223	76.33030124335555
195	74.9863490008452	14348.10386999324	421.3636196526037	0.0	221.60012803829935	74.9863490008452
196	70.15348555153062	14418.257355544774	420.9375310221786	0.0	220.77780915309108	70.15348555153062
197	75.9352502068296	14494.192605751592	425.4862100255886	0.0	222.4402630079463	75.9352502068296
198	75.41205970762162	14569.60466545922	429.24978894575014	0.0	222.63642745196347	75.41205970762162
199	71.94512265331299	14641.549788112537	429.0122179998942	0.0	223.22681321942045	71.94512265331299
200	74.28336622338671	14715.833154335918	432.06643224560145	0.0	227.0657561206224	74.28336622338671
201	75.62498579762537	14791.458140133547	436.341246604833	0.0	225.14673968798158	75.62498579762537
202	72.79319831514647	14864.251338448688	437.8582082343453	0.0	226.83924583366814	72.79319831514647
203	71.851905491314	14936.103243940008	438.8434547891717	0.0	225.64833835366974	71.851905491314
204	74.8520624549548	15010.955306394959	441.18487897908517	0.0	225.79767256862615	74.8520624549548
205	74.14794697813696	15085.103253373094	445.34863875240376	0.0	228.61864209095032	74.14794697813696
206	74.37384855292807	15159.47710192602	449.1444409191382	0.0	231.39600675013534	74.37384855292807
207	74.78626078833932	15234.263362714362	452.5164106005097	0.0	233.16007068948633	74.78626078833932
208	70.3511846498838	15304.61454736425	452.59421304955316	0.0	232.27124764422672	70.3511846498838
209	75.52845736197604	15380.143004726222	457.882345907117	0.0	235.37237060938082	75.52845736197604
210	72.70973462395733	15452.85273935018	459.48419430901873	0.0	235.71873115214817	72.70973462395733
211	71.7449719918028	15524.597711341987	459.92135003472794	0.0	235.5321958692668	71.7449719918028
212	73.45745610580924	15598.05516744779	464.144710645742	0.0	232.53120314771468	73.45745610580924
213	72.63169114059336	15670.68685858838	466.224404373723	0.0	233.20465956935524	72.63169114059336
214	74.32820096577075	15745.015059554156	468.8681941538161	0.0	232.23514152574938	74.32820096577075
215	74.33017459797357	15819.34523415212	473.23886542842723	0.0	230.68924584056006	74.33017459797357
216	72.2349485600067	15891.580182712136	474.19646277048577	0.0	229.89813208168192	72.2349485600067
217	69.79981148426882	15961.379994196404	473.83688340136484	0.0	229.64555300532263	69.79981148426882
218	77.65082699035742	16039.030821186767	481.0923651667275	0.0	234.29083730462017	77.65082699035742
219	73.99152780954896	16113.02234899632	484.63749030319815	0.0	236.16189923543274	73.99152780954896
220	73.8938637098707	16186.91621270618	486.441588767698	0.0	236.3231525241231	73.8938637098707
221	74.07360338229168	16260.989816088477	489.7526131578735	0.0	237.6374370354286	74.07360338229168
222	72.9637407747396	16333.953556863215	492.2206372297823	0.0	240.72377641531446	72.9637407747396
223	74.43309256255388	16408.38664942577	495.85500253271965	0.0	241.64588958212286	74.43309256255388
224	72.77778464313423	16481.16443406891	498.06181483302265	0.0	241.61777405492094	72.77778464313423
225	72.3276244008884	16553.492058469794	499.469864654139	0.0	243.1344372051732	72.3276244008884
226	73.96108686787706	16627.45314533767	502.7798793831453	0.0	243.40850365450407	73.96108686787706
227	72.87813947656022	16700.331284814223	504.5512708054903	0.0	245.15119351959697	72.87813947656022
228	76.8660045783606	16777.19728939258	510.71960736726163	0.0	246.1174371913278	76.8660045783606
229	73.1623561043977	16850.359645496977	511.69304945370095	0.0	246.32545871043547	73.1623561043977
230	75.06061189888236	16925.420257395876	515.9777777134163	0.0	248.2359714138293	75.06061189888236
231	73.43510726878469	16998.85536466465	518.8841130950201	0.0	246.9397224594229	73.43510726878469
232	74.56880270348069	17073.42416736813	521.4290204364443	0.0	247.13756565879592	74.56880270348069
233	75.14733589397963	17148.57150326211	525.5561801552759	0.0	246.12102871960798	75.14733589397963
234	73.86132834614291	17222.43283160825	526.8808086825165	0.0	248.26556317306006	73.86132834614291
235	70.43366599862827	17292.86649760688	525.9037529243598	0.0	247.5479692940447	70.43366599862827
236	73.88753218509264	17366.754029791973	529.3886519448005	0.0	245.18634224098918	73.88753218509264
237	74.57371037857689	17441.32774017055	531.3217460867236	0.0	247.10441653553207	74.57371037857689
238	74.18996358397494	17515.517703754525	534.8059885726732	0.0	243.47827615253325	74.18996358397494
239	73.76548286224376	17589.28318661677	538.1301222461234	0.0	243.5294217449284	73.76548286224376
240	72.61583410066346	17661.899020717432	539.9373708624082	0.0	245.4333650460763	72.61583410066346
241	70.20914141267419	17732.108162130116	539.2265711521902	0.0	246.91350730237153	70.20914141267419
242	73.32615586587123	17805.43431799598	541.5655179280127	0.0	245.1917989845715	73.32615586587123
243	75.09200718885285	17880.526325184834	546.6917583424492	0.0	244.55489193923498	75.09200718885285
244	74.7515223659702	17955.2778475508	550.9523324900343	0.0	243.52305763480314	74.7515223659702
245	73.67488119414932	18028.952728744956	554.6426844092636	0.0	242.52317915140983	73.67488119414932
246	72.22841510385119	18101.181143848815	555.6736003357064	0.0	244.37970849288567	72.22841510385119
247	73.40602116525801	18174.587165014058	556.7386072274895	0.0	244.19503246773877	73.40602116525801
248	76.41965058920806	18251.006815603272	561.2558944707042	0.0	246.03506096308763	76.41965058920806
249	72.14276829359477	18323.149583896866	562.0131904375676	0.0	245.78171462886823	72.14276829359477
250	71.67264464096334	18394.82222853784	563.0091426895385	0.0	248.93091754360057	71.67264464096334
251	75.69815770953178	18470.52038624736	568.1598334520303	0.0	254.25810333370572	75.69815770953178
252	72.12741497934658	18542.647801226714	569.0313388194933	0.0	256.99887191448215	72.12741497934658
253	71.3348258895579	18613.98262711626	569.5424209474562	0.0	256.8805542137388	71.3348258895579
254	73.36527130587233	18687.34789842214	570.3193346383213	0.0	257.77539561732414	73.36527130587233
255	73.5534620987758	18760.90136052091	573.0195079492217	0.0	257.6964442841164	73.5534620987758
256	74.99642190451117	18835.897782425433	577.8008146091362	0.0	258.2205658220133	74.99642190451117
257	73.99359366652135	18909.891376091946	581.1721487987907	0.0	255.46358894995336	73.99359366652135
258	74.72538009538764	18984.61675618734	584.9084034031997	0.0	253.71588962847534	74.72538009538764
259	73.96861814050077	19058.58537432783	588.2530235375128	0.0	253.67215139538598	73.96861814050077
260	75.51791177185905	19134.1032860997	592.9919904444639	0.0	251.06329323377892	75.51791177185905
261	75.68533211544512	19209.788618215134	598.7800078483804	0.0	252.35980786940553	75.68533211544512
262	71.72321939040987	19281.511837605547	598.7513873101145	0.0	252.94097224964668	71.72321939040987
263	75.27251494561679	19356.784352551156	603.7578004191025	0.0	254.15346763209996	75.27251494561679
264	77.27905176058596	19434.063404311746	610.7009765801625	0.0	252.05150089063517	77.27905176058596
265	71.32474397535343	19505.388148287107	611.0640410252627	0.0	252.27227838646945	71.32474397535343
266	75.65657572382894	19581.04472401093	614.320991623901	0.0	251.28595226560952	75.65657572382894
267	74.10267522049023	19655.14739923143	615.8115829736769	0.0	254.70853869792185	74.10267522049023
268	70.18065334269053	19725.328052574117	615.4633113067424	0.0	256.0594390210512	70.18065334269053
269	73.01617222023293	19798.344224794346	617.7641750501407	0.0	254.00819420684164	73.01617222023293
270	73.47889926602444	19871.823124060378	619.6463409358404	0.0	253.91005597138653	73.47889926602444
271	76.23438617677148	19948.05751023713	623.6106741020197	0.0	256.4579843506891	76.23438617677148
272	73.33093594771687	20021.388446184865	626.2889600731372	0.0	258.9962082130405	73.33093594771687
273	74.14511019087668	20095.533556375733	628.33337608912	0.0	260.84242450457174	74.14511019087668
274	70.91028577163702	20166.443842147375	627.2294290128832	0.0	261.82215407577945	70.91028577163702
275	74.51542643682467	20240.959268584196	630.3522422096866	0.0	259.8144343848365	74.51542643682467
276	73.87517953553785	20314.834448119735	633.8067029488611	0.0	259.82759335024326	73.87517953553785
277	72.57181856831625	20387.406266688045	635.4147625364503	0.0	260.0553907207886	72.57181856831625
278	69.81014691393831	20457.21641360199	633.9696461101211	0.0	260.46312173700335	69.81014691393831
279	75.69535665775655	20532.911770259743	638.6323730095492	0.0	260.365994108596	75.69535665775655
280	71.88044737238148	20604.79221763212	638.3038925623046	0.0	259.2036653870532	71.88044737238148
281	72.4474585488325	20677.239676180965	640.1315166516869	0.0	259.4702206053849	72.4474585488325
282	72.73324728021724	20749.97292346117	642.2965833582593	0.0	259.9679276708005	72.73324728021724
283	73.25583330420402	20823.228756765384	645.5960045715332	0.0	262.1192885951165	73.25583330420402
284	73.9590255906681	20897.187782356057	649.0205522347046	0.0	263.60138483052657	73.9590255906681
285	71.77744763625392	20968.965229992293	649.5168031873513	0.0	263.69056779820426	71.77744763625392
286	72.01629937900024	21040.981529371304	650.4376528882124	0.0	262.395482187135	72.01629937900024
287	71.56071409211971	21112.542243463417	651.5634378563597	0.0	262.07161662822193	71.56071409211971
288	73.4536010442699	21185.99584450769	652.700815731998	0.0	264.1660783951517	73.4536010442699
289	75.60071504335332	21261.596559551042	657.5082148836026	0.0	266.5926206995577	75.60071504335332
290	71.9049505545747	21333.501510105623	659.5379029740137	0.0	265.6362448913544	71.9049505545747
291	73.12522461370601	21406.626734719317	660.1841426247037	0.0	266.96778744826474	73.12522461370601
292	74.28372107591055	21480.910455795234	663.4578869041443	0.0	266.6273131427418	74.28372107591055
293	73.89175717446561	21554.802212969687	665.4919178993988	0.0	268.62640592537196	73.89175717446561
294	75.40553730896953	21630.20775027867	669.2710891159454	0.0	270.2045471991802	75.40553730896953
295	76.45759802979454	21706.665348308466	674.4801082137985	0.0	270.453039985057	76.45759802979454
296	72.26751528414533	21778.932863592607	676.0491749922544	0.0	270.4249060724389	72.26751528414533
297	74.33377307362264	21853.26663666624	679.1827417866897	0.0	268.4030381062071	74.33377307362264
298	74.08058988170242	21927.347226547943	683.2049437024059	0.0	268.887788047732	74.08058988170242
299	71.05722890044821	21998.404455448384	682.7789770141551	0.0	269.67940552993355	71.05722890044821
300	71.11825606406853	22069.522711512447	683.2982476706528	0.0	270.72501005861506	71.11825606406853
301	73.43305415934591	22142.9557656718	684.8699344711579	0.0	271.4591459722124	73.43305415934591
302	73.51417706883062	22216.469942740627	686.2421648966533	0.0	273.5601603110363	73.51417706883062
303	72.16860047056332	22288.63854321119	687.515035263441	0.0	274.8328323425059	72.16860047056332
304	73.499549320127	22362.138092531328	690.3936896795884	0.0	273.8087627892384	73.499549320127
305	75.05744721716502	22437.19553974848	695.921473861002	0.0	271.0281227672089	75.05744721716502
306	75.44286251682429	22512.638402265307	700.1772188814501	0.0	274.1560709315534	75.44286251682429
307	74.59617032736651	22587.234572592675	702.9549275367224	0.0	276.2200042288281	74.59617032736651
308	70.77108147606761	22658.005654068744	702.5782926894279	0.0	276.14781143346556	70.77108147606761
309	71.71610216530155	22729.72175623405	705.6781705328499	0.0	277.2834591819017	71.71610216530155
310	74.50299901004837	22804.224755244082	709.5142727637768	0.0	277.0018890500135	74.50299901004837
311	73.18716012877405	22877.41191537287	711.6060952207046	0.0	277.63602168870756	73.18716012877405
312	70.98592196985675	22948.39783734273	711.5526531589046	0.0	277.35069647441935	70.98592196985675
313	73.95683369230149	23022.35467103503	712.4887680334033	0.0	278.25456035954585	73.95683369230149
314	73.21908383576265	23095.573754870795	714.8419151893656	0.0	278.14892809281224	73.21908383576265
315	74.45899664103999	23170.03275151183	717.4026665874911	0.0	277.28439465972826	74.45899664103999
316	77.31368851898135	23247.3464400308	723.4667114574369	0.0	281.05508525232443	77.31368851898135
317	75.29178924152126	23322.638229272325	727.7772133028072	0.0	278.7087627569947	75.29178924152126
318	74.54807488280748	23397.186304155144	731.1105660566808	0.0	280.1347678568874	74.54807488280748
319	72.05337633821358	23469.23968049335	732.0078394713116	0.0	277.99941212695626	72.05337633821358
320	74.60656341010849	23543.846243903463	735.8645627963577	0.0	278.4012216850527	74.60656341010849
321	71.27111930706235	23615.11736321053	735.6632748359457	0.0	277.9744568897736	71.27111930706235
322	72.2254951428079	23687.34285835333	736.763162330914	0.0	278.3990569504822	72.2254951428079
323	74.05030914913172	23761.39316750247	739.6119769902737	0.0	280.07226643236504	74.05030914913172
324	71.44522490147446	23832.83839240393	739.5008453448941	0.0	279.94288612197585	71.44522490147446
325	71.22842520170606	23904.06681760564	739.5887805255185	0.0	279.9684479172532	71.22842520170606
326	72.38291635258852	23976.44973395823	740.9601602280932	0.0	279.25527249199024	72.38291635258852
327	72.63873335893388	24049.088467317164	742.4484180478092	0.0	281.9526544376054	72.63873335893388
328	73.7045239152951	24122.792991232465	745.0713278221609	0.0	282.36231702429194	73.7045239152951
329	71.69837042360243	24194.49136165606	745.5596866451971	0.0	281.11741271206904	71.69837042360243
330	76.15911060639357	24270.650472262456	750.5482050513951	0.0	282.8894759731705	76.15911060639357
331	71.773218895073	24342.42369115753	750.3084937859634	0.0	281.4337690843879	71.773218895073
332	73.10673376432983	24415.53042492186	752.0240296621727	0.0	281.3161685994034	73.10673376432983
333	74.50406232751115	24490.03448724936	755.5499982484902	0.0	280.1444827268681	74.50406232751115
334	75.78684869811762	24565.82133594749	759.6013999502777	0.0	281.2983539994739	75.78684869811762
335	71.82078071575785	24637.642116663243	760.495360512285	0.0	279.1949930217579	71.82078071575785
336	72.44618171903743	24710.08829838229	761.9701911382303	0.0	279.3227537677653	72.44618171903743
337	73.78690929713544	24783.87520767942	766.3388764883762	0.0	277.41973054912137	73.78690929713544
338	73.2312348266187	24857.106442506043	767.6790397113946	0.0	278.4943438961035	73.2312348266187
339	71.02974918531197	24928.136191691356	766.2511567757236	0.0	278.118791135131	71.02974918531197
340	76.89643248978697	25005.03262418114	772.2679982836888	0.0	281.8576433466542	76.89643248978697
341	73.68434436217188	25078.716968543307	775.4316834504248	0.0	280.83434310835906	73.68434436217188
342	74.09390246646673	25152.810871009788	778.1934579372972	0.0	279.27699793458066	74.09390246646673
343	70.96450655287933	25223.775377562655	778.1068270784252	0.0	279.2209469957589	70.96450655287933
344	74.4326002256344	25298.20797778829	780.6734183920324	0.0	279.67648692341226	74.4326002256344
345	76.12034049971015	25374.328318287997	785.7564579347232	0.0	281.6311660106742	76.12034049971015
346	73.5025117213231	25447.830830009327	786.8329902805208	0.0	284.32424147842977	73.5025117213231
347	72.76796579483492	25520.598795804177	788.5493037194849	0.0	284.2736828693065	72.76796579483492
348	72.22348577894476	25592.822281583096	789.6117803253766	0.0	286.04435764391343	72.22348577894476
349	74.28974702964454	25667.112028612744	793.0335560067833	0.0	289.99719826258064	74.28974702964454
350	75.21922133269847	25742.331249945444	796.4146445718902	0.0	288.47093369917354	75.21922133269847
351	71.56973143532227	25813.900981380786	796.7987032681906	0.0	289.6650788802558	71.56973143532227
352	72.17638268751566	25886.07736406829	798.1128797819621	0.0	291.33675628006597	72.17638268751566
353	73.13370224295358	25959.21106631124	799.4928490045141	0.0	291.87070404573325	73.13370224295358
354	72.65591884542748	26031.866985156656	801.119257215243	0.0	294.17010982999926	72.65591884542748
355	72.96481376917883	26104.83179892585	802.8152595322609	0.0	295.00773860230385	72.96481376917883
356	75.57612718257667	26180.40792610841	807.3782748257021	0.0	297.0948858661578	75.57612718257667
357	70.36918825277067	26250.777114361186	806.8481308867339	0.0	296.8339114165315	70.36918825277067
358	71.77800242656275	26322.555116787753	808.0518852786273	0.0	296.9141141734386	71.77800242656275
359	75.52056487069414	26398.07568165845	812.7186030387949	0.0	297.00267510737154	75.52056487069414
360	73.31105689663588	26471.386738555084	815.5422546446123	0.0	296.6539958590983	73.31105689663588
361	75.2680744580092	26546.654813013072	819.7335497543526	0.0	297.0163471617696	75.2680744580092
362	72.07114203070772	26618.7259550438	820.2794718374897	0.0	297.04950470408113	72.07114203070772
363	77.25081575435023	26695.97677079814	826.9299017361241	0.0	297.0181070378573	77.25081575435023
364	71.83132820622332	26767.808099004375	827.8814697779972	0.0	296.07957733688505	71.83132820622332
365	76.00917709521002	26843.81727609957	832.0757812754888	0.0	297.06988067042374	76.00917709521002
366	73.0330140760892	26916.850290175647	832.9341960707757	0.0	298.6610664117782	73.0330140760892
367	73.37484926529696	26990.225139440958	836.6797343293666	0.0	300.7639300330026	73.37484926529696
368	73.42918741537416	27063.654326856325	839.1079830351575	0.0	300.1466251151742	73.42918741537416
369	72.29015811620604	27135.944484972548	840.2860265511235	0.0	298.3979839274221	72.29015811620604
370	72.46258236046064	27208.407067333017	841.9302870306414	0.0	299.4016726593069	72.46258236046064
371	74.2746410925341	27282.681708425545	844.7585687728907	0.0	299.30618073346136	74.2746410925341
372	75.90847223578062	27358.590180661326	848.9837856294766	0.0	299.79400390827254	75.90847223578062
373	71.96472778876499	27430.55490845009	848.6987698599986	0.0	298.0135679135872	71.96472778876499
374	73.17950993631905	27503.734418386404	852.1588114698751	0.0	298.2890089953093	73.17950993631905
375	73.44235933371898	27577.17677772012	854.257285498367	0.0	300.1673077592019	73.44235933371898
376	75.04597979832512	27652.22275751845	858.3194277095737	0.0	302.0767842797114	75.04597979832512
377	73.69306137072174	27725.915818889174	861.7523318305732	0.0	303.0721047246986	73.69306137072174
378	74.75539704882429	27800.671215938	865.7748068895028	0.0	305.4534454412865	74.75539704882429
379	74.79883320954362	27875.470049147538	868.895732880584	0.0	301.966817653121	74.79883320954362
380	72.84484881507439	27948.314897962624	869.9954625945023	0.0	304.6156133723773	72.84484881507439
381	71.40216587290728	28019.717063835524	870.1614384235477	0.0	304.55152510470026	71.40216587290728
382	73.20835160133592	28092.925415436865	871.6096790646642	0.0	305.94981134717904	73.20835160133592
383	72.10106881121149	28165.026484248076	871.7177768628292	0.0	305.5676366996851	72.10106881121149
384	71.56553582366331	28236.59202007173	872.2509051028468	0.0	304.24515824213836	71.56553582366331
385	72.07276025253378	28308.664780324274	873.3942554947117	0.0	305.5911532021637	72.07276025253378
386	71.70290871860956	28380.36768904286	873.1794960349854	0.0	302.93276812053404	71.70290871860956
387	74.21086819242213	28454.57855723529	876.6889148552805	0.0	304.4721514344482	74.21086819242213
388	71.3418544574478	28525.920411692754	876.7277160280795	0.0	304.4329877967205	71.3418544574478
389	73.5835521363099	28599.503963829062	879.3618159991523	0.0	305.8891889631143	73.5835521363099
390	74.69804515676009	28674.202008985816	884.1994521736099	0.0	306.66040177874856	74.69804515676009
391	73.14332199147779	28747.345330977292	886.4594252655505	0.0	309.1404492180861	73.14332199147779
392	75.2833865670404	28822.62871754433	891.3736293777569	0.0	306.760211058095	75.2833865670404
393	72.97015760482437	28895.598875149157	893.6038975785638	0.0	307.91244764487743	72.97015760482437
394	72.48408884075747	28968.082963989928	894.9228117871803	0.0	306.17249234059364	72.48408884075747
395	74.15661969236884	29042.23958368229	899.0694838353422	0.0	306.2135890873135	74.15661969236884
396	72.99448180722456	29115.234065489505	900.4928137841521	0.0	304.98885721213054	72.99448180722456
397	71.27668742222747	29186.51075291174	899.7290619880715	0.0	307.33852815642985	71.27668742222747
398	75.44480112615143	29261.95555403789	905.3634901721936	0.0	305.10130781560156	75.44480112615143
399	71.18179677266427	29333.137350810564	904.5605390242162	0.0	306.3540600022689	71.18179677266427
400	74.68124600764243	29407.8185968182	908.793998795488	0.0	307.27593410714223	74.68124600764243
401	72.54313749885347	29480.361734317044	910.5502657434231	0.0	309.3090038130953	72.54313749885347
402	70.33446830952823	29550.69620262658	909.8380291859996	0.0	310.0624266758567	70.33446830952823
403	72.28305171562268	29622.9792543422	910.7515642575922	0.0	312.54006632173383	72.28305171562268
404	72.95901189231468	29695.938266234516	912.603742450074	0.0	313.084364779078	72.95901189231468
405	73.31754911705391	29769.25581535158	914.9540056272398	0.0	313.0630114587992	73.31754911705391
406	73.39599920098364	29842.651814552544	918.0318927945299	0.0	314.1485011321454	73.39599920098364
407	74.25326479142386	29916.90507934399	920.6359839259885	0.0	316.73846042083915	74.25326479142386
408	71.32029395752343	29988.225373301502	920.3170441692226	0.0	315.8757488334351	71.32029395752343
409	72.3927920909391	30060.618165392443	920.8151772467522	0.0	314.9539681012286	72.3927920909391
410	71.38474298162937	30132.002908374052	921.4566652534139	0.0	315.7957941998713	71.38474298162937
411	71.5050626954865	30203.507971069546	921.9065124508002	0.0	316.05165085402047	71.5050626954865
412	74.77206667851324	30278.280037748074	925.6602139299383	0.0	318.00998237643245	74.77206667851324
413	70.81157401473313	30349.091611762793	925.1062524518957	0.0	318.7164250499066	70.81157401473313
414	70.75324642809007	30419.84485819089	925.0733822484978	0.0	318.19859666085995	70.75324642809007
415	72.25595420736715	30492.100812398257	926.2170380031476	0.0	319.32401651035315	72.25595420736715
416	72.61770393750763	30564.718516335768	927.6233527255588	0.0	319.53141742169333	72.61770393750763
417	72.06052579030336	30636.779042126083	927.0689000028179	0.0	320.2367223197766	72.06052579030336
418	73.17083459350826	30709.949876719573	928.3706326726156	0.0	319.78245203143746	73.17083459350826
419	69.5490300975253	30779.49890681711	927.394825677983	0.0	317.91240391283577	69.5490300975253
420	71.7532241537698	30851.252130970868	928.0922181297959	0.0	319.30251676163226	71.7532241537698
421	73.36621811663679	30924.618349087494	930.6417019523599	0.0	320.1126493278498	73.36621811663679
422	71.64834051899547	30996.266689606506	931.1875133036286	0.0	320.4960167225321	71.64834051899547
423	75.87329847437722	31072.139988080882	935.0066391158249	0.0	316.0167845693966	75.87329847437722
424	72.80635872244561	31144.946346803325	937.4200833784209	0.0	317.8877296922514	72.80635872244561
425	72.57303977659907	31217.51938657993	938.9394435510441	0.0	317.52596537777555	72.57303977659907
426	76.50835946197293	31294.027746041877	944.6649193381855	0.0	317.81157613750054	76.50835946197293
427	73.11875865832593	31367.14650470023	946.5005779756663	0.0	318.92228886407196	73.11875865832593
428	72.7169709373269	31439.863475637543	947.868649530985	0.0	320.47041043920996	72.7169709373269
429	71.85307519053805	31511.716550828096	949.3135897725753	0.0	319.9974739630516	71.85307519053805
430	73.56792397699864	31585.28447480507	952.1256985914347	0.0	321.09470124816414	73.56792397699864
431	76.46294200228782	31661.747416807386	956.1565203467077	0.0	318.8260548235463	76.46294200228782
432	72.20719880248132	31733.954615609848	956.9783248773887	0.0	321.1532722006148	72.20719880248132
433	72.08071034075577	31806.035325950612	957.589916070657	0.0	323.6280659223462	72.08071034075577
434	72.91307134295442	31878.948397293567	959.5276582259581	0.0	322.8034418085356	72.91307134295442
435	74.70403313436798	31953.652430427945	962.9101455994746	0.0	328.3149884979987	74.70403313436798
436	76.65630867793381	32030.308739105876	968.2812871281366	0.0	329.4210231475799	76.65630867793381
437	76.79981305054362	32107.10855215642	973.4047243756297	0.0	330.74344542170934	76.79981305054362
438	72.46169466779365	32179.570246824213	974.9980764339879	0.0	331.1656171309967	72.46169466779365
439	74.807459238994	32254.377706063195	978.923140579631	0.0	328.92153359179116	74.807459238994
440	71.1311178618163	32325.50882392503	979.0589396495635	0.0	331.471140192437	71.1311178618163
441	72.61493801239098	32398.123761937415	979.8484643515019	0.0	331.5071942675915	72.61493801239098
442	73.77868794701621	32471.90244988441	981.7845813618463	0.0	331.31218001967125	73.77868794701621
443	74.56992402891306	32546.47237391334	986.4293772327101	0.0	332.2566338396763	74.56992402891306
444	77.90450114248615	32624.376875055837	992.6766871000077	0.0	333.5429118367023	77.90450114248615
445	73.80679272927155	32698.183667785095	994.8419059342981	0.0	332.840130039378	73.80679272927155
446	72.62125218858854	32770.80491997368	995.734126630807	0.0	334.56676176870985	72.62125218858854
447	72.56164901332737	32843.36656898702	998.1623662379279	0.0	334.6601189732259	72.56164901332737
448	71.0861815947227	32914.452750581724	997.014943776515	0.0	334.26821143026086	71.0861815947227
449	70.33983390518813	32984.79258448693	996.2245551461758	0.0	333.68714141958156	70.33983390518813
450	70.7803064672327	33055.57289095416	995.5750754125798	0.0	334.60358657497096	70.7803064672327
451	75.32893980968001	33130.90183076384	1000.1472425040388	0.0	336.8525744530214	75.32893980968001
452	75.40613258999268	33206.30796335383	1004.2476257970936	0.0	337.56127029258727	75.40613258999268
453	71.6094564260656	33277.9174197799	1004.3378970288206	0.0	339.13365878890204	71.6094564260656
454	74.5017087183413	33352.41912849822	1008.507182023513	0.0	338.0707888670067	74.5017087183413
455	73.16721952475535	33425.58634802299	1011.7021974254681	0.0	338.1700024646007	73.16721952475535
456	71.88703290902328	33497.473380932024	1012.9500760613715	0.0	337.4265177724411	71.88703290902328
457	74.39624255095366	33571.86962348297	1017.0438191207608	0.0	339.64389661390203	74.39624255095366
458	69.96912668751675	33641.83875017047	1014.4521669311813	0.0	339.7076395386119	69.96912668751675
459	75.03430853377006	33716.87305870425	1019.3681138262149	0.0	339.5897262103885	75.03430853377006
460	72.62107934651036	33789.494138050766	1020.9199263888144	0.0	337.50336955564416	72.62107934651036
461	71.70862405642939	33861.20276210719	1021.9392046925079	0.0	339.2508992002012	71.70862405642939
462	73.91686007875495	33935.11962218594	1024.132340053848	0.0	339.1773137101267	73.91686007875495
463	69.6585402019906	34004.77816238794	1022.2718043230459	0.0	338.9622201627843	69.6585402019906
464	74.57056498474476	34079.348727372686	1026.4888802470555	0.0	339.8062098709288	74.57056498474476
465	70.80164265845836	34150.15037003114	1026.3472631953164	0.0	340.97773922676254	70.80164265845836
466	74.58795823603221	34224.73832826716	1030.177322112183	0.0	343.7238379955522	74.58795823603221
467	76.77850979553172	34301.51683806272	1037.6792656584626	0.0	345.13287111452456	76.77850979553172
468	71.79118454621654	34373.30802260892	1038.9151721047147	0.0	343.5517168767692	71.79118454621654
469	73.84916907792649	34447.15719168684	1041.2409898962194	0.0	344.0356817701983	73.84916907792649
470	78.56504309806394	34525.722234784924	1049.0738837591414	0.0	346.99648518020336	78.56504309806394
471	72.36155115998838	34598.0837859449	1049.7761337227325	0.0	347.29385257591207	72.36155115998838
472	73.87986969161999	34671.96365563651	1053.0211945059837	0.0	346.9658168909749	73.87986969161999
473	72.29664530110352	34744.260300937625	1054.0774520096525	0.0	348.9645515838294	72.29664530110352
474	75.6938295279839	34819.95413046559	1058.529631848046	0.0	354.648611710639	75.6938295279839
475	71.81786652400677	34891.771996989606	1059.2755979211504	0.0	354.80865361147727	71.81786652400677
476	73.35001490145628	34965.12201189107	1061.785849113469	0.0	355.0203902907113	73.35001490145628
477	72.75380246575855	35037.87581435684	1063.56586426369	0.0	354.0456048495426	72.75380246575855
478	75.68835059555967	35113.56416495239	1068.558602736589	0.0	356.6870935794886	75.68835059555967
479	74.73546709348163	35188.29963204587	1071.523324119183	0.0	357.9845825722206	74.73546709348163
480	74.62821468983266	35262.9278467357	1075.0585190382822	0.0	356.81761878763825	74.62821468983266
481	74.19440860499961	35337.12225534071	1078.393767057565	0.0	353.3099793535586	74.19440860499961
482	73.80398215156669	35410.92623749227	1080.8249347576957	0.0	354.85037158888895	73.80398215156669
483	73.3044497753324	35484.23068726762	1083.4400263958453	0.0	358.17881565562675	73.3044497753324
484	72.80647684649098	35557.03716411409	1083.8687389408267	0.0	355.1171667272927	72.80647684649098
485	73.05712591193748	35630.09429002604	1086.1756368992976	0.0	353.00672895277614	73.05712591193748
486	70.88969343500017	35700.983983461025	1085.49310520907	0.0	354.0362864751033	70.88969343500017
487	73.50399189813898	35774.487975359174	1087.9223322971368	0.0	349.43367410868467	73.50399189813898
488	73.05602655434156	35847.544001913506	1090.8355821026769	0.0	349.19245396576645	73.05602655434156
489	72.61549132853446	35920.15949324205	1091.0505671217788	0.0	350.60969423772906	72.61549132853446
490	75.84984646114026	35996.009339703196	1095.0402464078181	0.0	351.0389186240999	75.84984646114026
491	72.91470609599537	36068.92404579918	1096.4133285948235	0.0	352.2763416649094	72.91470609599537
492	76.3545825101736	36145.27862830935	1101.6158839907232	0.0	356.6981865107167	76.3545825101736
493	72.64454353388847	36217.92317184325	1103.5396337302307	0.0	357.51140864157475	72.64454353388847
494	73.47002506028971	36291.39319690354	1106.8800076553482	0.0	358.1399593282091	73.47002506028971
495	71.55729240608318	36362.95048930963	1107.1200188912123	0.0	362.06068375062324	71.55729240608318
496	76.74169641898152	36439.69218572861	1112.195370453011	0.0	367.77932162942994	76.74169641898152
497	71.60911896959298	36511.3013046982	1111.954377716399	0.0	368.23324555998386	71.60911896959298
498	73.49204218096433	36584.793346879145	1113.7205355036517	0.0	367.92809818776675	73.49204218096433
499	75.06109291641583	36659.85443979558	1117.9637403490062	0.0	368.2483480687577	75.06109291641583
500	71.25502783983248	36731.109467635426	1118.122687883442	0.0	368.7957041473732	71.25502783983248
501	73.87846694946921	36804.987934584875	1120.3846823788745	0.0	369.2413219381435	73.87846694946921
502	74.33994831494857	36879.32788289983	1120.3846823788745	0.0	370.5423362701765	74.33994831494857
