task	reward	total_reward	total_regret	relative	total_reward_dev	joules
0	37.061680417047334	37.061680417047334	0.6214577454012489	0.0	9.744016703251608	37.061680417047334
1	48.78978204390623	85.85146246095356	12.470167397416821	0.0	18.40437309041481	48.78978204390623
2	50.35772476983735	136.20918723079092	26.97113786410071	0.0	26.558789368953704	50.35772476983735
3	42.58570543699985	178.7948926677907	29.99419436916353	0.0	28.528809832695345	42.58570543699985
4	51.886407368570225	230.681300036361	44.145146602632856	0.0	34.03992562689649	51.886407368570225
5	51.952407963461845	282.6337079998228	58.13468954957531	0.0	39.199222981150875	51.952407963461845
6	46.53967540914993	329.1733834089728	66.43506865505424	0.0	43.19055537197239	46.53967540914993
7	58.692474279853556	387.8658576888265	88.094361671612	0.0	47.33449439265785	58.692474279853556
8	61.501687972119996	449.36754566094635	112.2631080293199	0.0	52.43694109917376	61.501687972119996
9	49.73467561148616	499.1022212724328	124.3396570508826	0.0	52.99314859834766	49.73467561148616
10	72.1361601593428	571.2383814317752	159.75750908787816	0.0	53.21769170779811	72.1361601593428
11	69.8525964854084	641.0909779171836	192.15981770299334	0.0	52.43608331638811	69.8525964854084
12	50.88795190992832	691.9789298271119	207.43445822825413	0.0	53.68766210609313	50.88795190992832
13	52.70146752586089	744.6803973529733	222.90133128792354	0.0	56.77184673784333	52.70146752586089
14	50.358090705531396	795.038488058504	235.8711966021613	0.0	58.53067685182137	50.358090705531396
15	55.73221937053531	850.7707074290395	253.49078574800635	0.0	58.57943859024827	55.73221937053531
16	53.153193889194654	903.9239013182342	269.36818129863724	0.0	61.8280196654424	53.153193889194654
17	50.13328319269236	954.0571845109268	281.9150454058599	0.0	62.85531300054439	50.13328319269236
18	51.95668366687248	1006.0138681777988	297.2098981983388	0.0	65.12268738664197	51.95668366687248
19	52.514522176692296	1058.5283903544912	312.17342499329067	0.0	65.22677784599074	52.514522176692296
20	51.81353423186897	1110.3419245863602	328.433594589211	0.0	69.42674457569852	51.81353423186897
21	51.84104916929563	1162.182973755656	341.2898581519762	0.0	72.67283387006069	51.84104916929563
22	52.564696573830645	1214.7476703294865	356.2080528313833	0.0	73.88678069320564	52.564696573830645
23	49.823889720800274	1264.5715600502867	368.4608669941951	0.0	74.96912133914327	49.823889720800274
24	53.33551592354701	1317.9070759738338	383.3246864552197	0.0	74.07267446235042	53.33551592354701
25	52.29243771805013	1370.199513691884	399.40603846887456	0.0	76.7041035190797	52.29243771805013
26	51.87994543962058	1422.0794591315043	413.8951700981269	0.0	76.83236149843391	51.87994543962058
27	54.61497289269398	1476.6944320241992	431.52359400127153	0.0	79.76155984821389	54.61497289269398
28	53.71966154308747	1530.4140935672854	445.83075893894517	0.0	82.67866874812816	53.71966154308747
29	55.97633326414714	1586.390426831433	464.7133697318054	0.0	81.82559509636879	55.97633326414714
30	52.13925944324924	1638.5296862746827	478.531172115449	0.0	84.37225887958206	52.13925944324924
31	51.24197687293274	1689.771663147615	494.7353666929168	0.0	87.19723669250865	51.24197687293274
32	52.36305173758292	1742.1347148851974	509.35939453531114	0.0	86.57809045684222	52.36305173758292
33	51.79114547781786	1793.925860363016	523.8230045366934	0.0	89.21056159229121	51.79114547781786
34	54.42114097711335	1848.34700134013	540.0651517109378	0.0	90.05159643528624	54.42114097711335
35	49.47343453513086	1897.8204358752605	550.9535010907117	0.0	91.6243790749217	49.47343453513086
36	51.728186057495165	1949.5486219327547	565.9324199744219	0.0	92.88767952558838	51.728186057495165
37	48.08714829801306	1997.6357702307678	576.9215155310445	0.0	94.09662523072231	48.08714829801306
38	50.117416891734244	2047.7531871225024	589.4775886038435	0.0	96.81145446195798	50.117416891734244
39	53.41065315576014	2101.1638402782623	606.9166277271117	0.0	99.71775952956197	53.41065315576014
40	53.07582739107436	2154.2396676693375	621.8264130574523	0.0	99.44084828287633	53.07582739107436
41	51.761458714890935	2206.001126384228	636.0021901498569	0.0	103.3043969208887	51.761458714890935
42	49.767032740125366	2255.768159124353	647.9144100553954	0.0	104.65764944054469	49.767032740125366
43	52.29007390058794	2308.0582330249426	664.2393481205213	0.0	104.67482443046663	52.29007390058794
44	55.32316020707591	2363.3813932320163	682.1019397787751	0.0	106.46764697930261	55.32316020707591
45	49.440865721808514	2412.822258953826	693.0461438562754	0.0	107.89320261581173	49.440865721808514
46	55.99104892672445	2468.81330788055	713.8930306432194	0.0	108.91908280218401	55.99104892672445
47	51.10734483895761	2519.920652719508	727.3246044174583	0.0	110.09446688758975	51.10734483895761
48	55.26675566475862	2575.187408384266	745.1479139268235	0.0	113.62685493116453	55.26675566475862
49	48.49140697671714	2623.6788153609828	755.5908728237993	0.0	114.23909913663931	48.49140697671714
50	52.270518936734994	2675.9493342977175	770.3460728299802	0.0	117.1927493982369	52.270518936734994
51	50.356995680005554	2726.3063299777236	783.0973341275976	0.0	114.88660697052845	50.356995680005554
52	51.4634293104009	2777.7697592881245	796.4970864113801	0.0	121.51853358383495	51.4634293104009
53	50.40091104197075	2828.1706703300947	809.7541589467917	0.0	126.82272554921853	50.40091104197075
54	49.07280310704017	2877.243473437137	821.6072141974612	0.0	128.74562934222664	49.07280310704017
55	49.51073613868283	2926.7542095758176	833.8459425271623	0.0	128.44330105144164	49.51073613868283
56	51.55354802603507	2978.3077576018527	848.8124615965405	0.0	127.0631429318709	51.55354802603507
57	52.353930273977404	3030.6616878758314	860.6651927783777	0.0	126.394487674222	52.353930273977404
58	46.77233686598518	3077.4340247418168	870.7491256561002	0.0	128.43437708737122	46.77233686598518
59	49.99558777568924	3127.429612517505	884.4779417400553	0.0	130.65914841518583	49.99558777568924
60	51.44067054677329	3178.8702830642787	899.7641454456881	0.0	131.16837446668632	51.44067054677329
61	53.10556710637797	3231.975850170657	915.4615398775114	0.0	134.9250211244866	53.10556710637797
62	50.92020485264261	3282.8960550232987	927.9014738052667	0.0	134.46429841548826	50.92020485264261
63	49.42666425296398	3332.3227192762633	938.9113037050428	0.0	137.05104895280888	49.42666425296398
64	48.75345570067256	3381.0761749769376	950.4732469284472	0.0	136.34644949229042	48.75345570067256
65	50.7546393173886	3431.830814294325	965.3885922245116	0.0	138.64287692854234	50.7546393173886
66	49.85664463505148	3481.6874589293766	977.0333408618587	0.0	139.66155727311968	49.85664463505148
67	52.59547221034336	3534.282931139722	991.8256219211564	0.0	140.4516480689043	52.59547221034336
68	50.808972796194176	3585.091903935914	1006.9973615269588	0.0	139.3654170263819	50.808972796194176
69	52.42033986916396	3637.5122438050776	1020.6200910126088	0.0	140.52285804558247	52.42033986916396
70	52.762049469827	3690.2742932749034	1036.446220886688	0.0	141.5248985001065	52.762049469827
71	52.7889020726888	3743.0631953475945	1051.8489308797473	0.0	143.74385604903554	52.7889020726888
72	49.62440378852023	3792.687599136113	1065.0218335306552	0.0	145.0188697269439	49.62440378852023
73	48.63056606238506	3841.3181651984987	1074.5927843786042	0.0	144.47387976084264	48.63056606238506
74	48.96800244653446	3890.2861676450325	1084.2895948659645	0.0	142.93194031150546	48.96800244653446
75	48.88738369254989	3939.173551337584	1096.075826718848	0.0	143.90069704697817	48.88738369254989
76	50.226407797349566	3989.399959134933	1108.9937137852091	0.0	149.40104064281206	50.226407797349566
77	53.375591199599484	4042.775550334532	1125.3956151683735	0.0	147.29416915913262	53.375591199599484
78	47.29148860828848	4090.0670389428187	1134.6708676867609	0.0	147.74812995977712	47.29148860828848
79	46.97527904705073	4137.04231798987	1145.733472493218	0.0	150.12397641532266	46.97527904705073
80	52.94845145982436	4189.990769449696	1160.2326898834813	0.0	150.24851802481197	52.94845145982436
81	49.486382443950994	4239.477151893646	1170.9947984081487	0.0	151.05515186756332	49.486382443950994
82	48.06862262543099	4287.545774519078	1181.4614513956697	0.0	153.91997050626097	48.06862262543099
83	48.35853867533563	4335.904313194414	1192.2385660090106	0.0	151.33693473027793	48.35853867533563
84	46.37059205591861	4382.274905250332	1202.7489927265183	0.0	152.34730175343134	46.37059205591861
85	50.06015813962617	4432.335063389958	1216.041143174724	0.0	155.36207913963776	50.06015813962617
86	51.83886958604711	4484.173932976007	1228.8620672399913	0.0	156.9371592300679	51.83886958604711
87	48.12242435993998	4532.296357335946	1237.332484459015	0.0	157.46710821445907	48.12242435993998
88	48.054577970095586	4580.350935306042	1247.1477996913134	0.0	161.271667970881	48.054577970095586
89	49.74180614756724	4630.092741453607	1258.2754658865344	0.0	166.21161580945977	49.74180614756724
90	44.60469031529678	4674.697431768904	1265.3098040762354	0.0	167.921213982276	44.60469031529678
91	51.516363699036894	4726.213795467942	1279.7531959841338	0.0	170.11458759690802	51.516363699036894
92	48.85693251028008	4775.070727978223	1289.2716853489874	0.0	170.7885250529385	48.85693251028008
93	47.10350807791081	4822.174236056132	1298.4513398908703	0.0	173.83135213187148	47.10350807791081
94	46.88039075880156	4869.054626814935	1307.5914344864875	0.0	175.61484029312408	46.88039075880156
95	47.00039141271916	4916.055018227655	1317.4354291458158	0.0	178.90593080887245	47.00039141271916
96	49.800798843820424	4965.855817071473	1328.5423764106881	0.0	180.4688655733525	49.800798843820424
97	47.83725079938625	5013.693067870861	1337.2024422404377	0.0	181.75810664859455	47.83725079938625
98	47.98427954200653	5061.677347412868	1347.1961526277094	0.0	185.87294339914553	47.98427954200653
99	51.02090884367171	5112.69825625654	1360.1955735031052	0.0	186.54689465930417	51.02090884367171
100	50.938379221698106	5163.636635478236	1373.459524698074	0.0	185.59329355026964	50.938379221698106
101	48.790211721241306	5212.426847199477	1384.011408092189	0.0	188.1947787952574	48.790211721241306
102	48.311414730051354	5260.7382619295295	1394.044140682499	0.0	187.17296276740953	48.311414730051354
103	47.90894378752455	5308.647205717054	1404.4345863078029	0.0	188.16420189256905	47.90894378752455
104	49.272331102941564	5357.919536819994	1416.4735980948985	0.0	188.82626038772887	49.272331102941564
105	47.23048061468054	5405.1500174346775	1424.981885203034	0.0	188.3214935763096	47.23048061468054
106	45.172466213100826	5450.3224836477775	1430.7226607728421	0.0	189.8990848415968	45.172466213100826
107	47.62642246755141	5497.948906115326	1441.1029106253989	0.0	190.6379813226995	47.62642246755141
108	49.06611258457587	5547.015018699903	1451.551837908336	0.0	190.16361451290734	49.06611258457587
109	44.725912691597244	5591.7409313914995	1459.2052744389946	0.0	189.47953414387158	44.725912691597244
110	46.63149256018691	5638.372423951689	1467.5976045088557	0.0	191.57272758921894	46.63149256018691
111	46.42321687597986	5684.795640827668	1475.4319688412286	0.0	192.81369048961932	46.42321687597986
112	44.045009936180435	5728.840650763848	1482.5131145649343	0.0	192.9829207413245	44.045009936180435
113	49.53546609663203	5778.376116860479	1492.6312971554282	0.0	194.08891186318007	49.53546609663203
114	45.21441727687893	5823.590534137361	1499.5370478329178	0.0	196.92347017818003	45.21441727687893
115	44.442665129899495	5868.033199267255	1507.0295846088875	0.0	199.69335164972333	44.442665129899495
116	43.28520449417913	5911.318403761439	1511.8404266021164	0.0	200.92044633461745	43.28520449417913
117	47.219752595090874	5958.538156356531	1520.5687776039454	0.0	201.7988377009805	47.219752595090874
118	47.483278228360476	6006.021434584886	1531.0258814395538	0.0	203.24176919723146	47.483278228360476
119	44.911025447015234	6050.9324600319	1538.4127443227474	0.0	202.5400798796516	44.911025447015234
120	47.68725958114545	6098.6197196130515	1547.3467450781798	0.0	204.27553330419389	47.68725958114545
121	46.34098590003325	6144.960705513085	1556.583513972424	0.0	204.85683431407955	46.34098590003325
122	44.165783339722445	6189.126488852804	1562.3189815618628	0.0	207.13891439713248	44.165783339722445
123	46.98206399410707	6236.108552846912	1572.8679797312786	0.0	207.13945562677566	46.98206399410707
124	42.96467487150172	6279.07322771841	1577.724423657243	0.0	206.53135125397213	42.96467487150172
125	48.34599432333013	6327.419222041741	1589.1637681545299	0.0	209.61431039905304	48.34599432333013
126	48.456684698060045	6375.875906739804	1599.9478827607613	0.0	210.68910833099227	48.456684698060045
127	43.254440160211395	6419.130346900018	1603.9677057797087	0.0	211.50260422047214	43.254440160211395
128	45.4184164351838	6464.5487633352	1612.1664519710712	0.0	210.97915101573386	45.4184164351838
129	45.441277567239695	6509.990040902442	1620.1400079117498	0.0	212.11452367930448	45.441277567239695
130	45.74868416534917	6555.738725067788	1628.115463238857	0.0	215.50745278916122	45.74868416534917
131	41.78398446108479	6597.522709528875	1633.3587642086825	0.0	216.21044003382298	41.78398446108479
132	46.25139919427111	6643.774108723143	1640.8233587644606	0.0	217.52031966277235	46.25139919427111
133	45.60344005030664	6689.377548773452	1648.8021550775684	0.0	219.20481810494115	45.60344005030664
134	44.453609160938505	6733.83115793439	1654.9641008880735	0.0	220.56559494659427	44.453609160938505
135	41.881690269698765	6775.712848204089	1658.1606375270028	0.0	219.727690290332	41.881690269698765
136	43.500225886116	6819.213074090203	1665.9759285600553	0.0	221.5968593564585	43.500225886116
137	45.85536519710683	6865.068439287315	1673.895561354545	0.0	223.30814000916382	45.85536519710683
138	46.257320902455156	6911.3257601897685	1682.427193809128	0.0	224.72362773816081	46.257320902455156
139	45.65645004378745	6956.982210233551	1689.767482519295	0.0	221.6610184886565	45.65645004378745
140	46.65107408304634	7003.633284316605	1696.906497086394	0.0	223.0586607270804	46.65107408304634
141	42.1805012692811	7045.813785585883	1700.9792089333691	0.0	224.47416138778564	42.1805012692811
142	42.965170405808124	7088.778955991691	1703.6593758482427	0.0	226.23237022098954	42.965170405808124
143	44.622402125585005	7133.401358117273	1710.3744011152914	0.0	227.71941055373028	44.622402125585005
144	43.09975639817216	7176.501114515442	1715.6541260530323	0.0	228.87693829699896	43.09975639817216
145	45.601162794700905	7222.102277310149	1724.092631659782	0.0	232.4427490974607	45.601162794700905
146	42.21367798379546	7264.315955293944	1730.678278366437	0.0	231.42547507934	42.21367798379546
147	44.66691379271575	7308.982869086658	1737.662624629498	0.0	231.6271005476594	44.66691379271575
148	42.84917006523405	7351.832039151891	1742.5057896286016	0.0	231.48304926904032	42.84917006523405
149	44.6264748296272	7396.458513981521	1750.3272080864988	0.0	235.24121334318002	44.6264748296272
150	41.09208372140367	7437.550597702927	1753.5929721186942	0.0	234.1828496777873	41.09208372140367
151	40.90704476046885	7478.457642463394	1756.9907591092174	0.0	234.09785427266854	40.90704476046885
152	43.697107844221144	7522.154750307615	1762.5563844353337	0.0	234.34653651470668	43.697107844221144
153	45.11593633047301	7567.270686638087	1769.715492980198	0.0	234.22382846339687	45.11593633047301
154	42.850185494043075	7610.120872132134	1774.5843654168511	0.0	237.5646539564001	42.850185494043075
155	44.147098990728935	7654.267971122858	1781.7312560651721	0.0	237.5823787662574	44.147098990728935
156	40.9422950532839	7695.210266176143	1785.7894676157673	0.0	237.32536920951648	40.9422950532839
157	46.01517481508301	7741.2254409912275	1794.427313595942	0.0	236.34293351593305	46.01517481508301
158	42.77868777318988	7784.004128764415	1799.8768770395377	0.0	239.01570462707346	42.77868777318988
159	43.842270702579356	7827.846399466995	1805.6116191075034	0.0	240.93012394830458	43.842270702579356
160	45.35672702655672	7873.20312649355	1812.734646003229	0.0	243.24176695929464	45.35672702655672
161	42.28124261906894	7915.484369112623	1817.9923357529199	0.0	242.91834239856442	42.28124261906894
162	42.8001188698827	7958.284487982504	1822.3590450991978	0.0	245.85157385933292	42.8001188698827
163	45.7404651609553	8004.02495314346	1830.3768389505574	0.0	245.32204921030657	45.7404651609553
164	45.08659255330824	8049.111545696765	1837.6903106110994	0.0	246.88535234034154	45.08659255330824
165	41.558090389445816	8090.669636086212	1842.8337785335357	0.0	248.59372961777026	41.558090389445816
166	42.45345949322165	8133.123095579437	1848.316977364427	0.0	249.15910139903147	42.45345949322165
167	41.99084248979599	8175.11393806923	1852.980456386325	0.0	250.67884643929247	41.99084248979599
168	40.113852791569386	8215.227790860801	1853.7716378369119	0.0	249.5155422722972	40.113852791569386
169	42.88797669067264	8258.115767551473	1859.964423784056	0.0	252.3014019178971	42.88797669067264
170	43.94637971971854	8302.062147271186	1865.916076538812	0.0	253.33020759641502	43.94637971971854
171	42.79348655041353	8344.855633821606	1871.3669568853873	0.0	254.04071555271318	42.79348655041353
172	43.48673983216924	8388.342373653768	1876.4096822758286	0.0	255.7317813505714	43.48673983216924
173	43.301829484716045	8431.644203138492	1880.9740011646102	0.0	257.5319151637418	43.301829484716045
174	42.64775180160225	8474.29195494009	1887.5895572099873	0.0	259.0634725822409	42.64775180160225
175	43.62082804598472	8517.912782986074	1894.3444121884986	0.0	259.9686497187163	43.62082804598472
176	43.88082940658357	8561.793612392663	1900.734163948526	0.0	264.4488175631765	43.88082940658357
177	43.897915824130536	8605.691528216788	1908.0695452459124	0.0	263.8645311909905	43.897915824130536
178	42.08127231380019	8647.772800530593	1913.2992321018316	0.0	266.3757237388096	42.08127231380019
179	41.12345093847275	8688.896251469063	1917.1917250814402	0.0	266.35743687582715	41.12345093847275
180	44.26459896728025	8733.160850436343	1926.2797694219253	0.0	267.10632978027365	44.26459896728025
181	40.127095958756314	8773.2879463951	1927.9462322940317	0.0	267.12801093658095	40.127095958756314
182	43.6539097419721	8816.941856137075	1932.4523212746446	0.0	270.5966411382627	43.6539097419721
183	43.85339125540347	8860.795247392474	1939.0526853880299	0.0	273.2679357136892	43.85339125540347
184	41.897923397489755	8902.693170789964	1943.2951033606357	0.0	275.3365474609421	41.897923397489755
185	43.29608131038354	8945.98925210035	1948.4385195531943	0.0	276.668893617316	43.29608131038354
186	41.0181220254837	8987.007374125838	1952.7292891286352	0.0	278.6770006145539	41.0181220254837
187	42.46480609781617	9029.472180223647	1959.3114611037863	0.0	281.70759631580233	42.46480609781617
188	40.88709786469006	9070.359278088341	1962.9275080730158	0.0	282.23964940624086	40.88709786469006
189	41.79292310485341	9112.152201193192	1967.374758307299	0.0	285.42263640928144	41.79292310485341
190	41.90125286842262	9154.053454061615	1971.3295544445657	0.0	288.12845290149187	41.90125286842262
191	41.723569870788	9195.777023932402	1975.3493408434483	0.0	288.7152707528148	41.723569870788
192	42.07688611774125	9237.853910050146	1979.1702036961442	0.0	289.42015521060813	42.07688611774125
193	41.72618304529747	9279.580093095441	1982.227501551046	0.0	292.15806556342835	41.72618304529747
194	41.78326460421966	9321.36335769966	1985.5901562081087	0.0	294.8617776171887	41.78326460421966
195	44.544020339862016	9365.907378039521	1992.0204992213821	0.0	294.8696853052633	44.544020339862016
196	42.00051158887001	9407.907889628394	1994.2223425994578	0.0	297.28714396151827	42.00051158887001
197	41.445179211991096	9449.353068840383	1997.9276531232015	0.0	297.3951589704906	41.445179211991096
198	41.74587240923343	9491.098941249616	2002.9714692676964	0.0	297.11504922060254	41.74587240923343
199	42.425850040497615	9533.524791290114	2008.2271707408725	0.0	299.3548226629265	42.425850040497615
200	42.3866528963527	9575.911444186464	2012.4771678788613	0.0	297.7181790222533	42.3866528963527
201	38.96661166440172	9614.878055850868	2013.1169440535148	0.0	302.29835338570246	38.96661166440172
202	43.65411119596818	9658.53216704684	2020.2837978310804	0.0	303.10173057344565	43.65411119596818
203	41.23696355683618	9699.769130603674	2024.291732602618	0.0	307.99237967993054	41.23696355683618
204	41.99593286237607	9741.76506346605	2028.6883516199666	0.0	309.9496180036534	41.99593286237607
205	41.56329575855813	9783.328359224606	2032.3822340232252	0.0	312.5484375604469	41.56329575855813
206	39.139129971493325	9822.467489196104	2034.0937162420053	0.0	313.7555053201372	39.139129971493325
207	40.78594779473824	9863.253436990837	2038.044838890539	0.0	312.837973278879	40.78594779473824
208	42.029250913270296	9905.282687904106	2044.0809023988136	0.0	315.85655041458966	42.029250913270296
209	42.081585269383275	9947.36427317349	2047.280428512614	0.0	318.06867487625567	42.081585269383275
210	40.09101283272991	9987.455286006223	2050.530457639572	0.0	319.8290226807474	40.09101283272991
211	38.821575392544766	10026.27686139877	2050.7331273321674	0.0	320.8739877500369	38.821575392544766
212	41.99539806545882	10068.27225946423	2054.1113999357717	0.0	322.6352041653291	41.99539806545882
213	40.96574008362353	10109.23799954785	2057.2347147715545	0.0	324.30586062069125	40.96574008362353
214	40.784976435343935	10150.022975983193	2061.018975215533	0.0	323.18743751430935	40.784976435343935
215	39.317041894986396	10189.340017878183	2061.0062897482703	0.0	324.80856380561124	39.317041894986396
216	41.8803169274211	10231.220334805603	2065.800002310532	0.0	325.93970653757395	41.8803169274211
217	41.799198296292786	10273.019533101893	2068.648411482516	0.0	328.2367516137007	41.799198296292786
218	43.176963053217996	10316.196496155115	2073.1921160881802	0.0	327.2474422557628	43.176963053217996
219	41.729747071739894	10357.926243226853	2077.506480626754	0.0	328.9476847770454	41.729747071739894
220	41.037961679234684	10398.964204906088	2080.2184910939714	0.0	331.3092622707291	41.037961679234684
221	39.98830029843466	10438.952505204523	2081.3398345708197	0.0	331.0307134571066	39.98830029843466
222	43.44405007008978	10482.39655527462	2089.1976306509837	0.0	332.5175004592137	43.44405007008978
223	39.57389781658319	10521.970453091193	2090.7147663623578	0.0	331.77263692041004	39.57389781658319
224	43.042539181779375	10565.012992272977	2095.397289925994	0.0	330.37890420282974	43.042539181779375
225	41.327371531731345	10606.340363804708	2096.6497589051337	0.0	332.4144935450705	41.327371531731345
226	41.013018910141454	10647.353382714851	2099.3494476663245	0.0	334.39002715425676	41.013018910141454
227	41.886828730845025	10689.24021144569	2105.2888896334775	0.0	338.7486892769397	41.886828730845025
228	39.641413462192084	10728.881624907879	2107.093071212635	0.0	340.745308527501	39.641413462192084
229	40.253936108786526	10769.135561016672	2108.6685386392573	0.0	341.0341327724678	40.253936108786526
230	41.89866458039026	10811.03422559706	2111.058745549299	0.0	342.13748566936385	41.89866458039026
231	39.695364973464365	10850.72959057052	2112.656769550783	0.0	343.5354363885724	39.695364973464365
232	38.989661732726404	10889.71925230325	2113.094297745016	0.0	346.3700697040684	38.989661732726404
233	38.5529255035585	10928.272177806812	2115.807407488501	0.0	345.0787567355899	38.5529255035585
234	39.21332994998277	10967.48550775679	2118.100661387078	0.0	345.1939777083609	39.21332994998277
235	40.94864901982311	11008.434156776613	2121.6177417624713	0.0	345.90195449233977	40.94864901982311
236	39.061918455225694	11047.496075231846	2123.1121993157244	0.0	343.65385508205696	39.061918455225694
237	37.436258612792145	11084.93233384463	2122.428460045844	0.0	344.9659707256512	37.436258612792145
238	40.43335228893596	11125.36568613357	2126.2298114894297	0.0	345.55892706133676	40.43335228893596
239	41.13702422516151	11166.502710358738	2129.5493226456765	0.0	347.17726367993055	41.13702422516151
240	39.48450896976442	11205.987219328495	2130.508657316676	0.0	346.9755186491389	39.48450896976442
241	41.85587474995662	11247.843094078451	2133.6762511686193	0.0	346.3487277795934	41.85587474995662
242	41.04290885722728	11288.88600293568	2136.8665373246326	0.0	346.2802700909786	41.04290885722728
243	39.03043630021885	11327.9164392359	2138.4191132056667	0.0	344.039516138104	39.03043630021885
244	39.91814844401948	11367.83458767992	2140.942460323796	0.0	344.39701403484673	39.91814844401948
245	40.410064627652034	11408.244652307569	2145.783472075497	0.0	345.9066566235155	40.410064627652034
246	41.63552271130061	11449.880175018872	2151.457761186395	0.0	345.028878672564	41.63552271130061
247	41.647302175395424	11491.527477194262	2155.0223453794815	0.0	346.6709171226418	41.647302175395424
248	38.94019768278373	11530.467674877045	2157.005187568299	0.0	348.2337446050045	38.94019768278373
249	42.39674309918626	11572.864417976241	2161.262960146656	0.0	350.2075992017595	42.39674309918626
250	39.84580059505773	11612.710218571292	2163.4081252967303	0.0	351.2288639572968	39.84580059505773
251	40.858021066316404	11653.56823963761	2168.549691931103	0.0	352.2821471060146	40.858021066316404
252	41.14621654510091	11694.714456182719	2171.85931424616	0.0	354.77799606222277	41.14621654510091
253	41.08674984482144	11735.801206027529	2174.590204606885	0.0	352.90548212725633	41.08674984482144
254	39.59353189691985	11775.394737924447	2180.0577609506536	0.0	352.8810516200033	39.59353189691985
255	40.4032451923783	11815.79798311683	2182.1578513723853	0.0	353.67777833257173	40.4032451923783
256	39.36127870810691	11855.159261824936	2183.615237496355	0.0	354.2600269857904	39.36127870810691
257	42.802823246326085	11897.962085071267	2188.8775022633517	0.0	355.94898903511785	42.802823246326085
258	38.99162792320537	11936.953712994466	2190.9989065451837	0.0	358.28922495357494	38.99162792320537
259	39.37487823785603	11976.328591232326	2194.3760066111486	0.0	358.03419578615825	39.37487823785603
260	38.77105649398564	12015.099647726309	2195.8652420393464	0.0	357.4335895721942	38.77105649398564
261	41.887519276646344	12056.987167002959	2199.413264015742	0.0	358.6531607799966	41.887519276646344
262	38.789864064644505	12095.777031067595	2201.7154192322087	0.0	359.8227530568339	38.789864064644505
263	40.56824080237616	12136.345271869986	2203.902339988581	0.0	360.4085546156842	40.56824080237616
264	41.35878261444785	12177.704054484426	2206.395462566722	0.0	362.28225399714654	41.35878261444785
265	39.74089045626157	12217.444944940687	2208.541024059274	0.0	363.1117508210193	39.74089045626157
266	42.52555938882278	12259.970504329509	2212.988170241383	0.0	364.66885446021087	42.52555938882278
267	41.00590532505208	12300.976409654564	2214.983699004863	0.0	366.6940574593967	41.00590532505208
268	40.277024988348415	12341.25343464291	2217.167195096011	0.0	366.7860045439988	40.277024988348415
269	40.549061130891914	12381.802495773809	2221.895828271247	0.0	366.72763534996534	40.549061130891914
270	38.159372738250056	12419.961868512048	2222.2359550289443	0.0	368.6020433494192	38.159372738250056
271	41.15863250035724	12461.120501012409	2224.8154286048484	0.0	370.9434270224053	41.15863250035724
272	40.27211190170991	12501.392612914124	2226.7690079676768	0.0	370.7620276641953	40.27211190170991
273	38.519222887303535	12539.911835801424	2226.614460566533	0.0	372.2607441311249	38.519222887303535
274	37.671001900533405	12577.582837701955	2226.200791447453	0.0	371.78664558496837	37.671001900533405
275	39.239822992195286	12616.822660694155	2228.2845995594366	0.0	371.7408879486053	39.239822992195286
276	40.34067184631513	12657.163332540467	2230.9617889434835	0.0	371.6363197328214	40.34067184631513
277	38.324258195809875	12695.48759073628	2232.160479491906	0.0	371.7416046671306	38.324258195809875
278	39.117964700447494	12734.605555436725	2233.3276463484167	0.0	371.85912607339077	39.117964700447494
279	39.49206931262118	12774.097624749342	2234.3397253826824	0.0	371.5604412556967	39.49206931262118
280	39.85746728303691	12813.955092032382	2236.8930173524186	0.0	370.5880885453989	39.85746728303691
281	39.918932490163826	12853.874024522547	2239.4779751700585	0.0	371.79865721488704	39.918932490163826
282	41.5779477654334	12895.451972287978	2242.7371365412173	0.0	371.25603818940806	41.5779477654334
283	39.89326527430349	12935.34523756228	2243.8992155914902	0.0	371.59055376621137	39.89326527430349
284	39.255119776031485	12974.600357338311	2246.5379426608097	0.0	370.6019719515942	39.255119776031485
285	39.218906242268446	13013.819263580583	2249.9705356973877	0.0	370.86932532260187	39.218906242268446
286	39.51048391061541	13053.329747491198	2251.2559553561405	0.0	371.15449820309175	39.51048391061541
287	41.40567971114183	13094.73542720234	2253.399389506355	0.0	372.40547449717354	41.40567971114183
288	39.0847231250899	13133.82015032743	2253.4172442041563	0.0	373.2594913375487	39.0847231250899
289	39.14157658354131	13172.961726910977	2253.915038007867	0.0	376.2371562407471	39.14157658354131
290	39.98097312435182	13212.942700035315	2255.4707644917585	0.0	378.5216228603546	39.98097312435182
291	41.60786789570174	13254.55056793102	2258.5471572318625	0.0	376.870747112919	41.60786789570174
292	38.44205675799173	13292.992624689015	2259.317701340931	0.0	376.5801693373104	38.44205675799173
293	37.55031240460143	13330.542937093607	2258.9096999591147	0.0	376.81894137753875	37.55031240460143
294	39.11971681471307	13369.66265390833	2260.9532847899263	0.0	376.95469580836067	39.11971681471307
295	38.42256513807662	13408.08521904641	2262.2895304156496	0.0	379.3033330731553	38.42256513807662
296	38.44797494462956	13446.533193991043	2263.6867556554485	0.0	379.5390138949154	38.44797494462956
297	38.92004543504058	13485.45323942608	2264.9020568339465	0.0	381.839801939448	38.92004543504058
298	40.27224488136016	13525.72548430744	2267.993005855821	0.0	381.2062594436256	40.27224488136016
299	40.10863113423181	13565.834115441667	2270.453105962751	0.0	382.4428623329717	40.10863113423181
300	38.05371793497382	13603.887833376646	2268.878764227335	0.0	383.5656231148528	38.05371793497382
301	39.57055461108255	13643.458387987723	2268.9555400728163	0.0	385.7914481050608	39.57055461108255
302	40.93273622247861	13684.391124210204	2270.727006250988	0.0	386.6445582109273	40.93273622247861
303	40.98397850157222	13725.375102711781	2273.0886690517477	0.0	386.343782455549	40.98397850157222
304	39.83345835185057	13765.20856106363	2275.42107672103	0.0	385.6369415638861	39.83345835185057
305	38.84895729954443	13804.057518363175	2276.1153961982845	0.0	385.75996170033636	38.84895729954443
306	38.830184954201705	13842.887703317367	2276.5700154283813	0.0	386.173335977918	38.830184954201705
307	38.3103577064048	13881.198061023782	2277.3351138780345	0.0	387.47440263572236	38.3103577064048
308	40.150838189895325	13921.34889921367	2280.4380520674267	0.0	388.0059516486736	40.150838189895325
309	40.08862821688286	13961.437527430557	2282.677550964715	0.0	387.9934091854885	40.08862821688286
310	39.58600443947798	14001.023531870038	2283.729194534711	0.0	390.1302138492837	39.58600443947798
311	40.56045453613205	14041.583986406165	2287.5967619631324	0.0	390.64054117601233	40.56045453613205
312	39.972675158493516	14081.556661564664	2290.502315875793	0.0	391.691492901365	39.972675158493516
313	38.22603279991721	14119.782694364585	2290.286442294311	0.0	391.1345062134983	38.22603279991721
314	38.64535247416551	14158.428046838739	2291.456334581549	0.0	390.18198007748447	38.64535247416551
315	38.99349900193309	14197.421545840676	2292.4821203732704	0.0	389.65742674989025	38.99349900193309
316	40.044578784449826	14237.466124625125	2295.3656997702556	0.0	389.5354601344956	40.044578784449826
317	39.40886488370545	14276.874989508835	2296.3340958507724	0.0	390.87213808593185	39.40886488370545
318	38.073350375196725	14314.948339884022	2296.0568730834466	0.0	389.73084390646505	38.073350375196725
319	38.29405741569753	14353.242397299733	2296.806444427333	0.0	390.51199127884814	38.29405741569753
320	39.398394738108664	14392.640792037826	2298.757384311294	0.0	389.94141828643563	39.398394738108664
321	38.731965136470514	14431.372757174302	2298.695008644711	0.0	391.0045060616706	38.731965136470514
322	39.53997828288536	14470.912735457197	2301.4256874158095	0.0	391.96055340416734	39.53997828288536
323	38.88703349636678	14509.799768953553	2302.593248822125	0.0	392.28718201052885	38.88703349636678
324	39.24380950783056	14549.04357846139	2304.7235426032003	0.0	392.7459923076124	39.24380950783056
325	39.11517560837123	14588.158754069756	2306.6904229489805	0.0	393.98666967598956	39.11517560837123
326	40.98646034018169	14629.14521440994	2310.814290363233	0.0	394.7453133652061	40.98646034018169
327	36.833373004229614	14665.978587414165	2310.9577782752754	0.0	395.30912341843685	36.833373004229614
328	38.5949239733421	14704.573511387514	2312.072187039091	0.0	397.50896917817636	38.5949239733421
329	38.040085978732066	14742.613597366244	2313.2956838131313	0.0	398.2317412256384	38.040085978732066
330	39.99749489614319	14782.611092262388	2316.0733747584354	0.0	397.80209166132124	39.99749489614319
331	40.38239083033434	14822.99348309272	2318.4403537637463	0.0	398.2751883858126	40.38239083033434
332	38.624417095286866	14861.617900188008	2320.511600013109	0.0	399.5558981805252	38.624417095286866
333	38.82857170438387	14900.446471892386	2320.6363931374017	0.0	401.08816675901613	38.82857170438387
334	40.13115040901582	14940.577622301402	2323.771291567039	0.0	403.9472174292548	40.13115040901582
335	42.225814534172834	14982.803436835578	2328.8239642565236	0.0	406.3629459852983	42.225814534172834
336	37.40754037004591	15020.210977205625	2328.7838114595324	0.0	405.7057226990414	37.40754037004591
337	39.428502493254456	15059.639479698877	2332.0607228253707	0.0	406.7235088838777	39.428502493254456
338	38.671884411284445	15098.311364110163	2334.3770882758804	0.0	406.51143263675795	38.671884411284445
339	40.319238226152855	15138.630602336321	2336.5712100154033	0.0	407.54784388013337	40.319238226152855
340	39.814966213306995	15178.445568549616	2339.570091999833	0.0	405.77579347916276	39.814966213306995
341	38.73450609247252	15217.18007464209	2341.65415728127	0.0	407.4961635258836	38.73450609247252
342	38.018325948343005	15255.198400590445	2342.3058232531143	0.0	409.4551275713865	38.018325948343005
343	38.93683622472502	15294.135236815166	2342.899718734745	0.0	410.01093811477006	38.93683622472502
344	40.78714876191689	15334.922385577089	2345.8950187543155	0.0	411.3188268018079	40.78714876191689
345	40.00086458366825	15374.923250160762	2348.9271962422704	0.0	412.7209700489799	40.00086458366825
346	37.76745038699639	15412.690700547746	2348.349365859036	0.0	414.1203756928692	37.76745038699639
347	38.73572795925625	15451.426428507006	2349.9557470062778	0.0	415.3251436466528	38.73572795925625
348	40.45966829450119	15491.886096801501	2351.50596692074	0.0	417.7855545721197	40.45966829450119
349	39.181711418660704	15531.06780822017	2354.420103918838	0.0	419.12290195741605	39.181711418660704
350	38.15406165156889	15569.221869871737	2356.0604843075484	0.0	420.26754464088964	38.15406165156889
351	40.35780488634452	15609.57967475808	2360.3415620966725	0.0	420.9730831827537	40.35780488634452
352	38.4632082792628	15648.042883037333	2361.9315898378663	0.0	420.4111485202057	38.4632082792628
353	40.27272586034101	15688.315608897688	2365.0443363800573	0.0	422.58888811173546	40.27272586034101
354	39.200196280173806	15727.515805177849	2366.737244884343	0.0	422.40338336305655	39.200196280173806
355	38.45444882660086	15765.970254004456	2368.881525670665	0.0	422.895990155161	38.45444882660086
356	38.78770829756482	15804.757962302021	2371.0645469584247	0.0	423.9643206236427	38.78770829756482
357	39.81968746058379	15844.57764976261	2371.4007852407244	0.0	426.529611000618	39.81968746058379
358	39.773159208258996	15884.350808970861	2373.083386742609	0.0	425.20681531452345	39.773159208258996
359	38.909904666179486	15923.260713637042	2373.4784003110135	0.0	427.46144301259045	38.909904666179486
360	38.79839071168257	15962.059104348731	2373.7016826434265	0.0	426.34730790076696	38.79839071168257
361	40.028386188452984	16002.087490537182	2375.3196970081353	0.0	426.89091490459106	40.028386188452984
362	39.800785481783755	16041.88827601897	2377.153216009205	0.0	428.67015868552403	39.800785481783755
363	38.61748282360482	16080.50575884257	2377.103443765483	0.0	429.72244215900224	38.61748282360482
364	38.95169183104996	16119.45745067363	2377.6325282655143	0.0	428.5284687395646	38.95169183104996
365	38.644380560440915	16158.101831234062	2377.9558037200795	0.0	429.01167310719063	38.644380560440915
366	38.45828520250696	16196.56011643656	2380.7433337206635	0.0	429.7283937087742	38.45828520250696
367	39.953355029050485	16236.513471465621	2384.3408357670564	0.0	431.11319104094787	39.953355029050485
368	39.06078957355921	16275.574261039172	2386.1478210852406	0.0	431.6697112127526	39.06078957355921
369	37.80286017890875	16313.37712121808	2386.2633827815166	0.0	432.29929473753685	37.80286017890875
370	38.949963075953086	16352.327084294038	2387.274377187322	0.0	432.9176277366032	38.949963075953086
371	39.01595106677365	16391.343035360802	2388.46886179671	0.0	433.53185499919095	39.01595106677365
372	40.06591140300663	16431.40894676382	2390.169163202982	0.0	435.84175077094585	40.06591140300663
373	41.17992034149555	16472.588867105314	2393.6793676474963	0.0	436.38018044177574	41.17992034149555
374	39.181165427060414	16511.77003253237	2395.170461269606	0.0	440.03170506196807	39.181165427060414
375	39.79137631029973	16551.561408842677	2397.5229374597125	0.0	441.6214240460733	39.79137631029973
376	38.964763404321445	16590.526172247	2399.771018265262	0.0	439.9773382352563	38.964763404321445
377	40.007751634873635	16630.533923881867	2403.18385790629	0.0	441.589063881452	40.007751634873635
378	39.727822643473786	16670.261746525342	2405.0842555094823	0.0	442.301996337017	39.727822643473786
379	39.148411474056424	16709.4101579994	2406.3170316917826	0.0	446.41754727400087	39.148411474056424
380	39.10548531209435	16748.515643311493	2407.384242343652	0.0	448.12573351079914	39.10548531209435
381	39.8710328723234	16788.386676183818	2411.2500883394673	0.0	447.7172649326593	39.8710328723234
382	41.418644350793286	16829.80532053461	2415.6607322055816	0.0	449.31601274632453	41.418644350793286
383	36.92486682755099	16866.730187362155	2416.3677105130705	0.0	448.2871691258506	36.92486682755099
384	39.13515569624032	16905.8653430584	2415.1277643727676	0.0	448.12860041169796	39.13515569624032
385	39.349339992191005	16945.21468305059	2415.9874926679972	0.0	447.06365845283443	39.349339992191005
386	39.51822931592344	16984.732912366515	2416.635412234952	0.0	446.77908073617675	39.51822931592344
387	38.40463905105731	17023.137551417574	2418.93517638488	0.0	447.930288739633	38.40463905105731
388	39.51659779457891	17062.654149212147	2420.6155157271705	0.0	449.51944169718047	39.51659779457891
389	38.6877467884963	17101.341896000653	2421.158175282943	0.0	450.7627717562216	38.6877467884963
390	37.391460899894675	17138.733356900542	2419.886787745048	0.0	450.0253724237143	37.391460899894675
391	39.29569413248421	17178.029051033023	2422.255685386101	0.0	450.0420275961271	39.29569413248421
392	40.3921642334563	17218.42121526648	2423.7279874671412	0.0	450.4363415784602	40.3921642334563
393	37.97727209345691	17256.398487359933	2423.5404410321826	0.0	450.7269943396049	37.97727209345691
394	41.65541530348829	17298.053902663436	2427.936927225991	0.0	452.51012180117027	41.65541530348829
395	39.0349938261989	17337.08889648962	2427.502529115572	0.0	452.05547535974415	39.0349938261989
396	37.36373420150316	17374.452630691136	2428.389503685107	0.0	451.92053232124215	37.36373420150316
397	39.09358305178628	17413.546213742917	2429.756315445721	0.0	451.2052145827234	39.09358305178628
398	38.916045591469	17452.46225933438	2430.305389323521	0.0	452.3646382667419	38.916045591469
399	39.37146974621252	17491.83372908061	2432.70217006124	0.0	452.82340457561247	39.37146974621252
400	40.255485581089395	17532.089214661682	2435.206227346467	0.0	452.6056197039137	40.255485581089395
401	41.368894627050366	17573.458109288746	2438.5567655102855	0.0	454.70206110484986	41.368894627050366
402	38.17841458274309	17611.636523871486	2437.575034828568	0.0	456.6457143448315	38.17841458274309
403	39.73240189533955	17651.368925766823	2438.754649670058	0.0	457.75002939846695	39.73240189533955
404	38.49602569925617	17689.864951466076	2439.438678636376	0.0	459.1883121808264	38.49602569925617
405	38.91468720698623	17728.779638673066	2440.9168217703677	0.0	457.75372383902214	38.91468720698623
406	37.37289962586859	17766.15253829893	2440.391385965647	0.0	459.5943399782505	37.37289962586859
407	38.293948289386755	17804.446486588313	2441.7625297645377	0.0	459.84956234968234	38.293948289386755
408	37.08533582602473	17841.53182241435	2443.046725152779	0.0	460.41396825632387	37.08533582602473
409	36.91963311347473	17878.451455527822	2442.3908005557983	0.0	461.20898484151337	36.91963311347473
410	38.07443388728307	17916.5258894151	2444.0119112059165	0.0	461.9267335024664	38.07443388728307
411	40.13333050271657	17956.659219917812	2444.0029766108064	0.0	464.56394800253213	40.13333050271657
412	39.400581236974105	17996.059801154785	2445.671052233697	0.0	465.0536700239772	39.400581236974105
413	40.13406742063296	18036.19386857542	2447.9320680794767	0.0	467.42386944398777	40.13406742063296
414	39.910712325433316	18076.104580900854	2449.9865470207874	0.0	468.95750151100026	39.910712325433316
415	39.48544121420949	18115.590022115077	2450.3242388413	0.0	469.07225640233867	39.48544121420949
416	37.76833060063473	18153.35835271571	2449.6736774855613	0.0	469.42987778439186	37.76833060063473
417	40.2274913259532	18193.58584404165	2451.6705932039663	0.0	470.4304787498197	40.2274913259532
418	39.00407325180604	18232.58991729347	2452.213479819543	0.0	472.34649479014564	39.00407325180604
419	37.99885846272344	18270.588775756183	2452.2291658449026	0.0	472.15129832248977	37.99885846272344
420	39.47122756613867	18310.060003322324	2454.8639715066424	0.0	472.22627376909105	39.47122756613867
421	39.01130826766699	18349.071311589993	2456.232677616526	0.0	471.68969493486986	39.01130826766699
422	38.58387448383187	18387.655186073822	2458.172354780648	0.0	471.3416256453558	38.58387448383187
423	38.10531101643727	18425.76049709026	2458.550166165623	0.0	472.02155215159286	38.10531101643727
424	37.713265582933	18463.4737626732	2457.769526092646	0.0	473.2850739067974	37.713265582933
425	38.42218624270661	18501.895948915906	2458.282603920419	0.0	472.27475684824276	38.42218624270661
426	37.67892570856489	18539.574874624464	2458.8118737412337	0.0	471.4569037164501	37.67892570856489
427	39.37128867279405	18578.946163297252	2458.815360111263	0.0	471.6488364897035	39.37128867279405
428	40.70413552950585	18619.65029882676	2462.4304447357295	0.0	472.79162218645615	40.70413552950585
429	39.339243432336495	18658.9895422591	2463.3780183346703	0.0	474.42652812336826	39.339243432336495
430	40.09049725488562	18699.080039513974	2467.178763807595	0.0	475.8657013993982	40.09049725488562
431	38.955092494989316	18738.035132008976	2467.5411757599127	0.0	477.47075182287955	38.955092494989316
432	38.10975549484074	18776.144887503822	2466.3563649401535	0.0	476.1432506234497	38.10975549484074
433	38.46450515457519	18814.60939265839	2467.6887087889745	0.0	477.55871684793556	38.46450515457519
434	38.463514017662675	18853.07290667605	2468.1971501382413	0.0	478.2171664903757	38.463514017662675
435	37.70110736715786	18890.774014043218	2468.8418100859694	0.0	478.7452327777025	37.70110736715786
436	37.69199034268375	18928.466004385897	2468.917460147435	0.0	478.9459461498107	37.69199034268375
437	37.277598416500894	18965.7436028024	2469.082613178258	0.0	479.05521295354635	37.277598416500894
438	37.60539232120257	19003.348995123604	2470.022318753701	0.0	480.52798459550667	37.60539232120257
439	38.31493318354834	19041.66392830715	2470.9013072905136	0.0	481.51489622683494	38.31493318354834
440	38.85368983605964	19080.51761814321	2472.2465169949005	0.0	483.6271847811863	38.85368983605964
441	37.84393263449157	19118.3615507777	2472.751555247419	0.0	482.5324968313311	37.84393263449157
442	40.1816037566544	19158.54315453434	2475.1556244499066	0.0	482.740851962748	40.1816037566544
443	39.51007376778617	19198.05322830213	2476.9825599452706	0.0	484.26597194865934	39.51007376778617
444	38.40686924157423	19236.460097543724	2476.027083861069	0.0	484.58199442300815	38.40686924157423
445	38.799523226094045	19275.259620769815	2477.5541678157815	0.0	485.90362079948835	38.799523226094045
446	39.35796713558345	19314.61758790539	2478.1763876284745	0.0	485.56190578657	39.35796713558345
447	38.97281359160202	19353.590401496986	2478.644082802023	0.0	485.47008638622174	38.97281359160202
448	39.10922556766705	19392.699627064663	2481.338751185017	0.0	485.6270995112372	39.10922556766705
449	39.037536200789056	19431.737163265447	2480.929900098766	0.0	485.56519518625953	39.037536200789056
450	40.339181725662854	19472.07634499112	2484.1056328790933	0.0	484.83289554185455	40.339181725662854
451	37.73533988548769	19509.811684876604	2484.922063911427	0.0	484.8290073180599	37.73533988548769
452	36.346516757558774	19546.158201634156	2484.2860923870826	0.0	484.82518045492367	36.346516757558774
453	36.98001079827459	19583.138212432437	2482.4841924063826	0.0	485.52846387122406	36.98001079827459
454	36.42077790559328	19619.55899033803	2482.4782288242845	0.0	484.88143410506643	36.42077790559328
455	39.40167746924943	19658.960667807274	2485.54282353606	0.0	487.5686776446718	39.40167746924943
456	37.06070567988277	19696.02137348715	2485.4891735320743	0.0	487.4133660908414	37.06070567988277
457	40.22858407637305	19736.249957563534	2489.005893755429	0.0	489.2838867487222	40.22858407637305
458	41.662160182329835	19777.912117745862	2493.4190564483033	0.0	492.0855916213363	41.662160182329835
459	37.58499222483943	19815.497109970707	2493.41816919404	0.0	492.8608144852348	37.58499222483943
460	40.48358961598608	19855.980699586693	2495.1042498866223	0.0	492.9666856015462	40.48358961598608
461	39.309606483160316	19895.290306069837	2497.0266756353985	0.0	494.5770999479061	39.309606483160316
462	40.47177126208103	19935.762077331932	2498.7129737307127	0.0	495.8948483261288	40.47177126208103
463	39.2643725020198	19975.02644983395	2500.717499034251	0.0	497.0188783992163	39.2643725020198
464	39.40346703692526	20014.429916870886	2500.352552657785	0.0	495.5159742434103	39.40346703692526
465	38.956323130098376	20053.386240000968	2503.5029028791027	0.0	494.9282228071174	38.956323130098376
466	40.02257794974445	20093.408817950705	2504.6295737955284	0.0	494.0776225056013	40.02257794974445
467	39.3680791937918	20132.7768971445	2506.4451700900145	0.0	495.2573680489607	39.3680791937918
468	37.452811006305815	20170.229708150808	2504.8926825712783	0.0	495.94988861972416	37.452811006305815
469	39.941600010366415	20210.17130816118	2506.4280373367087	0.0	496.93314190952844	39.941600010366415
470	38.15159545192704	20248.322903613105	2506.5518069503155	0.0	498.1909595198459	38.15159545192704
471	39.439302897868565	20287.762206510986	2509.0898397904057	0.0	496.6730551553584	39.439302897868565
472	36.91086610202048	20324.673072613	2508.8011461875394	0.0	497.12861878729484	36.91086610202048
473	37.78993625918567	20362.463008872186	2509.2029356289604	0.0	496.6533629219599	37.78993625918567
474	39.29735994401455	20401.760368816194	2510.9417325444147	0.0	497.2853066929048	39.29735994401455
475	38.96856421539947	20440.7289330316	2510.878525086488	0.0	499.0163864864405	38.96856421539947
476	38.14539919827571	20478.874332229872	2511.1390841753555	0.0	499.9850048078827	38.14539919827571
477	36.633872780140535	20515.50820501001	2509.7308048957875	0.0	499.2453415001254	36.633872780140535
478	38.54871327159131	20554.0569182816	2511.8132185411887	0.0	498.85977566124984	38.54871327159131
479	38.18648732070762	20592.24340560231	2512.2647911530935	0.0	498.39361861996	38.18648732070762
480	37.47363374964824	20629.717039351955	2512.0980122088918	0.0	498.98037389708264	37.47363374964824
481	39.62496214282484	20669.34200149478	2515.514546761298	0.0	499.2354536662529	39.62496214282484
482	39.512330146267196	20708.854331641047	2517.4657291555	0.0	498.9430691992616	39.512330146267196
483	38.30135318452105	20747.155684825575	2518.423339274731	0.0	498.97340980086415	38.30135318452105
484	38.23286555118145	20785.388550376756	2516.5239492506194	0.0	496.0392991177169	38.23286555118145
485	38.71850619625605	20824.107056573004	2518.136962226405	0.0	496.50101648552123	38.71850619625605
486	39.30266813569567	20863.409724708712	2519.4992998736516	0.0	498.86225832147437	39.30266813569567
487	37.80853896501457	20901.218263673723	2519.897218857675	0.0	500.6906668950631	37.80853896501457
488	39.74994961668815	20940.9682132904	2520.233437270905	0.0	500.41134590932137	39.74994961668815
489	38.933670407586135	20979.901883697996	2520.800600347276	0.0	500.39239180394964	38.933670407586135
490	38.41716034143445	21018.319044039425	2520.8898111380954	0.0	500.08682974387494	38.41716034143445
491	38.91908736327463	21057.238131402704	2521.981805031761	0.0	501.4671835202598	38.91908736327463
492	38.6649983775515	21095.903129780247	2520.48357387743	0.0	503.19375644408706	38.6649983775515
493	38.638986177973926	21134.542115958222	2519.678265295442	0.0	504.7349182166556	38.638986177973926
494	40.63649766878138	21175.178613627013	2523.189478778955	0.0	504.40591931850145	40.63649766878138
495	38.77970492870872	21213.958318555717	2523.5977086782245	0.0	507.4576728869922	38.77970492870872
496	38.14434183984345	21252.102660395554	2524.082326007498	0.0	507.7838555585622	38.14434183984345
497	37.55109231976649	21289.653752715327	2522.9103824007475	0.0	509.263917321888	37.55109231976649
498	39.18959990834496	21328.84335262367	2525.797035229954	0.0	508.36701615668215	39.18959990834496
499	36.96626047180835	21365.809613095484	2525.854351104249	0.0	506.67459805518644	36.96626047180835
500	39.947009278247194	21405.75662237373	2529.001347203337	0.0	505.8449930584128	39.947009278247194
501	38.10508016746977	21443.861702541195	2529.978562770257	0.0	506.9206410857408	38.10508016746977
502	37.13326617967897	21480.994968720875	2529.471756940866	0.0	506.8936712473371	37.13326617967897
503	38.98793248493475	21519.982901205818	2528.8673459139854	0.0	507.86024550935196	38.98793248493475
504	37.42066341098951	21557.4035646168	2528.2005792758473	0.0	508.97471833940125	37.42066341098951
505	40.01534006741278	21597.41890468422	2528.7785921340455	0.0	509.91369667244976	40.01534006741278
506	38.370352396480854	21635.789257080694	2527.739482737378	0.0	508.5599869449978	38.370352396480854
507	38.02341049198788	21673.81266757268	2528.12700260665	0.0	509.5611734939939	38.02341049198788
508	39.50676354925251	21713.31943112194	2528.159916128719	0.0	509.49076282908896	39.50676354925251
509	38.60533881636165	21751.92476993829	2528.2848222844436	0.0	509.3260266837634	38.60533881636165
510	38.314587546207534	21790.239357484515	2527.90887954473	0.0	509.778430409967	38.314587546207534
511	38.48090967666239	21828.720267161167	2527.0523514023703	0.0	511.04367235194275	38.48090967666239
512	37.487673772957045	21866.207940934128	2527.0523514023703	0.0	512.9549293714773	37.487673772957045
