task	reward	total_reward	total_regret	relative	total_reward_dev	joules
0	36.683035055418806	36.683035055418806	-0.9917086968603013	0.0	8.77271379619149	36.683035055418806
1	38.02478267893349	74.70781773435229	-1.521521233342877	0.0	14.419581525692784	38.02478267893349
2	37.4710418482937	112.17885958264604	-2.8647558477433948	0.0	17.34241551668937	37.4710418482937
3	36.88623890924026	149.06509849188632	-5.240543680080891	0.0	19.9002017917882	36.88623890924026
4	37.08553492905187	186.1506334209381	-6.494497185773184	0.0	21.987257657471446	37.08553492905187
5	37.451140431960766	223.60177385289876	-4.96724564971449	0.0	23.776079694856534	37.451140431960766
6	38.27840488607688	261.8801787389758	-3.4088860796023073	0.0	24.44971253078558	38.27840488607688
7	36.58132419832275	298.4615029372984	-3.4319322377889345	0.0	27.209741609792047	36.58132419832275
8	36.70581229927354	335.1673152365721	-4.960668286928842	0.0	28.628228426508176	36.70581229927354
9	37.356862294223305	372.52417753079544	-7.587823382637133	0.0	28.519537854624538	37.356862294223305
10	46.01860673056575	418.5427842613611	1.5064088752683102	0.0	31.50953181548073	46.01860673056575
11	46.30397552013053	464.8467597814917	9.873667239614106	0.0	34.56830277220673	46.30397552013053
12	45.270837212881986	510.1175969943737	16.573419349934746	0.0	37.295560118657626	45.270837212881986
13	47.37922138427351	557.4968183786469	26.30428898373939	0.0	40.03680480203216	47.37922138427351
14	44.41253541480822	601.9093537934552	31.97992240473657	0.0	44.306785761061946	44.41253541480822
15	44.723600271774366	646.6329540652295	39.60077079591764	0.0	48.05250034185577	44.723600271774366
16	47.46929940846525	694.102253473695	48.94075071001771	0.0	51.84444277019384	47.46929940846525
17	45.846086421243214	739.9483398949382	56.64716484896171	0.0	54.77848014459963	45.846086421243214
18	47.032945549131725	786.9812854440698	67.25551002433171	0.0	57.57996413204689	47.032945549131725
19	44.5596008941718	831.5408863382416	74.40828689216191	0.0	58.88831085559066	44.5596008941718
20	45.958657466911724	877.4995438051529	81.48355068089613	0.0	61.12197573110361	45.958657466911724
21	49.00374121651755	926.5032850216706	93.30517771889183	0.0	62.74446367420846	49.00374121651755
22	49.550136197140716	976.0534212188118	103.68003818193412	0.0	64.11981649623334	49.550136197140716
23	48.09810754793476	1024.1515287667462	112.1366610441409	0.0	64.81811711526187	48.09810754793476
24	44.67084279677178	1068.8223715635183	121.06543390656545	0.0	65.95389699982994	44.67084279677178
25	45.52934784057431	1114.3517194040924	127.62219684520397	0.0	65.3502398411986	45.52934784057431
26	45.79990726770202	1160.1516266717947	134.97854035655	0.0	65.31311307238151	45.79990726770202
27	50.870980625062465	1211.022607296857	147.2832500891409	0.0	65.48939128551741	50.870980625062465
28	48.22501001977042	1259.2476173166276	158.4698285705648	0.0	67.59481881445302	48.22501001977042
29	48.03720048929173	1307.2848178059194	169.19745292010342	0.0	69.240550915502	48.03720048929173
30	40.3498027630051	1347.6346205689247	173.38724836653597	0.0	73.01735212034006	40.3498027630051
31	40.425489759358854	1388.0601103282831	177.8092952612806	0.0	73.54730441719641	40.425489759358854
32	42.563969909188906	1430.6240802374718	183.2619461107479	0.0	74.49803487321009	42.563969909188906
33	39.542629763450144	1470.166710000922	184.50260408166278	0.0	71.80336743433179	39.542629763450144
34	41.2496813460083	1511.4163913469308	188.37685480815816	0.0	70.78527187443981	41.2496813460083
35	40.354681614727795	1551.771072961658	190.57345783498116	0.0	70.0484519447739	40.354681614727795
36	40.549081611508655	1592.3201545731667	193.35103469201655	0.0	71.26654282285308	40.549081611508655
37	42.48888329704953	1634.8090378702173	198.61884027991692	0.0	74.16496312812833	42.48888329704953
38	43.12349652493104	1677.9325343951475	205.61734818627008	0.0	73.99083371104967	43.12349652493104
39	42.13225846895667	1720.0647928641047	209.28009572589247	0.0	77.39634689646788	42.13225846895667
40	53.5656203566719	1773.6304132207756	225.33131755584353	0.0	82.77416000576311	53.5656203566719
41	52.66894725586728	1826.2993604766439	240.80435534971792	0.0	83.55140763231834	52.66894725586728
42	51.636608694838934	1877.9359691714826	255.02325424579166	0.0	85.53907902437406	51.636608694838934
43	49.80078584085065	1927.7367550123329	264.91265970116314	0.0	84.58545418719477	49.80078584085065
44	47.74396654980398	1975.4807215621372	274.4158400983209	0.0	88.70284585629456	47.74396654980398
45	50.234551928342526	2025.7152734904805	286.00350691977945	0.0	90.01879360415762	50.234551928342526
46	52.45126321298183	2078.1665367034625	300.21608660353013	0.0	90.38775035847237	52.45126321298183
47	50.65982214335636	2128.826358846817	314.7817532362285	0.0	92.39041381616302	50.65982214335636
48	50.58821595174224	2179.41457479856	328.9554564137044	0.0	95.2401579398596	50.58821595174224
49	51.672456531469926	2231.08703133003	342.1417932467604	0.0	94.19791287361002	51.672456531469926
50	53.83347076108244	2284.9205020911118	359.0267251747763	0.0	94.09291458647297	53.83347076108244
51	53.25242933087508	2338.172931421988	373.2435922263465	0.0	94.06145727614629	53.25242933087508
52	53.7163163498275	2391.8892477718155	389.4923348854434	0.0	92.70540089648983	53.7163163498275
53	57.63790431122886	2449.5271520830447	410.29702561527665	0.0	96.08674851060489	57.63790431122886
54	50.64295503774721	2500.17010712079	422.40386608627284	0.0	96.90860267854856	50.64295503774721
55	54.61155651237426	2554.7816636331663	438.50520481260116	0.0	101.97677492424666	54.61155651237426
56	53.40776379020085	2608.189427423367	455.1231458761597	0.0	104.57352128392466	53.40776379020085
57	53.443819984548654	2661.6332474079145	470.3044039401043	0.0	107.34681308559252	53.443819984548654
58	50.436249331021145	2712.069496738937	481.987436244039	0.0	108.55445225333676	50.436249331021145
59	52.47222114531675	2764.5417178842536	497.2600619324556	0.0	110.2880514075732	52.47222114531675
60	43.48917213585183	2808.0308900201053	500.9691986859533	0.0	109.36942492834028	43.48917213585183
61	45.79129701431085	2853.822187034416	507.94351114407306	0.0	110.2863976767508	45.79129701431085
62	44.78142587407484	2898.60361290849	514.7726629443089	0.0	110.23653754205152	44.78142587407484
63	45.85766757217441	2944.4612804806648	523.708995784394	0.0	107.97704666915871	45.85766757217441
64	45.05055836938137	2989.5118388500455	530.5943599598438	0.0	110.77512048949276	45.05055836938137
65	45.36483125418867	3034.8766701042355	538.1884450357934	0.0	109.7364494644499	45.36483125418867
66	47.2971976257271	3082.1738677299627	547.8422065214286	0.0	112.04768220107768	47.2971976257271
67	45.5242181352142	3127.698085865176	554.8570432500992	0.0	111.54712541136455	45.5242181352142
68	44.60301431549978	3172.3011001806753	561.6142957434436	0.0	112.10963043466224	44.60301431549978
69	45.336812520959455	3217.6379127016344	569.8750704558504	0.0	112.74735797804667	45.336812520959455
70	59.94985373340429	3277.5877664350396	591.7728254517971	0.0	113.46470129902005	59.94985373340429
71	61.545948665503516	3339.1337151005428	616.0901294015736	0.0	115.65229465494853	61.545948665503516
72	56.11132323349306	3395.2450383340356	634.9589531709629	0.0	115.16769129945	56.11132323349306
73	56.794637979892265	3452.039676313929	654.3491429871266	0.0	117.59997185181804	56.794637979892265
74	57.078067519767814	3509.117743833697	675.3196094097011	0.0	119.0622300283522	57.078067519767814
75	58.68544527176683	3567.803189105462	694.5033636918756	0.0	121.4273577547878	58.68544527176683
76	59.34769742124712	3627.1508865267097	715.4055961666206	0.0	121.09146067839592	59.34769742124712
77	58.148939826774246	3685.2998263534832	736.5989477301478	0.0	120.83407921466699	58.148939826774246
78	62.79968722383922	3748.0995135773246	761.043046128086	0.0	122.61138607771011	62.79968722383922
79	58.32122539801425	3806.420738975337	783.0126338883571	0.0	121.88472904924815	58.32122539801425
80	60.12882025120464	3866.5495592265415	806.1080665690731	0.0	123.9662458817654	60.12882025120464
81	60.04779269253692	3926.597351919082	828.1521067070552	0.0	124.53400137787385	60.04779269253692
82	60.997804860596325	3987.5951567796747	851.3228117170848	0.0	128.15749483303634	60.997804860596325
83	61.06493679712869	4048.6600935768047	874.9819895770131	0.0	132.30943710967063	61.06493679712869
84	63.24521622355886	4111.905309800363	901.1257096015073	0.0	135.63658162569624	63.24521622355886
85	61.187067793693814	4173.092377594058	925.0069608996025	0.0	137.3543826207787	61.187067793693814
86	63.237149896633554	4236.32952749069	951.0604203652131	0.0	139.26302082807078	63.237149896633554
87	58.413474195265636	4294.743001685957	970.707358013417	0.0	141.73884348812004	58.413474195265636
88	57.23743763744125	4351.980439323398	991.153724668829	0.0	144.03308017846558	57.23743763744125
89	60.20754911402697	4412.187988437425	1014.8862498653517	0.0	145.4470033665963	60.20754911402697
90	50.28412516590622	4462.472113603332	1027.9792684085817	0.0	144.92197498103667	50.28412516590622
91	49.64239188845568	4512.114505491788	1039.557642678824	0.0	144.51578768684965	49.64239188845568
92	47.805280065044116	4559.919785556831	1051.557051377569	0.0	144.75211765199973	47.805280065044116
93	48.33189508368718	4608.251680640518	1062.5727973994672	0.0	145.02982866440894	48.33189508368718
94	49.08948736521574	4657.3411680057325	1074.1341977507225	0.0	143.29766432588374	49.08948736521574
95	47.88574069856	4705.226908704295	1084.5146155579291	0.0	145.85102459612656	47.88574069856
96	48.68196894752521	4753.908877651818	1096.0116360977297	0.0	148.28675727997725	48.68196894752521
97	50.96631590191266	4804.875193553732	1107.406852816433	0.0	150.09412779747757	50.96631590191266
98	48.5084599180816	4853.383653471812	1118.2369623015313	0.0	151.04437691411744	48.5084599180816
99	48.440596988757136	4901.824250460571	1129.140557128214	0.0	151.20371906702985	48.440596988757136
100	70.42917238140356	4972.253422841973	1162.886998596903	0.0	152.48394989971467	70.42917238140356
101	69.91237146521942	5042.165794307194	1194.530689776216	0.0	152.95172973993664	69.91237146521942
102	70.98930166504158	5113.155095972234	1226.3072372243062	0.0	152.05376229402674	70.98930166504158
103	71.45917147749685	5184.6142674497305	1262.1544130926136	0.0	150.86328109178802	71.45917147749685
104	70.98510855620734	5255.599376005939	1295.1246042240605	0.0	149.626727938893	70.98510855620734
105	71.60160677037335	5327.200982776311	1329.1641944206594	0.0	150.66830964749985	71.60160677037335
106	71.58398798331456	5398.784970759626	1363.0243988443178	0.0	149.48026955417444	71.58398798331456
107	70.0524967589457	5468.837467518572	1395.6362382728587	0.0	150.09705012801874	70.0524967589457
108	71.48791866448764	5540.325386183058	1428.5178500160953	0.0	149.427177322949	71.48791866448764
109	72.15360069421011	5612.4789868772705	1462.4268363750089	0.0	149.58307744438457	72.15360069421011
110	70.77069440409093	5683.249681281362	1495.2346775282356	0.0	149.180461778326	70.77069440409093
111	71.68244081225804	5754.932122093618	1529.1216791771774	0.0	149.47784427299345	71.68244081225804
112	71.31190184586752	5826.244023939486	1561.172904995053	0.0	150.04996177768396	71.31190184586752
113	70.66411971390899	5896.908143653396	1594.804976070434	0.0	150.90780988480057	70.66411971390899
114	71.38255764021117	5968.290701293604	1628.69759972543	0.0	152.1558318563046	71.38255764021117
115	72.15983074343067	6040.450532037037	1664.5209473003515	0.0	151.20232642365178	72.15983074343067
116	71.43798246399315	6111.888514501029	1696.513921896313	0.0	150.73919970581017	71.43798246399315
117	72.13658443006871	6184.0250989311	1732.3443730342801	0.0	150.33035982758457	72.13658443006871
118	72.58116783805637	6256.606266769155	1765.7498297891516	0.0	150.45480072892488	72.58116783805637
119	71.56799282280953	6328.174259591967	1799.8530992850033	0.0	150.26398834224548	71.56799282280953
120	39.76034178774992	6367.934601379715	1800.9884965665622	0.0	149.85065541015587	39.76034178774992
121	40.87566025070428	6408.810261630421	1805.8384424929536	0.0	151.06188950249216	40.87566025070428
122	40.2505013031388	6449.060762933558	1807.5450389171694	0.0	152.08173892213645	40.2505013031388
123	39.041120945691475	6488.101883879251	1808.3406585138923	0.0	155.058935035331	39.041120945691475
124	40.22168177622777	6528.323565655478	1809.3625139353242	0.0	155.4263562605624	40.22168177622777
125	41.39578068350661	6569.719346338987	1813.1932863520667	0.0	157.15684912105863	41.39578068350661
126	39.88217868980128	6609.601525028782	1815.1969540573064	0.0	158.06437109075793	39.88217868980128
127	39.85533985484773	6649.456864883631	1817.2535826626938	0.0	157.7289677352998	39.85533985484773
128	40.57203408143787	6690.028898965073	1820.6032272639357	0.0	159.57123952832603	40.57203408143787
129	40.74456592387377	6730.773464888945	1822.9506571838906	0.0	161.0608812175896	40.74456592387377
130	38.75866795355028	6769.532132842493	1822.7171964882955	0.0	160.57480919102716	38.75866795355028
131	40.15071112770652	6809.682843970202	1827.3525321543211	0.0	162.10319493039324	40.15071112770652
132	40.10731855847347	6849.790162528673	1830.1891662403912	0.0	163.46412082755737	40.10731855847347
133	40.529537601053846	6890.319700129727	1833.3135066001646	0.0	163.35130898292255	40.529537601053846
134	39.97493015217376	6930.294630281903	1834.8668304545174	0.0	162.58891343002168	39.97493015217376
135	38.77769048185181	6969.072320763757	1835.8851356389473	0.0	165.20227907989948	38.77769048185181
136	37.69526866130359	7006.76758942506	1834.973495165646	0.0	164.9153077060666	37.69526866130359
137	37.804267050405244	7044.571856475465	1834.9007093240473	0.0	165.56127635497032	37.804267050405244
138	39.22001698416685	7083.791873459631	1834.6819886407015	0.0	164.48757173382012	39.22001698416685
139	40.93575876279804	7124.72763222243	1837.8100250484047	0.0	165.97570591359266	40.93575876279804
140	38.71354156418025	7163.441173786609	1839.2835065562228	0.0	166.48487106133527	38.71354156418025
141	39.55492399210432	7202.9960977787105	1841.5402255399563	0.0	169.16000393555345	39.55492399210432
142	42.24810179223723	7245.244199570951	1847.8286262482989	0.0	172.20832609579557	42.24810179223723
143	41.448200284504	7286.692399855454	1852.0463287391954	0.0	171.77233650181765	41.448200284504
144	38.578040846708085	7325.270440702161	1853.5481507241557	0.0	175.61470079641933	38.578040846708085
145	40.53909085192188	7365.809531554088	1857.5342699196203	0.0	177.76755023366437	40.53909085192188
146	40.5899821824282	7406.399513736509	1859.716634068751	0.0	179.57770639548283	40.5899821824282
147	38.53367641038109	7444.933190146894	1860.4814246132162	0.0	180.42384838582623	38.53367641038109
148	40.56450527542224	7485.497695422318	1865.0842798691247	0.0	185.41213436358032	40.56450527542224
149	39.19578218554525	7524.6934776078615	1867.567527618286	0.0	186.0504437392233	39.19578218554525
150	39.408781267047324	7564.102258874907	1868.7137754317466	0.0	189.3185949968733	39.408781267047324
151	39.95076712505068	7604.053025999959	1871.38145201352	0.0	189.76135660757188	39.95076712505068
152	39.004849176793215	7643.057875176752	1872.5412212161255	0.0	190.25052292315817	39.004849176793215
153	40.26443029467127	7683.3223054714235	1874.6148337420152	0.0	191.52825187073927	40.26443029467127
154	39.34729854106122	7722.669604012485	1876.2858807224575	0.0	193.02512120250654	39.34729854106122
155	39.26029316583756	7761.929897178322	1877.5243229766465	0.0	194.47416795272326	39.26029316583756
156	38.68852482577603	7800.6184220041005	1878.4600066338733	0.0	196.52728961913374	38.68852482577603
157	41.294602648773136	7841.913024652871	1880.9977694247468	0.0	199.00078193636662	41.294602648773136
158	40.88391264956286	7882.796937302433	1883.4368367048003	0.0	199.57471459489884	40.88391264956286
159	39.67674173530138	7922.47367903773	1885.7343419031363	0.0	203.46591722848203	39.67674173530138
160	38.559958726786945	7961.0336377645235	1887.388277922874	0.0	204.26455165551	38.559958726786945
161	38.62866855820628	7999.662306322728	1887.44626049714	0.0	205.8070563201382	38.62866855820628
162	37.4741696271815	8037.136475949911	1886.6444918022535	0.0	207.90222686457304	37.4741696271815
163	40.796726678780935	8077.933202628689	1890.5673335594847	0.0	209.07044234066524	40.796726678780935
164	40.13634284377126	8118.069545472462	1892.081909834855	0.0	207.8795987850218	40.13634284377126
165	39.47079694441846	8157.540342416881	1894.010564280964	0.0	211.45977835415962	39.47079694441846
166	38.58325023383315	8196.123592650716	1894.399040126624	0.0	213.50347766594373	38.58325023383315
167	38.9631215999825	8235.086714250694	1894.7400665460993	0.0	217.38053763464626	38.9631215999825
168	40.86190869430203	8275.948622945001	1896.419748773692	0.0	220.6700373051534	40.86190869430203
169	39.09883545408884	8315.047458399087	1898.0992398542855	0.0	220.80969790147788	39.09883545408884
170	38.78477959244062	8353.832237991526	1899.4141246779534	0.0	225.75182519252914	38.78477959244062
171	40.652787806034105	8394.485025797565	1902.07081665298	0.0	229.2662809546962	40.652787806034105
172	38.646216998954266	8433.13124279652	1901.261777916756	0.0	232.7246088196176	38.646216998954266
173	39.295312593686724	8472.4265553902	1902.0076561492099	0.0	234.07367746826765	39.295312593686724
174	38.73374871970021	8511.160304109904	1904.0362366668974	0.0	236.6143693729047	38.73374871970021
175	39.817580866088164	8550.977884975991	1905.9699202988206	0.0	241.26511225288084	39.817580866088164
176	39.887622175892865	8590.86550715188	1908.1333279437697	0.0	244.86574546772206	39.887622175892865
177	39.6951230584825	8630.560630210366	1911.008697633558	0.0	246.83039157648872	39.6951230584825
178	40.101440650539146	8670.662070860906	1913.590153204986	0.0	249.3275676235368	40.101440650539146
179	41.04312962245246	8711.705200483362	1917.490621694128	0.0	252.09059577587414	41.04312962245246
180	41.00042847480458	8752.705628958163	1920.2185070979604	0.0	256.47250600394204	41.00042847480458
181	39.12219030647213	8791.827819264632	1922.192175591657	0.0	257.5248460942701	39.12219030647213
182	39.07435467546674	8830.902173940103	1923.4295156085009	0.0	259.71687846926824	39.07435467546674
183	40.92608217959967	8871.828256119703	1926.2740054801816	0.0	260.9290001803495	40.92608217959967
184	38.86860865827336	8910.69686477797	1926.6901415586897	0.0	261.5569372610358	38.86860865827336
185	39.053718439431215	8949.750583217405	1928.0559430500202	0.0	263.5546423749779	39.053718439431215
186	41.66763870686077	8991.418221924265	1933.7343672001307	0.0	265.8669898512615	41.66763870686077
187	40.56305629148746	9031.981278215757	1936.1764878734975	0.0	267.7522143683243	40.56305629148746
188	39.2523867696493	9071.233664985402	1936.8078832065016	0.0	270.2272876377668	39.2523867696493
189	40.81073627980825	9112.044401265215	1941.6929948610552	0.0	272.73430904780804	40.81073627980825
190	41.04871407639657	9153.093115341611	1945.3878717553168	0.0	276.915367212384	41.04871407639657
191	39.63779866905792	9192.730914010663	1947.7197158319732	0.0	279.2231789970303	39.63779866905792
192	40.39331647474587	9233.124230485411	1949.8793319573915	0.0	280.8835675528476	40.39331647474587
193	39.76567424677985	9272.889904732188	1952.8660132416665	0.0	282.84809431075723	39.76567424677985
194	39.13481352231317	9312.024718254504	1954.7411174873632	0.0	286.0274035683586	39.13481352231317
195	39.80146468947748	9351.82618294398	1957.3753228520602	0.0	290.3328351414816	39.80146468947748
196	40.94811024366558	9392.774293187647	1962.113654132127	0.0	292.46974002035387	40.94811024366558
197	41.492287473481056	9434.266580661126	1965.5461180516086	0.0	295.6993915685247	41.492287473481056
198	40.4838962154849	9474.750476876612	1966.30982889337	0.0	298.42474192985577	40.4838962154849
199	39.13657079517271	9513.88704767179	1968.6701271408417	0.0	300.2541209651179	39.13657079517271
200	39.55089266971847	9553.437940341506	1971.084538923384	0.0	305.16391757906246	39.55089266971847
201	38.869886786444766	9592.307827127946	1972.4954155862326	0.0	307.0007183485927	38.869886786444766
202	39.07548028479845	9631.383307412747	1972.8886158975617	0.0	308.08726972227026	39.07548028479845
203	39.81382321817186	9671.197130630924	1973.095545930755	0.0	312.25830528629155	39.81382321817186
204	39.599000931594695	9710.796131562507	1976.332762700208	0.0	315.4196605204553	39.599000931594695
205	39.280718419145295	9750.07684998166	1976.9826605642122	0.0	318.0480943462698	39.280718419145295
206	41.603026193458035	9791.679876175118	1981.3162999306328	0.0	321.88853256484856	41.603026193458035
207	38.79862627010629	9830.478502445229	1982.0481324385407	0.0	322.7823554522639	38.79862627010629
208	40.874406517350415	9871.352908962574	1984.9086107404564	0.0	325.89143736714914	40.874406517350415
209	38.71677490223433	9910.069683864815	1984.4962888998568	0.0	328.7854639783833	38.71677490223433
210	40.403510771574126	9950.473194636386	1988.001646782013	0.0	330.12843577315	40.403510771574126
211	38.747182515930724	9989.220377152316	1988.675946626572	0.0	332.81512019906575	38.747182515930724
212	39.915704881994415	10029.13608203431	1990.382382391063	0.0	335.5820988758102	39.915704881994415
213	40.146271139872965	10069.28235317418	1994.8842540206394	0.0	342.3394420057683	40.146271139872965
214	38.83288679666902	10108.115239970848	1996.4922068503013	0.0	344.85923081807096	38.83288679666902
215	40.62926122946354	10148.744501200319	1998.7742810794093	0.0	349.33778066320804	40.62926122946354
216	41.60428452400132	10190.348785724318	2001.9069032411487	0.0	352.5847868809809	41.60428452400132
217	36.29016448575282	10226.63895021007	1999.0277769027207	0.0	354.5681299009073	36.29016448575282
218	40.41621911173548	10267.055169321806	2002.447102704645	0.0	357.2129064099736	40.41621911173548
219	38.8321769830655	10305.887346304873	2004.0486665813253	0.0	358.2401466675742	38.8321769830655
220	38.64294642987284	10344.53029273474	2004.6655863640428	0.0	360.50394977718616	38.64294642987284
221	39.93126174794946	10384.461554482688	2008.4740989141749	0.0	363.10335392581413	39.93126174794946
222	39.706630699713266	10424.168185182409	2009.7978954142427	0.0	364.63090555099586	39.706630699713266
223	38.77269945405242	10462.940884636457	2010.0163844463066	0.0	365.07470866358057	38.77269945405242
224	40.30075717378472	10503.24164181024	2011.9070372908172	0.0	367.6488734287215	40.30075717378472
225	36.57049431264596	10539.812136122891	2011.1502897811501	0.0	368.9443345149612	36.57049431264596
226	41.4965281854328	10581.308664308326	2013.9457994429404	0.0	372.2002906068666	41.4965281854328
227	39.09307162195573	10620.401735930272	2014.6846532970903	0.0	374.316962891903	39.09307162195573
228	39.06572566543348	10659.467461595712	2015.2789366517275	0.0	378.7783029165742	39.06572566543348
229	38.13959503904968	10697.607056634764	2015.862481180005	0.0	382.403535122172	38.13959503904968
230	40.109915072846604	10737.716971707603	2019.0210767111002	0.0	387.2076554734895	40.109915072846604
231	39.6286851586292	10777.34565686624	2018.948255297646	0.0	390.3039398815435	39.6286851586292
232	40.190747962489894	10817.536404828727	2022.7009343031275	0.0	394.1468831405506	40.190747962489894
233	37.46353928891678	10854.999944117644	2023.364235293704	0.0	394.50892169911833	37.46353928891678
234	38.31993017526726	10893.319874292913	2024.7269319385284	0.0	396.24762824493087	38.31993017526726
235	41.343919517207105	10934.663793810125	2029.474472571654	0.0	398.00378156159746	41.343919517207105
236	38.956142873784195	10973.619936683906	2030.408580716799	0.0	402.7724286125273	38.956142873784195
237	39.915973700642226	11013.53591038454	2031.3175865371084	0.0	407.71425167422353	39.915973700642226
238	39.46944315259913	11053.005353537146	2034.0861069718883	0.0	409.56655742782215	39.46944315259913
239	39.36800342763463	11092.373356964777	2037.6468494304095	0.0	413.5356894107754	39.36800342763463
240	39.64711705347443	11132.020474018253	2038.3539561408315	0.0	417.5691650515553	39.64711705347443
241	38.281341391313525	11170.301815409568	2039.110848424486	0.0	421.9545892667508	38.281341391313525
242	39.578688034471405	11209.880503444037	2040.727204341694	0.0	424.8995812120048	39.578688034471405
243	38.196084338898764	11248.076587782942	2041.3634524756126	0.0	427.0793084388664	38.196084338898764
244	36.96089849956559	11285.0374862825	2040.2031184497953	0.0	429.0181223617235	36.96089849956559
245	39.289607169547054	11324.327093452046	2039.6246624657592	0.0	429.3816751049984	39.289607169547054
246	42.18726352440294	11366.514356976448	2043.1676977773336	0.0	430.4626840742453	42.18726352440294
247	40.3633714402765	11406.877728416726	2045.8571676626962	0.0	434.25000316188067	40.3633714402765
248	37.61474813325687	11444.49247654998	2047.951683145594	0.0	435.44908990222234	37.61474813325687
249	39.124274310301644	11483.616750860285	2050.9761174123146	0.0	438.56231936322973	39.124274310301644
250	37.76863139791318	11521.385382258193	2050.4416723946283	0.0	437.3197492024629	37.76863139791318
251	38.95587326930358	11560.341255527503	2050.914727943788	0.0	440.09556996282527	38.95587326930358
252	40.34741650043938	11600.688672027947	2052.3241808820376	0.0	444.75040479740534	40.34741650043938
253	39.88465222050899	11640.57332424845	2054.0529912688253	0.0	447.73817451968347	39.88465222050899
254	39.466718248181785	11680.040042496636	2056.5967414582324	0.0	453.6069605208289	39.466718248181785
255	39.43254799056102	11719.472590487192	2060.452884292581	0.0	455.8769319737605	39.43254799056102
256	38.45293098340756	11757.9255214706	2061.5437221271304	0.0	459.2164775933292	38.45293098340756
257	41.087723634754	11799.013245105358	2064.494230972544	0.0	461.82945461392944	41.087723634754
258	38.77756159626222	11837.790806701614	2065.1306164611706	0.0	467.4179097456487	38.77756159626222
259	39.46970900610016	11877.260515707712	2067.1473374739016	0.0	468.94504630180165	39.46970900610016
260	40.24860680171386	11917.50912250943	2070.664039160316	0.0	473.5434974043623	40.24860680171386
261	40.95661357134948	11958.465736080783	2073.3826880962233	0.0	478.1723118675222	40.95661357134948
262	39.2183095406852	11997.684045621469	2075.073732537513	0.0	481.03283208149185	39.2183095406852
263	38.7569304542139	12036.44097607568	2075.157471053302	0.0	483.1886476171801	38.7569304542139
264	38.605135694435006	12075.046111770114	2075.809583149331	0.0	486.73178744728114	38.605135694435006
265	42.24801277011614	12117.294124540233	2080.433239634509	0.0	490.2162146394162	42.24801277011614
266	39.38714251805356	12156.681267058284	2083.6076654983417	0.0	491.4745687697684	39.38714251805356
267	40.84680392730977	12197.528070985598	2087.801098492005	0.0	496.5788568511747	40.84680392730977
268	41.57528951296194	12239.103360498559	2092.9263593984624	0.0	499.3995158718501	41.57528951296194
269	39.307954306951515	12278.411314805511	2093.883196786703	0.0	500.35200258820424	39.307954306951515
270	39.13232999386669	12317.543644799369	2096.0116571211092	0.0	504.1983556782655	39.13232999386669
271	39.289513155195465	12356.833157954565	2097.9144647087655	0.0	509.7632043848108	39.289513155195465
272	37.95527565001657	12394.78843360458	2097.670443248817	0.0	512.5933734541554	37.95527565001657
273	38.00379662205758	12432.792230226645	2098.538621450131	0.0	516.5462073107012	38.00379662205758
274	38.12022027555749	12470.912450502201	2099.3322275718137	0.0	520.3056909866066	38.12022027555749
275	40.87111318160824	12511.783563683804	2102.437038091477	0.0	522.606633011846	40.87111318160824
276	39.59619021232732	12551.379753896137	2102.9659740178877	0.0	523.1445135196705	39.59619021232732
277	39.902518475607174	12591.282272371747	2104.207159196328	0.0	523.2628589872021	39.902518475607174
278	38.8734943644079	12630.155766736152	2106.068859520974	0.0	529.3592554999107	38.8734943644079
279	39.18658699312684	12669.342353729282	2106.4597878126133	0.0	529.835015818884	39.18658699312684
280	37.38145220129954	12706.72380593058	2105.8250634189512	0.0	533.396375165271	37.38145220129954
281	39.13248509502137	12745.856291025602	2107.5621705139124	0.0	535.4063249256805	39.13248509502137
282	40.9024904431118	12786.758781468714	2111.7795702120475	0.0	540.0696747783256	40.9024904431118
283	40.37053415445659	12827.129315623173	2113.913271080762	0.0	544.8652743257335	40.37053415445659
284	38.775359059289116	12865.904674682459	2115.541275663681	0.0	548.2255071865276	38.775359059289116
285	39.15573888274638	12905.060413565201	2117.6828151984723	0.0	549.6217306307465	39.15573888274638
286	39.315148501222154	12944.375562066423	2120.293196863248	0.0	552.2111819174377	39.315148501222154
287	39.17596271923572	12983.551524785664	2122.4134516773624	0.0	554.5722399569597	39.17596271923572
288	37.70082587974224	13021.252350665402	2123.6974480446565	0.0	555.0684066504922	37.70082587974224
289	40.02168245826405	13061.274033123667	2127.129114770995	0.0	557.8742473094572	40.02168245826405
290	39.91954137312308	13101.193574496787	2127.6985310670543	0.0	560.576492734052	39.91954137312308
291	39.972476514574	13141.16605101136	2129.9707544637163	0.0	564.8556230915078	39.972476514574
292	38.831469624257004	13179.99752063562	2129.525864283148	0.0	568.19589731893	38.831469624257004
293	36.86631713436549	13216.863837769994	2127.526219764284	0.0	570.0636879138077	36.86631713436549
294	40.391413594010444	13257.255251363998	2130.422955006136	0.0	573.232479679444	40.391413594010444
295	38.43448461103772	13295.689735975035	2130.003373364723	0.0	573.8113335782984	38.43448461103772
296	38.8196031417279	13334.509339116765	2131.962130785316	0.0	575.4175306589824	38.8196031417279
297	41.42913477129351	13375.938473888064	2134.042129377851	0.0	578.2609647253055	41.42913477129351
298	39.048205899780555	13414.98667978784	2136.608721650011	0.0	581.3703187862181	39.048205899780555
299	41.93427191670559	13456.920951704546	2140.9273172173107	0.0	584.7030893424051	41.93427191670559
300	41.34319570863604	13498.26414741318	2145.5928434556245	0.0	588.120397124283	41.34319570863604
301	41.075074394796815	13539.33922180798	2148.8959701163762	0.0	590.411829801661	41.075074394796815
302	39.357761884420626	13578.696983692396	2150.517058791548	0.0	594.4431360341915	39.357761884420626
303	40.168370215171834	13618.865353907566	2153.325030775656	0.0	595.2902796340894	40.168370215171834
304	38.18489395629353	13657.050247863866	2153.121494642133	0.0	597.7655372826979	38.18489395629353
305	37.60205925571588	13694.652307119584	2153.9501588408616	0.0	598.0279276585611	37.60205925571588
306	40.58076987807473	13735.233076997656	2157.960669413957	0.0	602.524982231245	40.58076987807473
307	39.52882472328087	13774.761901720934	2160.1962012479366	0.0	607.7727063780151	39.52882472328087
308	39.73963417490845	13814.50153589584	2162.3856487110183	0.0	610.192755874509	39.73963417490845
309	39.319432373865084	13853.820968269712	2164.1966593975108	0.0	612.0614717464852	39.319432373865084
310	39.915776652466995	13893.736744922177	2166.4507385952884	0.0	613.7734797574233	39.915776652466995
311	39.28564230297571	13933.02238722515	2167.505395997076	0.0	617.9700946878586	39.28564230297571
312	40.199754889602715	13973.222142114755	2170.1918360220748	0.0	620.630057803731	40.199754889602715
313	39.87290347804494	14013.095045592796	2172.6706830972694	0.0	624.6799113495832	39.87290347804494
314	41.71211860403364	14054.807164196833	2177.934378654724	0.0	631.1946149988488	41.71211860403364
315	39.985184074642575	14094.79234827148	2183.6389038342318	0.0	635.0888846951419	39.985184074642575
316	38.82619783668736	14133.618546108159	2185.3864158228225	0.0	639.7619270626808	38.82619783668736
317	40.04256735020922	14173.661113458364	2188.9543826665595	0.0	642.3795963949115	40.04256735020922
318	39.75684118057559	14213.41795463895	2191.9055784343454	0.0	645.8481995103639	39.75684118057559
319	38.27337823008028	14251.691332869032	2191.7149469648125	0.0	649.0124913740046	38.27337823008028
320	39.344296550790204	14291.035629419817	2192.890667073956	0.0	651.2448236448089	39.344296550790204
321	39.8323787328432	14330.868008152665	2195.525552265071	0.0	653.2628862845794	39.8323787328432
322	38.03257766182809	14368.900585814488	2196.2874459584477	0.0	656.0641495966383	38.03257766182809
323	38.68686615199236	14407.58745196648	2197.2599519159758	0.0	659.4942552755668	38.68686615199236
324	37.108334269026116	14444.695786235505	2194.874806978914	0.0	662.1506225405186	37.108334269026116
325	39.91906843911945	14484.61485467462	2198.5079838439915	0.0	666.1685383363806	39.91906843911945
326	36.74134676160393	14521.35620143623	2198.1210264745805	0.0	667.4189365015123	36.74134676160393
327	41.07441473453024	14562.430616170761	2202.731786150276	0.0	673.185081717468	41.07441473453024
328	38.516610749389436	14600.947226920149	2201.9937547622544	0.0	677.1518780225331	38.516610749389436
329	40.45386481996404	14641.401091740117	2205.4368461710947	0.0	680.1869941893223	40.45386481996404
330	39.817601462578516	14681.218693202694	2209.768125536382	0.0	684.071835424482	39.817601462578516
331	39.86304919065046	14721.08174239334	2212.4415743325917	0.0	687.5249441408778	39.86304919065046
332	39.2630883942039	14760.34483078755	2212.8940958672197	0.0	690.2587952001935	39.2630883942039
333	38.56801479408439	14798.912845581632	2214.5317786025284	0.0	691.2785596299183	38.56801479408439
334	40.05858990999217	14838.971435491621	2216.320525653376	0.0	694.2241812313222	40.05858990999217
335	42.11869223737943	14881.090127729001	2221.2293525968876	0.0	698.4154503613445	42.11869223737943
336	38.6092032187554	14919.699330947755	2223.1631344131283	0.0	699.8054361949721	38.6092032187554
337	40.46830760324638	14960.167638551004	2226.512169488722	0.0	700.9551755292039	40.46830760324638
338	37.98869314267741	14998.15633169368	2226.2793150615685	0.0	701.982983392047	37.98869314267741
339	39.29621468745216	15037.452546381128	2227.3822999762506	0.0	705.4547750821811	39.29621468745216
340	40.308994535516675	15077.761540916656	2230.349625488114	0.0	711.0667718488631	40.308994535516675
341	37.074492334060494	15114.836033250707	2229.6881978783213	0.0	714.2228225517391	37.074492334060494
342	39.06986357800622	15153.905896828719	2231.0094928314147	0.0	716.2355757751246	39.06986357800622
343	39.5615573572466	15193.467454185964	2232.399641863387	0.0	719.181930350405	39.5615573572466
344	39.30060672300451	15232.768060908968	2233.5000868528005	0.0	721.0806356985818	39.30060672300451
345	41.39191640465212	15274.15997731362	2235.737595562902	0.0	726.4137792935982	41.39191640465212
346	40.208793937559996	15314.368771251176	2238.8109387992336	0.0	729.6662792206936	40.208793937559996
347	39.77489973179538	15354.143670982972	2239.4128334453344	0.0	734.9471903664343	39.77489973179538
348	39.23078858330027	15393.374459566268	2240.8649565159294	0.0	739.5171380413921	39.23078858330027
349	39.29339840105516	15432.667857967328	2241.0891652484565	0.0	743.295250760606	39.29339840105516
350	38.779799410057215	15471.44765737739	2243.6776002001147	0.0	743.8671917699103	38.779799410057215
351	39.51063167487416	15510.958289052267	2247.2892691464235	0.0	746.0194027057566	39.51063167487416
352	40.268330204186434	15551.226619256444	2250.5102316758894	0.0	749.0351819964169	40.268330204186434
353	40.67555109363618	15591.902170350088	2253.3034632266763	0.0	752.2733338916041	40.67555109363618
354	39.36166914688616	15631.263839496967	2255.9761943661647	0.0	754.1272697723568	39.36166914688616
355	37.18256246470323	15668.446401961679	2254.0251821652028	0.0	758.1247872429972	37.18256246470323
356	38.732563954497934	15707.178965916177	2254.7975922487926	0.0	760.1622167140224	38.732563954497934
357	38.752427302219274	15745.931393218394	2257.584805734948	0.0	760.5177018259734	38.752427302219274
358	39.90507460651014	15785.836467824893	2262.060762785678	0.0	762.7779301042119	39.90507460651014
359	39.5904105946285	15825.426878419532	2263.6968501617725	0.0	764.5024582862114	39.5904105946285
360	39.709853012371624	15865.136731431903	2265.914621071749	0.0	764.6928058077992	39.709853012371624
361	39.509389472877494	15904.646120904785	2267.4265828085768	0.0	768.7091047261489	39.509389472877494
362	38.116156065925225	15942.762276970692	2267.3050164037313	0.0	771.1213078008541	38.116156065925225
363	38.133985080665155	15980.896262051368	2267.5342322071415	0.0	773.7748151371512	38.133985080665155
364	37.559057646541774	16018.4553196979	2267.844359065024	0.0	775.6439878691215	37.559057646541774
365	39.4503264263257	16057.905646124238	2271.1184772587712	0.0	778.6398001634051	39.4503264263257
366	40.27159693026626	16098.177243054502	2273.23909816707	0.0	781.5267766290727	40.27159693026626
367	39.655907142357435	16137.83315019686	2273.644478561429	0.0	784.961817749919	39.655907142357435
368	41.109544600798905	16178.942694797654	2276.4227676920905	0.0	788.6606576476253	41.109544600798905
369	40.713071038818505	16219.655765836475	2278.5646586802914	0.0	791.810037948257	40.713071038818505
370	38.56106398469607	16258.216829821176	2277.981777211893	0.0	794.220888360875	38.56106398469607
371	39.84013222938094	16298.056962050547	2280.818052498434	0.0	798.5697950843745	39.84013222938094
372	38.86612517868574	16336.92308722924	2282.7301864215724	0.0	802.114713051446	38.86612517868574
373	40.59462623261598	16377.517713461852	2284.428584995564	0.0	805.4816697817837	40.59462623261598
374	38.46846433117653	16415.986177793035	2284.970002182135	0.0	806.5205753725309	38.46846433117653
375	39.07811254383384	16455.06429033687	2286.7625548989427	0.0	810.4431645599096	39.07811254383384
376	38.30297645498924	16493.367266791858	2287.9974085683552	0.0	812.2034340915884	38.30297645498924
377	39.80057857492681	16533.167845366792	2288.5360833288323	0.0	813.7475752861873	39.80057857492681
378	41.07059263522049	16574.238438002	2293.6507904403074	0.0	816.3128953211935	41.07059263522049
379	38.40572575216944	16612.644163754172	2294.2262209027776	0.0	818.3820316665236	38.40572575216944
380	41.39867520078679	16654.04283895496	2298.504845184092	0.0	820.739487281171	41.39867520078679
381	38.94726400471091	16692.99010295967	2300.7995816097655	0.0	823.2960861387891	38.94726400471091
382	38.01377519694436	16731.003878156618	2299.862930094409	0.0	825.373238444686	38.01377519694436
383	40.23365103234056	16771.237529188955	2301.4363509100326	0.0	828.6506644309854	40.23365103234056
384	38.26470057097143	16809.502229759924	2300.6641679965715	0.0	831.2812110318372	38.26470057097143
385	40.635505020263096	16850.137734780183	2303.786965405259	0.0	835.489119832619	40.635505020263096
386	41.65944341317095	16891.797178193363	2307.2773235783025	0.0	838.7652005224314	41.65944341317095
387	40.297428859599115	16932.094607052968	2311.1372746716283	0.0	843.0819849665043	40.297428859599115
388	37.90313593443345	16969.99774298739	2312.001399845462	0.0	843.4721306693087	37.90313593443345
389	39.81065068707308	17009.808393674462	2313.617745433911	0.0	844.7869067359144	39.81065068707308
390	40.31718343526858	17050.125577109735	2316.080355380493	0.0	847.8156148252303	40.31718343526858
391	40.80907137903132	17090.934648488776	2318.832226653576	0.0	851.7944932974759	40.80907137903132
392	40.26075383747176	17131.19540232624	2321.5492356021095	0.0	854.8225420601744	40.26075383747176
393	38.55270658619976	17169.748108912445	2322.98777043503	0.0	858.4435709601843	38.55270658619976
394	39.078346441602754	17208.826455354043	2323.558051002145	0.0	860.2089689053806	39.078346441602754
395	39.61568504141088	17248.442140395447	2326.4716164388233	0.0	861.5054485506478	39.61568504141088
396	41.08636475419773	17289.528505149643	2329.337940848592	0.0	865.323067917709	41.08636475419773
397	39.9226426139647	17329.451147763622	2332.4047804816237	0.0	869.8243648173815	39.9226426139647
398	38.508002054109355	17367.959149817732	2333.238419412372	0.0	874.2834320843838	38.508002054109355
399	40.49854132800506	17408.457691145722	2336.9655741425818	0.0	877.4836962612587	40.49854132800506
400	38.425082827769785	17446.88277397349	2337.330076050038	0.0	878.5695631850624	38.425082827769785
401	41.422718761360144	17488.30549273486	2339.8966033003535	0.0	879.7978136722674	41.422718761360144
402	40.750371413665405	17529.055864148522	2345.4411072844446	0.0	882.2574658740623	40.750371413665405
403	37.37869456951935	17566.434558718047	2345.3808751477036	0.0	884.7656440216879	37.37869456951935
404	39.33481029218381	17605.769369010224	2347.213769977946	0.0	888.1032727908366	39.33481029218381
405	37.97750003226628	17643.746869042494	2347.601654963562	0.0	889.6708016838073	37.97750003226628
406	39.17844468578823	17682.925313728276	2349.4631432355973	0.0	890.5832092027177	39.17844468578823
407	38.8340990400378	17721.75941276832	2352.0626699655663	0.0	892.3363604071023	38.8340990400378
408	39.110037511310594	17760.869450279628	2353.3856369905575	0.0	898.0083380077095	39.110037511310594
409	39.57863788663231	17800.44808816626	2355.248143031141	0.0	902.6120431740659	39.57863788663231
410	37.53637844262602	17837.984466608894	2355.0762179011545	0.0	902.6743161125619	37.53637844262602
411	38.170820126464534	17876.15528673536	2356.7719080429397	0.0	906.0107567291764	38.170820126464534
412	38.23922833488726	17914.39451507024	2356.9668592849707	0.0	906.9877430678941	38.23922833488726
413	40.21010079607607	17954.60461586632	2357.741651439362	0.0	907.8985817870637	40.21010079607607
414	40.79557352457782	17995.400189390894	2358.765090610575	0.0	912.0535403351315	40.79557352457782
415	39.09830211982328	18034.49849151072	2360.6973410032624	0.0	914.000028948451	39.09830211982328
416	39.321577863972976	18073.820069374688	2362.4635149694977	0.0	914.5687149259728	39.321577863972976
417	40.5454848660157	18114.36555424071	2364.162929244884	0.0	919.9476902386576	40.5454848660157
418	39.686627907412564	18154.052182148123	2366.820677868847	0.0	921.9189664172181	39.686627907412564
419	39.244052227694475	18193.29623437581	2368.024514089364	0.0	925.0903127718847	39.244052227694475
420	41.462436887286785	18234.758671263095	2372.6571300507217	0.0	928.4016779511453	41.462436887286785
421	37.47124269235127	18272.22991395545	2371.4375490466377	0.0	928.5974801112661	37.47124269235127
422	41.28655238044281	18313.516466335892	2375.13984482383	0.0	932.6637659321146	41.28655238044281
423	38.87434284680702	18352.390809182703	2376.2983199124983	0.0	935.2567713882344	38.87434284680702
424	40.88160033821928	18393.272409520923	2379.87150956909	0.0	938.7472392486087	40.88160033821928
425	39.553119417622696	18432.82552893854	2382.3380647621666	0.0	941.9604097561465	39.553119417622696
426	38.877161402325214	18471.70269034087	2384.0251674194865	0.0	945.2054609448298	38.877161402325214
427	39.3376700998219	18511.04036044069	2384.490697657495	0.0	948.5960670401519	39.3376700998219
428	40.880270824733564	18551.920631265428	2386.3210498555463	0.0	952.6272526400871	40.880270824733564
429	42.00417153844946	18593.924802803864	2391.114984345531	0.0	957.0719685531838	42.00417153844946
430	39.65230642420551	18633.577109228074	2395.2157047924334	0.0	959.44043153231	39.65230642420551
431	38.23471947558064	18671.81182870366	2395.779682925296	0.0	960.902080138346	38.23471947558064
432	39.19217216078178	18711.004000864436	2396.75636341706	0.0	962.1077326430769	39.19217216078178
433	39.66762194267554	18750.671622807116	2400.6993402213584	0.0	964.0281758161154	39.66762194267554
434	37.51975227811466	18788.19137508524	2401.305409090274	0.0	965.0501477718034	37.51975227811466
435	39.351700631273445	18827.5430757165	2403.1427587271705	0.0	968.1939140132861	39.351700631273445
436	38.230833265354406	18865.773908981853	2403.1724949982035	0.0	970.5385491921724	38.230833265354406
437	38.68074693182735	18904.45465591369	2405.262279349285	0.0	973.9097682481697	38.68074693182735
438	38.70213943443495	18943.156795348124	2406.11612743803	0.0	977.6459962339146	38.70213943443495
439	39.02139782509371	18982.178193173222	2405.9810382712285	0.0	980.9915680826482	39.02139782509371
440	36.867632591628464	19019.045825764846	2405.5841578038003	0.0	983.11579731982	36.867632591628464
441	38.54394365838374	19057.589769423215	2406.7902453473293	0.0	985.8435501169814	38.54394365838374
442	41.2179109277366	19098.807680350958	2410.9264650671835	0.0	989.1998663049133	41.2179109277366
443	39.38232488147411	19138.190005232438	2412.8666722472317	0.0	993.27449594007	39.38232488147411
444	40.932157053461886	19179.122162285905	2414.913477425741	0.0	999.4521358312071	40.932157053461886
445	40.14524541092841	19219.267407696832	2416.401453605016	0.0	1001.7093505569984	40.14524541092841
446	40.20265102078881	19259.470058717627	2420.085322779932	0.0	1006.1984839553629	40.20265102078881
447	37.69763242590356	19297.16769114353	2419.573656671292	0.0	1006.705665606987	37.69763242590356
448	40.54448038116073	19337.712171524687	2422.445633207158	0.0	1009.0297482927207	40.54448038116073
449	39.19417878335203	19376.90635030804	2422.326317227	0.0	1011.1224218001378	39.19417878335203
450	39.06204957151195	19415.96839987954	2423.7251278877816	0.0	1013.749053829848	39.06204957151195
451	38.37414742736964	19454.34254730692	2426.6313875462383	0.0	1015.8907659887053	38.37414742736964
452	41.74202461396426	19496.084571920874	2432.5450463964253	0.0	1019.9888135572493	41.74202461396426
453	37.680071169684815	19533.76464309057	2431.739469625792	0.0	1022.3777879927238	37.680071169684815
454	41.36711922176512	19575.131762312325	2436.1728610605387	0.0	1025.4308838403656	41.36711922176512
455	38.34791729858897	19613.479679610915	2437.195185622592	0.0	1028.1609401953824	38.34791729858897
456	39.90639925849809	19653.386078869407	2439.695789794475	0.0	1032.115540252535	39.90639925849809
457	39.080748148081994	19692.466827017503	2441.3920903265207	0.0	1035.161344571089	39.080748148081994
458	39.790894312403864	19732.2577213299	2442.1284302426466	0.0	1037.9953188566699	39.790894312403864
459	38.788318894088235	19771.046040223988	2444.1968446772166	0.0	1041.2440591913974	38.788318894088235
460	39.601553354366686	19810.64759357836	2445.5470414113133	0.0	1042.7686676378357	39.601553354366686
461	40.718739884281035	19851.366333462636	2449.8491127951	0.0	1047.4120370197422	40.718739884281035
462	37.13853831027624	19888.50487177293	2449.482744294921	0.0	1049.0826734963327	37.13853831027624
463	39.51225458819037	19928.0171263611	2452.5002141391533	0.0	1054.4960138225738	39.51225458819037
464	38.55721948948793	19966.57434585059	2454.061978801961	0.0	1057.9829032390016	38.55721948948793
465	37.32197598564779	20003.896321836244	2454.398629386511	0.0	1059.1702934905713	37.32197598564779
466	41.47528527382779	20045.371607110068	2458.6813691402995	0.0	1063.6429853665006	41.47528527382779
467	38.05247288951827	20083.424079999586	2459.9541442720456	0.0	1065.2188220093385	38.05247288951827
468	36.482065317295785	20119.906145316883	2458.0516490415816	0.0	1065.352503294608	36.482065317295785
469	38.67258611742652	20158.57873143431	2457.963296563665	0.0	1067.2161098466856	38.67258611742652
470	40.235961786066206	20198.814693220385	2461.719199326552	0.0	1070.4561171427522	40.235961786066206
471	39.08205298178538	20237.89674620217	2464.569252114176	0.0	1072.9555463493964	39.08205298178538
472	40.08636966500135	20277.983115867166	2465.8767593341	0.0	1076.8562508609148	40.08636966500135
473	38.32448261627994	20316.307598483443	2466.4401406843062	0.0	1079.4646641969111	38.32448261627994
474	38.882251379868485	20355.18984986331	2467.837367917247	0.0	1080.98352501802	38.882251379868485
475	39.51905512821317	20394.70890499152	2469.6624578231363	0.0	1083.2173615543081	39.51905512821317
476	40.74604614014524	20435.45495113167	2471.135747566415	0.0	1087.4996779440623	40.74604614014524
477	39.99187391289743	20475.446825044564	2471.5755411887862	0.0	1092.9046209260698	39.99187391289743
478	39.044100261158306	20514.490925305727	2474.036467695171	0.0	1096.2254955432147	39.044100261158306
479	41.32468902784171	20555.815614333562	2476.9607200928776	0.0	1099.5957235262908	41.32468902784171
480	39.53385354349625	20595.349467877062	2477.76838771666	0.0	1102.0683637729192	39.53385354349625
481	40.77849810184218	20636.127965978907	2480.2976143722713	0.0	1107.0692345138168	40.77849810184218
482	38.57089948299879	20674.698865461898	2480.057549256017	0.0	1109.2710903590475	38.57089948299879
483	38.46272271415485	20713.161588176055	2480.7256011147256	0.0	1112.6562736614553	38.46272271415485
484	38.71399711357064	20751.875585289632	2480.60313088885	0.0	1113.7962577014566	38.71399711357064
485	40.887479478976005	20792.7630647686	2485.1830096836297	0.0	1116.3966551144813	40.887479478976005
486	39.53002855312164	20832.293093321732	2488.3284164795077	0.0	1120.5993798145466	39.53002855312164
487	39.623962619526665	20871.91705594126	2491.70862295238	0.0	1122.817711842696	39.623962619526665
488	38.92912037488705	20910.84617631614	2493.0115869122146	0.0	1127.1428975303095	38.92912037488705
489	40.400340371367506	20951.246516687508	2497.986102311284	0.0	1130.3795021170445	40.400340371367506
490	40.066291608137846	20991.312808295646	2499.415417551082	0.0	1133.1659443105486	40.066291608137846
491	40.8906218199383	21032.20343011559	2500.9894625635543	0.0	1137.9065913612535	40.8906218199383
492	39.08435249908629	21071.28778261467	2503.2892336403493	0.0	1141.0859291976917	39.08435249908629
493	40.18471882248022	21111.47250143715	2505.907912739476	0.0	1143.4547930256754	40.18471882248022
494	38.062964052956914	21149.535465490102	2508.415394060249	0.0	1144.4645353144379	38.062964052956914
495	37.78779237446797	21187.323257864573	2509.2146289074444	0.0	1148.866065821174	37.78779237446797
496	37.900374274035144	21225.223632138604	2509.2644708772505	0.0	1151.0781117368047	37.900374274035144
497	40.54657044819303	21265.7702025868	2512.813256187366	0.0	1153.5419814466413	40.54657044819303
498	40.57592715008115	21306.346129736885	2515.8363408481187	0.0	1156.5844678322926	40.57592715008115
499	38.308299603702686	21344.654429340586	2515.742207297922	0.0	1159.2400436139715	38.308299603702686
500	38.95208050206892	21383.606509842662	2516.2322174898472	0.0	1160.7306162926736	38.95208050206892
501	38.37976934744079	21421.986279190096	2518.2377754775366	0.0	1162.8506387238033	38.37976934744079
502	37.88767169458391	21459.873950884674	2517.307338021705	0.0	1165.3990594393435	37.88767169458391
503	42.34611374396517	21502.22006462865	2522.858563598432	0.0	1169.3594750250163	42.34611374396517
504	39.796600585399595	21542.016665214047	2526.4864067941985	0.0	1169.4329419746225	39.796600585399595
505	38.61625645426713	21580.632921668308	2526.338939308156	0.0	1172.5759809059007	38.61625645426713
506	39.65318728631043	21620.286108954624	2527.7250857577314	0.0	1176.303042256884	39.65318728631043
507	39.63259754378643	21659.918706498407	2529.8164135247234	0.0	1181.5995927114539	39.63259754378643
508	40.671628374218834	21700.590334872617	2533.7196186562633	0.0	1184.0200691587083	40.671628374218834
509	39.32011097780927	21739.91044585043	2535.4333829457855	0.0	1186.0545538637064	39.32011097780927
510	39.469133291940494	21779.37957914238	2537.0651037110247	0.0	1189.9565139495714	39.469133291940494
511	40.270585300233286	21819.650164442617	2538.7352520612403	0.0	1193.539979454362	40.270585300233286
512	38.19958036701364	21857.849744809624	2539.550419705479	0.0	1193.781875393286	38.19958036701364
513	38.87157665395191	21896.72132146357	2539.405393085373	0.0	1198.648196773686	38.87157665395191
514	40.558112803024336	21937.279434266602	2542.189417934401	0.0	1202.5136288049753	40.558112803024336
515	39.44872680195158	21976.728161068568	2543.2587510181284	0.0	1203.740661081414	39.44872680195158
516	41.538317965275276	22018.266479033828	2548.638636723938	0.0	1208.2031124920127	41.538317965275276
517	38.033730473935236	22056.30020950776	2549.333909403223	0.0	1210.426601681084	38.033730473935236
518	39.34384149522816	22095.64405100299	2551.1185242238435	0.0	1213.6824334906025	39.34384149522816
519	40.43545227708059	22136.079503280063	2556.9233020601237	0.0	1217.971103983901	40.43545227708059
520	39.679088978221586	22175.75859225829	2557.075943345409	0.0	1219.2011302582475	39.679088978221586
521	37.911632087605824	22213.6702243459	2556.6444983721417	0.0	1221.0810862386297	37.911632087605824
522	38.93198019567667	22252.602204541578	2557.408453572127	0.0	1223.3860880226935	38.93198019567667
523	41.321784084568264	22293.92398862615	2561.186285633696	0.0	1226.3234164769895	41.321784084568264
524	40.353990968939684	22334.277979595074	2561.918332227325	0.0	1229.4322812757048	40.353990968939684
525	39.70741931494561	22373.985398910037	2564.426827706712	0.0	1232.1573421179646	39.70741931494561
526	40.49559304441395	22414.480991954446	2567.230230443805	0.0	1235.2051536442361	40.49559304441395
527	40.056676592718276	22454.53766854716	2569.201537383714	0.0	1238.4206074074286	40.056676592718276
528	41.33162869746045	22495.869297244622	2573.3781055864815	0.0	1242.7007145511604	41.33162869746045
529	38.21987297118678	22534.0891702158	2573.186283355023	0.0	1247.1293311180846	38.21987297118678
530	38.704784757450696	22572.793954973255	2573.9372816063524	0.0	1250.1423378258962	38.704784757450696
531	40.889674775590215	22613.683629748855	2577.392859744752	0.0	1256.436275723178	40.889674775590215
532	39.274238493677764	22652.95786824253	2578.5922596334667	0.0	1259.619170084794	39.274238493677764
533	39.21795445384278	22692.175822696365	2580.955161288938	0.0	1262.0451695199001	39.21795445384278
534	38.34895250571767	22730.524775202088	2579.5420069856996	0.0	1263.8132005265438	38.34895250571767
535	37.33443714780697	22767.859212349897	2581.008908647311	0.0	1266.337202165253	37.33443714780697
536	41.712379600738075	22809.571591950633	2584.929366592037	0.0	1271.1603015194112	41.712379600738075
537	39.466231837077345	22849.03782378772	2588.0306637859703	0.0	1274.2524684140942	39.466231837077345
538	38.23951485162754	22887.277338639324	2587.5445741885856	0.0	1276.4307062191192	38.23951485162754
539	40.08356348341664	22927.360902122768	2591.33182102424	0.0	1281.6054457060686	40.08356348341664
540	39.53688877418505	22966.897790896935	2591.7184112517284	0.0	1283.345266374013	39.53688877418505
541	39.288434736923385	23006.186225633857	2594.0053412414118	0.0	1284.9961042802997	39.288434736923385
542	39.86926484904931	23046.05549048291	2597.0712283510443	0.0	1289.4476540283817	39.86926484904931
543	37.97394610483477	23084.029436587756	2597.424810980599	0.0	1291.6888953874623	37.97394610483477
544	41.59637370780737	23125.625810295554	2602.0249817304098	0.0	1294.7029870094752	41.59637370780737
545	37.700185945209405	23163.325996240765	2601.8337339916293	0.0	1295.2632283641335	37.700185945209405
546	37.95808308791856	23201.28407932868	2601.813321718135	0.0	1300.9015660868326	37.95808308791856
547	40.93620222789292	23242.22028155658	2605.325662007636	0.0	1304.274834109586	40.93620222789292
548	39.431044949412815	23281.651326505988	2607.6009082393343	0.0	1306.7324236575025	39.431044949412815
549	39.76537504295526	23321.416701548947	2610.1624831479903	0.0	1310.5609960529582	39.76537504295526
550	39.40713352958285	23360.82383507853	2614.7068696093497	0.0	1314.5281086282696	39.40713352958285
551	38.239818290263905	23399.063653368787	2615.3538816434275	0.0	1314.5497534074927	38.239818290263905
552	38.32492036929362	23437.388573738084	2615.411544326489	0.0	1316.1408123435565	38.32492036929362
553	38.28047931531635	23475.669053053403	2614.8676697407454	0.0	1319.2826304121706	38.28047931531635
554	38.72018320641425	23514.389236259813	2616.160653595709	0.0	1321.1156625082779	38.72018320641425
555	41.31748987954091	23555.70672613935	2621.4385843131495	0.0	1324.23222585694	41.31748987954091
556	40.9834056524964	23596.690131791853	2625.1633292558195	0.0	1328.3634718885276	40.9834056524964
557	41.825520264542995	23638.5156520564	2628.6671117370984	0.0	1331.8958530146895	41.825520264542995
558	39.9889085829532	23678.504560639354	2628.9030278073064	0.0	1334.5691210156256	39.9889085829532
559	40.96088890523131	23719.465449544572	2631.746152607625	0.0	1340.2849279398597	40.96088890523131
560	40.463733004828086	23759.929182549407	2634.704774778634	0.0	1345.439129912657	40.463733004828086
561	40.280701133068604	23800.209883682477	2637.584599890869	0.0	1351.0087926561407	40.280701133068604
562	38.21839310149035	23838.428276783958	2637.045999922468	0.0	1351.8907161465265	38.21839310149035
563	37.70720471115124	23876.135481495116	2639.5027560786793	0.0	1355.9211866098583	37.70720471115124
564	40.25802118383573	23916.39350267895	2641.6160473158507	0.0	1360.2346213786825	40.25802118383573
565	39.28710552549025	23955.68060820445	2642.8022547631263	0.0	1361.9870225238296	39.28710552549025
566	38.720652213152924	23994.4012604176	2643.8370334684864	0.0	1363.581923749208	38.720652213152924
567	38.43516286866463	24032.836423286273	2645.01539081233	0.0	1366.4216648495444	38.43516286866463
568	40.95687544709179	24073.79329873335	2647.2332848985684	0.0	1367.5726857079371	40.95687544709179
569	41.04752519337896	24114.84082392674	2651.346049523742	0.0	1368.5326380616007	41.04752519337896
570	41.260566433189624	24156.101390359912	2654.3285874810663	0.0	1372.3902028107518	41.260566433189624
571	41.213452828266725	24197.314843188193	2657.77580582911	0.0	1376.8540876930915	41.213452828266725
572	40.90220001786792	24238.217043206052	2661.527723354319	0.0	1379.8988144810016	40.90220001786792
573	37.58105384801054	24275.798097054074	2661.1946414629756	0.0	1381.864206380878	37.58105384801054
574	39.144459637368826	24314.942556691436	2663.9110302939052	0.0	1386.0947629784873	39.144459637368826
575	38.54065483699181	24353.48321152844	2664.3671575325066	0.0	1388.2286736209744	38.54065483699181
576	38.236735292251524	24391.71994682068	2664.109141892281	0.0	1391.5158055309935	38.236735292251524
577	38.27774450786584	24429.997691328543	2664.3421686475613	0.0	1393.5152274439135	38.27774450786584
578	40.474504815588205	24470.472196144125	2667.9138265385245	0.0	1397.710689530635	40.474504815588205
579	39.59136157531353	24510.06355771944	2670.0145487094505	0.0	1400.41186531292	39.59136157531353
580	39.13650949173093	24549.200067211175	2670.3798429632375	0.0	1401.6501299722615	39.13650949173093
581	39.67640601292303	24588.876473224103	2673.6112763722062	0.0	1404.6958811396246	39.67640601292303
582	38.77618739789351	24627.652660621992	2675.3090819167282	0.0	1408.3356098545648	38.77618739789351
583	41.226126453924714	24668.878787075904	2678.9629355671264	0.0	1411.9460903456231	41.226126453924714
584	38.968744387850386	24707.84753146377	2680.3766801033785	0.0	1415.5526862714169	38.968744387850386
585	39.50090840835605	24747.34843987212	2682.2809090220962	0.0	1418.443388752788	39.50090840835605
586	39.37610777276836	24786.7245476449	2682.845585555424	0.0	1421.5782499718118	39.37610777276836
587	39.394876079343874	24826.119423724234	2684.1977606529003	0.0	1424.625616084177	39.394876079343874
588	40.73629876999375	24866.855722494238	2687.268451728476	0.0	1427.8954068842565	40.73629876999375
589	39.73524813961183	24906.59097063384	2690.050562404608	0.0	1431.5561078491974	39.73524813961183
590	40.647227052232566	24947.23819768608	2691.8474488511683	0.0	1436.4163034002368	40.647227052232566
591	39.753221943072596	24986.99141962916	2693.6049204159663	0.0	1438.64238508194	39.753221943072596
592	38.90504053489323	25025.896460164033	2693.524910171296	0.0	1444.4172329541345	38.90504053489323
593	41.857198265686584	25067.75365842975	2696.616433487681	0.0	1448.1515204857285	41.857198265686584
594	37.97370915289318	25105.727367582625	2695.996153982052	0.0	1451.2071926585893	37.97370915289318
595	39.79832585467097	25145.52569343728	2698.763522335577	0.0	1452.8437216496768	39.79832585467097
596	39.88157983170534	25185.407273268982	2701.5991355009583	0.0	1456.3295294562902	39.88157983170534
597	40.70557617571293	25226.11284944471	2705.303708283223	0.0	1458.985420140495	40.70557617571293
598	41.689696399818985	25267.80254584453	2709.8492267094966	0.0	1461.3700483175612	41.689696399818985
599	38.706794346705195	25306.50934019125	2710.222296663487	0.0	1464.8670361365027	38.706794346705195
600	41.8722691231679	25348.38160931441	2714.2071127272006	0.0	1468.587185394256	41.8722691231679
601	39.079685156897355	25387.461294471308	2714.9426801566024	0.0	1472.9238924022209	39.079685156897355
602	37.77213979096115	25425.23343426227	2713.1311906335222	0.0	1474.4286943094055	37.77213979096115
603	37.740318824035235	25462.973753086302	2712.5188028241623	0.0	1476.4833479771971	37.740318824035235
604	41.10458631153164	25504.078339397824	2716.1306224386803	0.0	1478.2688116444908	41.10458631153164
605	37.739500028472285	25541.817839426305	2715.6796901315	0.0	1483.4194283198924	37.739500028472285
606	40.670584295295136	25582.48842372159	2718.6144121504017	0.0	1487.1142579761386	40.670584295295136
607	39.37155841376592	25621.85998213536	2721.6458358935047	0.0	1489.518668953533	39.37155841376592
608	39.59439365175295	25661.45437578712	2723.3700253261927	0.0	1492.7623679187354	39.59439365175295
609	40.44389456946208	25701.898270356567	2726.467326779838	0.0	1497.7465747370247	40.44389456946208
610	40.47385451245929	25742.372124869027	2727.517508353365	0.0	1499.963855459258	40.47385451245929
611	41.35978080630967	25783.731905675348	2730.7603186880924	0.0	1505.1836290070999	41.35978080630967
612	40.912870831810935	25824.644776507146	2733.6257715075426	0.0	1510.7265471688168	40.912870831810935
613	40.36424862562196	25865.00902513277	2735.673272725461	0.0	1514.1352015694088	40.36424862562196
614	39.90806120517985	25904.91708633796	2737.780703384683	0.0	1516.613008157409	39.90806120517985
615	42.14715598444118	25947.06424232241	2742.704942870804	0.0	1521.8804876119195	42.14715598444118
616	39.363553983358564	25986.427796305754	2744.991185878028	0.0	1522.5236213420358	39.363553983358564
617	40.233521918487206	26026.661318224244	2747.029560210106	0.0	1525.6648056329861	40.233521918487206
618	39.49741856957334	26066.15873679382	2748.434585622637	0.0	1529.0805576159305	39.49741856957334
619	39.53263617390333	26105.69137296773	2749.6497681088413	0.0	1533.114078304206	39.53263617390333
620	39.469205283300916	26145.160578251023	2749.6497681088413	0.0	1536.3824574094886	39.469205283300916
