task	reward	total_reward	total_regret	relative	total_reward_dev
0	48.9014196975829	48.9014196975829	3.506467471251864	0.0	24.67832832822872
1	49.93887208831938	98.8402917859023	7.5289787392182905	0.0	34.61013234883457
2	48.82423151520251	147.6645233011048	11.194318910486539	0.0	43.693059032337835
3	53.07568046597378	200.7402037670786	19.26991401764176	0.0	51.950937314515485
4	52.07969035437713	252.81989412145552	25.911691734487732	0.0	54.48122284809295
5	51.091226205310086	303.91112032676574	33.71479674324427	0.0	60.96647080010048
6	56.326385808967345	360.23750613573327	43.05159745079205	0.0	70.71363020339695
7	55.052224769450895	415.28973090518394	53.100855283001465	0.0	71.08411434701704
8	57.298531830457314	472.58826273564125	63.33756668646963	0.0	75.96879007097893
9	53.030585546239216	525.6188482818804	71.35300891412722	0.0	85.18738093954758
10	53.052934512065995	578.6717827939465	81.24371261892372	0.0	91.30590118184192
11	50.84382552020368	629.5156083141502	86.70115968945699	0.0	89.84194719470992
12	53.13317662582709	682.6487849399775	92.9387453430099	0.0	97.25152956387764
13	51.34878504479056	733.9975699847678	97.35775592204298	0.0	99.42755100473326
14	50.73319032633733	784.730760311105	100.17140847711434	0.0	104.71348376900404
15	48.85848180385768	833.5892421149626	104.53279478212113	0.0	112.60404274370127
16	48.94675239765158	882.5359945126144	110.59260649638732	0.0	114.32317026163854
17	51.26949934211274	933.8054938547275	116.71237911455044	0.0	114.92018325194829
18	55.739827320663586	989.5453211753909	126.93927776806662	0.0	117.46004428429175
19	50.43225132185259	1039.9775724972433	132.55654473419148	0.0	127.40566365222683
20	53.35196732301876	1093.3295398202622	141.15960816145795	0.0	130.44103687725786
21	46.389157357979904	1139.7186971782417	142.02309002673303	0.0	134.23612115327666
22	51.2948357478095	1191.0135329260518	150.19926058348787	0.0	138.46867463944872
23	52.41136487448596	1243.424897800537	156.69327671100726	0.0	139.40860981118317
24	57.542454767993576	1300.9673525685319	167.2641083806934	0.0	140.9147068547264
25	52.12126548548207	1353.0886180540128	171.3866022904215	0.0	135.75542852414964
26	52.52211735073064	1405.610735404744	178.383886475369	0.0	141.51044766819373
27	48.027376590717395	1453.6381119954622	181.28156323317174	0.0	142.02182682246004
28	55.812116229463975	1509.450228224925	192.0786655155904	0.0	144.3797649928658
29	49.397361886910446	1558.8475901118354	193.71253743439968	0.0	151.26511285986444
30	49.22011244375768	1608.0677025555947	196.53755929906842	0.0	153.28193063620023
31	52.1385541183766	1660.2062566739696	205.94327725434636	0.0	156.444530134498
32	56.67146186896126	1716.8777185429303	218.64979220301203	0.0	154.76486524719226
33	54.86074573898132	1771.7384642819118	226.7163916801867	0.0	153.71586842358303
34	50.69367747423344	1822.432141756146	230.70080936523297	0.0	157.379778752438
35	52.791724705349814	1875.2238664614954	236.1721921075262	0.0	159.58495721435557
36	49.17539588649434	1924.3992623479896	241.13944602578817	0.0	162.72977652714874
37	49.847874254763035	1974.2471366027528	244.26765740870073	0.0	162.16221893461397
38	55.94016149875262	2030.1872981015058	256.0448820549478	0.0	169.79819786582655
39	48.68548854820651	2078.8727866497115	259.0232414550508	0.0	172.6907074867271
40	56.20995859127786	2135.0827452409903	271.69712012423463	0.0	169.975760420177
41	52.06469793876749	2187.1474431797565	276.2913589347576	0.0	170.42268854135835
42	52.96348093785825	2240.110924117616	284.8851232434057	0.0	171.43088152963705
43	57.48943928279211	2297.6003634004073	297.11301479638155	0.0	170.23571778683066
44	49.36201388395635	2346.9623772843643	301.3150940340144	0.0	173.73175124191752
45	51.61123100349125	2398.573608287856	308.1497325765089	0.0	171.84048161482352
46	54.26037830452248	2452.833986592378	318.179028947551	0.0	181.70629455071705
47	53.366595110697816	2506.2005817030754	326.22367103488085	0.0	182.30989929425536
48	52.352449298483904	2558.5530310015583	332.6125155937353	0.0	185.7485500304967
49	48.35795125847604	2606.910982260036	335.5280168151458	0.0	190.0315494789597
50	49.00422360513917	2655.9152058651757	336.7769099499528	0.0	190.24423526295735
51	51.02860309538943	2706.943808960564	341.35435504933514	0.0	194.94641502218678
52	56.423786301703	2763.3675952622666	351.57135517709145	0.0	195.5200377467962
53	51.683095005481974	2815.050690267749	358.99234356249247	0.0	201.4008416967697
54	48.87664313086734	2863.9273333986175	357.78302381685694	0.0	203.50483932913238
55	46.62256980172586	2910.5499032003427	359.98286670793533	0.0	206.0170491912632
56	52.45547652058539	2963.005379720928	368.867728041543	0.0	205.82341656017792
57	46.388036238073134	3009.393415959001	370.2621451400581	0.0	205.86985274176405
58	53.06847969113817	3062.4618956501404	376.4180426169476	0.0	208.9873995427965
59	54.30842124682389	3116.7703168969624	385.4179790837399	0.0	211.3699908653297
60	55.618541846555374	3172.388858743517	396.07918693915053	0.0	215.93555115487504
61	51.11404495277295	3223.5029036962906	400.4031993779175	0.0	220.33455410183294
62	60.319251713248384	3283.8221554095376	416.0593495404974	0.0	224.55281261385767
63	55.81712487066391	3339.639280280204	426.8479344334524	0.0	227.92013024414211
64	48.913628685999726	3388.552908966205	429.3141968232549	0.0	228.62063588419556
65	49.4714483966969	3438.024357362899	433.9229147624052	0.0	227.64370721177397
66	52.775616370520154	3490.7999737334194	441.77151375363485	0.0	232.63826801033755
67	55.38848312504182	3546.188456858462	451.57143635448716	0.0	232.45816405009762
68	50.42137808151591	3596.6098349399754	457.49444408668234	0.0	231.40285381122868
69	49.110714438749866	3645.7205493787264	461.213231438187	0.0	231.92731853990256
70	53.12378744215308	3698.844336820881	466.030683297282	0.0	233.42485833511185
71	53.258368389834494	3752.102705210715	474.9788809794838	0.0	237.95052506923133
72	47.84059381263292	3799.9432990233486	478.1667272564014	0.0	236.06649069375842
73	55.81295246629033	3855.756251489637	485.71690424238744	0.0	241.4071139371114
74	55.146253926304205	3910.902505415943	495.974020368453	0.0	243.2249734932983
75	54.161459729744045	3965.0639651456854	502.5500435899336	0.0	242.29184628561504
76	52.63148273601889	4017.6954478817065	507.25698920909304	0.0	246.8420271952044
77	52.812746899603006	4070.5081947813073	510.1897232278205	0.0	251.9176665210581
78	56.8233633565304	4127.331558137836	520.7823043514805	0.0	260.188229669594
79	52.818720309238664	4180.150278447077	527.2880512814864	0.0	258.37260572474906
80	55.84482960122335	4235.995108048301	537.1010945155446	0.0	260.1224247155062
81	50.62375394976789	4286.618861998069	542.0444627859883	0.0	262.4762290187634
82	55.48222645490228	4342.1010884529705	551.1629062691622	0.0	265.3085431451447
83	50.2577807604426	4392.358869213414	556.0339463483793	0.0	266.37505189271906
84	50.658239620555925	4443.01710883397	560.9142339745899	0.0	268.58139968530327
85	53.99048136578075	4497.007590199749	568.7065161049119	0.0	271.4547750743722
86	50.58444599076038	4547.592036190513	574.4802119966438	0.0	269.2019161037247
87	47.77981752520918	4595.371853715721	576.7856605466949	0.0	268.26347488327923
88	49.928866426193935	4645.300720141913	581.6886374167863	0.0	271.54659731083706
89	50.31663577431151	4695.617355916226	585.8948059843603	0.0	268.65920138159083
90	52.545231741518954	4748.162587657742	593.8275181972728	0.0	266.13526642952394
91	47.045884734692955	4795.208472392437	595.8590216962533	0.0	268.18876800864945
92	51.28734569396024	4846.495818086399	599.6744356220975	0.0	270.72178611749865
93	51.951747320987145	4898.447565407385	606.3274015509371	0.0	273.88262808965936
94	50.325848151571066	4948.7734135589535	611.2576026763343	0.0	277.2974147902636
95	51.50723188608823	5000.280645445045	617.4393784816483	0.0	279.3533430821531
96	52.419501265573146	5052.700146710617	626.2064063889867	0.0	285.16551876043667
97	59.62493229319654	5112.325079003814	640.1135947008902	0.0	285.57222882989316
98	50.076315176718005	5162.401394180531	644.5124688546806	0.0	283.9084032140596
99	53.2362967924375	5215.63769097297	651.2610570986933	0.0	291.51915165956854
100	56.61272826188399	5272.250419234852	661.3952961272774	52.23348999537271	292.48709060219255
101	48.87506345493437	5321.125482689788	666.8754673040779	52.222851909038866	292.03060361328346
102	55.62711109345716	5376.752593783245	677.8454710824974	52.290880704821404	295.17038307594686
103	46.24901520349823	5423.001608986744	680.0210390690346	52.22261405219664	296.1503233099088
104	51.72685792082757	5474.72846690757	688.7249568686597	52.21908572786114	300.26581625096145
105	54.426982490047024	5529.155449397617	699.723465424503	52.25244329070853	299.9243591701921
106	50.86782030685403	5580.023269704473	705.8170290535226	52.197857635687406	302.9830377407423
107	54.06305336135619	5634.08632306583	717.2297824706527	52.18796592160645	302.52733694004644
108	53.62627185025403	5687.712594916081	723.4204734157044	52.15124332180442	305.97573670388334
109	53.94275736563414	5741.655352281716	731.8875916395925	52.16036503999837	309.74647131989354
110	49.1009104394698	5790.7562627211855	733.1378378446543	52.12084479927237	310.02574681911165
111	51.912996481555695	5842.669259202741	738.196114440099	52.13153650888591	311.8353997171432
112	54.67297655544988	5897.342235758191	748.7941047347726	52.14693450818214	312.4726933910372
113	61.74550771827123	5959.087743476464	767.1046141424991	52.25090173491697	321.83796760885434
114	52.86232466173382	6011.950068138194	775.5034408429361	52.2721930782709	320.6646735455467
115	53.63532525259012	6065.585393390789	782.218981698133	52.319961512758226	323.11382028590083
116	52.33967114495376	6117.9250645357415	788.388786164291	52.35389070023125	321.69327996122803
117	54.28173186420519	6172.206796399945	797.6876746865755	52.38401302545217	324.591045910739
118	50.2345861496058	6222.441382549552	801.1550081550149	52.3289606137416	326.2788615839041
119	54.85403617386056	6277.2954187234145	814.180859815992	52.37317846226169	328.92611795448516
120	49.14387745640542	6326.4392961798185	821.3442252675625	52.33109756359557	328.229740920788
121	50.72848738249025	6377.167783562309	827.7201190493281	52.374490863840634	327.70943374031424
122	54.63980001916688	6431.807583581476	838.4143252202183	52.40794050655424	330.6475687893077
123	55.22547655022386	6487.033060131699	849.4052996988695	52.4360816233116	333.7672383299982
124	50.822223915397636	6537.8552840470975	857.8322188472541	52.368879314785666	336.25555418946055
125	52.1772414975281	6590.032525544628	864.1579340817907	52.36943907490611	334.96085127531876
126	53.45578709811604	6643.488312642738	873.3921243292559	52.37877577237997	334.7314031502405
127	56.302990459834945	6699.791303102575	885.2897145651668	52.461531911071134	338.7009303419939
128	49.653890051586686	6749.445193154164	890.7997522226347	52.39994964929238	340.5154079267639
129	48.92126070786227	6798.366453862027	893.3641140749419	52.39518863750189	340.9263321485845
130	49.20621516427738	6847.5726690263045	899.3831348410822	52.395049664707095	340.7265922564639
131	46.831776961773755	6894.404445988072	898.8320724694958	52.341981893141046	341.44983616786993
132	48.927210654252406	6943.331656642328	901.8323397338681	52.26453938099396	344.00100115800325
133	49.62383871317274	6992.9554953555025	907.4704409099638	52.21217031073587	342.8823739682818
134	47.524898950031755	7040.480394305532	906.401200826954	52.18048252549385	345.7777054568913
135	53.17128556516347	7093.651679870694	915.4132482627193	52.184278134092004	342.1305635614011
136	52.55416899965047	7146.205848870345	923.0202947591315	52.218065865223565	342.4720180303613
137	54.589772975169325	7200.7956218455165	934.5571720780837	52.26548485242765	339.13815114233387
138	48.79065923262257	7249.586281078141	938.8957218712951	52.193989829766316	342.5828569302425
139	47.612607765237165	7297.198888843375	942.7209738304584	52.18326102193662	344.2104859717193
140	47.95103566114956	7345.149924504528	948.1763438955528	52.10067179263534	339.2774240014069
141	49.06501168699411	7394.2149361915235	951.8547649957031	52.07067493011761	339.132770769033
142	49.91482342998948	7444.129759621512	955.8289320050462	52.040188355038936	339.86555413461286
143	54.30248119917541	7498.432240820686	962.8336464965356	52.00831877420274	338.60327104103715
144	53.68347167183657	7552.115712492519	972.7624897264977	52.05153335208157	336.34973269463063
145	55.310025711795404	7607.425738204313	984.2681240609146	52.08852129916461	337.53266906312894
146	59.60593581462814	7667.031674018948	998.3654439938972	52.14197687426564	342.5589694135641
147	51.196684496963755	7718.228358515912	1003.7934148455148	52.1202777681283	340.37991446784184
148	51.9442510474763	7770.172609563385	1007.1278199227185	52.116195785618245	336.4335082228708
149	53.51200239758603	7823.684611960972	1016.1749406976783	52.16773629700933	341.8772829876232
150	44.60148318100882	7868.286095141982	1017.6247110763293	52.12370889276804	343.5596974504425
151	49.57209917477679	7917.858194316758	1020.8285056026272	52.1091438535619	342.3078818931101
152	52.72724215290087	7970.585436469659	1026.4078932839298	52.07217841207389	342.0886270387475
153	51.71508255232165	8022.300519021977	1033.287479829024	52.07249828754227	342.89097386096046
154	50.37966788700523	8072.680186908984	1039.209476599108	52.08752853510366	341.2247724628582
155	47.38798086858394	8120.068167777571	1041.7342228065247	52.095182645772255	340.97859445656144
156	58.44344212421616	8178.511609901782	1053.7456895340438	52.155062301808556	343.9487730592736
157	51.40904851268615	8229.920658414474	1058.6038991615985	52.20527242455471	344.29447546376093
158	52.62829507104244	8282.548953485515	1067.2342060382884	52.200870578353744	347.0220993689182
159	47.40276328853782	8329.951716774054	1070.1929297646607	52.131813998770895	346.43386222024657
160	47.270687470142065	8377.222404244194	1072.4466001084234	52.04833545500674	352.691775032487
161	56.385153356185235	8433.607557600379	1082.5856294299401	52.10104653904088	358.5304238740697
162	52.61533565091839	8486.222893251293	1088.3903279936885	52.02400737841758	359.9466926342548
163	49.45883280360117	8535.681726054898	1094.2988151142513	51.96042445774691	358.87420514108726
164	53.034138260140836	8588.715864315041	1100.9899665703058	52.00162955348832	361.4056506946761
165	55.43185145110496	8644.147715766141	1109.2739441868048	52.061233584032436	364.75845966522525
166	52.40839641487453	8696.55611218102	1114.361811843098	52.057561384475974	363.85103843756053
167	54.62136582022299	8751.177478001238	1125.266622193749	52.04989021142778	370.37834205207577
168	52.33660997133068	8803.514087972575	1131.9976296012478	52.06904253032592	371.11592004701254
169	50.56967834885647	8854.083766321424	1138.2235242077288	52.08363216942699	369.4932328078204
170	59.14484199669242	8913.228608318119	1153.4372720011431	52.143842714972386	364.8974072569541
171	52.40749383223667	8965.636102150358	1158.350996990713	52.13533396939643	365.8780459932188
172	55.89350156856391	9021.529603718926	1169.530132475686	52.21586304695572	370.93695401428926
173	53.16374598420512	9074.693349703126	1176.8547972168776	52.189370982134896	370.73265508250194
174	54.36905185089478	9129.062401554022	1183.5943979845938	52.181598961380786	379.09257361222717
175	47.918852217819214	9176.981253771846	1187.291381674851	52.11917288626153	381.1823825030109
176	54.61491140911078	9231.596165180954	1196.7831451617783	52.13900717299244	383.29689007499223
177	53.24649990977572	9284.842665090726	1206.046002873988	52.14334470309417	386.5800642639018
178	53.87714253672917	9338.719807627456	1213.3915016447102	52.113882494896124	388.3370403529489
179	49.80820507718743	9388.528012704643	1217.8704669093154	52.08377734257565	391.943624404197
180	55.512046825522255	9444.040059530163	1229.6762079326475	52.08044951481863	391.13964238131786
181	52.73891849504778	9496.778978025215	1237.691841934191	52.101601160271436	392.6462307127119
182	54.02769319776501	9550.806671222977	1245.8415325395677	52.087055827700084	402.28134709733155
183	53.40897126539195	9604.215642488372	1255.5494573234607	52.118567732749554	405.60322608790904
184	57.965178275222655	9662.18082076359	1270.2227058241924	52.19163711929624	408.5257406613428
185	50.65345456477436	9712.834275328365	1273.551989334671	52.158266851286164	414.507078771452
186	53.78153647534619	9766.615811803713	1283.1447434703723	52.19023775613202	416.86765562755585
187	51.27482529317392	9817.890637096894	1287.6015275897266	52.22518783381165	417.7562283148513
188	51.19542534012582	9869.086062437013	1291.6498926479746	52.23785342295096	416.46409517291346
189	47.75573608220045	9916.841798519214	1294.716278502736	52.21224442602985	414.4927385341279
190	51.301148563627464	9968.14294708284	1300.0126192238497	52.19980359425097	423.08850517381853
191	53.53458376069316	10021.677530843534	1307.9904103193323	52.264690584510944	422.6559691212323
192	54.279663714212695	10075.957194557745	1317.6109925708777	52.29461376471347	422.09934347553116
193	54.326240426054994	10130.283434983798	1326.6692748464206	52.318358695764175	417.4729163774631
194	54.980279491385126	10185.263714475182	1336.67018562834	52.3649030091623	419.0027790076183
195	54.35404614385289	10239.61776061904	1345.0338444014599	52.393371151739956	420.95020589518987
196	53.29170403558056	10292.909464654618	1349.4889810373131	52.40209317944002	424.58023713356334
197	50.80948794415583	10343.718952598772	1355.4489413021954	52.31393873594964	426.3132265472487
198	55.08453100631192	10398.803483605085	1363.0051400827883	52.364020894245556	425.38388801284395
199	60.04250330587092	10458.84598691096	1378.006643697386	52.432082959379905	432.3104823519931
200	52.215597040810124	10511.061583951765	1381.0135921820734	52.38811164716913	430.8776683326221
201	50.428270915629355	10561.489854867395	1386.0442202930258	52.4036437217761	434.3175714526833
202	52.96404932349881	10614.453904190897	1391.7323287721238	52.37701310407655	432.5993748623527
203	54.26787605168768	10668.721780242584	1398.8347342595878	52.45720171255844	431.6903233059165
204	54.75665955570271	10723.47843979829	1408.820936349313	52.48749972890717	428.5439340860111
205	50.787654916260934	10774.266094714547	1414.643135160378	52.45110645316929	430.7997832000451
206	55.37499199776757	10829.641086712316	1424.8815779619024	52.49617817007843	431.06082155230536
207	49.625585411467675	10879.26667212378	1428.947913476355	52.45180349057957	425.9508253586964
208	54.075661749416255	10933.342333873201	1437.1345970147681	52.456297389571134	425.06535341682326
209	51.4208830436602	10984.763216916856	1444.0166274082064	52.431078646351445	430.5400249292471
210	53.846499672112095	11038.60971658897	1451.9940635890407	52.478534538677856	428.8488586305457
211	51.797106106048695	11090.40682269502	1457.7949075951374	52.477375634922765	433.05822171838497
212	50.51672961989341	11140.923552314915	1463.7655939727085	52.43581316556724	428.8877061046549
213	45.1410264047193	11186.06457871963	1463.581865614378	52.269768352431676	428.6866528881296
214	53.83962521793489	11239.904203937565	1470.7002113658484	52.2795413579937	425.91636296128627
215	54.234683118160525	11294.138887055728	1478.5072746574112	52.2855349366494	432.0463734385843
216	50.96324905780977	11345.102136113532	1480.231694496089	52.271770715778004	433.44501190170206
217	45.76176986489488	11390.863905978433	1482.7020716446498	52.1865710957849	435.35931597467436
218	48.517138430717814	11439.381044409145	1486.172781957099	52.16939661859601	435.59794682618644
219	50.24303600872863	11489.624080417878	1492.5890853441895	52.12328661694466	435.4574044955427
220	51.80973588564308	11541.433816303515	1500.8390887763278	52.14994520123707	436.8365583585681
221	55.02347068974764	11596.457286993265	1507.236777145353	52.19289503430962	440.28443117643997
222	51.09801311458782	11647.555300107855	1514.2776381727163	52.15747716526383	442.40498359304786
223	51.35196951422157	11698.907269622083	1520.5886147609774	52.1187420949038	442.28963162424793
224	51.80187084719651	11750.709140469273	1528.0993316081574	52.12853856422176	449.5333002875153
225	54.61243869963306	11805.321579168907	1537.7550941243244	52.15289053624286	457.42708489444817
226	57.01953459873291	11862.34111376764	1549.523807747442	52.18852801124901	464.74999097027427
227	46.92880192714669	11909.26991569479	1548.0424891617956	52.09478612592213	463.6804747448231
228	52.369794329055736	11961.639710023843	1556.198104751514	52.12194516869684	463.8529127590199
229	52.30103264561574	12013.94074266946	1562.7684125108372	52.15574288807436	459.80487396652205
230	56.63338724341494	12070.574129912871	1573.481772679085	52.23001460886576	463.97366388040257
231	55.1660905348675	12125.740220447746	1582.9749100476606	52.31335774459667	467.6253769204602
232	52.58902573888778	12178.329246186624	1588.3020462868185	52.34997589544301	465.5430471202211
233	51.50098523542713	12229.83023142206	1597.414224101079	52.36874736066557	464.3521286735813
234	53.9619365626672	12283.792167984724	1608.4484703614269	52.433117736791935	466.96610639974676
235	55.27652392089041	12339.068691905615	1621.045865955321	52.45417012034921	470.54024393228264
236	52.971107419882244	12392.039799325494	1627.009142207034	52.458339504551525	470.5077519427898
237	52.62020594486902	12444.66000527036	1634.030209990545	52.438643834248495	474.07409606651635
238	51.63520468555692	12496.295209955922	1641.6209215745528	52.46708928877787	470.1898359420632
239	51.374264306155865	12547.669474262073	1649.211481163689	52.50470585418702	469.8151632375013
240	47.38379045330848	12595.053264715383	1649.8882389418336	52.49903340210864	471.3860645940907
241	51.92773008265485	12646.980994798043	1658.3582106989393	52.52766058606525	476.7932969539105
242	52.68736092852691	12699.668355726564	1664.1081430182903	52.555385961050625	481.9062511367027
243	52.03579018568911	12751.704145912257	1668.1424347498803	52.53271905091573	480.45630111862744
244	52.79769563966595	12804.50184155192	1674.2220634148398	52.52386129059404	482.37025423614995
245	50.46606967099719	12854.967911222922	1678.3078997361083	52.475421730186035	480.7666383090002
246	56.811026043607086	12911.778937266523	1694.2006110639095	52.44747263247586	479.42476107356896
247	50.29500767733297	12962.073944943864	1698.308946066309	52.43845586427952	487.34069607932145
248	49.14745325038774	13011.221398194248	1701.4707742224523	52.41048788630867	488.2717606498678
249	50.08237208089779	13061.30377027514	1707.4211311316822	52.376191583141754	488.8182454531315
250	50.04255108104242	13111.346321356184	1712.881630837009	52.43060226214211	491.43155408259935
251	49.44297197052599	13160.78929332671	1716.7927725674508	52.4293109900996	492.81794156146725
252	52.31039726552224	13213.099690592235	1723.7083479804846	52.425142541225824	492.8501204579078
253	50.97575930591704	13264.075449898151	1726.9095355301636	52.417749308761785	493.0473858502132
254	47.433574366077046	13311.509024264233	1726.147722971551	52.3882883735525	491.1609192790767
255	49.71680295720151	13361.22582722142	1730.122684876449	52.411576594438664	490.5983785463396
256	49.037541458633484	13410.263368680056	1730.1208536288582	52.31751758778284	490.94904144832924
257	54.362339398345036	13464.62570807841	1738.702688617555	52.347050496639405	495.4772490751652
258	53.4191631113899	13518.044871189792	1745.378919373387	52.35495917704289	494.6124606987888
259	52.5877289776945	13570.632600167486	1752.601392667118	52.406808833934434	492.77220303020084
260	57.69214954299718	13628.32474971049	1765.437410685746	52.51102345466304	492.91897990919904
261	56.56697814558373	13684.891727856071	1776.251821085134	52.512841702557	501.59806154305994
262	52.78989867148874	13737.68162652756	1783.5021010366097	52.514587332762716	506.81084428234465
263	50.23119878240679	13787.912825309973	1788.8761223460997	52.522310992550764	507.9738238811136
264	54.6131361584258	13842.525961468395	1797.4062804987227	52.538100971533616	512.2407199079977
265	49.041775807384376	13891.567737275778	1801.3782418556696	52.47420021509642	513.8309839657371
266	53.79816860226846	13945.365905878052	1809.999920525664	52.48809793697034	512.2805615181986
267	51.24922690557725	13996.615132783632	1814.9678387576234	52.45437654782388	512.5802629400746
268	54.36636885166432	14050.981501635297	1826.0781116978353	52.474674136627236	517.0822070948745
269	51.484049306513356	14102.465550941808	1832.925995274728	52.48381784620379	517.9853215124182
270	53.105933197069135	14155.57148413888	1841.8132117571163	52.42342875820757	522.2605481604542
271	47.52785191600043	14203.099336054882	1841.6694078936737	52.374632339045185	520.4892210935399
272	56.790343637538896	14259.889679692413	1854.6275964454235	52.383600759734954	525.135435816491
273	50.47097205610272	14310.360651748511	1859.7477278283495	52.356673020453925	526.3341561264184
274	52.49783920636746	14362.858490954879	1866.468643346788	52.33796089400867	521.6060384346009
275	53.55067215840879	14416.409163113287	1876.5416146048256	52.39427909341458	525.155856107013
276	54.56751232088494	14470.976675434178	1884.4596012077977	52.39380510253229	526.5681209110115
277	55.48601600430869	14526.462691438484	1896.1872265056143	52.41620026347762	533.8724173312104
278	49.99498978847845	14576.457681226959	1900.6452671920833	52.377378735995144	528.9272048570218
279	52.668602503299425	14629.126283730271	1905.0951914693333	52.40598271025625	529.5595073089501
280	51.65255976051319	14680.778843490774	1912.1533221506893	52.367387839606145	532.5080305477253
281	51.29249662996839	14732.07134012074	1919.1802620963854	52.35292362095532	533.8771900774734
282	48.636409187755625	14780.707749308493	1923.3622827570312	52.29901078085527	533.5409774552124
283	49.8510382619798	14830.558787570477	1927.238997163813	52.26343145082114	531.7730500023747
284	54.623083479608894	14885.181871050087	1934.3327157423214	52.230010502865	528.4370876350844
285	51.347157193306536	14936.52902824339	1938.6829310361604	52.23694752915033	532.6812504850982
286	53.77910665650996	14990.3081348999	1945.6917021493243	52.23692323096196	535.0358670260432
287	52.942127544972536	15043.250262444879	1955.482016626883	52.253596253479955	526.3269154982122
288	48.531234969816936	15091.78149741469	1959.5266180600383	52.22695434977684	527.490968806684
289	52.720200217245676	15144.501697631937	1966.58829140772	52.2765989911273	528.2326230267515
290	51.248230732147434	15195.749928364086	1972.0232828654864	52.2760698128125	525.7173704457313
291	50.97807049267949	15246.727998856757	1978.3888966966408	52.25050468013237	525.3326256182478
292	53.79107220317974	15300.519071059944	1983.1527511186162	52.24561876502204	525.7053476873397
293	53.01534144802616	15353.534412507976	1991.556437841784	52.23250977524176	519.8769502424548
294	57.42286034595229	15410.957272853919	2004.6765057240723	52.25693558378744	524.3282263891397
295	53.43649085033839	15464.393763704256	2011.5579714535554	52.24776003085226	530.0503689532748
296	52.5879712291946	15516.981734933453	2016.852874105816	52.24072270278842	532.027521483066
297	52.64249262135524	15569.624227554814	2025.632299901063	52.25905274956043	533.5203052952515
298	56.183199969660684	15625.807427524467	2036.8504717313876	52.270039439193894	531.3145459699617
299	55.49378334388507	15681.301210868363	2047.4080678234518	52.22455223957405	537.5402240050724
300	60.11970507016459	15741.420915938528	2063.603637898012	52.303593319867595	542.3303930033222
301	51.885377941389606	15793.306293879912	2071.3605772218284	52.31816439012518	543.8648035196468
302	52.957328553792124	15846.263622433715	2079.2103881138146	52.3180971824281	544.650239568035
303	56.908274206215346	15903.171896639926	2092.4437329840093	52.3445011639734	550.4025312802162
304	51.21594166313312	15954.387838303051	2099.8288658294064	52.30909398504771	547.190478243347
305	53.3462824331797	16007.734120736222	2107.4602906926175	52.334680260216885	550.6050475112327
306	47.884676790783104	16055.618797527017	2108.59207831186	52.25977710814703	549.885705592541
307	55.62939960060363	16111.248197127614	2120.006615590871	52.31981525003839	545.6725867712195
308	50.17918558301192	16161.427382710639	2126.3613877181724	52.280850488374334	547.9205020747703
309	50.949018637622466	16212.376401348247	2133.7306986860663	52.27613184431399	548.5263931690583
310	49.599459658099164	16261.975861006356	2139.624221554227	52.23366144417385	549.3368452491026
311	52.990457746165504	16314.966318752511	2149.6617195783833	52.245594960575026	547.8963082095635
312	52.90535348423757	16367.871672236754	2155.7521606366486	52.26948119921846	550.4433943966226
313	52.90355851378341	16420.77523075054	2162.9195670937866	52.347106520309104	549.897827737271
314	56.85365084581369	16477.628881596356	2174.8435462144457	52.377246776587896	545.3099076942866
315	49.860190548244965	16527.48907214459	2180.7901126554298	52.33350185088873	544.0360078403511
316	55.6737297750261	16583.162801919618	2191.6045711090887	52.380606658060884	542.7462102118276
317	52.466282089246675	16635.629084008866	2198.3564368541947	52.44765178030445	545.935431308663
318	57.38493194363325	16693.014015952504	2210.0210952447997	52.53632971543354	546.2857739777559
319	56.62596969605703	16749.639985648555	2220.9178870348615	52.60015905230683	547.3854055137996
320	52.8650241914923	16802.505009840053	2229.5820489098132	52.610711935365316	547.965330128551
321	50.53724116675306	16853.042251006806	2233.5061478746943	52.56584964013539	551.9236596270416
322	53.91930355053214	16906.961554557332	2242.8562640300147	52.594062544494854	555.1622235622094
323	51.241001501566345	16958.20255605891	2246.530573887414	52.59295286436831	555.5297049391285
324	53.01694033556967	17011.21949639447	2252.8793223941107	52.60510355925203	558.2431375198697
325	56.08589680786277	17067.305393202336	2266.374116220731	52.61983814033434	558.5782680665985
326	55.01737796962606	17122.32277117196	2273.6185994499306	52.59981657404326	558.9518093837728
327	52.61201917687479	17174.934790348834	2280.1419781144073	52.656648746540526	559.006467275998
328	49.93003762895082	17224.86482797778	2285.031051325539	52.6322511795395	562.4337829349653
329	51.77801221467075	17276.642840192457	2290.338119317984	52.62702097523002	560.9950923203377
330	49.0771108819427	17325.719951074407	2294.9819248680997	52.5514582116153	559.4324575827276
331	51.846413737199065	17377.5663648116	2298.9622665081647	52.51826144363865	556.4274859619693
332	48.74988531040006	17426.316250122	2301.6151218131645	52.47987003935376	559.3694363336384
333	52.688233971228364	17479.004484093224	2306.888352065651	52.49174252671176	560.8176484447991
334	53.23326696189899	17532.23775105513	2316.3092890958164	52.484455830704086	561.9902265430616
335	56.4864626524823	17588.724213707606	2327.2739972990735	52.49655521802001	562.531245663721
336	51.242051491650265	17639.96626519925	2332.844636529316	52.47926465873768	562.5692226165021
337	52.69205404684486	17692.658319246104	2337.8094835646043	52.47998313975743	565.8766104371491
338	51.0549195971072	17743.71323884321	2344.2600448957737	52.47418028887295	565.3965900592992
339	55.393662084482585	17799.106900927698	2352.8398926076247	52.5143742666562	568.3864078085924
340	52.868361887993736	17851.975262815693	2361.0442098823346	52.56921998100307	566.8786463831411
341	55.206465936829225	17907.181728752515	2370.413899146196	52.60200733954483	564.8178053908787
342	51.02399808121786	17958.205726833738	2375.2571987999363	52.58537371107173	565.7540340186812
343	50.07545781863545	18008.28118465237	2379.4478886482757	52.56577038740117	566.6190027107839
344	50.276583114993755	18058.557767767365	2385.598626248089	52.54055926215444	564.387564288301
345	48.56314038185761	18107.120908149227	2387.7800644452554	52.52152996926306	563.2764587231328
346	55.1947709910074	18162.315679140218	2396.2232295709114	52.50536741873708	561.1283886500247
347	48.19812042469243	18210.513799564927	2398.6857533429456	52.4843985462107	565.2887041103021
348	51.449764465844346	18261.963564030757	2402.4678298640006	52.50742165836523	564.9148445395176
349	57.615154379973944	18319.57871841074	2413.934087929825	52.582749481355975	565.439074284754
350	50.547450276273196	18370.12616868701	2417.223066606831	52.5877984733083	563.8040886867408
351	46.76565817634218	18416.891826863357	2417.2680831443	52.561025335366466	562.6188863427265
352	48.40395605504512	18465.2957829184	2420.373815740394	52.52196092326173	565.0811340460489
353	49.30444516826576	18514.600228086667	2422.380815559898	52.50524778188517	568.2012173052295
354	54.313517593360594	18568.91374568002	2430.4545649608835	52.574047214158	571.1316826473129
355	52.393020823873364	18621.30676650391	2435.116185418291	52.60080939282472	574.8612993259709
356	53.122682629492374	18674.42944913339	2442.496229152285	52.64166080453331	575.5102036782604
357	49.5074207146213	18723.93686984801	2444.647754857149	52.59311161769606	573.0470905421524
358	47.5889949494271	18771.525864797444	2447.9667772980774	52.53480993607643	574.1712519091354
359	50.034337354346306	18821.560202151784	2451.1639350191335	52.509276019842986	575.873231853294
360	49.28217330997957	18870.842375461765	2456.0627940672944	52.4251762575128	579.652916434764
361	56.62314570817683	18927.465521169936	2463.6337800475667	52.42573793313873	584.1870732717564
362	54.181176727854606	18981.646697897795	2470.3860547699787	52.43965071370238	590.9979586836441
363	53.184962401631786	19034.83166029943	2478.500940748733	52.46918834989464	592.505650203524
364	52.61947462367637	19087.4511349231	2483.2557142580104	52.44925173454712	589.0389811573391
365	48.84236162417931	19136.29349654728	2486.806514615267	52.44725759271509	586.1734692709538
366	51.34858573747674	19187.642082284765	2492.17686500127	52.42276176406716	584.5003903453119
367	53.33185874736707	19240.97394103213	2500.2973896008625	52.443588082485064	583.9252394036562
368	50.36471696146702	19291.33865799358	2503.513514862942	52.40357156358312	583.817996324737
369	49.792381649170835	19341.131039642765	2506.861170608486	52.38665488700967	587.0784886455689
370	52.971260708465955	19394.102300351224	2514.041492803598	52.38530816212363	591.5069742471316
371	49.73746332932858	19443.83976368056	2521.320868963321	52.40740427625691	589.8975853156305
372	46.67521653466864	19490.514980215234	2522.8851889042844	52.30625300522821	593.0252563004742
373	55.73501628270978	19546.249996497932	2532.625044536959	52.35889344749428	592.4118821966886
374	45.778733488000995	19592.028729985934	2532.918938371474	52.29170239031062	594.4200045233345
375	47.632641956396185	19639.661371942344	2536.783615679302	52.23252208829049	594.8062810692676
376	51.50602094613672	19691.167392888474	2543.131280970206	52.201907174543	597.5179310114183
377	52.9559520421505	19744.123344930624	2550.4022326951704	52.17660653492144	599.2817174692921
378	46.80949331039331	19790.932838241017	2550.750387338216	52.14475157014058	604.4528189382359
379	47.97562971977157	19838.908467960795	2552.4806045077335	52.09782184230531	602.7893196368441
380	56.76410272307082	19895.672570683855	2562.7993658175	52.14893727193086	603.9549525493242
381	51.04549147440912	19946.71806215827	2570.139953291661	52.146467220375285	608.964471235828
382	52.72715012840663	19999.44521228668	2576.493095203582	52.1873746297818	614.4823481905432
383	54.08873226774724	20053.533944554423	2583.7427675079252	52.22975156983948	612.1434737785372
384	50.907480756258316	20104.441425310677	2587.876587033978	52.19259554260596	611.846101206309
385	48.47564298880154	20152.917068299474	2592.121583529053	52.163880400560885	611.5556250729296
386	54.56856996968873	20207.485638269172	2602.8471357609687	52.17177503369268	613.4579183145355
387	47.99698702310725	20255.482625292283	2605.8660737047194	52.122323628474035	619.1308156664526
388	49.480479254995956	20304.963104547274	2610.087852208964	52.13181607132582	621.0354839554192
389	51.605148624461435	20356.568253171743	2619.282780392379	52.120665555398006	620.4837808256557
390	55.30982313989209	20411.87807631163	2628.925518716582	52.161281479475434	623.0801125216298
391	53.076083176905094	20464.95415948853	2638.6466466687416	52.182261606317724	622.9252230324913
392	50.1064464980035	20515.06060598654	2643.486151646858	52.1454153492659	618.121397286529
393	54.43806988709879	20569.498675873634	2651.210762662027	52.15964263365665	622.4377929465543
394	57.49299252934329	20626.991668402974	2663.954602867209	52.16034395549055	624.0103035684222
395	54.417532098410156	20681.409200501384	2673.289612388904	52.17015436797127	622.0452809480465
396	51.32526654265857	20732.734467044047	2681.1763449972414	52.15752732110592	618.1196415682844
397	51.271465720497616	20784.00593276453	2685.1273098065785	52.14381705209735	618.3514592602612
398	49.327106066597615	20833.333038831137	2688.5797394564747	52.075256113066715	621.3813256326416
399	51.732644324732355	20885.06568315586	2690.0084543113835	52.03764472287519	620.9665321432557
400	63.31363556542543	20948.37931872129	2706.7096822391068	52.0695840278278	622.5193060312705
401	55.20985316518293	21003.589171886488	2713.7599220116645	52.102828780065735	619.9215153309468
402	50.06322461805085	21053.65239650453	2718.9938694583357	52.07388774070831	622.8212634158944
403	52.71781486333393	21106.370211367856	2726.051124353684	52.0319831472795	622.7799841197966
404	55.261595814197236	21161.631807182057	2731.919368053414	52.07243968879016	626.2889456131062
405	48.605594461056555	21210.237401643113	2734.4908195969497	52.025032809068904	625.0389937680698
406	55.0053979822799	21265.2427996254	2746.997359254687	52.096240020983885	626.5480965321464
407	50.20135488151399	21315.444154506917	2748.6444067231605	52.041959573793	624.919487721548
408	55.733619796061305	21371.177774302967	2758.0941459477745	52.09750391592348	625.5769646753184
409	52.094340715699374	21423.272115018674	2764.5402766640614	52.10895713670425	623.5544479398362
410	49.18264028586307	21472.454755304534	2769.681642385405	52.104788942981884	624.4120696964471
411	51.43609775308873	21523.890853057634	2776.902537083223	52.089245343051104	623.1809554301028
412	55.663390719806365	21579.554243777424	2787.56168377114	52.11682571540678	620.7294622471122
413	47.78300547130139	21627.337249248725	2790.205265787288	52.065620184982	621.4935260516481
414	57.450663981808574	21684.78791323053	2801.6281238014567	52.071590316341926	624.0710154402072
415	53.49533274709	21738.283245977625	2810.1985456452862	52.107941738330375	623.1476309459339
416	54.279651553252044	21792.562897530883	2819.0885949108138	52.09400095611266	619.3534236903228
417	56.766475195934596	21849.329372726814	2830.7367218657355	52.13700288717954	616.851218368961
418	56.094054669023144	21905.42342739584	2843.4495242901553	52.12409411443341	613.961274812238
419	54.720482544221866	21960.143909940052	2853.241234028327	52.1050392429151	616.7108577570807
420	51.88714818123751	22012.031058121287	2859.8779525665477	52.095260482812506	613.980360966454
421	51.15437028606736	22063.185428407374	2865.197772790064	52.101431774005704	618.2193273169613
422	53.76088982521653	22116.94631823259	2871.7046764307283	52.099847636752514	627.4814137788305
423	52.32538731660559	22169.271705549192	2878.298524385266	52.1106914949029	627.6896496660418
424	54.84130550995113	22224.113011059137	2886.7407581959765	52.12893514664672	624.0584597206147
425	50.042360922614186	22274.155371981753	2891.096042155763	52.06849978779424	622.8194839024768
426	48.852971466121815	22323.008343447862	2896.0986114483576	52.00685572275919	622.2547014961641
427	57.60118818571512	22380.609531633578	2907.482695411507	52.05674741284759	629.6064016810711
428	48.136327495695966	22428.74585912929	2911.296500219712	52.038810311515064	628.4989422414955
429	48.764198213171504	22477.51005734245	2913.939455087274	52.00867217150006	627.8901201495868
430	52.931261586671106	22530.441318929126	2921.468389798667	52.047213678547344	626.9336749619655
431	49.44261770721424	22579.88393663634	2927.186716134481	52.02317571824749	627.2320211745425
432	51.292931226357524	22631.176867862698	2931.3986082416914	52.048606177407066	631.7632277488434
433	51.620854240959424	22682.797722103653	2939.609997468493	52.037932380104365	634.2134414646113
434	49.36148878742107	22732.159210891085	2942.2981452278036	51.999214598359586	637.7837376872037
435	53.07116375884987	22785.230374649935	2951.0396808790333	51.96506160942328	639.9689760426876
436	56.80519679865868	22842.03557144859	2963.357747504175	52.020693062493336	635.9943161689617
437	46.835711542213424	22888.871282990804	2963.9398048020525	51.962129637447035	637.6651836393783
438	50.934931506639685	22939.806214497446	2971.4527964701615	51.960929756542335	638.7354266165227
439	44.21223239540784	22984.01844689284	2971.0135657374417	51.84911545965162	638.6631925008894
440	49.967741639670486	23033.986188532523	2977.2590114217855	51.82010925716836	642.69849702364
441	55.58036717877088	23089.566555711277	2989.130240427128	51.823848269587806	642.3760802631463
442	56.678488729235724	23146.245044440533	3002.0806227233575	51.880393176067976	640.51077199109
443	54.835892004583194	23201.080936445112	3011.342308612992	51.92799751792747	638.674344624408
444	57.81144505029474	23258.8923814954	3023.9896237136068	52.00334613728048	641.7185174512871
445	50.14327501146743	23309.03565650688	3025.9753945533384	52.019147483576596	637.901647956863
446	48.48422983613273	23357.51988634301	3031.1432646918884	51.95204207202782	635.6404098354275
447	50.57766845327157	23408.09755479628	3037.4218593352703	51.975837552313635	639.9475453952189
448	49.209164836309284	23457.306719632583	3043.4381190816143	51.953431556018266	638.0582166614269
449	56.299702627677064	23513.60642226027	3055.034859939567	51.94027703849529	648.602434936346
450	50.98095999954883	23564.587382259808	3059.386776819946	51.944612135728086	648.6838685068386
451	53.675728720354044	23618.26311098017	3070.5992394818777	52.0137128411682	653.4567481688144
452	57.22482959853348	23675.487940578703	3078.554291496285	52.10192157660305	653.7198805474119
453	50.81093002404689	23726.29887060275	3083.0558007019627	52.116986425160896	652.9774110046178
454	55.55185939916444	23781.850730001912	3094.366000984638	52.12936984321892	658.4686607374414
455	48.59934145058182	23830.45007145249	3097.2773834019386	52.091433049486014	660.5199067670083
456	53.97795620633809	23884.42802765882	3107.165673899966	52.09998578525446	660.835119459338
457	53.503606680786824	23937.93163433962	3115.6829587598254	52.139947644916084	662.2572380874316
458	47.751089075031395	23985.68272341465	3117.3971277418495	52.14156858617217	664.965333837657
459	57.30954866952421	24042.992272084164	3129.026634162145	52.21432069932393	655.3006653598222
460	53.08707705473623	24096.07934913892	3136.966316680409	52.252369736771506	661.9869483698866
461	51.81284442681981	24147.89219356573	3144.140068207076	52.20426672395793	664.6252903523065
462	51.75288162943107	24199.645075195167	3151.73340276434	52.1799837729737	667.4236173734157
463	49.23526773598958	24248.880342931152	3153.071124473857	52.14048682631727	665.8672376648472
464	47.21331953966742	24296.093662470827	3155.45524123715	52.08642527547717	663.4794393533386
465	52.2886245212847	24348.38228699209	3161.630831378121	52.120887904448225	659.0729727843894
466	50.29912222722913	24398.68140921933	3164.036024892833	52.11039326934575	660.1837707979305
467	51.91852801632945	24450.599937235656	3169.1475459387425	52.09625996203538	661.8212685385059
468	48.891111866777145	24499.491049102435	3171.167007446571	52.08152391108848	662.4050697385312
469	54.7755535182549	24554.266602620693	3177.5465975497586	52.13135562977931	664.5376423459118
470	48.4673090492928	24602.73391166999	3180.248571801263	52.086316113187564	660.8995128754015
471	48.50902453673695	24651.242936206716	3183.5922180144826	52.074031725261676	659.3779678370032
472	50.17821031254111	24701.421146519264	3188.3316601806505	52.109061663040386	660.0093831203941
473	57.31831453731076	24758.739461056568	3198.570909658854	52.1248946455864	666.9426451501847
474	51.896409236900546	24810.635870293478	3204.235172443972	52.18607140307538	665.8995210391471
475	51.452632819179186	24862.08850311265	3208.1275202605984	52.22427131170324	664.748110597782
476	51.08987797505284	24913.178381087706	3215.138852950971	52.22010988199242	663.5694553714412
477	56.51545816999855	24969.693839257714	3224.768096902593	52.255704943270864	665.5894101682737
478	58.5235076874977	25028.217346945206	3237.9371413975546	52.37284508704193	664.3221221329648
479	55.56883415157257	25083.786181096766	3246.5706235776875	52.448777131359904	672.224897826092
480	53.382115079223595	25137.168296176005	3253.866771731412	52.41495725492145	671.2210609202236
481	53.197427070621025	25190.36572324662	3263.4361435342144	52.436476610883545	668.2297726207266
482	50.33889137881511	25240.704614625432	3265.862308689223	52.41259402338768	668.0953673002845
483	52.29164151788772	25292.99625614332	3271.941276157656	52.39462311588906	669.5527468730164
484	54.03321338819452	25347.029469531506	3281.1899406398775	52.42588044220847	666.7082757588579
485	49.96430846067719	25396.9937779922	3284.3802388740837	52.44076709692715	666.8285962788101
486	53.687620163544345	25450.68139815574	3293.0854963357538	52.431957598865736	668.949819666733
487	47.10735131182257	25497.788749467563	3294.757974767772	52.42306124175288	668.7671435442168
488	54.326934645304355	25552.115684112854	3303.6530636713514	52.47152579565594	668.5578411462884
489	48.17659181244053	25600.2922759253	3304.882379656532	52.437240227535774	670.1849881110844
490	50.06918947495158	25650.361465400245	3311.00884861064	52.38483389088635	677.0006198057798
491	54.2076907081914	25704.569156108442	3319.7054411021586	52.39614996619924	679.5899958466505
492	54.09131123562072	25758.660467344067	3330.2266637796724	52.43599861357539	684.7729754181956
493	50.771924766547635	25809.432392110604	3333.7659561150444	52.39933716236988	681.5780402542717
494	46.348127308873934	25855.780519419484	3338.0892946617173	52.2878885101652	682.8842134659712
495	52.86427779474032	25908.644797214234	3345.904398930316	52.272355967128505	678.9901342192612
496	53.82166375458878	25962.46646096882	3353.0989274884505	52.29731993924782	681.460044520176
497	59.124788426815456	26021.59124939564	3368.2746223363356	52.375853166310975	676.5764109191584
498	53.01208081068342	26074.603330206322	3377.4165443101056	52.412702913751836	676.7070498083867
499	48.45820709958883	26123.06153730591	3379.360791026708	52.37995854150039	679.1070074552819
500	56.644717103657804	26179.706254409564	3391.7810854021627	52.31326935688269	683.0620409670182
501	54.808674353124225	26234.514928762685	3401.683826442274	52.30925756876215	682.6211472636869
502	50.169540525895854	26284.684469288586	3404.535658285402	52.31032072784059	681.9588503313164
503	53.99128599980089	26338.67575528838	3413.9920160375145	52.32305543920527	678.340000148496
504	53.38223909205509	26392.057994380433	3421.0622649888705	52.30426187198383	681.2509756530825
505	57.872963120810915	26449.93095750126	3434.543062821659	52.3969355585814	680.1770216958711
506	50.23539396732252	26500.16635146857	3439.487844662564	52.34923551843179	680.9001123542506
507	46.92562124402168	26547.091972712573	3441.8131852862234	52.31647818205688	680.8033980038423
508	54.11492558641469	26601.206898299	3451.563153558509	52.30029123996044	682.2212407772637
509	49.697941924338004	26650.90484022334	3454.8744039318517	52.2763272520468	680.743233141105
510	48.76161449242526	26699.666454715774	3458.7437821170706	52.27211699411243	681.6520596952603
511	52.469390371124916	26752.135845086905	3468.152639912013	52.28244992029278	679.6563404549772
512	47.297335357449604	26799.43318044434	3468.152639912013	52.28244992029278	682.0161153811861
