task	reward	total_reward	total_regret	relative	total_reward_dev	joules
0	48.18466288126313	48.18466288126313	-2.020891236699128	0.0	14.223416250663334	48.18466288126313
1	71.33012706407179	119.51478994533493	23.592885956797282	0.0	16.089740100855508	71.33012706407179
2	50.87967039882668	170.39446034416164	24.33146689247419	0.0	23.680475492955804	50.87967039882668
3	48.73102988832863	219.12549023249034	21.17702868310836	0.0	30.07775014714512	48.73102988832863
4	49.48192778361071	268.60741801610095	21.13788761105586	0.0	35.263434292957726	49.48192778361071
5	50.30015991946542	318.90757793556634	22.156234036614823	0.0	43.08842580922364	50.30015991946542
6	48.400987926849794	367.30856586241606	21.011203588894222	0.0	50.94301144263322	48.400987926849794
7	49.966141831885835	417.27470769430215	25.07131577520594	0.0	56.802390056614726	49.966141831885835
8	49.41265130394047	466.6873589982424	27.361051879068526	0.0	61.496765896144716	49.41265130394047
9	51.64298580180242	518.3303448000449	31.277667447020086	0.0	65.9106279243957	51.64298580180242
10	51.88960306864079	570.2199478686856	34.92735672784066	0.0	72.00534066171936	51.88960306864079
11	47.857309029009514	618.077256897695	34.830795321035204	0.0	77.33727607704158	47.857309029009514
12	49.6544409631473	667.7316978608424	36.5513366074962	0.0	82.12027587950467	49.6544409631473
13	49.26398977328436	716.9956876341269	36.15229941426515	0.0	87.2207843120383	49.26398977328436
14	51.81091964694343	768.8066072810705	38.88309735233502	0.0	93.09506761772505	51.81091964694343
15	47.313431402959615	816.1200386840299	38.777709730703734	0.0	96.99636959459112	47.313431402959615
16	50.50299401008419	866.6230326941138	39.63812977479381	0.0	102.49980718767198	50.50299401008419
17	48.656972101563746	915.2800047956774	40.400155371524995	0.0	108.15467035130415	48.656972101563746
18	48.85970647344656	964.139711269124	39.83047765908316	0.0	116.22631353945107	48.85970647344656
19	51.38324650077281	1015.5229577698973	42.29565417959122	0.0	121.01203233827823	51.38324650077281
20	50.129351575265325	1065.6523093451624	43.947740019158665	0.0	126.85304308691217	50.129351575265325
21	50.73918888708022	1116.3914982322426	45.85949835794963	0.0	132.30590997128397	50.73918888708022
22	51.11948932282609	1167.510987555069	49.84979005010388	0.0	137.89523349724968	51.11948932282609
23	49.34037154285792	1216.8513590979267	51.77833285241455	0.0	143.66264293770917	49.34037154285792
24	48.96177109633894	1265.8131301942656	51.46800256245055	0.0	148.5085254345133	48.96177109633894
25	51.74880086550755	1317.5619310597726	53.394179091311656	0.0	153.58160806064515	51.74880086550755
26	50.23834584904398	1367.800276908817	52.73017716395394	0.0	159.98494658153237	50.23834584904398
27	49.91985950093076	1417.720136409748	51.574875059837105	0.0	165.7583513189158	49.91985950093076
28	51.86073735387676	1469.5808737636244	55.9338705816471	0.0	171.72398066878614	51.86073735387676
29	47.736984742488985	1517.317858506114	54.578015777456784	0.0	177.3861987339437	47.736984742488985
30	51.86724335918428	1569.185101865298	60.04605841918715	0.0	181.0201893606487	51.86724335918428
31	50.194358135492294	1619.3794600007898	59.98547370848646	0.0	186.96735401986606	50.194358135492294
32	50.99792287215604	1670.3773828729466	64.39463463742707	0.0	191.35732994057201	50.99792287215604
33	48.19786287385129	1718.5752457467981	63.53554673264361	0.0	198.6305306103858	48.19786287385129
34	51.81922338800447	1770.394469134802	65.98065329657132	0.0	203.9699621418936	51.81922338800447
35	51.72087187650683	1822.1153410113097	69.56275459655254	0.0	209.29283310815939	51.72087187650683
36	48.3478873510088	1870.463228362318	70.92656821274728	0.0	215.84498440005822	48.3478873510088
37	49.42433044225344	1919.8875588045712	70.3098984125556	0.0	221.33138100496882	49.42433044225344
38	49.73497824470226	1969.6225370492728	72.64483661843359	0.0	226.66714737143369	49.73497824470226
39	51.168684121763555	2020.7912211710377	74.67784167643299	0.0	231.95712289391585	51.168684121763555
40	50.21664689380587	2071.0078680648426	73.761100950114	0.0	239.03491474678563	50.21664689380587
41	51.291318354289835	2122.2991864191326	75.1863313860335	0.0	243.71536827655183	51.291318354289835
42	49.422115730328215	2171.721302149461	75.04602614051042	0.0	249.75073515248	49.422115730328215
43	48.280871047716026	2220.0021731971774	75.32181781902288	0.0	254.41410906103886	48.280871047716026
44	51.86663147542018	2271.868804672597	78.27443102408355	0.0	258.3489798076988	51.86663147542018
45	48.80703699309723	2320.6758416656944	80.03236030053041	0.0	263.702791814373	48.80703699309723
46	49.79302953951384	2370.468871205207	82.50311160675754	0.0	268.6813908943679	49.79302953951384
47	48.94630637729531	2419.415177582504	82.00739200123262	0.0	273.6006072634796	48.94630637729531
48	50.8670292081071	2470.28220679061	84.85024053358647	0.0	279.9098282909532	50.8670292081071
49	51.36642442683842	2521.648631217449	88.86845072826456	0.0	285.331092028874	51.36642442683842
50	48.050066517274516	2569.6986977347224	89.85529221937705	0.0	290.98310253804976	48.050066517274516
51	50.37682206279638	2620.0755197975186	92.79168385776521	0.0	296.2884649946295	50.37682206279638
52	50.65996544999374	2670.735485247513	92.6059044895523	0.0	302.0753927190993	50.65996544999374
53	50.553656864431744	2721.2891421119457	91.56426749712493	0.0	305.8799142958605	50.553656864431744
54	50.055550894918134	2771.3446930068644	93.44957060994288	0.0	312.7045412356535	50.055550894918134
55	50.137542909869325	2821.482235916733	92.80987907998906	0.0	316.34068804228235	50.137542909869325
56	48.5531609387703	2870.0353968555037	92.98736159584547	0.0	321.2144111515982	48.5531609387703
57	51.15391152284831	2921.1893083783502	96.71277870563794	0.0	327.63327751203326	51.15391152284831
58	47.46076943800943	2968.6500778163613	95.41759591726318	0.0	333.5235840381651	47.46076943800943
59	48.673320113934	3017.323397930295	97.78159330599576	0.0	339.6734979059309	48.673320113934
60	50.75391128439999	3068.0773092146947	100.58808343316221	0.0	344.4048650046077	50.75391128439999
61	51.413748568150574	3119.491057782846	103.89227936982041	0.0	350.02938373833337	51.413748568150574
62	49.414990370009285	3168.9060481528554	105.30988107697141	0.0	355.8968142836166	49.414990370009285
63	51.05520105044206	3219.961249203296	108.14197657253945	0.0	360.277042710515	51.05520105044206
64	51.708047162143	3271.6692963654377	108.21936546889539	0.0	364.48253157488546	51.708047162143
65	50.89649681930976	3322.565793184748	107.29314112629737	0.0	368.71031653800674	50.89649681930976
66	50.18962233511973	3372.75541551987	108.84005300390145	0.0	373.51285011973675	50.18962233511973
67	47.71550168006683	3420.470917199936	108.98081218074586	0.0	378.6746219170189	47.71550168006683
68	48.8838250060266	3469.354742205964	106.42978359777197	0.0	384.8528445858827	48.8838250060266
69	50.28981057261301	3519.6445527785772	105.06900922692614	0.0	391.1801526338201	50.28981057261301
70	48.29632959211709	3567.940882370692	104.52673327656656	0.0	394.8704695127464	48.29632959211709
71	52.84187847266623	3620.7827608433586	108.21014114333956	0.0	400.74990014167645	52.84187847266623
72	49.947574076653616	3670.730334920014	109.41089003144367	0.0	405.5472359747477	49.947574076653616
73	49.44158456452084	3720.171919484535	110.64155840716136	0.0	412.2988467311176	49.44158456452084
74	49.248866196169075	3769.4207856807025	111.81451019843495	0.0	417.1682888211427	49.248866196169075
75	48.32276436702131	3817.743550047725	112.70187526239124	0.0	424.0499619735822	48.32276436702131
76	50.352357870776856	3868.095907918503	114.32706554670585	0.0	430.1770523731701	50.352357870776856
77	48.665103176684354	3916.761011095185	116.39443440636688	0.0	435.7981675017241	48.665103176684354
78	51.13898332004231	3967.8999944152265	118.96783125807752	0.0	440.2602345482784	51.13898332004231
79	48.30389198698389	4016.203886402212	118.12017864470259	0.0	445.96301684782634	48.30389198698389
80	51.62886275670958	4067.832749158922	119.97314838111218	0.0	450.5077992748192	51.62886275670958
81	50.45113906657091	4118.283888225491	123.26171682016275	0.0	457.39836703126787	50.45113906657091
82	49.35396609866079	4167.637854324153	123.25551922947108	0.0	461.8686664552913	49.35396609866079
83	50.49121344496878	4218.129067769122	126.42169933388752	0.0	467.2628184461004	50.49121344496878
84	51.99791074293992	4270.126978512061	130.08344571006145	0.0	472.74956177041975	51.99791074293992
85	48.98786642575634	4319.114844937816	129.7607329708181	0.0	478.1139850311665	48.98786642575634
86	48.52305716059962	4367.637902098416	129.15650285612938	0.0	483.90168057336115	48.52305716059962
87	49.82471139450818	4417.462613492925	129.40553843579423	0.0	489.1444805772996	49.82471139450818
88	48.93883139885256	4466.401444891776	130.5316201365674	0.0	493.8859415915634	48.93883139885256
89	50.229059262767876	4516.6305041545465	132.99241607418978	0.0	499.88433631228366	50.229059262767876
90	50.08846692800664	4566.718971082551	135.69563143841424	0.0	506.52028275466927	50.08846692800664
91	48.96083627764081	4615.679807360193	138.80625860813927	0.0	512.354803797325	48.96083627764081
92	48.49450806405694	4664.174315424249	138.4880270252704	0.0	516.9424716474015	48.49450806405694
93	49.142657711053396	4713.316973135303	139.30683270117459	0.0	522.3037073762191	49.142657711053396
94	52.430568803256286	4765.74754193856	142.86731109101106	0.0	527.0868529439191	52.430568803256286
95	50.40951938519648	4816.157061323758	145.74367698395957	0.0	531.2391338176446	50.40951938519648
96	51.13547701352484	4867.292538337281	148.79087428143828	0.0	535.5078976667558	51.13547701352484
97	49.00055916846698	4916.293097505747	149.8133923690217	0.0	538.8994645682126	49.00055916846698
98	52.02748006796102	4968.32057757371	153.40006363693493	0.0	544.5042774562233	52.02748006796102
99	47.78710106085227	5016.107678634561	149.58753684131239	0.0	548.6845184434627	47.78710106085227
100	51.5418196139128	5067.6494982484755	152.64697926283267	0.0	552.6778833090232	51.5418196139128
101	49.26776482198403	5116.91726307046	153.68449934675985	0.0	558.8875589130049	49.26776482198403
102	48.03906956669191	5164.9563326371535	152.87785158654103	0.0	564.0024219236018	48.03906956669191
103	51.68411181110303	5216.640444448255	155.25493083341345	0.0	568.3690960517511	51.68411181110303
104	50.886850130400816	5267.527294578657	157.56825700889675	0.0	572.9341742586761	50.886850130400816
105	50.51272030951184	5318.040014888165	157.94460611945743	0.0	578.1363376927652	50.51272030951184
106	49.744640867396704	5367.784655755561	161.25534414276953	0.0	583.5706824006243	49.744640867396704
107	49.838654993145965	5417.623310748707	164.46692233155102	0.0	588.0211415105144	49.838654993145965
108	49.48955118424506	5467.112861932957	164.39318904249444	0.0	593.0111857231227	49.48955118424506
109	50.0178929053977	5517.130754838349	164.14731238206107	0.0	597.5765535365387	50.0178929053977
110	48.05308120465686	5565.183836043008	163.09269176000296	0.0	603.3445695589944	48.05308120465686
111	48.81091089038946	5613.9947469333965	162.8025773088637	0.0	608.8994481701458	48.81091089038946
112	51.327469266939026	5665.322216200335	166.79413138596112	0.0	614.3808287062222	51.327469266939026
113	49.66258115586107	5714.984797356198	164.67084762399006	0.0	619.0844597616714	49.66258115586107
114	51.6582787842331	5766.643076140426	168.0539145695015	0.0	624.8675829517847	51.6582787842331
115	49.727095206590555	5816.370171347022	168.8974482968996	0.0	631.8077197382095	49.727095206590555
116	48.546451066894825	5864.91662241392	166.685295750726	0.0	637.224133399955	48.546451066894825
117	49.12419025454473	5914.040812668461	168.82926053117524	0.0	642.7732745462312	49.12419025454473
118	52.284077157254416	5966.324889825714	171.68552405553726	0.0	648.4198803031536	52.284077157254416
119	49.96112684185134	6016.286016667565	171.36964850187064	0.0	653.7651339059157	49.96112684185134
120	52.804313970938416	6069.090330638506	174.67662307779278	0.0	659.1713559092972	52.804313970938416
121	51.50291937149334	6120.593250010001	179.08820782101262	0.0	664.6979222023837	51.50291937149334
122	48.045677061795935	6168.638927071795	177.98819215796885	0.0	669.8510924962425	48.045677061795935
123	50.04613214117117	6218.685059212962	177.57090198493097	0.0	675.7521260473995	50.04613214117117
124	51.569338356283446	6270.254397569248	180.3529823387705	0.0	681.5456661691622	51.569338356283446
125	49.27491756138277	6319.529315130632	183.45213469491446	0.0	686.9263707365626	49.27491756138277
126	48.966592425663286	6368.495907556296	182.494845704828	0.0	693.7484883306989	48.966592425663286
127	50.370101553631706	6418.866009109928	184.64111038614448	0.0	698.2807297246472	50.370101553631706
128	49.20235304895082	6468.06836215888	185.0680678050645	0.0	704.5994054052339	49.20235304895082
129	51.06303413125445	6519.13139629013	186.7973174120547	0.0	711.6910003704492	51.06303413125445
130	51.68020610959539	6570.811602399731	191.30268053445434	0.0	715.5334015371488	51.68020610959539
131	52.998746057033614	6623.810348456763	194.7022621964015	0.0	720.3580191737491	52.998746057033614
132	48.04499110059045	6671.855339557355	194.63795759341048	0.0	725.9193744552438	48.04499110059045
133	51.356382926542686	6723.211722483895	198.97019988948122	0.0	731.8086700407409	51.356382926542686
134	48.65018702282325	6771.861909506715	200.42075665264434	0.0	736.927968522603	48.65018702282325
135	49.76216821885434	6821.6240777255725	202.52607555330812	0.0	743.2305270194502	49.76216821885434
136	50.48561071647399	6872.109688442044	202.8466480568619	0.0	747.7512773549715	50.48561071647399
137	48.54703957651482	6920.656728018563	200.69585856677483	0.0	754.2290245227399	48.54703957651482
138	50.676569476935704	6971.333297495498	203.58014157389528	0.0	759.530266848898	50.676569476935704
139	48.53661957410327	7019.869917069603	205.25686920892468	0.0	765.568517624632	48.53661957410327
140	50.651012589346465	7070.520929658948	205.23880191863202	0.0	769.2398417569535	50.651012589346465
141	49.36383135709271	7119.884761016041	205.57696312627542	0.0	775.4036587840876	49.36383135709271
142	49.30284013409559	7169.187601150137	207.53876031373457	0.0	780.9658763118249	49.30284013409559
143	47.43842937796646	7216.626030528103	207.12186698152667	0.0	786.3698597950979	47.43842937796646
144	49.85215673976311	7266.4781872678595	209.9763452735514	0.0	792.6755317410648	49.85215673976311
145	48.6698796626481	7315.148066930509	209.3207262333489	0.0	796.046008030945	48.6698796626481
146	50.05022639722097	7365.198293327735	209.96586909652632	0.0	802.5596691222662	50.05022639722097
147	51.51244115612434	7416.710734483856	213.53576499435104	0.0	806.5619991100763	51.51244115612434
148	50.4548148602118	7467.165549344071	213.61492960325245	0.0	812.5621765438631	50.4548148602118
149	50.91503089347286	7518.0805802375435	214.75714391735295	0.0	818.1293412923974	50.91503089347286
150	52.26283743054558	7570.34341766809	216.81942330928646	0.0	822.5331478502936	52.26283743054558
151	50.362549530856796	7620.7059671989455	217.64352348832486	0.0	826.0989184504941	50.362549530856796
152	49.9618933031775	7670.667860502123	215.4732042601434	0.0	831.6540395902435	49.9618933031775
153	49.07620406918236	7719.744064571304	218.57637550100537	0.0	837.3920706209005	49.07620406918236
154	49.744551046130326	7769.488615617429	221.19265017860278	0.0	842.0751745502834	49.744551046130326
155	50.41428762410842	7819.902903241539	222.24507892599587	0.0	846.0213582999334	50.41428762410842
156	51.511680721336774	7871.414583962879	224.2395604970126	0.0	850.6797125095723	51.511680721336774
157	51.061087594346944	7922.475671557228	225.72515308326422	0.0	856.726661043902	51.061087594346944
158	48.12667390068916	7970.602345457913	225.0602305207626	0.0	863.1440972486365	48.12667390068916
159	49.07495604207056	8019.677301499985	225.14566999005382	0.0	868.0124094274802	49.07495604207056
160	49.978088123598475	8069.655389623585	225.39442198196423	0.0	873.2798119627267	49.978088123598475
161	50.28118420401451	8119.9365738275965	227.35532068117533	0.0	879.9943397034364	50.28118420401451
162	50.357483543197624	8170.294057370793	228.65964202612136	0.0	885.0514906806375	50.357483543197624
163	46.67820144679161	8216.97225881759	227.7000765118365	0.0	890.3895411045079	46.67820144679161
164	48.508839042972475	8265.481097860564	229.41499776769655	0.0	896.1844789541371	48.508839042972475
165	50.67555737236937	8316.156655232931	230.00946599837383	0.0	900.7401328058177	50.67555737236937
166	49.58595822775988	8365.742613460689	230.02666307394352	0.0	906.3986028356538	49.58595822775988
167	52.052380747206655	8417.794994207901	235.20604249336597	0.0	911.4921948492427	52.052380747206655
168	50.36765325610544	8468.162647464002	236.43550795057448	0.0	916.8934398763004	50.36765325610544
169	49.313504335900944	8517.476151799907	237.79721591814805	0.0	921.8677630804277	49.313504335900944
170	48.82231340899036	8566.298465208893	237.9204673311946	0.0	928.5383693646841	48.82231340899036
171	50.203250459842145	8616.501715668735	239.38040946086744	0.0	934.6373639514537	50.203250459842145
172	50.97062706533618	8667.472342734072	241.829902185614	0.0	940.8592664335139	50.97062706533618
173	50.73323852979433	8718.205581263866	243.17356091653906	0.0	944.5328861598617	50.73323852979433
174	48.817936673626726	8767.023517937496	243.44699345953683	0.0	949.8253335033983	48.817936673626726
175	50.90776407097349	8817.93128200847	243.78384663968419	0.0	955.0835861824189	50.90776407097349
176	50.42801918622903	8868.35930119469	243.3144853661782	0.0	960.1507063336211	50.42801918622903
177	51.66956737300546	8920.028868567697	244.248290465373	0.0	965.8846695046323	51.66956737300546
178	49.24214733005232	8969.271015897757	245.30995663724377	0.0	971.2053781241787	49.24214733005232
179	50.60629612473239	9019.877312022485	245.7607904437236	0.0	976.8113080208553	50.60629612473239
180	49.08934722647616	9068.966659248963	247.33107425963965	0.0	981.6960933130737	49.08934722647616
181	51.01818482612901	9119.984844075092	249.42746281966723	0.0	987.4742110695418	51.01818482612901
182	51.74548399630155	9171.730328071388	252.53512134525988	0.0	991.3478129269097	51.74548399630155
183	51.66944591399224	9223.399773985388	256.8215508431748	0.0	994.7219013747886	51.66944591399224
184	49.51432136561974	9272.914095351003	258.57434670599815	0.0	999.8376710664378	49.51432136561974
185	48.89563339116967	9321.809728742172	260.2033299208042	0.0	1004.1966650776244	48.89563339116967
186	51.60143201413211	9373.411160756306	264.7143604051089	0.0	1008.1825620899914	51.60143201413211
187	49.78579442951766	9423.196955185824	265.7939210502539	0.0	1014.1008513111346	49.78579442951766
188	50.18354077214117	9473.380495957967	270.8155374846467	0.0	1018.6814620808304	50.18354077214117
189	49.0982034714132	9522.478699429375	269.33963810138516	0.0	1025.0418413678833	49.0982034714132
190	49.95557765987031	9572.434277089247	273.2312903833374	0.0	1032.1458671515377	49.95557765987031
191	50.30892813737744	9622.743205226623	275.2149352667108	0.0	1038.8003410939828	50.30892813737744
192	50.44706709516478	9673.190272321794	275.37482773600243	0.0	1044.1224813900408	50.44706709516478
193	50.79404727520309	9723.98431959699	278.817965823278	0.0	1050.3238374905998	50.79404727520309
194	51.67511465585403	9775.659434252851	279.98480835247267	0.0	1055.6439878522801	51.67511465585403
195	50.515206772786215	9826.174641025635	281.33092970564644	0.0	1062.3761762753986	50.515206772786215
196	50.26402069089756	9876.438661716531	283.81238841561935	0.0	1067.1393237804361	50.26402069089756
197	50.975669034609176	9927.41433075114	285.259334024575	0.0	1072.7140060395836	50.975669034609176
198	50.881892328975766	9978.296223080117	287.1725208877311	0.0	1078.2476469569046	50.881892328975766
199	48.766287127428534	10027.06251020755	287.6242146005427	0.0	1082.8582852663487	48.766287127428534
200	49.80645661310265	10076.868966820644	288.17417003009837	0.0	1088.483850921528	49.80645661310265
201	48.088726728288805	10124.957693548935	286.67571064156306	0.0	1094.29936826049	48.088726728288805
202	48.996190919550706	10173.953884468492	286.97467622204044	0.0	1099.3667050574973	48.996190919550706
203	49.91497780731198	10223.868862275802	286.14997702257233	0.0	1104.916781458952	49.91497780731198
204	49.39855832668602	10273.26742060249	288.10909968376296	0.0	1110.1001287368056	49.39855832668602
205	50.39417923047858	10323.661599832963	290.06810773964395	0.0	1115.7062989288402	50.39417923047858
206	50.60550914157901	10374.26710897454	291.5006467759613	0.0	1121.3746010559653	50.60550914157901
207	51.959716512857106	10426.226825487396	293.5180983436097	0.0	1126.8344071623815	51.959716512857106
208	49.53470792932705	10475.761533416731	294.03929107480707	0.0	1132.266280777247	49.53470792932705
209	49.03574172246999	10524.797275139199	294.8159036502956	0.0	1137.62920774224	49.03574172246999
210	51.13652299611957	10575.933798135316	297.15779025235065	0.0	1140.741771749322	51.13652299611957
211	51.44648601760944	10627.380284152925	299.2335641877148	0.0	1145.8665758375498	51.44648601760944
212	50.31928586708327	10677.699570020011	301.95493351131546	0.0	1151.4587327566041	50.31928586708327
213	50.254078625983574	10727.953648645995	303.163307855061	0.0	1157.4641349034443	50.254078625983574
214	49.75952817418092	10777.713176820176	303.61189387029765	0.0	1162.2126814325982	49.75952817418092
215	48.74438368726509	10826.45756050744	300.74409706776294	0.0	1168.6666450979521	48.74438368726509
216	49.99695457613657	10876.454515083577	303.06932813562844	0.0	1173.9121167070443	49.99695457613657
217	50.04911832548539	10926.503633409062	303.9107579144894	0.0	1179.3291104695902	50.04911832548539
218	52.390409235120266	10978.894042644186	307.51845104983795	0.0	1186.0553432672764	52.390409235120266
219	50.57226149231793	11029.466304136498	307.2312527605642	0.0	1189.73540769562	50.57226149231793
220	50.78662719058463	11080.252931327082	308.65955235358257	0.0	1194.9896494358732	50.78662719058463
221	51.676938025823	11131.929869352905	311.62721181349434	0.0	1198.5428105553472	51.676938025823
222	51.624388778730435	11183.554258131637	313.33841591118846	0.0	1202.7684165526287	51.624388778730435
223	50.347136137489315	11233.901394269129	313.9146911194003	0.0	1207.7012112752811	50.347136137489315
224	54.039230429145974	11287.940624698265	317.14735313080115	0.0	1212.8915525373714	54.039230429145974
225	51.24760391429717	11339.188228612566	319.960031157234	0.0	1217.9786829772	51.24760391429717
226	50.924485342110366	11390.112713954677	321.3732215823949	0.0	1222.7746363480776	50.924485342110366
227	49.25766925094233	11439.370383205624	320.7693874860055	0.0	1228.8188022530476	49.25766925094233
228	50.81739518305443	11490.187778388683	322.81405356168494	0.0	1233.24535840963	50.81739518305443
229	50.42004377983614	11540.607822168513	325.62094636234747	0.0	1238.181425733942	50.42004377983614
230	49.403319148015946	11590.01114131653	324.0199405622501	0.0	1242.5704787847108	49.403319148015946
231	49.18953135308737	11639.200672669613	324.76580054688816	0.0	1248.9415138131064	49.18953135308737
232	49.687077450095494	11688.887750119713	326.60759154606757	0.0	1253.528980607303	49.687077450095494
233	51.916180794536366	11740.803930914248	328.39543793662546	0.0	1257.7608317331612	51.916180794536366
234	49.887061965573324	11790.690992879821	330.3755967784692	0.0	1262.11917111053	49.887061965573324
235	48.63101623887899	11839.322009118703	329.31204713918123	0.0	1270.2195417186945	48.63101623887899
236	49.59597505837709	11888.917984177077	330.9483675880235	0.0	1275.6768325623311	49.59597505837709
237	49.46380389150971	11938.381788068582	331.9060914084735	0.0	1281.4506704302783	49.46380389150971
238	51.55193244781422	11989.933720516397	334.8391464923736	0.0	1286.2953974415477	51.55193244781422
239	51.171845098168454	12041.105565614569	337.31253617684104	0.0	1291.2130885006345	51.171845098168454
240	48.47496668297987	12089.58053229755	336.0237522849252	0.0	1295.8061369394322	48.47496668297987
241	50.359121060661046	12139.939653358208	336.5953689696064	0.0	1301.908927095111	50.359121060661046
242	49.31900418425779	12189.25865754247	338.6484076335713	0.0	1308.4268860395277	49.31900418425779
243	51.836671251182835	12241.09532879365	341.79836812362277	0.0	1313.5022668636138	51.836671251182835
244	50.045442331558746	12291.14077112521	340.29312566376893	0.0	1318.1330850608454	50.045442331558746
245	49.88288716398653	12341.023658289194	341.52235426591955	0.0	1322.8579623477242	49.88288716398653
246	50.03987532073796	12391.063533609939	343.0425329727812	0.0	1328.1446740819813	50.03987532073796
247	51.04337202992605	12442.106905639865	346.12065500587573	0.0	1333.763941757919	51.04337202992605
248	52.746000740763165	12494.852906380624	351.9352585818744	0.0	1338.629422463215	52.746000740763165
249	49.68209144448143	12544.534997825105	352.57972282451317	0.0	1342.8827174370106	49.68209144448143
250	49.077455338445155	12593.612453163552	351.16217794068126	0.0	1347.5390855936673	49.077455338445155
251	51.54332995879389	12645.155783122342	353.169596823905	0.0	1352.6004281666637	51.54332995879389
252	51.72317966609333	12696.87896278844	357.3477244494618	0.0	1357.7801818177074	51.72317966609333
253	50.74631669348653	12747.625279481921	358.8674492195566	0.0	1363.303462876644	50.74631669348653
254	49.97449315189362	12797.599772633821	359.878919695042	0.0	1368.417930330145	49.97449315189362
255	50.30005543927745	12847.899828073101	361.6159739476769	0.0	1373.6311047628983	50.30005543927745
256	49.50045465624141	12897.400282729333	363.59293370756865	0.0	1378.9069402113385	49.50045465624141
257	49.64713138129916	12947.047414110639	363.8375169413862	0.0	1385.073729589183	49.64713138129916
258	49.904103006681034	12996.951517117315	365.824451121919	0.0	1390.5183303377285	49.904103006681034
259	49.88853325737433	13046.840050374689	367.19162073304483	0.0	1396.0033607839237	49.88853325737433
260	49.39756928125988	13096.237619655947	368.28983029889173	0.0	1402.2985644706105	49.39756928125988
261	50.696679436254854	13146.934299092209	372.8555749158895	0.0	1408.0978479402859	50.696679436254854
262	49.97987801371245	13196.914177105913	374.1931276208688	0.0	1414.0037890935282	49.97987801371245
263	51.369293525631626	13248.283470631544	375.8792055562674	0.0	1417.6247021105062	51.369293525631626
264	49.48175602326085	13297.765226654816	375.5621519634344	0.0	1421.9231416003959	49.48175602326085
265	49.346504377952705	13347.111731032759	374.0780713552394	0.0	1426.569743281884	49.346504377952705
266	50.28161999060285	13397.393351023367	375.9118165087356	0.0	1431.8804391514352	50.28161999060285
267	48.44254447188398	13445.835895495247	375.61870473584895	0.0	1436.85409250512	48.44254447188398
268	47.59895859895457	13493.434854094203	375.0292146786338	0.0	1442.242178432965	47.59895859895457
269	48.65835330955472	13542.093207403766	374.54667998273203	0.0	1446.731765682418	48.65835330955472
270	50.53345060581862	13592.626658009573	375.1207600007619	0.0	1451.193148843445	50.53345060581862
271	51.48322485979389	13644.109882869372	376.7051667369734	0.0	1456.7053324151932	51.48322485979389
272	48.85292080609585	13692.962803675468	377.81629549197146	0.0	1462.8494135764267	48.85292080609585
273	50.53921914122955	13743.502022816707	380.3242255167175	0.0	1468.0359600157872	50.53921914122955
274	51.026561902039084	13794.52858471874	380.10075674629604	0.0	1473.474787955671	51.026561902039084
275	50.40294617992818	13844.931530898668	380.24833012701004	0.0	1479.351003692197	50.40294617992818
276	51.51165372358751	13896.443184622249	382.5021732702247	0.0	1483.3514362630087	51.51165372358751
277	50.0487479646683	13946.49193258692	383.1434068733135	0.0	1488.1348734716637	50.0487479646683
278	49.267169854735094	13995.759102441656	382.46638815444834	0.0	1493.7069785740343	49.267169854735094
279	48.622456032207474	14044.381558473864	382.9035694885403	0.0	1501.1780445673542	48.622456032207474
280	51.19662370336091	14095.578182177234	385.2465158535893	0.0	1507.1257331780967	51.19662370336091
281	49.32238220164394	14144.900564378866	383.5524433956242	0.0	1511.7290079634597	49.32238220164394
282	50.287338277747494	14195.187902656615	387.28587985616076	0.0	1517.1252300849387	50.287338277747494
283	49.72220869218385	14244.910111348792	388.64593388497286	0.0	1522.8870365440523	49.72220869218385
284	49.74229703598243	14294.652408384785	392.0672192630425	0.0	1527.4912245127985	49.74229703598243
285	49.86910416047833	14344.521512545252	393.8469827388165	0.0	1533.9864700815472	49.86910416047833
286	50.3038951386528	14394.825407683913	393.750406031277	0.0	1538.677987293517	50.3038951386528
287	52.025952463703426	14446.851360147619	397.4770732854803	0.0	1543.320623313495	52.025952463703426
288	48.85388006894239	14495.705240216565	394.51615803982367	0.0	1549.4815977515086	48.85388006894239
289	51.15506217776306	14546.860302394321	397.6189515490003	0.0	1554.3392735442726	51.15506217776306
290	52.43829913440591	14599.298601528724	402.9131270125555	0.0	1559.876206021257	52.43829913440591
291	49.9508480399412	14649.249449568668	406.37458880638974	0.0	1564.940460340231	49.9508480399412
292	49.810780257351844	14699.060229826018	409.1581448207906	0.0	1570.236286276883	49.810780257351844
293	47.87256678399066	14746.932796610012	408.4438371486527	0.0	1575.5174131034403	47.87256678399066
294	49.79517820311385	14796.727974813133	406.44321798163895	0.0	1581.8775180631073	49.79517820311385
295	50.7506726916674	14847.47864750479	409.58503970375284	0.0	1586.7124879338014	50.7506726916674
296	51.756631256684685	14899.235278761478	410.8042585463101	0.0	1590.9501031460645	51.756631256684685
297	50.69515807383	14949.930436835308	410.96221907899513	0.0	1596.2539892743694	50.69515807383
298	52.78906701968192	15002.719503854985	416.46427646163573	0.0	1600.5415374428835	52.78906701968192
299	51.46870294532223	15054.18820680031	420.86995656795875	0.0	1606.4729869563125	51.46870294532223
300	51.26955876460252	15105.457765564915	423.2224211378467	0.0	1611.1753296994327	51.26955876460252
301	51.5473205493718	15157.00508611429	425.3115226020584	0.0	1614.818605164224	51.5473205493718
302	51.663594944059035	15208.668681058336	428.48941252484116	0.0	1619.6678793656574	51.663594944059035
303	48.90885638909254	15257.577537447438	429.0213975639167	0.0	1626.2638737526113	48.90885638909254
304	50.068150731812594	15307.645688179251	430.2283062761485	0.0	1633.0544858290991	50.068150731812594
305	49.02715763203345	15356.672845811276	433.24594006205376	0.0	1637.074861178314	49.02715763203345
306	51.75547460679761	15408.42832041808	436.98402556066793	0.0	1640.80254924473	51.75547460679761
307	50.49679218674787	15458.925112604835	438.25800235963766	0.0	1645.6290937671013	50.49679218674787
308	50.702804090817715	15509.627916695643	440.0709635335727	0.0	1650.565679061775	50.702804090817715
309	50.66236768560734	15560.290284381264	441.30446802754994	0.0	1656.675172682587	50.66236768560734
310	50.79286359019657	15611.083147971452	442.3709589115368	0.0	1660.9796721946075	50.79286359019657
311	50.82249214945991	15661.905640120909	447.13391940917865	0.0	1664.7639515338687	50.82249214945991
312	48.95616341197914	15710.861803532885	445.972646872091	0.0	1669.4897637010893	48.95616341197914
313	49.140885225096035	15760.002688757977	445.7890882536578	0.0	1675.0415886917585	49.140885225096035
314	48.93486699154697	15808.93755574954	445.56023014067273	0.0	1679.0383336550658	48.93486699154697
315	48.823859071207764	15857.761414820741	445.85347166468904	0.0	1685.3987850344806	48.823859071207764
316	49.24227589517786	15907.003690715921	447.42912946979067	0.0	1690.4145599933697	49.24227589517786
317	51.84647246784802	15958.850163183772	452.14954603300174	0.0	1695.269668546792	51.84647246784802
318	47.45989787472212	16006.310061058479	449.92711837938083	0.0	1701.2904102157356	47.45989787472212
319	51.66412636009417	16057.97418741858	452.5284661574126	0.0	1706.5393100509589	51.66412636009417
320	51.813052013754515	16109.787239432333	457.22370461338767	0.0	1712.0918084491625	51.813052013754515
321	50.3405743637712	16160.12781379611	459.80036264103444	0.0	1717.9322787846368	50.3405743637712
322	49.737679672113444	16209.865493468224	458.5466411137623	0.0	1722.4769027600676	49.737679672113444
323	51.18064681060685	16261.046140278837	463.03843587424745	0.0	1727.7114654717268	51.18064681060685
324	49.16499158171102	16310.211131860538	461.89032845495535	0.0	1734.8785143624439	49.16499158171102
325	51.26758492748111	16361.478716788022	464.02295820767324	0.0	1740.2551697277165	51.26758492748111
326	49.361112863681235	16410.839829651704	465.6254746062757	0.0	1746.6570435699923	49.361112863681235
327	49.259714020161375	16460.099543671866	464.5605310038141	0.0	1752.4794685140826	49.259714020161375
328	49.94631023949806	16510.045853911364	466.43296716928614	0.0	1758.8801031848132	49.94631023949806
329	52.40551327354172	16562.451367184898	471.0803854227048	0.0	1763.8376836107313	52.40551327354172
330	53.69375692848092	16616.145124113384	475.009905254808	0.0	1769.222971840465	53.69375692848092
331	51.19281135715811	16667.337935470543	477.40391822485776	0.0	1774.7996458660343	51.19281135715811
332	49.683640571220806	16717.02157604177	478.7688504898969	0.0	1780.3453793343067	49.683640571220806
333	47.4341742881285	16764.45575032989	478.5606829626174	0.0	1786.1873912417523	47.4341742881285
334	49.01734029237182	16813.473090622272	479.26881211776964	0.0	1791.8989340157884	49.01734029237182
335	47.75125501108912	16861.224345633356	477.89897668524793	0.0	1798.1320910848624	47.75125501108912
336	49.58405029670334	16910.808395930057	478.08753486927685	0.0	1802.8896749320656	49.58405029670334
337	50.91849086175262	16961.726886791814	479.1822179441003	0.0	1809.6163159896169	50.91849086175262
338	48.837101604985484	17010.5639883968	478.3641671572018	0.0	1815.4257282974136	48.837101604985484
339	48.512814015183125	17059.07680241198	476.465880373347	0.0	1821.0925848032462	48.512814015183125
340	50.82401432018289	17109.90081673216	478.68423724793143	0.0	1825.2249259447321	50.82401432018289
341	49.400637768193356	17159.301454500353	479.166441233637	0.0	1830.1638327950973	49.400637768193356
342	51.168365398828335	17210.469819899186	479.69204428006094	0.0	1834.6090849240602	51.168365398828335
343	48.870941516774465	17259.340761415955	477.681545308856	0.0	1839.9229489308464	48.870941516774465
344	49.13256850687598	17308.473329922836	477.90062967125994	0.0	1845.037312967156	49.13256850687598
345	51.137925472056516	17359.61125539489	480.8126976253541	0.0	1850.0637874494184	51.137925472056516
346	51.803180462978496	17411.414435857863	485.66698503613094	0.0	1855.5201370299665	51.803180462978496
347	50.4345352663897	17461.848971124262	486.87672331832255	0.0	1860.304375567574	50.4345352663897
348	48.704497066740714	17510.553468191	485.3843241981312	0.0	1865.5461179620022	48.704497066740714
349	49.462285272299454	17560.015753463304	486.0138681413677	0.0	1871.2792408067892	49.462285272299454
350	50.725027610506956	17610.740781073808	487.3573942402953	0.0	1876.1632378978354	50.725027610506956
351	50.49606227718515	17661.236843350987	487.35879451795785	0.0	1881.5836496487386	50.49606227718515
352	47.38864528188066	17708.62548863286	487.08923502774866	0.0	1887.0699608277794	47.38864528188066
353	49.58237793280939	17758.207866565677	488.473726419812	0.0	1893.6248747406723	49.58237793280939
354	49.96803717801938	17808.1759037437	488.0745533394862	0.0	1899.1324410562593	49.96803717801938
355	50.82807955585704	17859.003983299554	490.54876451800317	0.0	1905.1769475354415	50.82807955585704
356	50.66041288484247	17909.66439618439	493.74050221055353	0.0	1911.5483685361332	50.66041288484247
357	46.995249015470996	17956.65964519987	492.25040534957776	0.0	1918.1549242552935	46.995249015470996
358	52.620243358968736	18009.279888558838	493.3737944644467	0.0	1923.496138173701	52.620243358968736
359	49.99942291594078	18059.279311474776	494.7217783659975	0.0	1928.7262810758334	49.99942291594078
360	48.08586380775757	18107.365175282543	494.44836305826493	0.0	1936.0215083988455	48.08586380775757
361	51.57254052989451	18158.937715812426	497.8591253308396	0.0	1942.1692060829973	51.57254052989451
362	50.38660997606532	18209.324325788504	500.3876883480345	0.0	1947.0557887691057	50.38660997606532
363	49.206544152567176	18258.53086994106	500.1383842188126	0.0	1953.5889182284293	49.206544152567176
364	50.58972435605452	18309.120594297117	500.0206791231978	0.0	1958.2855995450411	50.58972435605452
365	50.543820865082914	18359.66441516221	501.62799437161993	0.0	1962.772138561543	50.543820865082914
366	49.171014633837565	18408.835429796036	502.77932099446565	0.0	1968.7173958813887	49.171014633837565
367	50.438539214955306	18459.273969010992	508.24832790468935	0.0	1975.0383809724426	50.438539214955306
368	48.86418240897686	18508.138151419964	510.04619330711745	0.0	1979.5070658398106	48.86418240897686
369	50.34555593385553	18558.48370735382	512.379807586825	0.0	1984.582108800746	50.34555593385553
370	52.275808639001006	18610.75951599282	513.0459691970516	0.0	1988.9734670501593	52.275808639001006
371	50.623451129658655	18661.382967122492	513.6151137301531	0.0	1994.0683612316504	50.623451129658655
372	50.07024775923398	18711.45321488172	513.7189564718087	0.0	2000.1446593759201	50.07024775923398
373	49.253984012894755	18760.70719889461	514.2309553126929	0.0	2004.2271002121818	49.253984012894755
374	50.12759019102048	18810.834789085642	513.4408874433034	0.0	2008.138291020898	50.12759019102048
375	49.422076401978664	18860.25686548761	514.5956217672399	0.0	2013.5101948889355	49.422076401978664
376	50.194185931773724	18910.451051419383	514.4034964257315	0.0	2018.5093814463614	50.194185931773724
377	50.453421938199746	18960.904473357597	515.9536070441188	0.0	2024.040220329907	50.453421938199746
378	49.8849306998447	19010.789404057432	519.8914524699829	0.0	2029.103828494662	49.8849306998447
379	50.75370701807298	19061.54311107551	522.7318919783986	0.0	2034.0458902406394	50.75370701807298
380	50.40949702082204	19111.952608096326	521.7351351552878	0.0	2038.2276797854774	50.40949702082204
381	50.91667348900356	19162.86928158534	522.9727526585259	0.0	2043.5550041546965	50.91667348900356
382	48.46850937456605	19211.337790959897	522.2517735935849	0.0	2049.2035438937355	48.46850937456605
383	50.126269103140565	19261.464060063045	523.3412815486275	0.0	2054.8549423506333	50.126269103140565
384	49.65920611092428	19311.12326617396	521.7174152346914	0.0	2060.361401909303	49.65920611092428
385	52.141899895931275	19363.26516606989	522.971264551108	0.0	2065.997557569072	52.141899895931275
386	48.771619317174356	19412.036785387063	524.2166976895822	0.0	2072.3419286829553	48.771619317174356
387	52.74774741122458	19464.78453279829	528.5813720011253	0.0	2077.3217567091815	52.74774741122458
388	50.0500073161857	19514.834540114476	529.395728607737	0.0	2083.8251367020175	50.0500073161857
389	49.13892391694299	19563.973464031416	530.3710751047382	0.0	2088.3885529287336	49.13892391694299
390	48.40197455147249	19612.375438582887	529.2273439739696	0.0	2092.6150939116405	48.40197455147249
391	48.65048843862744	19661.02592702152	528.488877642903	0.0	2098.235345961701	48.65048843862744
392	50.68462528684785	19711.710552308366	530.8102162535608	0.0	2101.69862720716	50.68462528684785
393	51.94642288929797	19763.656975197653	535.05603921287	0.0	2107.20599561648	51.94642288929797
394	51.61421854897944	19815.271193746645	538.8817648500034	0.0	2112.2023351233565	51.61421854897944
395	48.70392869907505	19863.975122445725	538.589150301624	0.0	2116.964359997895	48.70392869907505
396	50.98709315061544	19914.962215596333	540.4577330963275	0.0	2121.391641040888	50.98709315061544
397	50.39893841228849	19965.36115400862	543.5661488361937	0.0	2127.0135323571703	50.39893841228849
398	50.00732680832618	20015.368480816953	541.9150436890186	0.0	2132.730794937534	50.00732680832618
399	51.51842493044831	20066.8869057474	544.1227136607698	0.0	2139.2739542402855	51.51842493044831
400	50.883059539255854	20117.769965286647	546.9399425356424	0.0	2144.4836295520518	50.883059539255854
401	50.88694552260974	20168.656910809263	548.5754766266468	0.0	2149.856641749487	50.88694552260974
402	49.39381408734668	20218.05072489661	551.3320118280816	0.0	2156.2759514156733	49.39381408734668
403	47.833971353660466	20265.88469625027	550.5142965977097	0.0	2162.4777355735746	47.833971353660466
404	49.09760420892494	20314.982300459196	552.169702501806	0.0	2168.58686051422	49.09760420892494
405	49.87115808541446	20364.853458544614	552.7179949613426	0.0	2174.6131365388587	49.87115808541446
406	49.421453741389996	20414.274912286004	553.4254355724281	0.0	2180.4859668505096	49.421453741389996
407	52.498533909593725	20466.773446195588	557.0372660775937	0.0	2185.947388333556	52.498533909593725
408	47.57571882263371	20514.34916501823	555.0877640832393	0.0	2192.309859672486	47.57571882263371
409	49.42262224426678	20563.771787262493	555.5690654791866	0.0	2198.1488770864935	49.42262224426678
410	50.248356050299705	20614.0201433128	558.6639154728873	0.0	2203.804448537273	50.248356050299705
411	51.11275647979683	20665.132899792596	562.0042552967927	0.0	2208.9430652160036	51.11275647979683
412	50.669036364959275	20715.80193615755	564.7876302736762	0.0	2213.300699062224	50.669036364959275
413	50.015501915245174	20765.8174380728	567.1556281668204	0.0	2218.3552476007244	50.015501915245174
414	50.220465030761076	20816.037903103548	569.6391076233516	0.0	2223.7050677416337	50.220465030761076
415	50.340162652763176	20866.37806575632	572.3628600200171	0.0	2228.8627710114847	50.340162652763176
416	50.34313025501292	20916.721196011335	574.6981447001123	0.0	2234.0335487699413	50.34313025501292
417	50.45385453011799	20967.17505054145	573.72086304074	0.0	2239.9954835910867	50.45385453011799
418	50.72507712797696	21017.90012766943	576.6958016781603	0.0	2245.44647773393	50.72507712797696
419	50.06220583267707	21067.9623335021	577.879118750272	0.0	2250.714800132099	50.06220583267707
420	53.11327599852302	21121.075609500636	581.7746185560416	0.0	2258.184383843318	53.11327599852302
421	48.7262612124672	21169.80187071309	580.8367601131489	0.0	2264.2402925486554	48.7262612124672
422	48.2693472364974	21218.07121794959	581.8442871362463	0.0	2269.0481875074906	48.2693472364974
423	49.3298902207865	21267.40110817038	582.8819716152041	0.0	2275.2935118612163	49.3298902207865
424	50.327142378013335	21317.728250548393	582.9209378293466	0.0	2282.2070060293927	50.327142378013335
425	51.93563428902906	21369.663884837424	586.6451004690016	0.0	2286.9662957783244	51.93563428902906
426	51.50826995425503	21421.172154791675	590.6006687181062	0.0	2291.946832297337	51.50826995425503
427	50.95157586626416	21472.123730657942	593.3320224975502	0.0	2296.6959421297943	50.95157586626416
428	50.318309148464806	21522.4420398064	597.1967365556234	0.0	2300.859603990216	50.318309148464806
429	49.010175530934504	21571.452215337344	597.23036066118	0.0	2306.85576857112	49.010175530934504
430	52.92204277428509	21624.374258111624	601.2510642537645	0.0	2312.462727395985	52.92204277428509
431	49.787025336201765	21674.16128344783	601.1481821672917	0.0	2317.562563619548	49.787025336201765
432	53.9590334043499	21728.120316852182	605.419362767102	0.0	2322.5120068774627	53.9590334043499
433	50.39830884984051	21778.518625702014	607.5883787240583	0.0	2329.9407110002608	50.39830884984051
434	50.14789834797352	21828.666524049993	608.330454151013	0.0	2335.6013163728103	50.14789834797352
435	49.54942187998476	21878.215945929973	608.4237592645818	0.0	2341.9914530127517	49.54942187998476
436	52.22674815516677	21930.44269408515	611.237897758472	0.0	2347.55983705779	52.22674815516677
437	49.593638365265335	21980.036332450403	612.7431295615223	0.0	2353.631267914765	49.593638365265335
438	52.76444908481757	22032.80078153522	618.1490951293364	0.0	2356.7027813752957	52.76444908481757
439	51.440044005536286	22084.240825540754	619.7432400578118	0.0	2362.320201152301	51.440044005536286
440	51.405745515103625	22135.64657105586	620.9409402289346	0.0	2368.769807834532	51.405745515103625
441	52.62566907709619	22188.272240132956	625.2183707869497	0.0	2374.809080617051	52.62566907709619
442	49.98607262492023	22238.258312757876	627.6255843866613	0.0	2381.0577157210837	49.98607262492023
443	52.39527045430885	22290.653583212203	630.9834792420536	0.0	2385.7198707450693	52.39527045430885
444	50.250068874829765	22340.903652087014	634.1280202033398	0.0	2391.195868177375	50.250068874829765
445	50.47292800670738	22391.376580093718	635.2628109174278	0.0	2396.5807636613567	50.47292800670738
446	49.53577852427125	22440.912358618007	636.4830938449521	0.0	2400.7324260467926	49.53577852427125
447	50.43041925496672	22491.34277787296	638.8588399274747	0.0	2404.6411067581485	50.43041925496672
448	47.981884198253375	22539.32466207122	636.7590495531429	0.0	2409.109483341084	47.981884198253375
449	50.22969915103793	22589.554361222246	638.3632473733902	0.0	2414.9496873536827	50.22969915103793
450	51.4218409897679	22640.976202212027	641.4536624507474	0.0	2419.2898686068834	51.4218409897679
451	52.85273754600026	22693.82893975803	646.4570099784095	0.0	2423.6400097458486	52.85273754600026
452	49.32140069068478	22743.150340448712	645.2078111351141	0.0	2429.0858782739156	49.32140069068478
453	49.6442710802741	22792.79461152898	647.8501463744268	0.0	2433.9530056135527	49.6442710802741
454	49.803361279535636	22842.597972808522	649.1656303183514	0.0	2437.8932253707735	49.803361279535636
455	50.1005818345699	22892.69855464309	651.4901876881765	0.0	2442.9816641809134	50.1005818345699
456	52.34853236080156	22945.04708700389	656.862470302619	0.0	2448.090756560812	52.34853236080156
457	50.023811503060024	22995.07089850694	658.2178853975608	0.0	2452.468651888756	50.023811503060024
458	50.39965528537252	23045.47055379231	660.75256440511	0.0	2457.040519187441	50.39965528537252
459	49.99170094618138	23095.462254738504	660.8128242784021	0.0	2463.4649736673173	49.99170094618138
460	49.94676415406386	23145.409018892573	659.9500713279142	0.0	2469.306037208286	49.94676415406386
461	49.90006909991744	23195.309087992482	661.6220681068115	0.0	2476.501776745413	49.90006909991744
462	49.00739019587497	23244.31647818836	662.6083362827188	0.0	2482.436113909788	49.00739019587497
463	50.23245862420089	23294.548936812567	662.8829472106316	0.0	2487.679232884326	50.23245862420089
464	48.41674998258237	23342.965686795134	661.9488206932314	0.0	2492.7401278909515	48.41674998258237
465	51.43882259756749	23394.404509392716	660.5272512763044	0.0	2496.62072854017	51.43882259756749
466	50.3308201477543	23444.735329540457	661.4611972457649	0.0	2501.579569676072	50.3308201477543
467	50.051325262844614	23494.78665480332	660.8948034344136	0.0	2507.3898490145175	50.051325262844614
468	48.607274439857484	23543.39392924317	661.3558329724116	0.0	2510.9919885784866	48.607274439857484
469	49.06151417847882	23592.45544342164	661.4694537146452	0.0	2518.0834385437747	49.06151417847882
470	48.83986576101012	23641.295309182653	660.9126924116638	0.0	2523.763955104762	48.83986576101012
471	51.083970706728415	23692.37927988939	663.2266840145303	0.0	2528.60313818423	51.083970706728415
472	49.791394349872526	23742.170674239263	664.3455706317292	0.0	2533.8988796615536	49.791394349872526
473	49.54459535335753	23791.71526959262	666.8752987218188	0.0	2537.6880484323715	49.54459535335753
474	48.68683288422183	23840.402102476837	666.9328454242001	0.0	2542.9985718136813	48.68683288422183
475	51.2593542439101	23891.661456720743	665.3583124878905	0.0	2549.9707530543565	51.2593542439101
476	48.322214345778704	23939.98367106653	667.2189749659093	0.0	2556.739688491135	48.322214345778704
477	51.74218309820893	23991.72585416473	670.9944035344614	0.0	2562.5266536488075	51.74218309820893
478	53.5336462875157	24045.259500452255	673.5705872365586	0.0	2568.004187906923	53.5336462875157
479	50.08368195599808	24095.343182408247	674.6000349377338	0.0	2573.6440064372946	50.08368195599808
480	50.99594126831321	24146.33912367656	678.2907909947639	0.0	2580.222564013755	50.99594126831321
481	50.69835131505721	24197.03747499162	681.7222797272085	0.0	2584.8369956180145	50.69835131505721
482	49.127031200077454	24246.164506191693	680.3234846714482	0.0	2590.052641053284	49.127031200077454
483	50.17292290363824	24296.337429095336	682.1042039052143	0.0	2594.24171362506	50.17292290363824
484	48.28098243594211	24344.61841153128	678.528507918678	0.0	2600.165661916076	48.28098243594211
485	50.69916925729282	24395.317580788567	681.0991722918797	0.0	2605.1674984315546	50.69916925729282
486	50.81067240097485	24446.128253189545	683.9415595803174	0.0	2610.141708946218	50.81067240097485
487	49.09529736880952	24495.22355055836	685.395663122171	0.0	2617.0927071506294	49.09529736880952
488	52.3808826322589	24547.604433190623	687.7471722151022	0.0	2621.102749359637	52.3808826322589
489	49.692854552232646	24597.29728774286	690.2481323979363	0.0	2626.419211173807	49.692854552232646
490	49.8270818619093	24647.124369604764	692.2342789244573	0.0	2631.816849145736	49.8270818619093
491	52.82790480875863	24699.95227441351	696.8820433044268	0.0	2636.817022673924	52.82790480875863
492	48.407231172731706	24748.35950558626	697.8762417123945	0.0	2643.054950637714	48.407231172731706
493	50.50193429349659	24798.861439879747	700.7137031030834	0.0	2649.6690564820315	50.50193429349659
494	51.27748269550813	24850.13892257526	701.0241160278536	0.0	2654.657618621163	51.27748269550813
495	49.71903008177605	24899.85795265703	701.1867698586808	0.0	2661.364833881603	49.71903008177605
496	47.104840667625474	24946.962793324663	700.8991194502975	0.0	2667.6402710962525	47.104840667625474
497	49.15196374861116	24996.11475707326	703.0781800570164	0.0	2672.849778225038	49.15196374861116
498	51.83827796499428	25047.953035038267	705.5837520749284	0.0	2677.348786634107	51.83827796499428
499	47.87802444125418	25095.831059479508	703.6186102071811	0.0	2683.524695926389	47.87802444125418
500	53.736719178193326	25149.567778657703	709.8995868412234	0.0	2688.0903737861872	53.736719178193326
501	51.99458920574535	25201.56236786345	713.7522803568464	0.0	2692.375405131224	51.99458920574535
502	47.444933879432135	25249.00730174288	713.7522803568464	0.0	2697.800488208845	47.444933879432135
