task	reward	total_reward	total_regret	relative	total_reward_dev	joules
0	72.48112081986741	72.48112081986741	2.104187900419808	0.0	15.374695641662036	72.48112081986741
1	73.66652847475251	146.14764929461995	3.953430257269864	0.0	20.290556657179383	73.66652847475251
2	74.2918454537558	220.4394947483757	8.076835064770883	0.0	27.546559676478704	74.2918454537558
3	73.89248110344703	294.3319758518228	10.620184986443569	0.0	32.020304595230286	73.89248110344703
4	74.20901284690031	368.540988698723	13.025628187434556	0.0	34.57208541600618	74.20901284690031
5	77.66123403638097	446.2022227351039	18.918784663338624	0.0	45.64511488704761	77.66123403638097
6	77.02319495602143	523.2254176911254	24.291377368954066	0.0	53.230058412155635	77.02319495602143
7	72.52092145745627	595.7463391485816	26.343458826098285	0.0	54.31202667991015	72.52092145745627
8	73.06878004135132	668.8151191899327	28.21564185241795	0.0	54.42379766011665	73.06878004135132
9	72.55697577157228	741.3720949615054	28.964108286166447	0.0	53.58137397120578	72.55697577157228
10	74.1570148216856	815.5291097831911	32.146481723670846	0.0	57.27527337644442	74.1570148216856
11	73.84808222623577	889.3771920094268	33.92468910824179	0.0	60.501768626987136	73.84808222623577
12	72.65028828949617	962.0274802989226	36.59093112049168	0.0	62.020081401696125	72.65028828949617
13	71.52464236926535	1033.5521226681883	37.367204447000084	0.0	62.79308746032421	71.52464236926535
14	73.13030671045404	1106.6824293786422	38.81976524309284	0.0	64.53892586537543	73.13030671045404
15	74.71680069038352	1181.3992300690259	43.18350028297069	0.0	65.05369788706616	74.71680069038352
16	73.83002969642872	1255.2292597654546	45.98745588747524	0.0	67.58779365843675	73.83002969642872
17	71.41100683233414	1326.6402665977882	47.20013783629119	0.0	67.42768710444989	71.41100683233414
18	74.47615177472808	1401.1164183725155	50.83331749118737	0.0	68.2177886121139	74.47615177472808
19	72.90659784820865	1474.0230162207254	52.893095811267955	0.0	71.09547705219678	72.90659784820865
20	72.83952542138616	1546.8625416421114	55.18540441086202	0.0	72.51277819940677	72.83952542138616
21	73.55999422898671	1620.4225358710971	56.55720131918784	0.0	75.53495258845999	73.55999422898671
22	72.83691247157421	1693.2594483426722	58.28506255075217	0.0	76.37949571383392	72.83691247157421
23	74.6167006001315	1767.8761489428039	60.88491464975825	0.0	78.46075583781312	74.6167006001315
24	73.5031519505229	1841.379300893327	62.31014580259884	0.0	78.5954746309572	73.5031519505229
25	75.509164652361	1916.888465545687	66.31381976251878	0.0	82.35194746102441	75.509164652361
26	73.83533176732134	1990.7237973130111	69.01208016191018	0.0	82.80473762976325	73.83533176732134
27	72.59505546426452	2063.3188527772727	68.96567859943688	0.0	81.55417896260425	72.59505546426452
28	71.90026046865778	2135.219113245931	70.46752877027596	0.0	83.82670877237706	71.90026046865778
29	77.4867745213455	2212.705887767276	75.38371176157538	0.0	88.6083623503583	77.4867745213455
30	72.371922402763	2285.0778101700394	76.98922123244414	0.0	88.9035287095262	72.371922402763
31	73.67417175380338	2358.7519819238437	79.0555052564507	0.0	90.4496113767845	73.67417175380338
32	74.01269888573125	2432.7646808095747	82.33096306891522	0.0	91.37057679116168	74.01269888573125
33	75.93068203007262	2508.6953628396477	87.93700454072885	0.0	96.29190946280043	75.93068203007262
34	70.96117054278277	2579.6565333824306	87.44783289350333	0.0	96.27572541447564	70.96117054278277
35	71.87338686190893	2651.529920244338	88.67016484277502	0.0	95.9580152119884	71.87338686190893
36	73.31754861839826	2724.847468862738	90.42385487761345	0.0	96.38149494987555	73.31754861839826
37	74.03856780837765	2798.8860366711156	94.53179249061006	0.0	100.87614766799494	74.03856780837765
38	72.49533615642468	2871.381372827538	96.3257482525049	0.0	101.36508532081578	72.49533615642468
39	72.3700006182312	2943.751373445773	98.33095577868232	0.0	105.218342958698	72.3700006182312
40	72.18562484919323	3015.936998294964	99.81028769576507	0.0	106.07911573809474	72.18562484919323
41	72.49641212123893	3088.4334104162026	100.47509938938241	0.0	106.65502859833536	72.49641212123893
42	74.99902058644614	3163.4324310026486	105.61869162073823	0.0	108.69090316522218	74.99902058644614
43	71.45985942020573	3234.8922904228552	105.33612963547412	0.0	109.85780575184222	71.45985942020573
44	75.71413540071669	3310.6064258235706	111.10619056094608	0.0	115.09804661680343	75.71413540071669
45	71.02227601493709	3381.6287018385074	111.66892235563401	0.0	116.40940986801236	71.02227601493709
46	75.03768482467176	3456.666386663178	115.7516938745009	0.0	114.43341756540276	75.03768482467176
47	70.86156396331761	3527.527950626498	115.99539850641159	0.0	114.54515033074377	70.86156396331761
48	72.89110234277206	3600.419052969269	119.18778228987712	0.0	111.30158121900803	72.89110234277206
49	72.99976301679453	3673.418815986063	121.57978677116063	0.0	112.62304828142075	72.99976301679453
50	72.70748122162502	3746.126297207689	123.03178040613652	0.0	114.05297882538802	72.70748122162502
51	74.96944209109576	3821.0957392987834	126.57087871851893	0.0	114.65955078951019	74.96944209109576
52	71.04722382404363	3892.14296312283	125.73727995109166	0.0	114.7339521492582	71.04722382404363
53	73.42926561668665	3965.5722287395165	127.81143648228819	0.0	114.79201044165382	73.42926561668665
54	72.85534684543317	4038.4275755849476	129.30008886390507	0.0	114.35761282658633	72.85534684543317
55	74.88898759676478	4113.316563181712	132.5839890945695	0.0	118.5482665745392	74.88898759676478
56	72.17554200819467	4185.492105189907	133.91158538647664	0.0	122.45843321358568	72.17554200819467
57	71.19374356641008	4256.685848756317	134.72245746213946	0.0	123.76837872648957	71.19374356641008
58	71.49041472836211	4328.176263484679	134.98862294630487	0.0	124.98144111543557	71.49041472836211
59	73.3927907796738	4401.569054264356	136.63199105516225	0.0	124.07121157780236	73.3927907796738
60	71.81235799298003	4473.381412257332	137.63173408459997	0.0	124.44731788991882	71.81235799298003
61	71.80621070293735	4545.187622960273	139.5128969484801	0.0	125.63674189722298	71.80621070293735
62	73.04721836695812	4618.23484132723	141.87717203979108	0.0	125.70551783125848	73.04721836695812
63	73.118335216983	4691.353176544212	143.8907567715181	0.0	128.47452825432364	73.118335216983
64	72.79228939411028	4764.145465938322	145.2145064182285	0.0	127.36703894307654	72.79228939411028
65	70.60440122519448	4834.749867163515	144.69573265871725	0.0	128.42049118320173	70.60440122519448
66	76.39057810721248	4911.140445270728	150.12850735138676	0.0	127.98860483819223	76.39057810721248
67	73.6620733639007	4984.802518634631	153.0698338694741	0.0	128.58889881216533	73.6620733639007
68	74.80341180751674	5059.605930442147	156.82868164671683	0.0	130.06697364203362	74.80341180751674
69	73.14498052877036	5132.750910970917	158.12105706020444	0.0	130.75929000448448	73.14498052877036
70	75.05244758712075	5207.803358558041	161.49241233694792	0.0	133.40394695929066	75.05244758712075
71	71.89117344246245	5279.6945320005025	161.2786695091427	0.0	135.50794887064797	71.89117344246245
72	75.3832263447283	5355.07775834523	165.90728597633867	0.0	134.6117146623282	75.3832263447283
73	73.78535693014622	5428.863115275373	168.2898462888636	0.0	135.93391324296343	73.78535693014622
74	72.48231064568708	5501.345425921061	169.1332878282539	0.0	133.68920797483966	72.48231064568708
75	72.63864721708198	5573.984073138145	169.4341810114074	0.0	132.73702686044177	72.63864721708198
76	72.61912308079914	5646.603196218943	170.71010808471254	0.0	133.49787528788082	72.61912308079914
77	79.09220255331363	5725.695398772256	178.41953573652722	0.0	137.57764978429242	79.09220255331363
78	74.75083700122197	5800.446235773478	183.02594099351157	0.0	138.629640127227	74.75083700122197
79	72.11939390220715	5872.565629675686	183.69438853099217	0.0	137.02937140153918	72.11939390220715
80	74.74539733033211	5947.311027006021	187.76859886291902	0.0	138.3373087543913	74.74539733033211
81	74.13838264364756	6021.449409649666	191.7905918030054	0.0	142.5896897621327	74.13838264364756
82	72.27086450999566	6093.720274159658	191.87530884143382	0.0	141.10376891438418	72.27086450999566
83	72.77259384319893	6166.492868002859	192.96594527998448	0.0	141.1668226208862	72.77259384319893
84	71.03445943573952	6237.5273274386	194.41137848647614	0.0	141.49982455893897	71.03445943573952
85	73.46016885153617	6310.987496290139	196.63948749673582	0.0	142.0920433973767	73.46016885153617
86	73.99628348664956	6384.983779776788	200.23020042905492	0.0	142.39380305459582	73.99628348664956
87	73.31175952364292	6458.29553930043	202.48115744416853	0.0	145.33320633718233	73.31175952364292
88	71.65772787113997	6529.9532671715715	202.3624070876596	0.0	145.99926731520662	71.65772787113997
89	70.71279485861564	6600.666062030184	201.9177221883981	0.0	145.15531937932815	70.71279485861564
90	73.60742611075798	6674.273488140941	204.7153226844464	0.0	145.36262216440053	73.60742611075798
91	73.65069577938864	6747.924183920328	206.55909256161743	0.0	144.76507986708256	73.65069577938864
92	70.85886539427437	6818.783049314604	205.70624562454205	0.0	144.522086519038	70.85886539427437
93	73.29235618971404	6892.075405504319	208.11144703768824	0.0	146.6445050073635	73.29235618971404
94	72.98334239708838	6965.058747901404	209.4197300307292	0.0	149.26656771819432	72.98334239708838
95	74.08607603965737	7039.144823941066	212.2416172808752	0.0	151.60616933053228	74.08607603965737
96	70.21629893309523	7109.36112287416	210.87305450017342	0.0	152.86882671197137	70.21629893309523
97	73.28546148221177	7182.646584356373	212.56717989194036	0.0	154.5923837962434	73.28546148221177
98	75.50988783617554	7258.156472192551	218.13486482366807	0.0	157.48123694938118	75.50988783617554
99	74.10801296245064	7332.264485155	222.1151766603199	0.0	155.99982280555935	74.10801296245064
100	71.83929074986455	7404.103775904862	222.85573584010595	0.0	156.1448730393737	71.83929074986455
101	74.81348488927804	7478.917260794138	226.74236167702392	0.0	159.28002613398178	74.81348488927804
102	72.52259077240123	7551.439851566542	227.48838431978535	0.0	160.13517501242893	72.52259077240123
103	74.1498280550188	7625.589679621563	230.55816157220565	0.0	160.7877032793255	74.1498280550188
104	74.29336818304482	7699.883047804604	234.03816250053183	0.0	161.1442981285683	74.29336818304482
105	71.7344384040562	7771.617486208662	232.9400979954184	0.0	160.71019940103167	71.7344384040562
106	74.10227844137802	7845.71976465004	236.06656752730393	0.0	161.4907025947837	74.10227844137802
107	73.92696391219303	7919.646728562231	238.2022933725061	0.0	161.60451162862813	73.92696391219303
108	72.40076241449056	7992.0474909767245	238.11904247821124	0.0	159.75429878405896	72.40076241449056
109	74.97315722098524	8067.02064819771	242.67428399352215	0.0	156.99563412453662	74.97315722098524
110	74.22054055849544	8141.241188756203	244.67136296022974	0.0	155.82502514213348	74.22054055849544
111	74.28113030324641	8215.522319059455	248.30296302156756	0.0	155.38186079728942	74.28113030324641
112	75.22841060433267	8290.750729663783	251.0077279326431	0.0	154.72186101431558	75.22841060433267
113	78.25204823742384	8369.002777901205	258.5354413716608	0.0	158.2025027097866	78.25204823742384
114	75.29548753478997	8444.298265435998	263.19428285438255	0.0	165.10477142581672	75.29548753478997
115	73.18319000694349	8517.48145544294	265.0656893395714	0.0	166.90992479509202	73.18319000694349
116	72.11512912479446	8589.596584567736	265.03387520859695	0.0	167.15542218704667	72.11512912479446
117	74.34963488151335	8663.946219449248	268.3096056630025	0.0	166.538369502911	74.34963488151335
118	71.5633913066178	8735.50961075587	268.8957700580073	0.0	167.35439597423138	71.5633913066178
119	73.25981955809486	8808.769430313961	271.9119856510839	0.0	169.82905912209526	73.25981955809486
120	74.1315131805187	8882.900943494478	275.90053063481776	0.0	169.75721641719457	74.1315131805187
121	75.35169420021838	8958.252637694697	279.8953995414025	0.0	168.36896315199414	75.35169420021838
122	72.56901665507897	9030.821654349777	281.0137977659762	0.0	167.7725374187527	72.56901665507897
123	74.1592689767211	9104.980923326504	284.9298164704798	0.0	167.6087152777191	74.1592689767211
124	72.68349151529253	9177.664414841789	287.0880197733178	0.0	169.8095445025533	72.68349151529253
125	74.01189604538288	9251.676310887175	289.2030007383634	0.0	171.9753055553487	74.01189604538288
126	72.92518949164695	9324.60150037882	291.50393422619607	0.0	170.61863382793584	72.92518949164695
127	74.83276163236539	9399.434262011187	295.19649494140486	0.0	174.45046717861248	74.83276163236539
128	73.40522753893283	9472.839489550117	297.388908329819	0.0	174.93071607549496	73.40522753893283
129	74.0572960554947	9546.896785605613	300.795318911577	0.0	176.3005405822631	74.0572960554947
130	74.4950972219877	9621.3918828276	303.8177435030182	0.0	179.10236954917445	74.4950972219877
131	70.69099973993883	9692.082882567543	303.90112232554793	0.0	178.6023359559435	70.69099973993883
132	72.34115524954188	9764.42403781708	305.3752268761468	0.0	178.03508548243457	72.34115524954188
133	71.99615299752377	9836.420190814606	307.18389494293507	0.0	178.44272041471183	71.99615299752377
134	74.02435765150997	9910.444548466116	309.527100964987	0.0	178.68430153371537	74.02435765150997
135	73.26417440452349	9983.708722870637	311.1621536046699	0.0	180.4920322343174	73.26417440452349
136	74.20254615565948	10057.911269026303	315.326824674981	0.0	178.68607913626448	74.20254615565948
137	72.81515053413409	10130.726419560435	317.2861414716037	0.0	180.4370585770526	72.81515053413409
138	73.29532471071182	10204.021744271146	320.0376126373399	0.0	181.93953835382578	73.29532471071182
139	74.15674355874268	10278.178487829891	322.89120105786253	0.0	181.54442958270968	74.15674355874268
140	70.02474540855518	10348.20323323844	322.31181402507065	0.0	182.80551451243048	70.02474540855518
141	72.88649975675278	10421.089732995197	323.0722655871682	0.0	183.4802843656556	72.88649975675278
142	73.23960990731395	10494.329342902505	324.8433846866693	0.0	184.05506186158658	73.23960990731395
143	75.64716521595436	10569.976508118461	330.6601256820367	0.0	183.34677433063803	75.64716521595436
144	73.68291377184691	10643.659421890308	331.6913061660678	0.0	186.02135887427866	73.68291377184691
145	71.35927055524493	10715.018692445556	331.9532773758876	0.0	186.69492303044984	71.35927055524493
146	74.63269820340797	10789.651390648965	336.6181913607294	0.0	186.5841525221434	74.63269820340797
147	73.6117159507664	10863.263106599732	340.5650270516551	0.0	188.6114871285914	73.6117159507664
148	74.08156281112927	10937.344669410859	344.3184677859151	0.0	189.37995687151223	74.08156281112927
149	72.98746929418314	11010.332138705042	347.0993801873077	0.0	187.35950233833594	72.98746929418314
150	75.13442013175768	11085.466558836803	349.7906951366281	0.0	187.65647003334698	75.13442013175768
151	72.44365430432687	11157.910213141127	350.4073600004673	0.0	187.35462659281268	72.44365430432687
152	77.30619379913638	11235.216406940264	357.05320105100793	0.0	186.69691843296462	77.30619379913638
153	73.68031232235755	11308.896719262617	358.5200898678559	0.0	188.5377818656756	73.68031232235755
154	74.03938111292385	11382.936100375546	361.08767976231064	0.0	187.78343005454087	74.03938111292385
155	73.2771849615589	11456.213285337097	363.7378131777317	0.0	190.9481772667476	73.2771849615589
156	70.97351697408894	11527.186802311187	363.7392234508467	0.0	189.25940919376015	70.97351697408894
157	72.07735133302681	11599.264153644212	364.8194771910363	0.0	189.36986939888263	72.07735133302681
158	75.56024514792985	11674.824398792147	368.9971338486993	0.0	192.14038533378758	75.56024514792985
159	73.56012721985985	11748.384526012007	371.38616620333084	0.0	194.77668497879984	73.56012721985985
160	72.62608613861912	11821.01061215063	372.9722280773086	0.0	196.53872362829316	72.62608613861912
161	74.82357075049018	11895.834182901117	375.7363941744123	0.0	197.70858706429843	74.82357075049018
162	72.70312209519516	11968.537304996307	376.46481777373333	0.0	199.5896613846157	72.70312209519516
163	73.2843295618697	12041.82163455818	378.72070431462396	0.0	202.48764993835292	73.2843295618697
164	72.50579584886133	12114.327430407042	380.6507923575248	0.0	202.60105455645464	72.50579584886133
165	72.12899179418807	12186.456422201227	381.46753275898527	0.0	201.59515312348142	72.12899179418807
166	71.76258806481638	12258.21901026605	381.954222025965	0.0	200.99535424962806	71.76258806481638
167	73.36482923322775	12331.583839499277	384.317045857469	0.0	200.94572920743005	73.36482923322775
168	72.9327553363228	12404.516594835592	386.31923232508706	0.0	202.3806980824952	72.9327553363228
169	73.35339533610191	12477.8699901717	387.4171058176832	0.0	203.1450954260649	73.35339533610191
170	74.94289378185509	12552.812883953557	391.1061686561609	0.0	203.67781290981594	74.94289378185509
171	75.00842271097837	12627.82130666453	396.6150736301577	0.0	202.36651954795917	75.00842271097837
172	75.48737472582758	12703.308681390356	400.5823713595104	0.0	203.37955014830993	75.48737472582758
173	73.31050771090737	12776.619189101266	402.5010547044175	0.0	205.73311227305655	73.31050771090737
174	72.73174601516627	12849.350935116434	404.2098229114627	0.0	206.16415457284887	72.73174601516627
175	72.37878183731148	12921.729716953738	405.8759048275462	0.0	206.08485346339975	72.37878183731148
176	73.15684921232209	12994.886566166066	407.9605245384207	0.0	207.26886211217845	73.15684921232209
177	72.03794818322925	13066.924514349299	408.16296489733855	0.0	206.55009710454027	72.03794818322925
178	71.766884606032	13138.691398955327	409.76838806736356	0.0	205.46234678586777	71.766884606032
179	73.40030670365799	13212.091705658982	412.21614450451193	0.0	205.4750166040487	73.40030670365799
180	73.80101192163184	13285.892717580628	415.9673269968698	0.0	206.9955375052279	73.80101192163184
181	72.7167921521236	13358.60950973274	417.0480669420865	0.0	206.10026033918382	72.7167921521236
182	72.32178710864942	13430.93129684139	417.97934055381876	0.0	208.32918420009483	72.32178710864942
183	73.52362113930062	13504.454917980696	422.0342370306835	0.0	207.7258568306532	73.52362113930062
184	73.04343078508566	13577.498348765768	424.79859398320616	0.0	210.46447622220225	73.04343078508566
185	74.22157981929402	13651.719928585062	427.95029147456415	0.0	212.4244378113071	74.22157981929402
186	73.12590256495905	13724.845831150029	430.6794024971282	0.0	210.69492031905145	73.12590256495905
187	71.91677218665784	13796.762603336687	431.2669502000218	0.0	210.92929499452032	71.91677218665784
188	75.49646524853333	13872.259068585223	434.080510453695	0.0	211.56594768107882	75.49646524853333
189	77.82546804199778	13950.084536627226	441.3455791539031	0.0	211.79259916063404	77.82546804199778
190	74.16870577577183	14024.253242402996	443.95143678453314	0.0	210.50745862756062	74.16870577577183
191	72.25591141229481	14096.509153815292	443.71924794397086	0.0	209.33732140083458	72.25591141229481
192	75.35024094962584	14171.859394764917	448.03914419295876	0.0	208.5023449880503	75.35024094962584
193	73.42445660332986	14245.283851368238	451.4229631255464	0.0	208.41499578367754	73.42445660332986
194	74.33332248345059	14319.617173851682	454.54510648124705	0.0	207.05037599411054	74.33332248345059
195	72.76019014777413	14392.377363999465	455.4954077085461	0.0	206.38417280052988	72.76019014777413
196	72.60597539557298	14464.983339395034	457.68960542980756	0.0	207.8402661827649	72.60597539557298
197	73.18831786999276	14538.171657265031	460.13937705614467	0.0	209.84031056212243	73.18831786999276
198	73.20691655443551	14611.37857381947	462.2340950268945	0.0	210.39955516423555	73.20691655443551
199	73.71377005611824	14685.092343875587	465.2894059444999	0.0	211.28633235701093	73.71377005611824
200	77.7702743454065	14762.862618220988	471.64120473161694	0.0	212.8485116192946	77.7702743454065
201	74.52259104083186	14837.38520926183	475.2359405853391	0.0	213.57092168061342	74.52259104083186
202	74.96444550380062	14912.34965476562	478.7182752315237	0.0	214.6091913585776	74.96444550380062
203	77.14563000570041	14989.495284771328	484.6898103739854	0.0	216.69981815076943	77.14563000570041
204	72.90515711772856	15062.400441889054	487.7885841932239	0.0	219.75989913919668	72.90515711772856
205	75.28327257954903	15137.6837144686	492.23780179402513	0.0	225.65415420562297	75.28327257954903
206	74.07479138160795	15211.758505850208	495.21324335279155	0.0	226.06859665638564	74.07479138160795
207	74.2333924881008	15285.991898338305	497.85890534981996	0.0	226.20611051422335	74.2333924881008
208	74.12875318170627	15360.120651520017	501.1743645868787	0.0	224.18908633419397	74.12875318170627
209	71.96774206976448	15432.08839358978	501.628406479423	0.0	225.79374422909936	71.96774206976448
210	73.16315451827855	15505.25154810806	502.82587010498787	0.0	225.68083860949275	73.16315451827855
211	70.3654076320734	15575.616955740128	501.99795761616616	0.0	224.93305023628773	70.3654076320734
212	74.97978103363634	15650.596736773772	507.2727109950769	0.0	227.78711937165687	74.97978103363634
213	71.14042741663094	15721.737164190394	506.989182516443	0.0	228.28679709315935	71.14042741663094
214	75.27789788394806	15797.015062074344	511.64211807956025	0.0	228.59248118926274	75.27789788394806
215	78.33507667238328	15875.350138746728	519.1389693248599	0.0	232.51573477649234	78.33507667238328
216	74.68853916993406	15950.038677916671	523.8935755074551	0.0	234.41660769877515	74.68853916993406
217	71.63923243202507	16021.677910348693	523.6724835139539	0.0	231.64836201146193	71.63923243202507
218	75.3224163113478	16097.000326660045	527.775190023723	0.0	233.6586862915126	75.3224163113478
219	75.88822961018774	16172.888556270225	532.736096276978	0.0	233.1310005186729	75.88822961018774
220	71.16477395280916	16244.053330223032	533.2536635270637	0.0	235.62134001567372	71.16477395280916
221	76.94445913142285	16320.997789354466	538.6568193837467	0.0	235.38037452961015	76.94445913142285
222	71.87841582677027	16392.876205181234	540.1849416369375	0.0	235.32359197949424	71.87841582677027
223	72.58014040337261	16465.456345584596	541.0858034552141	0.0	232.853009930739	72.58014040337261
224	76.6502566037481	16542.10660218834	547.0049548555165	0.0	238.0847641890807	76.6502566037481
225	73.86863946416334	16615.975241652515	549.6787808157958	0.0	239.741686044967	73.86863946416334
226	73.07713431778141	16689.052375970292	551.5079587019387	0.0	240.71766977969412	73.07713431778141
227	73.08492585867162	16762.137301828967	554.0401411947033	0.0	243.11694579233952	73.08492585867162
228	73.80511076452662	16835.942412593493	557.1687391235683	0.0	245.66042008077056	73.80511076452662
229	75.93493892736674	16911.877351520845	562.4234666734352	0.0	249.7533652304229	75.93493892736674
230	72.46182868479673	16984.339180205654	563.0802490190476	0.0	251.30472940455567	72.46182868479673
231	71.56682874223893	17055.906008947895	563.2151169991286	0.0	249.34406284835177	71.56682874223893
232	73.12245988150273	17129.02846882939	566.5842056665841	0.0	250.76446415544112	73.12245988150273
233	72.45691772587438	17201.48538655527	568.8161734711007	0.0	250.17451666414092	72.45691772587438
234	71.79668170921116	17273.28206826449	568.288758864013	0.0	251.59583558616816	71.79668170921116
235	74.729483357142	17348.011551621617	571.5887175620109	0.0	252.5910096359339	74.729483357142
236	71.65763512871335	17419.66918675034	571.2431211198856	0.0	253.96208248926536	71.65763512871335
237	74.6628931330814	17494.33207988342	575.1942363584627	0.0	256.1502858666581	74.6628931330814
238	70.33704348649917	17564.669123369913	574.87585084375	0.0	257.49170647931635	70.33704348649917
239	76.79378793179627	17641.462911301718	579.9018839207764	0.0	257.6594197756888	76.79378793179627
240	69.62727439684495	17711.09018569856	578.7936476111287	0.0	256.8904108676515	69.62727439684495
241	74.10698337760913	17785.197169076164	581.5728881947607	0.0	254.23096652132133	74.10698337760913
242	76.40736508280814	17861.604534158978	587.3763012455055	0.0	253.87559234175524	76.40736508280814
243	73.5652060629843	17935.169740221954	588.6934191127789	0.0	255.65628182699646	73.5652060629843
244	75.55825226004255	18010.727992482014	592.4139131729816	0.0	254.0521762419472	75.55825226004255
245	71.5570182432208	18082.28501072522	592.227694164352	0.0	255.46982078870084	71.5570182432208
246	75.23031814586025	18157.515328871083	595.7111078974542	0.0	260.680317000713	75.23031814586025
247	75.60971077381403	18233.125039644896	600.1344917965655	0.0	261.5830958848579	75.60971077381403
248	74.57471831223111	18307.69975795713	604.1147209261101	0.0	264.3165465328415	74.57471831223111
249	73.83035585152622	18381.530113808654	606.0722077495085	0.0	265.17456857300124	73.83035585152622
250	73.45848879238375	18454.98860260104	608.9378722460776	0.0	264.1644652446621	73.45848879238375
251	73.25475093179581	18528.24335353284	612.0900270895775	0.0	264.4238476387316	73.25475093179581
252	73.26631971194739	18601.509673244775	614.9094835138177	0.0	267.50376521904093	73.26631971194739
253	74.76394870926923	18676.27362195405	619.3910650326173	0.0	269.2891545379715	74.76394870926923
254	71.22850472571312	18747.50212667976	621.199287645139	0.0	269.70026569763644	71.22850472571312
255	75.04305354783506	18822.545180227604	625.2966799517277	0.0	270.60407288519946	75.04305354783506
256	75.03552993010712	18897.580710157697	629.1022003555272	0.0	270.28365843616797	75.03552993010712
257	74.74404732780916	18972.32475748552	633.6212626350933	0.0	269.4020788163807	74.74404732780916
258	72.74254339357485	19045.06730087909	635.1559031230205	0.0	270.9911597637456	72.74254339357485
259	72.21366052986218	19117.280961408953	636.385098950652	0.0	267.1230633253983	72.21366052986218
260	76.11875847666815	19193.399719885623	641.9061084961387	0.0	267.9833036879684	76.11875847666815
261	77.18617094789707	19270.585890833518	648.5665530347095	0.0	270.64989875003636	77.18617094789707
262	75.27731630671563	19345.863207140228	653.2224830536893	0.0	271.0911819561289	75.27731630671563
263	73.28773937933305	19419.15094651957	656.0228522217542	0.0	271.9538335719447	73.28773937933305
264	71.85252543190127	19491.00347195147	657.1834164157167	0.0	273.07681749916037	71.85252543190127
265	71.03372623447322	19562.037198185943	657.7442501697019	0.0	272.12708031710355	71.03372623447322
266	72.53716760309624	19634.57436578903	659.5827181967455	0.0	270.5731843230925	72.53716760309624
267	73.81299302461386	19708.387358813652	660.5280294220751	0.0	271.29480218786284	73.81299302461386
268	73.22352826859502	19781.61088708225	662.9194726364378	0.0	272.5754131387581	73.22352826859502
269	73.51402897550311	19855.124916057746	664.8973234509895	0.0	272.0756576556761	73.51402897550311
270	73.50128999159875	19928.626206049343	667.1163002283027	0.0	272.3981291367383	73.50128999159875
271	73.99661415592895	20002.622820205273	671.0360200893832	0.0	271.79984816883257	73.99661415592895
272	73.22878332060264	20075.85160352587	672.5580053961025	0.0	274.2682649971539	73.22878332060264
273	71.70150377465548	20147.553107300537	674.0152293701725	0.0	275.3419848589968	71.70150377465548
274	70.22926820723035	20217.782375507762	672.9068473999531	0.0	275.6740457089056	70.22926820723035
275	72.5606415668239	20290.343017074585	673.510485161203	0.0	276.69505771673175	72.5606415668239
276	73.10842211522518	20363.45143918982	675.1238137962736	0.0	279.4570416556815	73.10842211522518
277	72.52448417210474	20435.975923361908	676.5802176328424	0.0	279.94590124339925	72.52448417210474
278	70.96845227090137	20506.94437563282	676.0911732335495	0.0	280.55309154636603	70.96845227090137
279	74.09028104901995	20581.034656681833	680.2157375153564	0.0	282.8117092983083	74.09028104901995
280	75.90307063022816	20656.93772731207	684.444431404891	0.0	280.81479691878036	75.90307063022816
281	73.14578704977184	20730.083514361842	686.7782228767871	0.0	281.87129545616443	73.14578704977184
282	72.246126561653	20802.32964092349	688.2118618013627	0.0	281.9936849699404	72.246126561653
283	72.07495418486292	20874.404595108354	689.5195530280082	0.0	282.55979060143085	72.07495418486292
284	72.84969870851155	20947.25429381687	691.3158180144127	0.0	282.49045439757316	72.84969870851155
285	70.79069386879627	21018.04498768566	691.1465680424411	0.0	283.72412057539947	70.79069386879627
286	69.48624839263442	21087.531236078303	689.3378703020928	0.0	282.93516138554776	69.48624839263442
287	72.03222825456157	21159.56346433286	690.9129486289795	0.0	281.1383238167517	72.03222825456157
288	72.98808729128666	21232.55155162414	693.2931228530687	0.0	278.5257868921566	72.98808729128666
289	72.08381050311006	21304.635362127257	693.2325069107817	0.0	278.87113124901174	72.08381050311006
290	72.4717603098266	21377.10712243708	693.6800159802368	0.0	277.0929577828894	72.4717603098266
291	75.28019597848879	21452.387318415556	698.3889179333347	0.0	279.04769744574264	75.28019597848879
292	74.09996639336632	21526.48728480893	701.6802420020373	0.0	276.3807404677394	74.09996639336632
293	72.63731863502353	21599.124603443965	703.4183112423452	0.0	274.5712812294651	72.63731863502353
294	72.61317396617294	21671.73777741013	704.6727496817799	0.0	273.9341947444889	72.61317396617294
295	73.59915507652616	21745.336932486654	706.7875200451895	0.0	273.70046510561406	73.59915507652616
296	70.62117290855679	21815.95810539522	706.736269366623	0.0	273.0935067398443	70.62117290855679
297	75.67239217431302	21891.630497569524	711.2709991881813	0.0	275.3035558414955	75.67239217431302
298	75.63581793245605	21967.26631550198	714.5793738857952	0.0	277.885208668151	75.63581793245605
299	72.3488875549156	22039.615203056903	715.4921683789623	0.0	277.56607181841594	72.3488875549156
300	72.52265858284517	22112.13786163976	716.3204646594729	0.0	278.5000076978723	72.52265858284517
301	73.57871413283748	22185.71657577258	719.0844981596948	0.0	280.4153315834599	73.57871413283748
302	73.18776654641387	22258.904342318998	720.3546270159205	0.0	278.2836779570212	73.18776654641387
303	71.18422411292799	22330.088566431925	720.4000162727274	0.0	277.8593398253612	71.18422411292799
304	71.50935391120638	22401.59792034312	720.7838619291808	0.0	278.8702734795935	71.50935391120638
305	71.21799137008952	22472.815911713216	721.1318169438903	0.0	279.36028571436054	71.21799137008952
306	74.94856778460644	22547.764479497826	725.1390675979502	0.0	278.7171383042062	74.94856778460644
307	71.08260780203304	22618.847087299862	724.9916681167722	0.0	280.94988774706763	71.08260780203304
308	71.78120929114475	22690.62829659101	726.0804432230834	0.0	280.28606429449076	71.78120929114475
309	73.36306396789809	22763.9913605589	729.3642022546243	0.0	282.6705888121931	73.36306396789809
310	71.76575805025115	22835.757118609155	729.7064006891629	0.0	284.16625744092454	71.76575805025115
311	73.41550745230468	22909.172626061452	732.1191870178561	0.0	284.0090823529629	73.41550745230468
312	78.24996701557797	22987.42259307704	739.2539311264181	0.0	285.18972911638696	78.24996701557797
313	72.90343449552391	23060.32602757257	740.4871647937088	0.0	286.6114710228562	72.90343449552391
314	75.73186772217876	23136.057895294744	745.0259779563271	0.0	288.54261997231526	75.73186772217876
315	76.2572227201762	23212.315118014914	750.216484820093	0.0	286.6876782025174	76.2572227201762
316	72.97636663724273	23285.291484652156	752.1818636054882	0.0	288.12459989465685	72.97636663724273
317	70.63089663348909	23355.922381285647	751.1220174474065	0.0	290.3501713104272	70.63089663348909
318	72.70843926029376	23428.630820545946	752.4829359294122	0.0	290.14693744796165	72.70843926029376
319	71.33225910269283	23499.96307964864	753.3729298166727	0.0	291.2642765146437	71.33225910269283
320	73.42109194480223	23573.384171593432	755.7663606787689	0.0	290.9017679024735	73.42109194480223
321	74.44317321386893	23647.82734480731	758.1093387638165	0.0	292.2191204117466	74.44317321386893
322	73.52271809065239	23721.35006289795	759.7672598882522	0.0	290.1187528918495	73.52271809065239
323	71.2684687475591	23792.618531645505	760.2875915649965	0.0	291.99745584526244	71.2684687475591
324	73.1154086801424	23865.73394032566	762.0151631672763	0.0	292.76092645777265	73.1154086801424
325	71.53582084892675	23937.269761174586	762.6585140025904	0.0	293.94708477291	71.53582084892675
326	73.8623750185106	24011.132136193086	765.384357226784	0.0	294.228174477449	73.8623750185106
327	71.94986859924374	24083.082004792344	766.1719166615335	0.0	292.51226825121273	71.94986859924374
328	78.7744906584414	24161.856495450786	774.1623326839467	0.0	294.9928853895348	78.7744906584414
329	74.40779524312902	24236.264290693918	777.0358434263029	0.0	294.43732351467065	74.40779524312902
330	70.38737361243282	24306.65166430634	775.8588404281305	0.0	293.3841620448671	70.38737361243282
331	73.4977373756819	24380.149401682018	778.1586228047336	0.0	293.6800419662096	73.4977373756819
332	72.44282684543542	24452.592228527446	779.9764202377704	0.0	292.84790655422006	72.44282684543542
333	72.95773879612004	24525.54996732358	780.9614920071956	0.0	295.31481789586087	72.95773879612004
334	72.65912347817138	24598.20909080174	784.2601702869047	0.0	295.9361626913862	72.65912347817138
335	76.87387217750577	24675.08296297926	789.5525362015272	0.0	299.4681501578828	76.87387217750577
336	70.3678870014743	24745.45084998073	788.772720726211	0.0	300.0193065859959	70.3678870014743
337	70.68641927903961	24816.137269259776	788.0296737994473	0.0	299.22651024855503	70.68641927903961
338	75.13094994808945	24891.26821920786	792.4817532043891	0.0	299.1230554877064	75.13094994808945
339	72.72596446994079	24963.994183677794	793.6994200840295	0.0	299.3006971381735	72.72596446994079
340	72.42097162137733	25036.41515529918	794.1662542155635	0.0	300.1144631353399	72.42097162137733
341	75.02212039813875	25111.437275697317	798.2816279241245	0.0	305.75553175926854	75.02212039813875
342	74.44212535069524	25185.879401048012	801.5852857208066	0.0	304.8743690886923	74.44212535069524
343	74.84317408140082	25260.722575129414	805.3916825612209	0.0	309.86415416380066	74.84317408140082
344	76.51504827576399	25337.23762340518	810.1014194581518	0.0	308.17909249193787	76.51504827576399
345	74.91525536417946	25412.152878769353	814.1657700452365	0.0	306.78331713052256	74.91525536417946
346	73.98903374183911	25486.141912511204	817.2275654979036	0.0	308.67235381897035	73.98903374183911
347	73.77327708243149	25559.91518959362	821.7503471635486	0.0	311.6232805398326	73.77327708243149
348	73.92209330480918	25633.83728289844	824.5081176381095	0.0	311.5884942137149	73.92209330480918
349	73.39489453205957	25707.232177430502	828.0451063916247	0.0	310.24623961443916	73.39489453205957
350	73.14927352007939	25780.381450950583	829.534566629892	0.0	310.6671423105758	73.14927352007939
351	72.75516055909237	25853.136611509668	830.7765901833903	0.0	314.32954795602785	72.75516055909237
352	74.68446488485479	25927.821076394524	834.7187061586554	0.0	313.66299823022024	74.68446488485479
353	76.32067682907443	26004.14175322361	839.7219541570809	0.0	318.6910881080048	76.32067682907443
354	75.35925223707824	26079.50100546068	846.2786511435353	0.0	320.45115780322493	75.35925223707824
355	74.54684932262228	26154.047854783294	849.4498139592343	0.0	321.47669831116315	74.54684932262228
356	73.10486610374537	26227.152720887036	852.2781596475638	0.0	321.2574648096166	73.10486610374537
357	73.18977456992118	26300.342495456982	854.3137804777411	0.0	319.64141331516294	73.18977456992118
358	71.09327013790045	26371.435765594873	853.6967673783744	0.0	320.4053884100702	71.09327013790045
359	74.30329181392577	26445.739057408795	857.0728831075894	0.0	321.2016637740508	74.30329181392577
360	71.08375535271594	26516.82281276151	858.1954320556268	0.0	321.9462085091262	71.08375535271594
361	73.72822434377532	26590.551037105284	861.1916321829704	0.0	321.62788399477284	73.72822434377532
362	76.03807883327357	26666.589115938543	867.4919146168633	0.0	322.58701649186554	76.03807883327357
363	73.24536185015182	26739.834477788703	870.3940237179272	0.0	322.84230714681263	73.24536185015182
364	73.31024683768216	26813.144724626396	871.7983592974921	0.0	324.0866161628234	73.31024683768216
365	71.24834949278264	26884.393074119176	871.9176557631995	0.0	324.6756121665848	71.24834949278264
366	72.13360080940147	26956.526674928573	872.0443246264263	0.0	323.9625195970784	72.13360080940147
367	71.56430654360942	27028.090981472178	872.5197173648136	0.0	323.9851290167221	71.56430654360942
368	74.19275368193665	27102.283735154113	874.6355018649192	0.0	324.9597638916302	74.19275368193665
369	75.33580080167062	27177.61953595579	879.9792752055868	0.0	327.9970277567799	75.33580080167062
370	77.62680266769138	27255.24633862348	885.8802917262295	0.0	329.97970648192086	77.62680266769138
371	73.01660619660606	27328.262944820082	889.197447480822	0.0	327.46883999909795	73.01660619660606
372	73.28183499861444	27401.54477981869	890.4032050126717	0.0	329.34705390976984	73.28183499861444
373	73.0911184480629	27474.635898266766	892.4183526210876	0.0	330.4226992921543	73.0911184480629
374	73.80662631181276	27548.442524578575	895.6988929581811	0.0	331.851918340679	73.80662631181276
375	72.01860155394672	27620.461126132523	895.6872375900999	0.0	334.060579856478	72.01860155394672
376	73.8618090548934	27694.322935187418	898.6833252151777	0.0	334.4653883729737	73.8618090548934
377	72.64132943295428	27766.96426462038	900.5604466502377	0.0	330.8159613285372	72.64132943295428
378	72.7397258344822	27839.70399045485	902.9308166980137	0.0	331.31499034746383	72.7397258344822
379	73.71992074238055	27913.423911197246	905.6351297825278	0.0	328.49171430604844	73.71992074238055
380	76.70150331964446	27990.125414516882	910.1285407253093	0.0	334.9123448813186	76.70150331964446
381	75.21063420847963	28065.336048725356	913.8862951167296	0.0	333.8173245411671	75.21063420847963
382	73.30495043577027	28138.64099916112	915.8742831056993	0.0	333.02681812503585	73.30495043577027
383	76.04276900232713	28214.683768163464	919.8535245102497	0.0	332.29951083231	76.04276900232713
384	76.25700679770851	28290.940774961153	925.6121603105152	0.0	334.0702557192578	76.25700679770851
385	74.11228956609472	28365.053064527267	928.4043364280859	0.0	336.7127240846215	74.11228956609472
386	72.94838173908352	28438.001446266353	931.4552682581239	0.0	336.2588593610738	72.94838173908352
387	75.18315793405503	28513.1846042004	935.3976003693074	0.0	338.5381578712695	75.18315793405503
388	71.86779535150829	28585.052399551918	935.4018100264456	0.0	339.22117365619977	71.86779535150829
389	71.80962610133955	28656.86202565324	936.7603713547647	0.0	340.56355198441594	71.80962610133955
390	75.13618352048299	28731.99820917373	940.6049452874963	0.0	342.26788033140883	75.13618352048299
391	74.51118608307948	28806.5093952568	942.9004262891881	0.0	340.84057032217015	74.51118608307948
392	74.43916793099208	28880.948563187794	946.4750722145978	0.0	342.3937389916571	74.43916793099208
393	76.85421140703934	28957.802774594846	952.0878055936261	0.0	343.31296127616923	76.85421140703934
394	72.28935537411158	29030.09212996895	953.1215618237034	0.0	343.4311100382817	72.28935537411158
395	74.1715963443246	29104.263726313282	956.4870328971575	0.0	343.567549406971	74.1715963443246
396	71.87085283705584	29176.134579150334	957.1084728710239	0.0	344.0727864219847	71.87085283705584
397	73.26076545876327	29249.395344609093	958.6543497684198	0.0	342.0784816527158	73.26076545876327
398	71.66736866456857	29321.062713273663	958.4973118341723	0.0	341.87499335517606	71.66736866456857
399	75.18431118743662	29396.247024461114	963.0010135720798	0.0	343.9497512562142	75.18431118743662
400	72.2720946693817	29468.519119130484	964.2636779669728	0.0	342.43546570123664	72.2720946693817
401	79.45538696218469	29547.974506092673	972.4259108632114	0.0	345.0873834515409	79.45538696218469
402	71.20256648653229	29619.177072579205	972.7203697162607	0.0	343.9506124832517	71.20256648653229
403	73.58612213473504	29692.763194713938	974.706052253863	0.0	344.2761106843807	73.58612213473504
404	75.1171395183921	29767.88033423232	978.1509460451547	0.0	345.09327297529796	75.1171395183921
405	74.08823450811362	29841.968568740434	980.4305358970139	0.0	348.25913704451835	74.08823450811362
406	71.8736781894975	29913.84224692993	981.68956380504	0.0	348.84904634234846	71.8736781894975
407	70.61735358626707	29984.45960051619	981.5828136190961	0.0	350.10440489806274	70.61735358626707
408	73.8976586050021	30058.357259121207	984.463610675673	0.0	351.4687088531213	73.8976586050021
409	74.90194334685353	30133.259202468045	989.4686877733013	0.0	354.76354813198185	74.90194334685353
410	70.91226760895806	30204.171470077028	989.0013549089916	0.0	356.19072722423533	70.91226760895806
411	72.07099273417131	30276.242462811177	989.924817355084	0.0	354.89173754711044	72.07099273417131
412	71.7754544184157	30348.017917229612	991.0565313813495	0.0	356.4289090613256	71.7754544184157
413	74.1606969755117	30422.178614205128	994.4738438504851	0.0	359.0543414615995	74.1606969755117
414	70.74462692045994	30492.923241125583	993.3753453129623	0.0	358.6711425726904	70.74462692045994
415	71.63496296887581	30564.558204094465	994.2843239248801	0.0	356.4996375392751	71.63496296887581
416	75.87190873043458	30640.43011282488	997.9213354421579	0.0	360.32531549554943	75.87190873043458
417	72.01542756727844	30712.445540392167	997.9759652963315	0.0	362.763221964293	72.01542756727844
418	72.82598187018844	30785.271522262356	999.5175823794399	0.0	360.2724355853406	72.82598187018844
419	75.82175314703925	30861.09327540938	1004.5336054305543	0.0	360.30758710107233	75.82175314703925
420	72.86714544461948	30933.960420854022	1005.5569688149994	0.0	364.69831265256397	72.86714544461948
421	70.816468332062	31004.77688918607	1005.1051861931625	0.0	367.7653247329509	70.816468332062
422	71.07698960526463	31075.853878791342	1005.305767936825	0.0	368.02080119639885	71.07698960526463
423	72.47305684443455	31148.326935635763	1007.3398141878366	0.0	368.2170874520818	72.47305684443455
424	77.0451874399328	31225.3721230757	1012.670271495711	0.0	366.05981164202075	77.0451874399328
425	74.31565945620882	31299.68778253191	1016.2495469434351	0.0	370.0524098716837	74.31565945620882
426	71.10321384141409	31370.790996373315	1016.332375085416	0.0	370.90002045201453	71.10321384141409
427	73.96193263084022	31444.75292900418	1020.0572522151357	0.0	371.81379886301914	73.96193263084022
428	71.79784869111202	31516.55077769528	1020.00712061249	0.0	371.8059937872012	71.79784869111202
429	73.02773313199478	31589.578510827287	1020.8698952775613	0.0	372.81830261023026	73.02773313199478
430	74.01809495558108	31663.59660578285	1023.7586109243391	0.0	371.8988352383674	74.01809495558108
431	75.51659333999784	31739.113199122865	1029.815134814517	0.0	374.9756167688928	75.51659333999784
432	75.1680624916218	31814.281261614473	1033.5529718052687	0.0	373.3150371301391	75.1680624916218
433	72.3630336740469	31886.644295288515	1036.1513168723436	0.0	374.18847051381795	72.3630336740469
434	73.246760613554	31959.891055902066	1038.6300214852313	0.0	375.3053250710079	73.246760613554
435	72.49932296295383	32032.390378865035	1040.2060227189677	0.0	376.6625306168708	72.49932296295383
436	74.48464632930617	32106.875025194335	1043.4541404376353	0.0	377.35415108312384	74.48464632930617
437	73.49971549147071	32180.374740685813	1045.3570711988327	0.0	379.0544503852104	73.49971549147071
438	74.54635682584183	32254.921097511644	1050.257650051486	0.0	380.4981727705722	74.54635682584183
439	72.79260730740431	32327.71370481906	1052.5556839003411	0.0	380.7244811056742	72.79260730740431
440	72.52188677943278	32400.23559159848	1052.7962537341439	0.0	381.42470512534067	72.52188677943278
441	72.51965765146385	32472.755249249934	1053.6671911534854	0.0	381.9471896303842	72.51965765146385
442	76.67369049495854	32549.428939744914	1059.1222069329003	0.0	381.25854950109226	76.67369049495854
443	73.39477439033578	32622.82371413523	1060.4979155010417	0.0	381.5453191249746	73.39477439033578
444	74.62636827359817	32697.450082408843	1063.8039856240657	0.0	383.24503922276017	74.62636827359817
445	73.29656315664266	32770.746645565494	1065.8603932742708	0.0	386.6669852530535	73.29656315664266
446	72.55437546118942	32843.30102102667	1066.4800004770411	0.0	386.85484244855496	72.55437546118942
447	75.55836576043626	32918.85938678711	1071.3576955658896	0.0	386.4859994517069	75.55836576043626
448	71.50155466880899	32990.360941455925	1072.6433618165422	0.0	386.39238142399	71.50155466880899
449	69.36781953002514	33059.72876098594	1069.4055349566947	0.0	387.1542281343794	69.36781953002514
450	72.68003934298793	33132.408800328936	1071.2283892003823	0.0	385.8339013868307	72.68003934298793
451	70.93432375836035	33203.343124087296	1070.5848656121566	0.0	386.4889629833929	70.93432375836035
452	73.73344812813274	33277.07657221542	1074.4859593467231	0.0	389.0457633219348	73.73344812813274
453	74.97118232582153	33352.04775454125	1079.670461166175	0.0	390.2628092430524	74.97118232582153
454	72.01251774767087	33424.0602722889	1080.966410459278	0.0	390.49915558221215	72.01251774767087
455	72.80787700660265	33496.86814929552	1083.1590284480446	0.0	392.34299240656304	72.80787700660265
456	72.84673866913222	33569.71488796465	1085.2984273439552	0.0	394.08469826407395	72.84673866913222
457	73.14804922760051	33642.86293719227	1087.3222957933651	0.0	397.05766723088095	73.14804922760051
458	74.81474682739172	33717.67768401964	1089.7943558996856	0.0	397.78383948895	74.81474682739172
459	70.35424694831131	33788.03193096796	1090.1941694997442	0.0	398.77025013243167	70.35424694831131
460	74.22460032982421	33862.25653129778	1094.477258098219	0.0	398.3874317533165	74.22460032982421
461	75.72848716831804	33937.98501846609	1099.4537607076709	0.0	400.37055204737993	75.72848716831804
462	76.42717379648062	34014.41219226258	1103.3915514117332	0.0	398.5300089406599	76.42717379648062
463	72.98097755066318	34087.39316981323	1105.8390803949449	0.0	398.7588047259495	72.98097755066318
464	73.47620598237431	34160.86937579561	1108.1853953838686	0.0	402.4528468101499	73.47620598237431
465	73.6787547364347	34234.54813053206	1111.0895545264402	0.0	405.24756858595276	73.6787547364347
466	72.32663104543332	34306.874761577485	1112.8770639763484	0.0	404.3397208631892	72.32663104543332
467	72.49523313847529	34379.36999471598	1114.943122769006	0.0	405.8636270792151	72.49523313847529
468	73.69091109934942	34453.06090581531	1117.4387301370414	0.0	405.14876496018934	73.69091109934942
469	73.47388939147243	34526.5347952068	1120.1359070271396	0.0	406.2723149603175	73.47388939147243
470	73.06316230492327	34599.597957511694	1122.615147662629	0.0	407.69580324941364	73.06316230492327
471	73.6515232780583	34673.24948078978	1125.4519106685577	0.0	406.4512300785649	73.6515232780583
472	72.14883423560154	34745.398315025384	1126.6028642024623	0.0	407.04441790335125	72.14883423560154
473	71.6160940962144	34817.0144091216	1127.314731236191	0.0	404.7307796475073	71.6160940962144
474	72.56910768708615	34889.58351680866	1128.1702104648564	0.0	406.3839892207973	72.56910768708615
475	73.57568665843422	34963.15920346711	1130.1375044390172	0.0	407.8725656346147	73.57568665843422
476	72.87582891649103	35036.03503238359	1132.5800333106981	0.0	409.2871309512575	72.87582891649103
477	72.07200946425932	35108.10704184784	1134.009027460836	0.0	409.5593921693091	72.07200946425932
478	74.58354486663481	35182.690586714496	1137.7290466636725	0.0	411.8385455581042	74.58354486663481
479	75.5787678959803	35258.26935461048	1142.597550893832	0.0	410.1212652461972	75.5787678959803
480	71.873106060594	35330.142460671064	1144.4758266792724	0.0	408.5438027940155	71.873106060594
481	81.15969147191959	35411.30215214298	1155.347887986849	0.0	409.105501271031	81.15969147191959
482	73.92556959669272	35485.2277217397	1158.3364852167233	0.0	405.4263267398945	73.92556959669272
483	72.62306751332746	35557.850789253	1159.5086789658383	0.0	407.49423087403795	72.62306751332746
484	74.08693875723517	35631.93772801024	1163.1693530108014	0.0	409.51787367455677	74.08693875723517
485	74.60565754109939	35706.54338555133	1166.1830350646164	0.0	410.7318670371909	74.60565754109939
486	71.63763680002997	35778.18102235137	1166.2932088975801	0.0	411.03585655080366	71.63763680002997
487	74.24150671231074	35852.42252906368	1169.636203060785	0.0	412.9298220774081	74.24150671231074
488	73.6649106936791	35926.087439757364	1170.65009101103	0.0	412.213086852004	73.6649106936791
489	71.52474977873948	35997.61218953609	1171.4092416274195	0.0	412.35381832428453	71.52474977873948
490	71.20086543063368	36068.81305496673	1172.0266706385355	0.0	412.14388451610466	71.20086543063368
491	72.81853934153878	36141.63159430826	1174.8261258009966	0.0	413.7439072407049	72.81853934153878
492	72.70150694933923	36214.33310125761	1175.5619912999782	0.0	413.2121483377256	72.70150694933923
493	71.30861435449397	36285.64171561211	1176.8580340252768	0.0	411.35622758577927	71.30861435449397
494	76.08187331068346	36361.72358892278	1180.862162153054	0.0	412.8327804715146	76.08187331068346
495	71.6026722178164	36433.32626114061	1180.2708128311724	0.0	412.8543710464068	71.6026722178164
496	73.671116339318	36506.99737747992	1182.8451237580382	0.0	413.11675207595675	73.671116339318
497	72.38233169494984	36579.37970917488	1184.0608731243296	0.0	413.7145928316654	72.38233169494984
498	75.25831622752709	36654.63802540239	1188.1125732042324	0.0	413.72831242010113	75.25831622752709
499	73.25816556467146	36727.89619096707	1190.0000972697826	0.0	415.21058370883884	73.25816556467146
500	71.44553371761906	36799.34172468467	1189.8995405835035	0.0	415.658747713888	71.44553371761906
501	73.42742665655953	36872.76915134126	1193.3037942819838	0.0	416.0162358499164	73.42742665655953
502	73.58066665995358	36946.349818001196	1193.3037942819838	0.0	416.99392492082984	73.58066665995358
