task	reward	total_reward	total_regret	relative	total_reward_dev	joules
0	74.04247075298522	74.04247075298522	2.521069894683429	0.0	20.184518772199404	74.04247075298522
1	73.9573140998725	147.99978485285772	5.511060815248552	0.0	27.631992991983623	73.9573140998725
2	72.7555894282596	220.75537428111735	7.371733922966818	0.0	31.960487053500046	72.7555894282596
3	72.01985167098377	292.7752259521009	8.02339482534032	0.0	35.403372833132046	72.01985167098377
4	74.47760265387087	367.2528286059718	11.502842515553667	0.0	40.599578535166906	74.47760265387087
5	76.6290629050192	443.8818915109911	16.951333250819303	0.0	45.47112160379642	76.6290629050192
6	75.66906166273378	519.5509531737248	22.14546686963456	0.0	56.658578023771945	75.66906166273378
7	72.98936941465371	592.5403225883783	23.244803937701217	0.0	61.86953704350148	72.98936941465371
8	72.96710205577006	665.5074246441487	25.227233058618793	0.0	63.26503263656345	72.96710205577006
9	73.82299297667352	739.3304176208225	27.87571846128234	0.0	63.279928541559876	73.82299297667352
10	75.32187940700206	814.6522970278245	32.51134060734035	0.0	64.2953916402721	75.32187940700206
11	71.94369260789622	886.5959896357209	33.444047503641755	0.0	65.06973338643593	71.94369260789622
12	73.62769634735409	960.2236859830743	36.609248021640276	0.0	68.24381183937736	73.62769634735409
13	73.75641673619386	1033.9801027192686	41.09512970872558	0.0	69.23207690931957	73.75641673619386
14	74.11399815878588	1108.0941008780542	44.83167856363661	0.0	71.07223848945617	74.11399815878588
15	72.64278814642947	1180.7368890244836	46.74767390601186	0.0	70.84281883499385	72.64278814642947
16	75.26729547308426	1256.0041844975676	50.30232899682247	0.0	75.8797325077222	75.26729547308426
17	72.56961991529224	1328.57380441286	51.25177491827699	0.0	75.68154233374668	72.56961991529224
18	72.57608097209429	1401.1498853849546	53.288711662698894	0.0	75.81961466267113	72.57608097209429
19	75.90054941131217	1477.0504347962672	59.15923409879353	0.0	76.72353350983171	75.90054941131217
20	72.49276842262515	1549.543203218892	60.73272342137726	0.0	75.83950813687392	72.49276842262515
21	74.77669352509147	1624.3198967439828	64.51980087042801	0.0	79.58660524491127	74.77669352509147
22	73.90396277829123	1698.2238595222748	68.795357075893	0.0	78.98702578658853	73.90396277829123
23	70.53423803688136	1768.7580975591552	69.88368387792976	0.0	80.26670553436209	70.53423803688136
24	72.69404069528078	1841.4521382544374	70.92598390855876	0.0	80.81719945837479	72.69404069528078
25	71.80321592611159	1913.2553541805476	72.24807625836696	0.0	82.34568665162253	71.80321592611159
26	72.98253751467614	1986.237891695224	73.46730126536495	0.0	82.20396121386425	72.98253751467614
27	74.59758167897986	2060.8354733742044	77.30736593506899	0.0	82.24315490035173	74.59758167897986
28	74.13463548706977	2134.9701088612737	80.60053030108163	0.0	83.75714679733183	74.13463548706977
29	74.65324675875924	2209.623355620033	84.69652409407746	0.0	84.53425046226623	74.65324675875924
30	73.88012478341714	2283.5034804034512	87.22764376075338	0.0	87.85041613353681	73.88012478341714
31	73.40715514646693	2356.910635549917	88.56437064651307	0.0	89.18376675611847	73.40715514646693
32	75.36159477010618	2432.272230320024	92.60847596404598	0.0	89.99006302096232	75.36159477010618
33	72.63012116867294	2504.9023514886962	92.96268965493269	0.0	89.91646174682451	72.63012116867294
34	70.86290445538452	2575.7652559440803	93.22779349186874	0.0	90.46472235117525	70.86290445538452
35	74.75110353251672	2650.5163594765986	97.59432376500055	0.0	90.36539430531893	74.75110353251672
36	74.62614891912948	2725.1425083957265	101.93381323934449	0.0	90.93972873451543	74.62614891912948
37	74.4728532905896	2799.615361686316	105.40062275583703	0.0	93.32562326696385	74.4728532905896
38	72.53928382942607	2872.154645515743	107.31548188803528	0.0	92.83272020594615	72.53928382942607
39	74.93220891044142	2947.0868544261843	111.13583620155417	0.0	92.27288798098908	74.93220891044142
40	72.98209966862333	3020.0689540948074	113.38729332572963	0.0	94.93920073328314	72.98209966862333
41	72.65483709202854	3092.7237911868356	115.23740466137295	0.0	98.95051725034381	72.65483709202854
42	74.39349147135056	3167.1172826581856	119.56464270363567	0.0	104.08408678046713	74.39349147135056
43	72.72227468782667	3239.8395573460125	120.90764426717641	0.0	103.0606289032309	72.72227468782667
44	71.1127369775287	3310.952294323543	121.01523183776858	0.0	105.18113273729521	71.1127369775287
45	72.44566260105867	3383.3979569246017	122.68026637515706	0.0	105.66361969837918	72.44566260105867
46	72.01129382985008	3455.40925075445	123.11527010901806	0.0	107.98477796672003	72.01129382985008
47	71.21056008545844	3526.6198108399094	121.3711593446414	0.0	109.37524013521147	71.21056008545844
48	72.3164472309718	3598.9362580708816	121.52557082350665	0.0	109.46989954303011	72.3164472309718
49	75.33502399366054	3674.271282064543	124.82034160293668	0.0	110.82088518921663	75.33502399366054
50	75.36370796391434	3749.6349900284545	129.78730689157928	0.0	113.50971062120809	75.36370796391434
51	72.94276142972447	3822.5777514581814	131.3631317868452	0.0	114.86730208361051	72.94276142972447
52	73.57355286803003	3896.1513043262094	133.10138629636978	0.0	116.16922517881352	73.57355286803003
53	71.83032375012884	3967.9816280763393	134.12715436082354	0.0	117.4276636963363	71.83032375012884
54	77.92580232316985	4045.907430399508	141.07329724690015	0.0	118.4912681981065	77.92580232316985
55	73.9700778923043	4119.877508291814	142.84203040241738	0.0	123.12091004753147	73.9700778923043
56	72.41202983345826	4192.289538125272	144.96928819478757	0.0	121.73566609776088	72.41202983345826
57	74.1931855067861	4266.482723632055	147.8920759688428	0.0	123.75244551634799	74.1931855067861
58	73.12655628462043	4339.609279916679	149.94657943531251	0.0	125.8226148371165	73.12655628462043
59	71.4380268425322	4411.047306759209	150.8548709764157	0.0	125.72514351758136	71.4380268425322
60	72.04883668985362	4483.096143449063	151.79930458368696	0.0	127.05206362412196	72.04883668985362
61	72.4067096606569	4555.502853109722	153.8933380142301	0.0	127.78325514657331	72.4067096606569
62	72.97494892250862	4628.477802032229	156.27614506741568	0.0	128.0887762568166	72.97494892250862
63	77.47548713808837	4705.953289170317	163.8040955994436	0.0	127.44811285369876	77.47548713808837
64	72.33960097871596	4778.292890149034	165.22233874186637	0.0	128.9769589693976	72.33960097871596
65	76.0249878948027	4854.317878043836	169.94279162541596	0.0	129.6142605081927	76.0249878948027
66	75.05360894696928	4929.371486990807	174.87410062081085	0.0	133.3208231289645	75.05360894696928
67	75.62264631725688	5004.994133308063	180.20208038948775	0.0	133.54775926998946	75.62264631725688
68	74.12920971963969	5079.123343027702	183.34871314557236	0.0	132.38693606536938	74.12920971963969
69	75.38714542538393	5154.510488453084	187.6976468507573	0.0	134.1603819179257	75.38714542538393
70	72.82666784375438	5227.337156296842	188.52232119214227	0.0	135.21899886177238	72.82666784375438
71	75.85090629371895	5303.18806259056	193.47425100000427	0.0	136.9037874105459	75.85090629371895
72	72.72124941105189	5375.909312001613	194.89687943179035	0.0	136.89894563738613	72.72124941105189
73	74.18925125785755	5450.098563259468	197.47155517051368	0.0	137.78431942950104	74.18925125785755
74	73.60720445784513	5523.705767717316	199.49750786020252	0.0	140.53702399612104	73.60720445784513
75	73.85875993367416	5597.56452765099	202.34118137849924	0.0	140.7940833883152	73.85875993367416
76	70.61735382284566	5668.181881473833	202.2986585930981	0.0	141.287059390979	70.61735382284566
77	74.22615924678547	5742.408040720617	206.64427296162918	0.0	142.63392348385105	74.22615924678547
78	74.4206689741857	5816.828709694807	210.48860471175803	0.0	142.216247418859	74.4206689741857
79	73.87044432750015	5890.699154022308	213.7645587318587	0.0	140.84114945481232	73.87044432750015
80	73.10718769467448	5963.80634171698	215.53445582105144	0.0	142.77997839351613	73.10718769467448
81	75.19661839285182	6039.00296010983	219.43632003563027	0.0	144.68612410193256	75.19661839285182
82	73.07011713025021	6112.073077240082	222.03276750661036	0.0	145.74880453488453	73.07011713025021
83	74.42822746598034	6186.501304706064	226.56378258284974	0.0	147.3328729288382	74.42822746598034
84	73.46411322067163	6259.965417926736	229.50512135044082	0.0	148.47647017904382	73.46411322067163
85	71.54950787687463	6331.514925803611	230.06611143961536	0.0	148.70288353437653	71.54950787687463
86	76.10152290043649	6407.616448704046	236.01704664287897	0.0	153.22951161159895	76.10152290043649
87	74.54903089788355	6482.165479601929	239.67072398081217	0.0	152.05138942195833	74.54903089788355
88	71.64544948704714	6553.810929088978	240.85237829459948	0.0	151.8356997728564	71.64544948704714
89	72.1878040009473	6625.998733089926	242.03558891046694	0.0	153.87163568503271	72.1878040009473
90	74.08785782141067	6700.086590911336	244.66508687022647	0.0	155.31241898768732	74.08785782141067
91	74.42037493178127	6774.50696584312	247.29520914622015	0.0	155.51360953225264	74.42037493178127
92	72.59169834531417	6847.098664188432	250.33816178271752	0.0	155.83389329472197	72.59169834531417
93	72.54958566035207	6919.64824984878	252.79117195685131	0.0	157.92161938483412	72.54958566035207
94	75.08370696874637	6994.731956817527	256.32968849601235	0.0	157.0521696687774	75.08370696874637
95	72.60459458102126	7067.336551398547	258.2963382261483	0.0	156.99926327692165	72.60459458102126
96	75.33239548688235	7142.668946885434	263.1243913117469	0.0	155.57488608501666	75.33239548688235
97	72.11258254154637	7214.7815294269785	264.60101144664395	0.0	156.20770455823754	72.11258254154637
98	71.00069779444821	7285.782227221426	264.552148744579	0.0	155.53757733433835	71.00069779444821
99	74.50004363812499	7360.282270859551	266.7134597439088	0.0	157.3747500993828	74.50004363812499
100	73.34950143515853	7433.63177229471	269.1901811215243	0.0	160.0503033303069	73.34950143515853
101	71.7981611053271	7505.429933400038	270.82402626996367	0.0	159.67978512991584	71.7981611053271
102	74.9931715048962	7580.423104904932	274.8083504110985	0.0	157.29551940741968	74.9931715048962
103	72.77995657173265	7653.203061476669	277.922958492707	0.0	161.71441071304628	72.77995657173265
104	71.58512482649544	7724.788186303164	278.3288566969571	0.0	161.82769372910602	71.58512482649544
105	74.49633724306048	7799.284523546225	281.75447165266013	0.0	163.12012468756967	74.49633724306048
106	71.92540295101249	7871.209926497231	282.11553171380825	0.0	163.43839614165972	71.92540295101249
107	70.93147334968758	7942.141399846925	281.72902314850575	0.0	162.25133835475867	70.93147334968758
108	74.50116168352999	8016.64256153045	286.10769482956294	0.0	161.7659886317212	74.50116168352999
109	72.73476573306385	8089.377327263519	288.65061585668167	0.0	163.08993015537624	72.73476573306385
110	73.70442113677524	8163.081748400291	291.1111455907029	0.0	164.49508220992536	73.70442113677524
111	72.14256857982646	8235.224316980119	291.28291143892164	0.0	164.55079487454265	72.14256857982646
112	70.75201778460274	8305.976334764719	291.03819595317736	0.0	164.3914915134947	70.75201778460274
113	70.8792833027524	8376.855618067471	290.9183758836478	0.0	164.57281651623262	70.8792833027524
114	72.53376123795209	8449.389379305425	291.3753742827786	0.0	162.62326985796435	72.53376123795209
115	76.19707655723	8525.586455862654	297.57929208317734	0.0	164.74150652873482	76.19707655723
116	72.98333196642508	8598.56978782908	300.800446716821	0.0	165.53384677526503	72.98333196642508
117	75.69348370675925	8674.26327153584	305.0091940771675	0.0	167.81285013811657	75.69348370675925
118	75.46561101993706	8749.728882555773	309.4657144698244	0.0	173.39172672395202	75.46561101993706
119	76.08938781290293	8825.818270368678	315.0920084468685	0.0	177.22719891993765	76.08938781290293
120	71.08483552235762	8896.903105891035	315.3799521028139	0.0	176.85118649596419	71.08483552235762
121	75.0547221692478	8971.957828060285	319.0170474102546	0.0	180.00230849308855	75.0547221692478
122	72.73758861120022	9044.695416671486	320.40558123170763	0.0	180.6552878978732	72.73758861120022
123	71.64993327040004	9116.345349941883	322.0092174592638	0.0	182.50657046010187	71.64993327040004
124	74.20596842342559	9190.551318365311	325.0058999611542	0.0	184.72450195601894	74.20596842342559
125	72.16112145132418	9262.712439816638	325.98031732788724	0.0	185.54811303483137	72.16112145132418
126	78.87678260374382	9341.589222420378	334.03710968421115	0.0	187.55549463815308	78.87678260374382
127	75.71344234768877	9417.302664768067	339.4955987154684	0.0	188.4762170211875	75.71344234768877
128	72.0920408139545	9489.394705582015	339.3504196386176	0.0	187.7705823410579	72.0920408139545
129	73.09778512060922	9562.49249070263	341.50364551978413	0.0	190.47127782685138	73.09778512060922
130	72.25663331393176	9634.749124016562	344.3903301591735	0.0	190.91969334274486	72.25663331393176
131	76.49127318416302	9711.24039720073	349.43630922976155	0.0	188.2975254937193	76.49127318416302
132	72.47016318541837	9783.710560386147	349.9687800508642	0.0	189.8503793000743	72.47016318541837
133	72.91672444618595	9856.627284832324	350.3826914301446	0.0	189.40507437878958	72.91672444618595
134	73.93251542536902	9930.559800257697	353.16329748553477	0.0	189.066660119834	73.93251542536902
135	73.34406916911915	10003.903869426817	356.37892223720877	0.0	193.11781119810377	73.34406916911915
136	74.22270312994672	10078.126572556763	360.79949321714406	0.0	194.77409562727877	74.22270312994672
137	73.88002785161389	10152.006600408378	362.8890778844307	0.0	194.67061990195447	73.88002785161389
138	76.39085004415149	10228.397450452527	367.8905442462328	0.0	194.12145599908516	76.39085004415149
139	72.23423137863895	10300.631681831172	369.3120750911176	0.0	194.15172285757578	72.23423137863895
140	74.46351603042869	10375.095197861598	371.82793564679923	0.0	192.4214331081942	74.46351603042869
141	73.45703891915535	10448.55223678075	374.0397460122957	0.0	191.58582857183734	73.45703891915535
142	72.17345800715613	10520.725694787907	376.17736215030163	0.0	190.194762465677	72.17345800715613
143	75.55417676543576	10596.27987155334	380.47842625224825	0.0	190.74359863518887	75.55417676543576
144	71.28153567163507	10667.561407224975	381.5263248489217	0.0	190.31270193494646	71.28153567163507
145	72.89147632789157	10740.452883552869	384.4410789722045	0.0	192.40325036223015	72.89147632789157
146	73.04646405157173	10813.49934760444	385.51843494339187	0.0	193.9129696292233	73.04646405157173
147	72.99216923975557	10886.491516844197	387.4616875097992	0.0	196.82165387690108	72.99216923975557
148	76.59734392505959	10963.088860769258	393.35132417785894	0.0	199.99577727950475	76.59734392505959
149	73.28038910771451	11036.36924987697	397.1436918891635	0.0	199.2241618765628	73.28038910771451
150	71.08080030046176	11107.450050177436	397.11656634821816	0.0	199.49208349145314	71.08080030046176
151	72.15251111287483	11179.60256129031	399.16882563070516	0.0	199.91831226278353	72.15251111287483
152	74.59429279637077	11254.196854086676	401.74539027544927	0.0	202.0158646459908	74.59429279637077
153	71.13709821295761	11325.333952299636	401.7797075102424	0.0	199.87922087106617	71.13709821295761
154	71.94277987008954	11397.276732169723	404.52649554146643	0.0	203.30138573182018	71.94277987008954
155	72.24990188795016	11469.526634057676	404.9389549428694	0.0	204.22371754846066	72.24990188795016
156	73.95096201903858	11543.477596076711	407.7731928932287	0.0	205.8991545674544	73.95096201903858
157	71.6099609300879	11615.087557006802	408.3107835907806	0.0	209.8705039766117	71.6099609300879
158	71.82277794628334	11686.91033495308	408.88664237008226	0.0	209.2237764422581	71.82277794628334
159	76.94477778591286	11763.855112738987	415.0573878474469	0.0	212.38422861541207	76.94477778591286
160	77.1191284825347	11840.974241221526	421.5534508207682	0.0	211.2297976444601	77.1191284825347
161	76.26332101564	11917.237562237175	427.0052293846404	0.0	215.03628964530213	76.26332101564
162	72.10491567823534	11989.34247791541	428.33130096132015	0.0	215.1501240013597	72.10491567823534
163	74.25125046387109	12063.593728379277	431.726467767734	0.0	218.20932277284228	74.25125046387109
164	74.11095143355674	12137.70467981283	434.0382746456589	0.0	219.63038352989437	74.11095143355674
165	72.78896628057436	12210.49364609341	435.558207753349	0.0	223.10011621221366	72.78896628057436
166	72.77634153130568	12283.269987624719	437.1890601298146	0.0	225.53442732379463	72.77634153130568
167	73.41472705424812	12356.684714678966	438.89670276148007	0.0	226.61090949223626	73.41472705424812
168	73.11697652387198	12429.801691202836	442.2775341160788	0.0	227.1267515942913	73.11697652387198
169	75.2767146806537	12505.078405883487	446.59225528081794	0.0	228.88346445177507	75.2767146806537
170	73.48574604948732	12578.564151932984	449.0258971595429	0.0	232.14361944647507	73.48574604948732
171	73.70727567371428	12652.271427606687	452.1667080774792	0.0	232.38726047436617	73.70727567371428
172	74.97304010920112	12727.244467715893	456.1829926831001	0.0	236.01026979270523	74.97304010920112
173	72.74451523885632	12799.988982954746	458.233202368928	0.0	236.26650243546527	72.74451523885632
174	74.53791988356315	12874.526902838308	462.5582852036233	0.0	235.67350584326317	74.53791988356315
175	72.81402868762326	12947.340931525936	464.20500545782176	0.0	233.36045323097335	72.81402868762326
176	74.26900136424746	13021.609932890184	466.69524275808135	0.0	235.26961881666836	74.26900136424746
177	71.59429421201789	13093.204227102196	465.71770266388006	0.0	237.3154680835127	71.59429421201789
178	73.13971168508368	13166.343938787284	468.13735466800875	0.0	240.041704736859	73.13971168508368
179	72.8551994331891	13239.199138220469	470.4678388987901	0.0	239.23424681006958	72.8551994331891
180	74.9277475024778	13314.126885722946	475.2171248115103	0.0	238.0222512666026	74.9277475024778
181	71.81528679630951	13385.942172519255	474.43276863360603	0.0	239.59058621896276	71.81528679630951
182	73.01136970807767	13458.953542227335	475.72850518957057	0.0	238.76116952648448	73.01136970807767
183	72.64392143140608	13531.597463658743	476.98830740951774	0.0	240.05629549314867	72.64392143140608
184	72.02873052128452	13603.62619418003	478.7989259667709	0.0	238.5627525379754	72.02873052128452
185	73.35094833782348	13676.977142517846	481.64309448355954	0.0	240.1456313122609	73.35094833782348
186	71.55949280283232	13748.536635320686	481.1048750877284	0.0	239.2711199350345	71.55949280283232
187	76.67828463140204	13825.214919952086	487.4125213242146	0.0	237.61828978835013	76.67828463140204
188	72.52188952279576	13897.73680947488	488.6177521244734	0.0	238.19837522150402	72.52188952279576
189	77.18006596277343	13974.91687543765	495.9925309796691	0.0	240.87507696273357	77.18006596277343
190	73.63476978763296	14048.55164522529	499.0933166662263	0.0	240.31184639412047	73.63476978763296
191	72.05927252905848	14120.61091775434	499.1956730207047	0.0	241.2830541940703	72.05927252905848
192	75.44288149657757	14196.053799250922	503.38539210444947	0.0	242.51498210377935	75.44288149657757
193	73.7926253017221	14269.846424552647	505.1158646594901	0.0	246.0835403820225	73.7926253017221
194	73.34650518388722	14343.192929736531	508.15980683819447	0.0	245.3431737628838	73.34650518388722
195	73.74625809895993	14416.939187835495	511.04713198672675	0.0	248.16542719310405	73.74625809895993
196	77.92985637222868	14494.86904420772	517.1824110942241	0.0	250.76176448394267	77.92985637222868
197	75.93408286587612	14570.803127073601	522.1907804255969	0.0	251.0483275966426	75.93408286587612
198	72.1163137611776	14642.919440834774	523.2572076523314	0.0	252.42775438037285	72.1163137611776
199	74.89651513226579	14717.815955967038	526.7999898752164	0.0	252.33911222655968	74.89651513226579
200	72.6941693071311	14790.510125274179	528.4144023154488	0.0	253.25004651185182	72.6941693071311
201	72.9467277827534	14863.456853056927	529.7635080647697	0.0	253.95079472879252	72.9467277827534
202	73.9828105720687	14937.43966362899	532.8660809831841	0.0	256.29971257153835	73.9828105720687
203	71.25486175648808	15008.694525385481	533.3467801883842	0.0	256.43694494208427	71.25486175648808
204	72.76238550258722	15081.456910888073	533.6735138914937	0.0	256.7588382520547	72.76238550258722
205	71.4848174731609	15152.941728361226	534.3754034690886	0.0	257.57692098245207	71.4848174731609
206	77.96043095050067	15230.902159311725	540.5625657945203	0.0	258.3326827282217	77.96043095050067
207	73.39869249934621	15304.300851811082	542.4562798826499	0.0	259.43217631315764	73.39869249934621
208	74.59346537361816	15378.894317184697	545.4745495640528	0.0	259.4936665029385	74.59346537361816
209	70.79825043340816	15449.692567618098	545.9487568264201	0.0	258.65550570971016	70.79825043340816
210	73.43225322212169	15523.124820840228	548.0481361848314	0.0	261.01240630988855	73.43225322212169
211	72.61885463888625	15595.74367547911	550.2797003708966	0.0	261.84207891118473	72.61885463888625
212	71.311179255946	15667.054854735059	551.9894304711362	0.0	261.04852210707463	71.311179255946
213	73.7694493906096	15740.824304125663	554.4453266751735	0.0	260.79112504328657	73.7694493906096
214	72.29424893603453	15813.118553061693	554.8585035826419	0.0	260.2873109090503	72.29424893603453
215	71.28347194654036	15884.402025008243	557.1947846430521	0.0	261.8005229553805	71.28347194654036
216	71.60892002542886	15956.010945033664	557.9900328186981	0.0	258.96639966148047	71.60892002542886
217	72.13375368314978	16028.144698716815	558.3999095586883	0.0	261.0411797328442	72.13375368314978
218	71.95122927990478	16100.095927996726	558.8494229893928	0.0	258.9800828906032	71.95122927990478
219	71.14556081458015	16171.241488811305	558.8770483508883	0.0	258.1885431306747	71.14556081458015
220	74.38685813548274	16245.628346946783	562.4777239759508	0.0	258.0658390287846	74.38685813548274
221	74.7829851164895	16320.411332063286	565.693375514112	0.0	259.30470751522233	74.7829851164895
222	73.97360155234766	16394.38493361563	570.5305228838745	0.0	261.5010147231018	73.97360155234766
223	74.03670278659546	16468.421636402225	573.8865506583134	0.0	261.89848412774427	74.03670278659546
224	71.58093199408039	16540.002568396296	574.1873918381618	0.0	260.48468437863977	71.58093199408039
225	70.71800651584786	16610.720574912146	574.4090591718904	0.0	259.2480560977573	70.71800651584786
226	72.79386784774164	16683.514442759886	574.6656407396147	0.0	258.49012375528935	72.79386784774164
227	73.96453929741716	16757.478982057313	576.9852334283861	0.0	258.91173003481896	73.96453929741716
228	73.64647946087439	16831.125461518182	580.4121236618207	0.0	258.07041471255724	73.64647946087439
229	72.41384339958574	16903.539304917766	582.3217447162566	0.0	258.55553113524564	72.41384339958574
230	75.25413017561311	16978.793435093387	586.4429257713771	0.0	258.93079585474703	75.25413017561311
231	75.91893911875329	17054.712374212137	592.1793798954417	0.0	259.3814679006365	75.91893911875329
232	75.68717874616068	17130.399552958297	596.6095132653655	0.0	260.14691757943666	75.68717874616068
233	72.46220125489295	17202.86175421318	597.6131639868715	0.0	261.2821335067117	72.46220125489295
234	71.52301518719644	17274.384769400393	599.0659753144117	0.0	260.5604676246349	71.52301518719644
235	74.16333588313968	17348.54810528352	603.5557457608026	0.0	261.5142514090159	74.16333588313968
236	71.52134699923562	17420.06945228276	603.2058292933929	0.0	261.84603185608165	71.52134699923562
237	75.04625892592115	17495.115711208677	607.4802509056285	0.0	260.3463196541007	75.04625892592115
238	72.03405013817797	17567.14976134686	609.268797203254	0.0	261.1208900213184	72.03405013817797
239	76.67951016653431	17643.82927151339	616.124305966176	0.0	261.52875496757036	76.67951016653431
240	75.05736966469345	17718.886641178084	618.8627343297027	0.0	263.21548622754847	75.05736966469345
241	71.05455223049773	17789.941193408587	619.2901171979523	0.0	262.1724492403291	71.05455223049773
242	69.75787439282325	17859.699067801404	617.5696603123207	0.0	265.3831801833961	69.75787439282325
243	76.51186123397174	17936.210929035373	622.730100945604	0.0	262.6054626666808	76.51186123397174
244	75.24752205358442	18011.458451088958	626.4897896033776	0.0	262.7439194763257	75.24752205358442
245	75.34626962305484	18086.80472071202	630.133196449227	0.0	266.92689338136984	75.34626962305484
246	76.5922133986816	18163.396934110697	636.2172828144049	0.0	265.1132608764512	76.5922133986816
247	72.94364415762055	18236.34057826832	638.7753464135681	0.0	264.82564359375425	72.94364415762055
248	72.4001231917221	18308.740701460036	640.4711098598896	0.0	267.2171492482647	72.4001231917221
249	72.24833716855633	18380.989038628602	640.1104324349527	0.0	267.55896131608813	72.24833716855633
250	72.41626958512592	18453.40530821373	642.0949632209882	0.0	269.85416578037655	72.41626958512592
251	72.28613713569304	18525.691445349414	643.4152748295205	0.0	268.497008193916	72.28613713569304
252	71.56244737060902	18597.253892720022	644.2473673724423	0.0	269.655923347982	71.56244737060902
253	74.05885231564835	18671.312745035673	647.7927501072901	0.0	268.9785665492767	74.05885231564835
254	71.59646971241274	18742.909214748084	648.3443571860321	0.0	270.2225297746069	71.59646971241274
255	74.83230650829596	18817.741521256386	653.3990570138355	0.0	269.8506737620343	74.83230650829596
256	75.96650355684594	18893.708024813222	657.5522078681868	0.0	265.1278620800502	75.96650355684594
257	72.71267924113157	18966.420704054362	660.818827778837	0.0	267.59133319012403	72.71267924113157
258	74.37248972109712	19040.79319377546	665.7178067909576	0.0	267.65441294064624	74.37248972109712
259	69.8959034989781	19110.68909727444	663.9409596154676	0.0	267.32786410202345	69.8959034989781
260	76.0909331458706	19186.780030420312	670.0614636213911	0.0	272.33941213541976	76.0909331458706
261	74.671944012984	19261.4519744333	673.6981489406936	0.0	272.99240226907256	74.671944012984
262	75.87794299292814	19337.329917426225	679.3007619989398	0.0	273.0554825285937	75.87794299292814
263	73.52030538460326	19410.850222810823	680.8883779754949	0.0	275.37938782663997	73.52030538460326
264	74.41770016748576	19485.267922978313	684.8706748475852	0.0	275.43975373129825	74.41770016748576
265	71.7892238213701	19557.05714679968	686.251233778457	0.0	275.30076178901834	71.7892238213701
266	70.62435517917469	19627.681501978856	685.7402832265797	0.0	275.2211108134463	70.62435517917469
267	76.04684453053702	19703.728346509386	690.0872043540043	0.0	276.30169127918214	76.04684453053702
268	71.55431657487442	19775.282663084265	690.1051771180584	0.0	275.48592223331394	71.55431657487442
269	71.55018688984211	19846.832849974107	690.2163945706781	0.0	275.15265720679275	71.55018688984211
270	73.66779166172061	19920.500641635826	691.9094298014098	0.0	276.6133133303219	73.66779166172061
271	76.28818072835946	19996.78882236419	697.4795435568315	0.0	276.6455754765461	76.28818072835946
272	76.99913105027805	20073.787953414463	702.7500504102418	0.0	279.43682660297463	76.99913105027805
273	75.40892557322424	20149.19687898768	707.4947890146461	0.0	282.46848121080154	75.40892557322424
274	72.21072637081589	20221.407605358512	707.5232313899421	0.0	281.02368455451733	72.21072637081589
275	71.11410266510303	20292.521708023607	708.2856087290286	0.0	281.22056420729933	71.11410266510303
276	72.41398817606044	20364.935696199667	711.6316410596596	0.0	279.916827892193	72.41398817606044
277	71.27798527817355	20436.213681477842	710.6256192890419	0.0	279.2557430266912	71.27798527817355
278	72.75884900338013	20508.972530481216	713.5411515393425	0.0	279.71320151855844	72.75884900338013
279	71.75468279487657	20580.7272132761	714.2873469159883	0.0	281.18003445785075	71.75468279487657
280	73.62961786206758	20654.35683113817	717.9488156682248	0.0	284.19608227037133	73.62961786206758
281	73.76198583251154	20728.118816970666	720.7462518345515	0.0	285.2837954347572	73.76198583251154
282	74.0114727787913	20802.13028974947	722.871260092259	0.0	283.62359290520004	74.0114727787913
283	73.44468241907174	20875.574972168546	726.9133896456494	0.0	284.4933900441664	73.44468241907174
284	75.2549524336456	20950.829924602185	731.913339400237	0.0	282.65742406966257	75.2549524336456
285	74.66734399472926	21025.49726859691	736.067720749261	0.0	282.1780666213607	74.66734399472926
286	72.25981675276688	21097.757085349687	737.3177203089458	0.0	279.91088315694367	72.25981675276688
287	74.62077146999108	21172.37785681967	741.4854203096875	0.0	281.6563046299922	74.62077146999108
288	73.31701157019234	21245.694868389863	743.5917154517456	0.0	280.1923721906819	73.31701157019234
289	74.33490879582303	21320.02977718568	746.9285754120378	0.0	281.5070898457257	74.33490879582303
290	74.46227199916581	21394.492049184857	750.4234163336491	0.0	281.2245104079681	74.46227199916581
291	78.24035830498919	21472.732407489853	758.2345337663735	0.0	281.44616374418774	78.24035830498919
292	75.1502271098137	21547.88263459966	761.3231543383091	0.0	278.47616180225356	75.1502271098137
293	72.62767831090171	21620.510312910552	763.3500685119449	0.0	279.20078207785366	72.62767831090171
294	74.04237259376067	21694.552685504324	766.8109544789219	0.0	281.1536683184491	74.04237259376067
295	77.04505596450565	21771.59774146882	773.7910521044379	0.0	280.05230407002875	77.04505596450565
296	72.84033778561732	21844.43807925444	776.0210121040998	0.0	280.9291261630596	72.84033778561732
297	73.34645803788959	21917.784537292333	778.2659995277468	0.0	278.82423500487806	73.34645803788959
298	72.21197040813175	21989.99650770046	779.3663659785223	0.0	277.3175479455283	72.21197040813175
299	75.11857589817991	22065.115083598645	783.515018591059	0.0	275.1706610445071	75.11857589817991
300	76.95131455390012	22142.066398152536	789.521336558539	0.0	276.71623963474	76.95131455390012
301	71.40462617617108	22213.47102432871	790.2156426311637	0.0	276.325190535077	71.40462617617108
302	77.76746930076077	22291.238493629477	796.7745923471356	0.0	274.63116590324597	77.76746930076077
303	75.5385033652403	22366.77699699472	800.6662557732648	0.0	271.4313790554447	75.5385033652403
304	73.97164673215563	22440.748643726878	803.3774023454131	0.0	269.82330204850723	73.97164673215563
305	72.84471135459303	22513.593355081448	806.7432561784219	0.0	270.95822040355273	72.84471135459303
306	75.75096715669336	22589.344322238154	811.2366446643234	0.0	271.88948940477354	75.75096715669336
307	73.57140112595522	22662.91572336412	815.3711299524516	0.0	273.63026045268754	73.57140112595522
308	73.55595586978122	22736.471679233895	817.465346416156	0.0	273.42013258602003	73.55595586978122
309	73.69416283287795	22810.16584206678	820.8847193043397	0.0	274.1214386273035	73.69416283287795
310	74.09999452607599	22884.26583659283	825.3384179977819	0.0	276.6665716397793	74.09999452607599
311	73.41584522110342	22957.681681813967	826.30349153387	0.0	277.9636628126597	73.41584522110342
312	72.97146533086737	23030.65314714481	829.1546401637729	0.0	278.1368076342942	72.97146533086737
313	71.98305959663952	23102.63620674146	830.5302976977931	0.0	276.41910872015154	71.98305959663952
314	72.59263474401483	23175.228841485474	832.6882298263404	0.0	280.11646314973154	72.59263474401483
315	70.83925687302649	23246.06809835851	832.2994823103879	0.0	281.5051171592819	70.83925687302649
316	71.12176123087913	23317.189859589376	831.9248954366296	0.0	283.7309299244335	71.12176123087913
317	75.08253510549395	23392.272394694868	834.6585554953635	0.0	283.25338659222564	75.08253510549395
318	73.53117083191668	23465.803565526803	837.716639056138	0.0	287.6551803176268	73.53117083191668
319	75.70840453545027	23541.51197006224	842.7590854815583	0.0	286.8029484007932	75.70840453545027
320	73.40797224492552	23614.919942307166	845.0212724546582	0.0	287.981698823609	73.40797224492552
321	72.91786693072227	23687.837809237888	846.5846419495448	0.0	289.8913101822748	72.91786693072227
322	72.44118827922523	23760.27899751711	847.3304525297598	0.0	289.2141084460911	72.44118827922523
323	76.84101311199254	23837.12001062911	853.509126942491	0.0	290.72880268062886	76.84101311199254
324	73.30987553697389	23910.42988616607	855.5619351980639	0.0	292.11493320272876	73.30987553697389
325	72.36308827395231	23982.79297444003	856.9398895012058	0.0	289.45958742157205	72.36308827395231
326	72.39704311264649	24055.190017552675	858.1786085420716	0.0	291.466581594758	72.39704311264649
327	73.14891175008664	24128.338929302772	859.3032867159286	0.0	291.8263375278142	73.14891175008664
328	74.09499622213099	24202.433925524903	862.4547497683819	0.0	294.11939128722673	74.09499622213099
329	73.54400319937142	24275.977928724256	865.2323667968112	0.0	292.8011444350508	73.54400319937142
330	75.03734707943904	24351.015275803697	869.5212037326269	0.0	296.358839178588	75.03734707943904
331	72.30864226481322	24423.323918068516	870.7201051491282	0.0	297.08878860602204	72.30864226481322
332	71.73757276367076	24495.061490832177	870.2713849166659	0.0	297.1068862776558	71.73757276367076
333	76.41942533456483	24571.480916166758	875.039205067892	0.0	300.91375356488476	76.41942533456483
334	74.93864056627757	24646.41955673303	878.8224690195933	0.0	301.57119023149636	74.93864056627757
335	72.21307563686344	24718.632632369903	880.225822785121	0.0	300.5759847842482	72.21307563686344
336	75.47933594997164	24794.111968319863	884.8945931127612	0.0	303.64632048465484	75.47933594997164
337	78.21803431405655	24872.330002633917	892.0592025531175	0.0	303.06714494254385	78.21803431405655
338	73.29675026207036	24945.626752896005	894.4867615040216	0.0	302.3722344751084	73.29675026207036
339	72.38065360030681	25018.007406496297	895.996937201853	0.0	302.6729700419966	72.38065360030681
340	71.0410212088193	25089.04842770512	895.3903317834196	0.0	303.48863375870764	71.0410212088193
341	73.34832440496182	25162.39675211007	898.5965967222648	0.0	304.08010918909144	73.34832440496182
342	72.54441983782692	25234.941171947903	900.2293471444334	0.0	306.21385737445377	72.54441983782692
343	77.24665562699954	25312.187827574904	906.4485171994652	0.0	309.42598857816523	77.24665562699954
344	71.75502130251132	25383.942848877417	907.9475891523292	0.0	308.36429418057213	71.75502130251132
345	74.46504150096537	25458.407890378377	912.4355695446309	0.0	309.85340820475284	74.46504150096537
346	71.65836507071772	25530.066255449103	914.625366854356	0.0	311.4244331079371	71.65836507071772
347	71.82939452932598	25601.89564997842	914.7816145633392	0.0	311.94186961180753	71.82939452932598
348	73.60769107969854	25675.503341058135	916.5247347091929	0.0	311.3948275490076	73.60769107969854
349	71.44300242870607	25746.946343486812	917.7332838482075	0.0	313.8655800625887	71.44300242870607
350	72.930626520306	25819.876970007128	919.7881485967796	0.0	314.8036669844174	72.930626520306
351	70.95818857241234	25890.835158579554	919.8511958065999	0.0	315.28586956029994	70.95818857241234
352	71.91567252751707	25962.750831107056	921.7991345497408	0.0	314.6773856821948	71.91567252751707
353	73.85071413758355	26036.601545244645	925.2459544243844	0.0	315.45787412633797	73.85071413758355
354	72.27332321352465	26108.87486845817	926.9018630711365	0.0	318.01079684987917	72.27332321352465
355	73.67692426760757	26182.551792725775	929.3246333480158	0.0	317.1719082150551	73.67692426760757
356	73.2502243003924	26255.802017026166	932.3638401041404	0.0	317.5118622235942	73.2502243003924
357	75.1695383592204	26330.971555385404	936.0641463278276	0.0	317.64804134994324	75.1695383592204
358	73.62253185735905	26404.594087242753	939.337095556712	0.0	319.2003542987226	73.62253185735905
359	72.98313723356965	26477.577224476317	940.8486134423397	0.0	319.90588246669085	72.98313723356965
360	76.24176831793105	26553.81899279426	946.4252641836705	0.0	321.3622874713418	76.24176831793105
361	73.0198795813484	26626.838872375603	948.3818202853835	0.0	321.07987290522465	73.0198795813484
362	72.97121020553935	26699.810082581127	950.4943669585168	0.0	323.1005310694049	72.97121020553935
363	73.14778025077933	26772.95786283192	952.4087737743757	0.0	323.7544501313985	73.14778025077933
364	72.58249534270358	26845.54035817462	955.0588084765617	0.0	323.87231735058333	72.58249534270358
365	72.42285951353283	26917.96321768816	955.3775974872167	0.0	324.24467101859074	72.42285951353283
366	73.52453800497035	26991.48775569311	957.7982856221527	0.0	327.07928710487954	73.52453800497035
367	73.81566483480663	27065.303420527933	959.713013091897	0.0	325.3132507088702	73.81566483480663
368	73.6929194049504	27138.996339932888	963.4816635303449	0.0	326.9451093565819	73.6929194049504
369	75.57401106786676	27214.570351000748	968.0301316308786	0.0	326.9881149470818	75.57401106786676
370	72.6244812548078	27287.19483225556	969.6014625643653	0.0	327.9315343679452	72.6244812548078
371	72.22513525935864	27359.4199675149	970.3754748127868	0.0	327.05626923279686	72.22513525935864
372	75.82532206978298	27435.245289584702	973.5953315375866	0.0	327.6623400571175	75.82532206978298
373	71.14956697705775	27506.39485656176	974.3351282588108	0.0	327.22601778943914	71.14956697705775
374	74.33646684040566	27580.73132340216	977.7776942545854	0.0	329.06544769389205	74.33646684040566
375	71.0970077681816	27651.828331170338	977.3600297297317	0.0	329.9342568314563	71.0970077681816
376	71.83994534087344	27723.668276511205	978.1346640708845	0.0	330.6957492811652	71.83994534087344
377	71.02949640607159	27794.697772917287	978.008337148515	0.0	331.8793193344791	71.02949640607159
378	71.56722593220748	27866.264998849492	978.9876218131343	0.0	333.0437534131627	71.56722593220748
379	74.55943337754925	27940.824432227026	981.6133755394569	0.0	335.5228952346808	74.55943337754925
380	77.35290831816397	28018.177340545197	987.7968454446433	0.0	339.38781673150123	77.35290831816397
381	74.23371032061407	28092.411050865827	989.1703804102286	0.0	339.5820047916702	74.23371032061407
382	74.50943871153589	28166.920489577373	992.456736780029	0.0	342.25545461078764	74.50943871153589
383	73.12326090609594	28240.04375048346	993.5683084531444	0.0	341.5310376883542	73.12326090609594
384	73.79978358939728	28313.84353407285	994.9326753960547	0.0	340.3212390074469	73.79978358939728
385	74.68332162084889	28388.52685569372	997.7054614033414	0.0	340.0505180684282	74.68332162084889
386	73.03176881043687	28461.558624504138	999.5532925609715	0.0	340.01043787641925	73.03176881043687
387	73.151379397388	28534.71000390151	999.9550961254555	0.0	339.7149930455312	73.151379397388
388	74.42233968079451	28609.132343582314	1002.7914486137942	0.0	338.5099640671512	74.42233968079451
389	73.71273561507788	28682.8450791974	1005.9617397083082	0.0	338.2062972563	73.71273561507788
390	73.88512872622229	28756.73020792363	1008.6997899859203	0.0	337.4117683997439	73.88512872622229
391	73.81607444122693	28830.54628236482	1011.2953731949054	0.0	338.9385452791315	73.81607444122693
392	71.14193089563005	28901.688213260495	1012.0091088289987	0.0	337.93859333459085	71.14193089563005
393	72.48590964619093	28974.174122906683	1013.7458414476707	0.0	339.2334876729941	72.48590964619093
394	73.78216156820439	29047.956284474894	1015.6744046368228	0.0	342.90502351178975	73.78216156820439
395	73.74604630280028	29121.702330777684	1018.8563243596443	0.0	340.72406557164743	73.74604630280028
396	73.15593950847394	29194.85827028615	1021.4658172679794	0.0	340.48502840982724	73.15593950847394
397	74.63815983628587	29269.49643012242	1025.5552539101673	0.0	339.59963437916974	74.63815983628587
398	74.52383740150775	29344.02026752394	1029.9775188492201	0.0	342.6909781820132	74.52383740150775
399	72.71486435673947	29416.73513188067	1032.1278526906178	0.0	344.88710259517796	72.71486435673947
400	74.02140020098655	29490.756532081665	1035.1337835064792	0.0	346.5039979621371	74.02140020098655
401	76.19825541222231	29566.954787493894	1039.515796429043	0.0	349.1378760161381	76.19825541222231
402	73.89297772903592	29640.847765222923	1042.416304156551	0.0	348.09655642267495	73.89297772903592
403	74.09162427771122	29714.93938950064	1045.6076497239274	0.0	348.36843074868426	74.09162427771122
404	71.59573092161654	29786.53512042225	1045.5687578961795	0.0	348.43623200015884	71.59573092161654
405	74.91509582172651	29861.450216243975	1049.278117223203	0.0	347.0833369435416	74.91509582172651
406	72.33341785222524	29933.7836340962	1051.1968817489185	0.0	346.785087597168	72.33341785222524
407	72.23224327499453	30006.0158773712	1053.0100663643357	0.0	345.901135183202	72.23224327499453
408	73.74276850495512	30079.758645876143	1055.6417761098214	0.0	347.51034041228326	73.74276850495512
409	71.6197915967931	30151.37843747295	1056.7852317388767	0.0	346.7302904445796	71.6197915967931
410	73.69651406630992	30225.07495153926	1059.012522656808	0.0	344.22711507837926	73.69651406630992
411	72.97659340097651	30298.051544940237	1060.651493925461	0.0	342.95871035254794	72.97659340097651
412	73.95836163700815	30372.00990657724	1063.3515550935085	0.0	342.76451909800966	73.95836163700815
413	71.34039309745793	30443.350299674697	1062.534163764553	0.0	342.9666662819178	71.34039309745793
414	73.21303220497808	30516.56333187969	1066.2872137568086	0.0	344.44494218141824	73.21303220497808
415	74.03776333279528	30590.601095212463	1069.5523199897384	0.0	345.85183386115546	74.03776333279528
416	77.67437486573968	30668.27547007822	1075.8019064384064	0.0	346.25546916587575	77.67437486573968
417	73.64195389180573	30741.917423970015	1078.5240306907958	0.0	347.0655993784591	73.64195389180573
418	77.5625344631179	30819.479958433145	1085.0616388181547	0.0	349.7585876013428	77.5625344631179
419	75.24105596982292	30894.72101440297	1089.7314117755966	0.0	349.26128281401304	75.24105596982292
420	72.637787405515	30967.358801808477	1091.4584387700527	0.0	349.76407999737086	72.637787405515
421	70.53607986377727	31037.894881672248	1091.109766450949	0.0	348.29673713639346	70.53607986377727
422	76.43348651600417	31114.328368188264	1096.3741199902483	0.0	345.1910434085945	76.43348651600417
423	72.72003883436246	31187.048407022627	1097.4192288087318	0.0	342.6161539787176	72.72003883436246
424	73.25003466783306	31260.298441690473	1100.6467971222519	0.0	342.35672687539864	73.25003466783306
425	74.08545085817362	31334.38389254863	1104.1209863767056	0.0	341.62688805519394	74.08545085817362
426	73.41318982486169	31407.79708237349	1105.970533354151	0.0	343.82901355425656	73.41318982486169
427	73.15988784970833	31480.956970223193	1108.1501217745345	0.0	345.5344297546923	73.15988784970833
428	69.85231442615725	31550.80928464936	1107.0785498795196	0.0	343.40397162782426	69.85231442615725
429	71.67592740535888	31622.485212054708	1107.8393937405522	0.0	345.1407165639651	71.67592740535888
430	72.40748495888509	31694.89269701361	1109.498176602092	0.0	347.17035513430994	72.40748495888509
431	75.50850667391366	31770.401203687506	1114.6929789822002	0.0	347.8630322247037	75.50850667391366
432	79.027502266012	31849.428705953516	1121.7071738677948	0.0	341.26407440382167	79.027502266012
433	73.59999735891952	31923.02870331244	1124.5769681146733	0.0	343.4892440198711	73.59999735891952
434	72.66805793631292	31995.696761248768	1126.4404414931698	0.0	344.5198742301495	72.66805793631292
435	73.30552778874971	32069.00228903749	1128.4982085734916	0.0	347.37960583223304	73.30552778874971
436	74.02884746041467	32143.031136497906	1131.0217312749721	0.0	347.30189123698256	74.02884746041467
437	72.24434777163418	32215.275484269558	1131.170119655788	0.0	346.069998794427	72.24434777163418
438	73.94046430418521	32289.215948573743	1135.6994673675526	0.0	346.3138032587017	73.94046430418521
439	73.8793688349024	32363.095317408646	1139.3062874071934	0.0	346.5934657138887	73.8793688349024
440	71.45323330547984	32434.548550714127	1139.4830227917303	0.0	345.88888106141854	71.45323330547984
441	73.53339979367479	32508.081950507792	1141.9278870191122	0.0	344.9429222631899	73.53339979367479
442	74.36064043665343	32582.442590944454	1144.9309369080356	0.0	344.255281671812	74.36064043665343
443	71.90681980265353	32654.349410747105	1145.7447114398517	0.0	342.80079314121895	71.90681980265353
444	73.30102248686015	32727.65043323396	1148.904017322558	0.0	343.23256066378974	73.30102248686015
445	73.65271543953772	32801.30314867351	1151.815649382628	0.0	342.1733451454417	73.65271543953772
446	73.57812125894672	32874.881269932455	1154.0916076316705	0.0	342.6364051891987	73.57812125894672
447	70.93576265025925	32945.8170325827	1154.9895579233832	0.0	341.5680833970586	70.93576265025925
448	74.577804563068	33020.39483714579	1158.5239183540968	0.0	342.38434710011387	74.577804563068
449	75.22757374243515	33095.62241088821	1163.267533361674	0.0	342.77319720522587	75.22757374243515
450	73.01337781676882	33168.635788704974	1165.0727132127631	0.0	341.38225743096984	73.01337781676882
451	77.8058161537648	33246.44160485875	1171.8715666130408	0.0	342.15570615209236	77.8058161537648
452	73.07984008713088	33319.521444945865	1175.3517496720356	0.0	343.8356129529083	73.07984008713088
453	73.18386145824418	33392.70530640411	1177.984391488829	0.0	344.7845622752306	73.18386145824418
454	73.81432209402163	33466.51962849815	1181.5085113008154	0.0	344.7439600470869	73.81432209402163
455	71.29516645234926	33537.814794950486	1181.3628606081384	0.0	346.1853753550385	71.29516645234926
456	70.38851393254537	33608.20330888304	1180.145777630455	0.0	346.5600299475179	70.38851393254537
457	73.58476919344827	33681.7880780765	1181.4673388170017	0.0	345.28611360584864	73.58476919344827
458	72.18163706954967	33753.969715146035	1182.1994627486679	0.0	345.59251175605294	72.18163706954967
459	75.4085488658914	33829.378264011946	1186.1740847402405	0.0	347.0650635571299	75.4085488658914
460	75.13305820591552	33904.51132221784	1190.2043295971714	0.0	349.66211288838247	75.13305820591552
461	71.53217550572342	33976.04349772358	1190.7257702489487	0.0	350.44069151511195	71.53217550572342
462	74.80561586671683	34050.84911359029	1195.5634515085328	0.0	352.15691546495736	74.80561586671683
463	72.51774660088175	34123.366860191156	1197.6387805448674	0.0	352.01572507838125	72.51774660088175
464	73.02608495862063	34196.392945149775	1199.654922770849	0.0	352.3959388224841	73.02608495862063
465	73.16785253170765	34269.56079768149	1200.5538470630652	0.0	354.22002811324154	73.16785253170765
466	72.891222951887	34342.45202063338	1201.933903922788	0.0	354.26887091719794	72.891222951887
467	74.59899833288009	34417.05101896625	1205.8339310338447	0.0	356.3880152813424	74.59899833288009
468	72.0705478065418	34489.12156677278	1206.0760789128356	0.0	354.82529156276195	72.0705478065418
469	75.10205668975587	34564.22362346256	1210.079937094379	0.0	358.9744536004354	75.10205668975587
470	72.65939844125487	34636.88302190381	1211.4483768841062	0.0	359.1842735481458	72.65939844125487
471	75.81354441312764	34712.696566316925	1215.0780331625022	0.0	360.61991007248156	75.81354441312764
472	75.3705976616611	34788.0671639786	1217.5851635800166	0.0	362.18560501568066	75.3705976616611
473	73.31068955534464	34861.37785353396	1219.198631975704	0.0	363.7983213522138	73.31068955534464
474	70.05443361773611	34931.432287151685	1218.402149311415	0.0	364.24266038003896	70.05443361773611
475	72.27771359501602	35003.71000074671	1220.0823003297771	0.0	363.90630705730456	72.27771359501602
476	73.75778912409291	35077.46778987078	1223.2168407274048	0.0	363.57747907495053	73.75778912409291
477	72.53189396774756	35149.99968383853	1224.813224620012	0.0	364.59131204255556	72.53189396774756
478	71.94809152585633	35221.94777536438	1227.7287062862586	0.0	365.61329460604196	71.94809152585633
479	74.65862512278387	35296.60640048716	1232.1511577360577	0.0	365.54890743397766	74.65862512278387
480	73.60754049228647	35370.213940979454	1233.5226037592856	0.0	366.1716488556389	73.60754049228647
481	75.12267131023901	35445.33661228971	1238.1050658770205	0.0	363.50607715677023	75.12267131023901
482	72.25541811370721	35517.59203040341	1238.6525703162988	0.0	364.85051844284976	72.25541811370721
483	74.55242918722827	35592.144459590636	1243.3638543494849	0.0	367.3607727575693	74.55242918722827
484	73.01273443834499	35665.157194029	1245.2765697577775	0.0	368.57600351035455	73.01273443834499
485	71.16794114369138	35736.32513517269	1245.4890399286783	0.0	367.7197999460866	71.16794114369138
486	71.92438484830706	35808.249520020996	1247.017671672146	0.0	368.4093225426734	71.92438484830706
487	73.85918732423936	35882.10870734523	1249.2245140458153	0.0	369.70091427164084	73.85918732423936
488	73.5858376402225	35955.694544985454	1251.339959168756	0.0	370.75250258853424	73.5858376402225
489	71.81416689952181	36027.50871188496	1252.064467244266	0.0	372.09542028871016	71.81416689952181
490	73.29570609829676	36100.80441798327	1253.3399799039264	0.0	371.5061222980561	73.29570609829676
491	73.53736647267115	36174.341784455944	1257.1279156874089	0.0	372.15276748321145	73.53736647267115
492	72.36065585320046	36246.702440309135	1257.729698483901	0.0	373.2001651392735	72.36065585320046
493	76.29756006623074	36323.000000375374	1262.4460885575809	0.0	376.0346534770272	76.29756006623074
494	71.7916411957923	36394.791641571166	1263.406953741174	0.0	375.42103654015625	71.7916411957923
495	72.42393153572414	36467.215573106885	1264.369812397515	0.0	375.34257400465845	72.42393153572414
496	74.81903882907348	36542.03461193597	1267.5137117443508	0.0	375.0757898866167	74.81903882907348
497	74.31584328022035	36616.35045521617	1270.9918070199308	0.0	374.4538861364251	74.31584328022035
498	75.97858006459691	36692.32903528079	1276.073953148648	0.0	380.73400990224525	75.97858006459691
499	73.47538987729888	36765.80442515807	1276.5560924064544	0.0	381.9681206791984	73.47538987729888
500	72.2370444250918	36838.041469583186	1277.1609868689884	0.0	382.36070042401565	72.2370444250918
501	72.5863033975605	36910.62777298072	1280.2083042847719	0.0	383.31235872882513	72.5863033975605
502	73.91655761679162	36984.54433059753	1283.547365047835	0.0	386.80243948558694	73.91655761679162
503	71.99106692209692	37056.535397519634	1285.2923584775601	0.0	388.2853343190689	71.99106692209692
504	72.7396387678166	37129.27503628742	1285.2923584775601	0.0	390.19708390242806	72.7396387678166
