task	reward	total_reward	total_regret	relative	total_reward_dev	joules
0	75.46577227398924	75.46577227398924	37.64466211608236	0.0	15.036880130188264	75.46577227398924
1	74.0783873863758	149.54415966036495	74.24030721415161	0.0	22.374268097819794	74.0783873863758
2	74.09921201322736	223.64337167359238	110.5615758583582	0.0	30.11738478525802	74.09921201322736
3	73.06552225015747	296.7088939237498	146.26441819794417	0.0	35.17535807608505	73.06552225015747
4	76.49932249337569	373.2082164171255	184.86647808331276	0.0	40.96215365603866	76.49932249337569
5	73.70841175015005	446.9166281672756	221.61992542251576	0.0	43.662593329273506	73.70841175015005
6	71.88286658095812	518.7994947482337	258.12129920081384	0.0	46.338860904877585	71.88286658095812
7	73.63494563511934	592.4344403833528	295.2537710811786	0.0	47.42915499557835	73.63494563511934
8	74.81367638548024	667.2481167688334	332.63274177455816	0.0	50.03088596444149	74.81367638548024
9	76.10375390414212	743.3518706729757	371.3855196170351	0.0	51.693532229138555	76.10375390414212
10	75.01251497623356	818.3643856492089	407.97263835864476	0.0	57.41693471374947	75.01251497623356
11	72.77806969582724	891.142455345036	443.05683069029504	0.0	59.99764712456828	72.77806969582724
12	74.39050044125366	965.5329557862893	478.9484631419638	0.0	60.78959300967973	74.39050044125366
13	73.4833468268281	1039.016302613118	515.7953863458603	0.0	61.93200139541218	73.4833468268281
14	73.6125454612758	1112.6288480743935	551.1654092222165	0.0	65.93612812265317	73.6125454612758
15	75.00820483626765	1187.6370529106614	589.1602252968378	0.0	66.90995871327068	75.00820483626765
16	70.51124083780556	1258.148293748467	623.92125004171	0.0	69.10286005654237	70.51124083780556
17	72.27812152015595	1330.426415268623	658.2227382024571	0.0	71.05140029292123	72.27812152015595
18	74.36197278876884	1404.7883880573918	695.1883466034745	0.0	75.37678473392648	74.36197278876884
19	71.12596412198886	1475.914352179381	730.0978307469483	0.0	74.72083111336727	71.12596412198886
20	55.018099712874736	1530.9324518922547	746.3956751728431	0.0	81.2222595816545	55.018099712874736
21	51.816527204940456	1582.7489790971958	761.5563265546505	0.0	82.26472611819176	51.816527204940456
22	51.83231073980784	1634.5812898370045	773.7043238539319	0.0	87.23028559101371	51.83231073980784
23	49.335301331705935	1683.9165911687096	783.8807764879462	0.0	88.12183391339536	49.335301331705935
24	56.513748581242574	1740.4303397499516	803.1327734285989	0.0	92.57347447631471	56.513748581242574
25	50.189944242981326	1790.6202839929338	814.6733026408457	0.0	97.24272502279328	50.189944242981326
26	49.53167423412813	1840.151958227062	824.7601639410638	0.0	96.90287210939722	49.53167423412813
27	53.45886860612089	1893.6108268331823	838.2134878589512	0.0	102.12064125201562	53.45886860612089
28	55.51960023772813	1949.1304270709102	857.1911698864781	0.0	105.47772662200799	55.51960023772813
29	52.21401449354448	2001.3444415644542	870.8116866373556	0.0	106.73445731016457	52.21401449354448
30	59.707699539862304	2061.052141104317	893.3064737615299	0.0	110.35211005249913	59.707699539862304
31	60.81430602259184	2121.866447126908	916.8425561843652	0.0	112.62156008460774	60.81430602259184
32	60.521617371789226	2182.388064498698	939.492015072973	0.0	118.80951881533984	60.521617371789226
33	62.91358019725907	2245.3016446959573	965.4910668627194	0.0	116.36650034095969	62.91358019725907
34	62.1433248221055	2307.444969518063	990.182694629948	0.0	118.216365426373	62.1433248221055
35	65.50447038964076	2372.949439907703	1016.283386951853	0.0	118.58390501021563	65.50447038964076
36	64.22541538553776	2437.1748552932413	1042.1575326400002	0.0	124.39251355010612	64.22541538553776
37	61.61633418754555	2498.7911894807876	1066.6951905035567	0.0	128.15798300353669	61.61633418754555
38	65.85601770654387	2564.6472071873304	1095.9946522978921	0.0	129.12636459619904	65.85601770654387
39	60.824790175058595	2625.4719973623887	1118.5102726133969	0.0	129.09170401403617	60.824790175058595
40	59.90341419417955	2685.37541155657	1141.4213672286382	0.0	128.6343681547349	59.90341419417955
41	67.40963155696248	2752.785043113532	1172.0064931553552	0.0	131.28263330698857	67.40963155696248
42	61.3321693422906	2814.117212455821	1196.0196540800398	0.0	136.06667612485575	61.3321693422906
43	60.98429613234057	2875.1015085881627	1220.0410837542863	0.0	141.34618523825156	60.98429613234057
44	63.86064139062565	2938.9621499787872	1245.8881390122008	0.0	145.61707898306187	63.86064139062565
45	61.83907891998462	3000.8012288987734	1270.9150792939747	0.0	147.72682128178778	61.83907891998462
46	65.0850050224209	3065.8862339211933	1298.0745727036533	0.0	149.78559304297497	65.0850050224209
47	61.61022316800103	3127.4964570891925	1320.7451714281278	0.0	154.41714166072148	61.61022316800103
48	58.430942552588675	3185.927399641784	1340.9984635081141	0.0	155.20082548074973	58.430942552588675
49	60.93617534600308	3246.8635749877853	1365.1422628278544	0.0	155.43806210250779	60.93617534600308
50	51.1958019731799	3298.059376960967	1376.7275203020358	0.0	161.05656852555424	51.1958019731799
51	47.95568309158508	3346.0150600525517	1387.7055102802822	0.0	164.18111361508102	47.95568309158508
52	51.81585949021289	3397.830919542765	1401.1629214665122	0.0	165.4429209576448	51.81585949021289
53	50.76952199567466	3448.6004415384377	1414.0678758601948	0.0	166.55209577384426	50.76952199567466
54	50.00885450880582	3498.609296047245	1426.1134585600294	0.0	172.43980379552713	50.00885450880582
55	44.57857220157011	3543.1878682488145	1433.366205187552	0.0	173.93599115952034	44.57857220157011
56	52.31835316501284	3595.5062214138284	1448.0106713882985	0.0	171.00530361820532	52.31835316501284
57	47.16872438272568	3642.6749457965534	1457.7653422050366	0.0	172.17080064077854	47.16872438272568
58	49.912253158035185	3692.587198954587	1470.3594926144883	0.0	172.42952694704246	49.912253158035185
59	51.17609847889125	3743.763297433481	1484.4558652429332	0.0	173.0659580498582	51.17609847889125
60	57.316819847358865	3801.080117280838	1504.291608145584	0.0	175.5519765683522	57.316819847358865
61	56.304678399547264	3857.384795680386	1523.9295681256096	0.0	174.75009927009495	56.304678399547264
62	58.86758815945131	3916.2523838398374	1546.0610716479644	0.0	173.1886891576384	58.86758815945131
63	56.693318581027235	3972.945702420865	1564.3449246808707	0.0	168.771743885196	56.693318581027235
64	54.79061223553334	4027.736314656398	1579.9588272107603	0.0	171.3847732340265	54.79061223553334
65	57.876611070308826	4085.612925726706	1599.9606949518002	0.0	170.84388430505348	57.876611070308826
66	55.31025097922952	4140.9231767059355	1616.9501517026843	0.0	175.0668042502362	55.31025097922952
67	54.22791261801074	4195.1510893239465	1634.8430231983655	0.0	172.97167755077925	54.22791261801074
68	50.63827602357338	4245.78936534752	1647.4772314415852	0.0	174.21878457495902	50.63827602357338
69	54.84997194877731	4300.6393372962975	1664.2585181815705	0.0	174.82007980581605	54.84997194877731
70	53.41162439267885	4354.050961688977	1680.3930596738667	0.0	180.06377955378898	53.41162439267885
71	51.64045593434918	4405.691417623323	1692.136186374022	0.0	182.96066266984798	51.64045593434918
72	57.04042742883528	4462.731845052162	1709.8553751749732	0.0	183.77299614384108	57.04042742883528
73	53.263145816838026	4515.994990868999	1725.5322279506688	0.0	186.94208134305987	53.263145816838026
74	59.30883649556533	4575.303827364563	1747.405320979521	0.0	187.1651001738382	59.30883649556533
75	52.18433591339865	4627.488163277962	1763.2984300529697	0.0	185.2123977322717	52.18433591339865
76	52.06280194641041	4679.550965224372	1779.4383614665317	0.0	189.63364353609708	52.06280194641041
77	57.61968605946371	4737.170651283838	1798.5980251024612	0.0	190.68285047508905	57.61968605946371
78	61.02146968109541	4798.192120964933	1822.4031120732407	0.0	192.4142827667591	61.02146968109541
79	50.76178369468618	4848.953904659618	1835.6765016237277	0.0	196.2757405571376	50.76178369468618
80	43.431647239763834	4892.385551899384	1841.27499935567	0.0	199.6970617588576	43.431647239763834
81	46.402085189449444	4938.787637088832	1850.7262496278697	0.0	203.88677152521552	46.402085189449444
82	47.498189776134424	4986.285826864964	1860.5477926634492	0.0	204.55672878880011	47.498189776134424
83	47.725185067067024	5034.011011932035	1869.6269757777593	0.0	210.21913534058876	47.725185067067024
84	44.57864609139831	5078.589658023429	1876.4185610004622	0.0	209.42282419557233	44.57864609139831
85	44.67781047110793	5123.267468494538	1883.34336409964	0.0	208.23784779598753	44.67781047110793
86	49.824007168418476	5173.091475662959	1896.494596919841	0.0	208.70205076134988	49.824007168418476
87	49.081359862016186	5222.172835524975	1909.3478920134191	0.0	206.8710211540085	49.081359862016186
88	44.09212934423818	5266.264964869213	1916.1866466567162	0.0	209.95892741672148	44.09212934423818
89	46.99972567311687	5313.264690542328	1924.4913796839235	0.0	215.17672666914572	46.99972567311687
90	48.969871938016865	5362.234562480347	1935.2811598183298	0.0	217.78152958930227	48.969871938016865
91	49.49984492894591	5411.734407409294	1945.1257498810864	0.0	216.0990471933803	49.49984492894591
92	53.214256567629285	5464.948663976921	1961.9752622936549	0.0	215.99772526865297	53.214256567629285
93	53.26159963371551	5518.210263610636	1976.6313531367732	0.0	215.28016167462624	53.26159963371551
94	53.92444076973704	5572.134704380374	1992.6373369753594	0.0	214.76510555931023	53.92444076973704
95	50.48430204262823	5622.619006423002	2005.334530965834	0.0	216.2807838229469	50.48430204262823
96	51.6381017740961	5674.257108197098	2019.7946333601385	0.0	220.81383589688892	51.6381017740961
97	50.380149281666334	5724.637257478765	2032.3924015517312	0.0	220.61279685584142	50.380149281666334
98	57.374087656355684	5782.011345135122	2050.7594424524727	0.0	224.95573027265283	57.374087656355684
99	54.874274147211715	5836.885619282332	2067.79051988785	0.0	232.7882469530903	54.874274147211715
100	47.95368574282906	5884.839305025164	2075.8944245166467	0.0	236.0188115912644	47.95368574282906
101	52.35100355182527	5937.19030857699	2089.536276429146	0.0	237.5044879647029	52.35100355182527
102	48.86678248686673	5986.0570910638535	2101.064075957816	0.0	238.42850286597675	48.86678248686673
103	50.56008944318628	6036.61718050704	2114.2273345699114	0.0	236.7693987494092	50.56008944318628
104	51.98026212234293	6088.5974426293815	2129.981386456025	0.0	236.71648316601724	51.98026212234293
105	50.22703173563069	6138.824474365013	2142.5271767927006	0.0	238.60008955673905	50.22703173563069
106	50.44952113868365	6189.273995503696	2156.34899803223	0.0	240.8929658344702	50.44952113868365
107	51.30828737090093	6240.582282874597	2170.311729789163	0.0	243.00669806520216	51.30828737090093
108	46.2652293764012	6286.847512250999	2177.319130867111	0.0	245.3903436181642	46.2652293764012
109	51.4709298563056	6338.318442107303	2191.108749878639	0.0	248.0004354874661	51.4709298563056
110	40.06295157651786	6378.381393683824	2193.8412918701224	0.0	249.9649815459687	40.06295157651786
111	39.62165681698091	6418.003050500804	2196.4146893819498	0.0	250.18133613017784	39.62165681698091
112	37.89088892281847	6455.893939423621	2195.3160864956717	0.0	249.92924314309548	37.89088892281847
113	39.30954033730795	6495.203479760929	2196.5006910917245	0.0	253.11059587863468	39.30954033730795
114	41.081947166772146	6536.2854269277	2200.6035806374875	0.0	252.62294579267132	41.081947166772146
115	43.81995081641377	6580.105377744116	2207.6956441271736	0.0	254.10332063315568	43.81995081641377
116	41.132510624401704	6621.237888368517	2210.0969971907944	0.0	254.80558762530197	41.132510624401704
117	40.2331917143126	6661.471080082834	2212.687054374605	0.0	254.78461464944337	40.2331917143126
118	40.09005609025065	6701.561136173087	2215.7049266631225	0.0	257.77633041401015	40.09005609025065
119	40.96361972833601	6742.524755901416	2217.317329539313	0.0	261.10575253930097	40.96361972833601
120	48.20969712442451	6790.734453025843	2228.8494208009633	0.0	262.11088675980255	48.20969712442451
121	45.09324807083363	6835.827701096674	2236.8430640048346	0.0	266.0648317577029	45.09324807083363
122	40.56856395143193	6876.396265048106	2240.6929636991217	0.0	267.5525239295283	40.56856395143193
123	45.14879061117507	6921.545055659281	2247.8223486246284	0.0	275.6931260434812	45.14879061117507
124	48.10683027125893	6969.6518859305415	2257.3820850725074	0.0	280.0926832443894	48.10683027125893
125	40.92767232502838	7010.579558255571	2260.353336825518	0.0	282.44450623522914	40.92767232502838
126	43.685389855365266	7054.264948110936	2265.647772724413	0.0	281.06039068076853	43.685389855365266
127	41.981012616673276	7096.245960727607	2269.482217488745	0.0	279.61403637757496	41.981012616673276
128	43.87137957718553	7140.117340304798	2276.7865277629494	0.0	279.76792032563674	43.87137957718553
129	40.524669363933256	7180.642009668727	2280.078037291514	0.0	280.89163133511397	40.524669363933256
130	41.47228549971945	7222.114295168443	2282.55045794623	0.0	283.92742554946705	41.47228549971945
131	41.364899325754685	7263.479194494201	2286.523554481636	0.0	283.2187440934994	41.364899325754685
132	42.80154510721592	7306.280739601415	2291.671828204354	0.0	285.97355322398755	42.80154510721592
133	43.52221809927917	7349.802957700697	2297.5128748991065	0.0	286.43292125103017	43.52221809927917
134	40.25568492697631	7390.058642627671	2298.9649937543263	0.0	287.47083872143827	40.25568492697631
135	44.45046517720737	7434.509107804877	2303.2197707704727	0.0	291.8073410493552	44.45046517720737
136	44.48228665100676	7478.991394455887	2310.4638744980784	0.0	294.056972280691	44.48228665100676
137	42.56386989784004	7521.555264353727	2315.5439133257137	0.0	294.90639889540273	42.56386989784004
138	46.54816857057368	7568.1034329243	2324.9259244802083	0.0	301.29155988029265	46.54816857057368
139	46.92488077563351	7615.028313699936	2333.164801266724	0.0	301.8742949072125	46.92488077563351
140	43.04448561296919	7658.072799312907	2338.4044913719413	0.0	304.50227208128126	43.04448561296919
141	42.60111133349981	7700.673910646403	2343.3913603184888	0.0	306.21992024202314	42.60111133349981
142	44.96152641276882	7745.635437059179	2350.0611599999083	0.0	306.60315058771255	44.96152641276882
143	44.85208814239207	7790.487525201562	2356.303562551908	0.0	309.33299299905343	44.85208814239207
144	43.19480110290209	7833.682326304467	2361.073853108394	0.0	311.3262858484458	43.19480110290209
145	42.32876057153979	7876.011086876007	2366.3897909115713	0.0	312.5470335059715	42.32876057153979
146	43.16875061442452	7919.179837490429	2373.1184325938525	0.0	316.31096475740577	43.16875061442452
147	44.837579983714434	7964.017417474147	2380.3618872383768	0.0	318.2457353366055	44.837579983714434
148	43.010681593795546	8007.02809906794	2385.295331962189	0.0	321.4475254667158	43.010681593795546
149	44.40524879566969	8051.433347863607	2391.1569591998523	0.0	323.0531898200473	44.40524879566969
150	48.000864479729515	8099.43421234334	2400.183124798852	0.0	322.0814941021829	48.000864479729515
151	47.442362469840454	8146.876574813179	2407.197277805017	0.0	324.90411284572514	47.442362469840454
152	43.368702025368044	8190.245276838549	2412.74488975899	0.0	330.3986127084274	43.368702025368044
153	43.75344088060482	8233.998717719152	2418.858174245886	0.0	335.3975423136269	43.75344088060482
154	44.10116883779796	8278.099886556956	2425.9765776011523	0.0	342.9759988247726	44.10116883779796
155	45.464869693962484	8323.564756250918	2433.364689284906	0.0	348.34734921514837	45.464869693962484
156	48.640517552334366	8372.205273803245	2444.55078998385	0.0	353.35362810759574	48.640517552334366
157	47.04753955976766	8419.252813363019	2454.587624311356	0.0	359.9526045607299	47.04753955976766
158	42.552472437751575	8461.805285800763	2461.671632648919	0.0	367.0744680116994	42.552472437751575
159	47.289437456001195	8509.094723256765	2470.0301618451495	0.0	369.1787253496315	47.289437456001195
160	43.68522640579437	8552.779949662565	2475.9293431642263	0.0	371.6289986565461	43.68522640579437
161	44.72154303123115	8597.501492693793	2482.632813577788	0.0	374.1774859950177	44.72154303123115
162	46.73312357752612	8644.234616271317	2489.444547695021	0.0	375.4129601620941	46.73312357752612
163	40.79734491131422	8685.031961182633	2492.679581668401	0.0	378.5564524677178	40.79734491131422
164	40.413001913151405	8725.444963095786	2493.895412910603	0.0	380.224237452479	40.413001913151405
165	44.35420228271009	8769.799165378494	2499.7131967103314	0.0	383.9876518917962	44.35420228271009
166	45.34553295905347	8815.14469833755	2506.4375002139013	0.0	386.1510714779486	45.34553295905347
167	43.48110578566405	8858.625804123216	2512.5163030919257	0.0	388.2454182065829	43.48110578566405
168	46.216364822093254	8904.842168945308	2520.0064647778145	0.0	391.09215149949887	46.216364822093254
169	48.877474021953965	8953.719642967262	2530.9088782757594	0.0	398.3342986193869	48.877474021953965
170	46.727894417694806	9000.447537384956	2538.907838424296	0.0	404.21427187227266	46.727894417694806
171	44.48232572642612	9044.929863111385	2544.8708623379775	0.0	400.82093678362617	44.48232572642612
172	42.26573696275322	9087.195600074132	2548.5566972593842	0.0	402.88460228462355	42.26573696275322
173	43.621560688269255	9130.817160762403	2555.31196027851	0.0	408.3203231191921	43.621560688269255
174	46.241218190983155	9177.058378953385	2563.252778998136	0.0	410.5798944220331	46.241218190983155
175	44.13151742699659	9221.189896380389	2570.032304887667	0.0	417.0134437972432	44.13151742699659
176	48.49198531378147	9269.68188169416	2581.3217064853798	0.0	416.8662594534416	48.49198531378147
177	44.430546341311526	9314.112428035478	2588.319099722361	0.0	419.2253452570446	44.430546341311526
178	41.51974957359696	9355.632177609072	2593.234328944716	0.0	421.28082939459136	41.51974957359696
179	46.840407243462444	9402.472584852536	2602.550737994135	0.0	422.8049152591274	46.840407243462444
180	43.46623036103385	9445.93881521357	2607.7176920150614	0.0	423.3114181382316	43.46623036103385
181	43.430795884913486	9489.369611098482	2613.2181616504404	0.0	429.1231691239179	43.430795884913486
182	42.831439124744094	9532.201050223224	2619.232318779436	0.0	435.963187680821	42.831439124744094
183	46.904743398183	9579.10579362141	2627.246103898827	0.0	439.6934486933684	46.904743398183
184	42.74367734570153	9621.849470967112	2632.6470480975045	0.0	436.8694805593077	42.74367734570153
185	41.2732191031492	9663.122690070262	2637.1607862292108	0.0	436.6121920655306	41.2732191031492
186	47.75981836545097	9710.882508435712	2647.778622426223	0.0	440.309343514035	47.75981836545097
187	41.936350380715695	9752.818858816428	2653.7067922773476	0.0	443.9931808105632	41.936350380715695
188	41.91007927078314	9794.728938087212	2657.6868934332806	0.0	440.0427850236987	41.91007927078314
189	47.604895287221886	9842.333833374432	2667.646169497405	0.0	446.4271324492119	47.604895287221886
190	43.901163244920454	9886.234996619354	2673.5523946864973	0.0	454.47262860728233	43.901163244920454
191	42.53564851313886	9928.77064513249	2677.7939361897716	0.0	455.86065884625555	42.53564851313886
192	44.47528106338888	9973.24592619588	2685.8240558795246	0.0	458.70811077717383	44.47528106338888
193	43.560017654264186	10016.805943850144	2691.067659044809	0.0	460.8490741141274	43.560017654264186
194	42.32254501659384	10059.12848886674	2695.4508866941765	0.0	463.12183697804664	42.32254501659384
195	41.51626522723789	10100.644754093975	2701.2338307936543	0.0	464.75163296212037	41.51626522723789
196	47.19776573862299	10147.842519832595	2711.353056520984	0.0	469.7710810374205	47.19776573862299
197	42.63062965767488	10190.473149490275	2715.824937935245	0.0	471.01142450376454	42.63062965767488
198	46.84951735865366	10237.322666848928	2725.4963899650147	0.0	477.13216580270597	46.84951735865366
199	48.46984407168529	10285.79251092061	2734.009649728803	0.0	479.20844519581243	48.46984407168529
200	43.891359972919965	10329.683870893536	2740.852902490521	0.0	479.55773775075085	43.891359972919965
201	41.364903406524625	10371.048774300056	2744.7678545323893	0.0	484.20513838921585	41.364903406524625
202	46.07652590119679	10417.125300201256	2753.4898231493794	0.0	487.4155321737921	46.07652590119679
203	45.95669044075577	10463.081990642011	2761.91833619297	0.0	492.90377555597155	45.95669044075577
204	41.534559306447946	10504.616549948456	2764.658049650973	0.0	495.533472561129	41.534559306447946
205	43.68140672471927	10548.297956673177	2771.311171008926	0.0	498.8396650225679	43.68140672471927
206	42.56092478057314	10590.858881453749	2773.7662481024704	0.0	501.3646831747987	42.56092478057314
207	44.4061603216538	10635.265041775403	2779.8956372728794	0.0	503.16746028955174	44.4061603216538
208	46.93804016613458	10682.203081941538	2788.741154509908	0.0	504.9920203377896	46.93804016613458
209	40.31567353616647	10722.518755477706	2791.0529133450636	0.0	508.7497663859602	40.31567353616647
210	43.26075684800956	10765.779512325715	2797.954445383964	0.0	511.20684923808665	43.26075684800956
211	45.49652954619364	10811.27604187191	2806.033338404013	0.0	516.4652206768317	45.49652954619364
212	39.34329253985687	10850.619334411764	2806.0214960011563	0.0	518.9238114448245	39.34329253985687
213	52.90869830198419	10903.52803271375	2822.0277300648327	0.0	523.3531512577304	52.90869830198419
214	42.01142898155487	10945.539461695305	2825.239681513803	0.0	527.017382609543	42.01142898155487
215	43.71319361961484	10989.252655314916	2829.777495738882	0.0	528.7175476126631	43.71319361961484
216	41.70737424984055	11030.960029564765	2833.3363891136605	0.0	530.2019854285788	41.70737424984055
217	40.16942932640743	11071.129458891164	2834.8495735156066	0.0	531.9273551595431	40.16942932640743
218	44.36518965753378	11115.494648548698	2842.673557281451	0.0	535.2472671631859	44.36518965753378
219	42.18843724979708	11157.6830857985	2847.473863833869	0.0	536.7919665812165	42.18843724979708
220	45.84951317764615	11203.532598976146	2855.55952174284	0.0	542.6334005331275	45.84951317764615
221	42.28566366453292	11245.818262640676	2861.944643635293	0.0	543.4944914556728	42.28566366453292
222	42.24125520834812	11288.059517849022	2865.9343358620613	0.0	547.7605429075124	42.24125520834812
223	43.562741318919564	11331.622259167945	2872.6957889681657	0.0	554.0793190710134	43.562741318919564
224	43.38059073638903	11375.00284990433	2876.857296724839	0.0	557.1806370487362	43.38059073638903
225	41.58348882499343	11416.586338729328	2880.1404398769378	0.0	562.9972801871168	41.58348882499343
226	43.63759499261794	11460.223933721943	2884.436462443525	0.0	567.5976517301156	43.63759499261794
227	44.253325289810526	11504.477259011746	2890.2292902311824	0.0	571.5551916117105	44.253325289810526
228	40.91405842791335	11545.391317439664	2893.021561146228	0.0	577.8640644568665	40.91405842791335
229	45.41542715362697	11590.80674459329	2900.4874753390595	0.0	581.6875870019652	45.41542715362697
230	51.35628248448178	11642.163027077775	2913.248021425765	0.0	583.6465949194861	51.35628248448178
231	42.043681165898036	11684.20670824368	2917.853037011274	0.0	583.6897390055102	42.043681165898036
232	42.45568009983917	11726.662388343511	2924.0237105686724	0.0	591.2179483886277	42.45568009983917
233	43.07921195271774	11769.741600296233	2929.4014613977743	0.0	593.7780373461875	43.07921195271774
234	40.533440566181454	11810.275040862409	2931.834020410814	0.0	595.607001423333	40.533440566181454
235	43.331537402111856	11853.606578264524	2936.7959045582306	0.0	597.7657920292864	43.331537402111856
236	39.29663975950756	11892.903218024037	2936.8860667583144	0.0	602.2916183919979	39.29663975950756
237	46.80319127460056	11939.706409298638	2945.5946956083803	0.0	605.9182446995396	46.80319127460056
238	41.35750451910857	11981.06391381774	2948.21418596316	0.0	606.1701698805032	41.35750451910857
239	43.4934310274707	12024.557344845212	2953.529162360671	0.0	610.5850166540955	43.4934310274707
240	45.62561912898169	12070.182963974192	2963.34197020815	0.0	613.3465943429728	45.62561912898169
241	46.720701665224645	12116.90366563942	2972.1829669325525	0.0	615.3119459244172	46.720701665224645
242	43.34142927851895	12160.245094917938	2978.525376774499	0.0	615.8560483163479	43.34142927851895
243	42.731915325858274	12202.977010243796	2983.354638637549	0.0	617.7669011472418	42.731915325858274
244	43.76799510081403	12246.745005344614	2990.6028686365084	0.0	624.2515958879992	43.76799510081403
245	47.83002945757185	12294.575034802187	3000.6015808446155	0.0	624.7999668081388	47.83002945757185
246	39.786936793954006	12334.361971596134	3003.1043977704812	0.0	625.4287795358982	39.786936793954006
247	47.47696563586591	12381.838937232005	3013.621024236027	0.0	627.9990755753931	47.47696563586591
248	50.04150033275872	12431.880437564756	3025.805370863722	0.0	634.4814598730871	50.04150033275872
249	42.781799750400495	12474.662237315157	3031.831323547049	0.0	637.5518547093145	42.781799750400495
250	44.706987597263705	12519.369224912429	3038.9525680472557	0.0	644.0597523911891	44.706987597263705
251	44.0176777182199	12563.386902630651	3044.838331874447	0.0	646.9178879625237	44.0176777182199
252	46.430263245116315	12609.817165875771	3052.3676793169543	0.0	646.7698935278058	46.430263245116315
253	40.99406170744954	12650.81122758321	3054.8887373641815	0.0	648.9563086966576	40.99406170744954
254	44.219651683181084	12695.030879266385	3061.0126861467656	0.0	649.8721602091587	44.219651683181084
255	44.30927014874202	12739.340149415139	3067.7267041556734	0.0	650.7454241019848	44.30927014874202
256	45.59991017426742	12784.940059589399	3075.7009222297474	0.0	655.0304469055719	45.59991017426742
257	45.35682019555113	12830.296879784953	3084.075686883218	0.0	659.1632172656217	45.35682019555113
258	40.378061658573934	12870.674941443522	3085.2720603262696	0.0	660.4436708960934	40.378061658573934
259	47.81555162937164	12918.490493072897	3096.714520667882	0.0	661.2715467143211	47.81555162937164
260	47.10778846844427	12965.598281541343	3106.0804373767232	0.0	663.1786316276435	47.10778846844427
261	48.77222770211426	13014.37050924346	3117.2678418985865	0.0	674.0120904534028	48.77222770211426
262	44.07870714930775	13058.44921639277	3124.7919843945924	0.0	677.6670178125688	44.07870714930775
263	41.71191436142962	13100.161130754197	3128.0297003246615	0.0	680.334789543248	41.71191436142962
264	45.664734121693826	13145.825864875882	3135.9939985133324	0.0	686.8742437252845	45.664734121693826
265	44.14387412737019	13189.969739003254	3143.572208548994	0.0	688.2318327166731	44.14387412737019
266	43.22084109142941	13233.190580094688	3148.598355963099	0.0	689.3564712106873	43.22084109142941
267	44.34846138920463	13277.539041483891	3153.843083653932	0.0	693.8073274832127	44.34846138920463
268	44.566561602043755	13322.10560308593	3160.4239936305003	0.0	698.930216737218	44.566561602043755
269	47.329849786582315	13369.435452872516	3170.9812884734215	0.0	703.4077491128488	47.329849786582315
270	45.65627407443302	13415.091726946952	3179.081861000785	0.0	711.7356181497365	45.65627407443302
271	45.5977537500118	13460.689480696965	3186.9470132453307	0.0	714.5362311317809	45.5977537500118
272	48.4709323239951	13509.160413020958	3197.138267451107	0.0	715.5035704606003	48.4709323239951
273	45.101197790336386	13554.261610811294	3205.0016723481817	0.0	722.439063635844	45.101197790336386
274	44.81638158579154	13599.07799239708	3212.5256774376903	0.0	730.5169731570882	44.81638158579154
275	45.546793966898214	13644.624786363982	3219.5278043279773	0.0	733.2610991388583	45.546793966898214
276	44.308365593062575	13688.933151957044	3226.6659483607905	0.0	737.0869205273478	44.308365593062575
277	43.618552187314414	13732.551704144362	3231.6974038879266	0.0	740.8844758953683	43.618552187314414
278	42.065668974833756	13774.617373119192	3237.4007951177528	0.0	742.6528556136293	42.065668974833756
279	40.91329945033792	13815.530672569532	3240.577791425518	0.0	741.976964496089	40.91329945033792
280	43.64194940870838	13859.17262197824	3247.6170727102294	0.0	743.8168918805949	43.64194940870838
281	43.247878264600374	13902.420500242828	3253.455546674267	0.0	745.6887160566985	43.247878264600374
282	41.37479871536431	13943.795298958212	3257.9172453397773	0.0	750.9182515732766	41.37479871536431
283	40.86790224055917	13984.66320119877	3260.3805272571153	0.0	753.4135108093631	40.86790224055917
284	41.81108341344727	14026.474284612217	3262.8595139546132	0.0	756.0604324128577	41.81108341344727
285	41.79250726217555	14068.266791874386	3266.056928677915	0.0	755.3794154714464	41.79250726217555
286	42.4423601637379	14110.70915203812	3269.1183411934467	0.0	759.1508865536663	42.4423601637379
287	43.7257659504975	14154.434917988621	3274.5126762041104	0.0	758.7724984003105	43.7257659504975
288	42.47563608953861	14196.910554078166	3279.0170888062	0.0	760.1669248831753	42.47563608953861
289	49.15199444395711	14246.062548522114	3288.845350596118	0.0	764.6859790717015	49.15199444395711
290	46.82460534755528	14292.887153869668	3298.585277786174	0.0	767.9337317019774	46.82460534755528
291	42.87897929115721	14335.766133160818	3303.305289188889	0.0	772.5013714311784	42.87897929115721
292	47.72314188618667	14383.489275047017	3314.1991920568435	0.0	772.7015288562309	47.72314188618667
293	41.856407527533776	14425.34568257455	3319.570964484663	0.0	775.3134453148435	41.856407527533776
294	42.21196036531947	14467.557642939868	3322.625304674014	0.0	776.4250275950252	42.21196036531947
295	50.32692451145979	14517.884567451329	3334.328996712587	0.0	789.3688055452666	50.32692451145979
296	42.896995773360715	14560.781563224684	3339.552589721304	0.0	793.297650599716	42.896995773360715
297	44.371220871525686	14605.152784096215	3345.9666065742967	0.0	796.1947672679455	44.371220871525686
298	44.831057400851456	14649.98384149706	3352.1970713796577	0.0	800.6368563735022	44.831057400851456
299	44.726442514672726	14694.710284011739	3358.5042229493783	0.0	803.0275669573566	44.726442514672726
300	46.99024792508383	14741.700531936822	3366.1077137449133	0.0	809.2886780325741	46.99024792508383
301	41.57954936225548	14783.280081299083	3370.8113361797677	0.0	815.1209023958413	41.57954936225548
302	43.799508243357195	14827.079589542442	3379.0555214552396	0.0	817.0351849775059	43.799508243357195
303	41.85418623052909	14868.933775772965	3382.7327489365507	0.0	821.563380510986	41.85418623052909
304	40.89032487946984	14909.824100652428	3385.461487648089	0.0	824.5518785081139	40.89032487946984
305	42.18690359904186	14952.011004251479	3390.6116783026437	0.0	828.3150972121426	42.18690359904186
306	48.991821269551785	15001.002825521033	3403.0156252834468	0.0	823.1977651268423	48.991821269551785
307	40.86792205395872	15041.87074757499	3406.041253422356	0.0	826.761696462247	40.86792205395872
308	43.24330716122559	15085.11405473621	3411.042543833271	0.0	830.351827640747	43.24330716122559
309	40.561632415445416	15125.675687151655	3413.8403646130555	0.0	832.033064817293	40.561632415445416
310	47.653956960034414	15173.329644111695	3424.7248426978267	0.0	832.1777920487473	47.653956960034414
311	44.32605389697314	15217.655698008663	3432.0610008745234	0.0	835.622390227304	44.32605389697314
312	44.71415354359887	15262.369851552272	3439.3774324602964	0.0	839.3327327303718	44.71415354359887
313	41.73506059756594	15304.10491214983	3444.238170297409	0.0	846.6881192328763	41.73506059756594
314	46.50456050419913	15350.60947265403	3454.877810389031	0.0	847.2013008912903	46.50456050419913
315	45.51155805139746	15396.121030705432	3462.067164008032	0.0	848.3081138670686	45.51155805139746
316	44.74220711213964	15440.863237817566	3470.2212713715203	0.0	850.9636410218889	44.74220711213964
317	40.99832975041296	15481.861567567983	3472.062270713409	0.0	856.2414222380448	40.99832975041296
318	43.96845950938593	15525.830027077362	3478.499024115272	0.0	858.711219276985	43.96845950938593
319	42.79795369967775	15568.627980777044	3484.019036646034	0.0	859.2594789426636	42.79795369967775
320	40.92232944942221	15609.550310226474	3487.898721335415	0.0	863.898141863011	40.92232944942221
321	42.32528218180415	15651.87559240827	3492.211620045248	0.0	866.6274445160068	42.32528218180415
322	43.75916962441531	15695.63476203268	3499.074358500798	0.0	867.8115678591951	43.75916962441531
323	42.90055236745925	15738.535314400146	3504.5099770370784	0.0	871.419587282828	42.90055236745925
324	49.17696889119181	15787.71228329133	3514.5572295381226	0.0	878.1463925868549	49.17696889119181
325	49.566613206284266	15837.27889649762	3528.144349454643	0.0	882.9817157283298	49.566613206284266
326	42.88573591650042	15880.164632414117	3532.11130667787	0.0	885.6202368953292	42.88573591650042
327	43.290214523077054	15923.454846937204	3537.0871192742948	0.0	888.8885169719512	43.290214523077054
328	43.704587377681776	15967.159434314877	3543.780570371902	0.0	893.1290947791207	43.704587377681776
329	42.53860380129604	16009.698038116183	3547.4468016038813	0.0	897.7454358982926	42.53860380129604
330	50.62267741434867	16060.320715530517	3560.068938718406	0.0	903.2570927285878	50.62267741434867
331	48.33611284685437	16108.65682837737	3569.5402319511113	0.0	906.2190081975791	48.33611284685437
332	41.164886292823695	16149.821714670206	3571.140472545858	0.0	912.5893288201515	41.164886292823695
333	43.47357840319024	16193.295293073388	3576.6121764883446	0.0	918.0839888393195	43.47357840319024
334	44.97719978429822	16238.272492857697	3583.9345303775535	0.0	920.6072780661466	44.97719978429822
335	47.36015796997347	16285.632650827658	3593.819167986464	0.0	926.4830634742437	47.36015796997347
336	44.8466599661992	16330.479310793866	3601.4153426546573	0.0	926.76580788615	44.8466599661992
337	45.50416099808889	16375.98347179195	3610.1099578474455	0.0	930.9438206950393	45.50416099808889
338	43.16149908581783	16419.14497087777	3615.0082755451904	0.0	935.4267775123069	43.16149908581783
339	47.46075743015098	16466.605728307917	3624.3938554399338	0.0	936.432442700463	47.46075743015098
340	44.66268779443728	16511.268416102364	3632.352681652857	0.0	942.0005262721298	44.66268779443728
341	41.96786389777183	16553.236280000132	3636.1169891130203	0.0	943.8708029006827	41.96786389777183
342	42.59898687616477	16595.83526687629	3641.0458129216554	0.0	946.2069504586732	42.59898687616477
343	41.99707568587341	16637.83234256217	3644.493966430638	0.0	951.093254740993	41.99707568587341
344	44.44205400523125	16682.27439656741	3651.1684112280846	0.0	956.0580712699757	44.44205400523125
345	48.357152308849024	16730.631548876245	3662.718019288822	0.0	958.1276893196981	48.357152308849024
346	44.99737669150935	16775.628925567762	3670.486609538446	0.0	965.1637134662145	44.99737669150935
347	41.86617066923031	16817.49509623698	3675.953013219208	0.0	967.7044497619336	41.86617066923031
348	45.642379694284365	16863.137475931282	3682.2873798822534	0.0	972.7843578277069	45.642379694284365
349	41.54051002840827	16904.677985959683	3685.5842160067596	0.0	976.6903676593237	41.54051002840827
350	41.33119184031928	16946.0091778	3688.5657300675293	0.0	975.82171241986	41.33119184031928
351	42.1248441550658	16988.134021955066	3692.59901105389	0.0	978.8170592672303	42.1248441550658
352	45.250032268707166	17033.384054223763	3698.2946039634494	0.0	981.057124684757	45.250032268707166
353	41.62261519707508	17075.006669420844	3700.939230707566	0.0	986.3248676871333	41.62261519707508
354	43.90422988738708	17118.91089930824	3707.5993103280343	0.0	991.803910406296	43.90422988738708
355	42.1742813395518	17161.085180647788	3710.784403283808	0.0	996.1208350516648	42.1742813395518
356	43.34110273936092	17204.426283387154	3716.8354128884544	0.0	1001.429707895356	43.34110273936092
357	49.06453301135239	17253.4908163985	3728.404557674928	0.0	1011.589591172218	49.06453301135239
358	44.255541218774255	17297.746357617274	3735.075623336498	0.0	1015.4626730920901	44.255541218774255
359	42.72988509792334	17340.4762427152	3740.6829754334017	0.0	1022.1624532114115	42.72988509792334
360	40.718440788035565	17381.194683503232	3745.221367828114	0.0	1023.3064087234607	40.718440788035565
361	42.05370672535387	17423.248390228582	3749.412382636435	0.0	1027.8715904598628	42.05370672535387
362	43.78440541661114	17467.032795645202	3756.4319053813565	0.0	1031.065073778965	43.78440541661114
363	45.57619857326803	17512.60899421847	3762.6967044072367	0.0	1032.8200109314894	45.57619857326803
364	43.62643058413505	17556.2354248026	3768.4704210024684	0.0	1038.0347144759812	43.62643058413505
365	43.55401347823485	17599.78943828083	3774.356813550366	0.0	1040.0620332307512	43.55401347823485
366	46.13216613941502	17645.921604420244	3781.7358098170016	0.0	1047.1857073442213	46.13216613941502
367	41.15511673132693	17687.076721151585	3784.335543230829	0.0	1050.5903252514986	41.15511673132693
368	41.74177616591876	17728.818497317498	3788.6831697791886	0.0	1057.1590385516374	41.74177616591876
369	43.390093930984975	17772.208591248487	3794.2050549883447	0.0	1059.5626044378719	43.390093930984975
370	45.64361908706551	17817.85221033554	3801.841123738773	0.0	1061.123464573637	45.64361908706551
371	43.82522484458292	17861.67743518012	3808.220349760505	0.0	1061.3590997255117	43.82522484458292
372	39.18808579452149	17900.865520974658	3809.360206714182	0.0	1064.7994004401082	39.18808579452149
373	45.455770285350674	17946.32129126	3815.8228460654714	0.0	1070.0289597526134	45.455770285350674
374	41.629223472317065	17987.950514732314	3820.3203733018076	0.0	1075.4732200224469	41.629223472317065
375	41.22260410455205	18029.173118836865	3821.9927971300585	0.0	1083.7503887589512	41.22260410455205
376	42.95980357089802	18072.13292240777	3826.3594056769307	0.0	1086.9986002040832	42.95980357089802
377	44.58043780653572	18116.713360214304	3833.953095988317	0.0	1093.7168677102695	44.58043780653572
378	44.498890093939835	18161.212250308246	3839.9317980523956	0.0	1098.880293729164	44.498890093939835
379	40.67795402283681	18201.89020433108	3842.797518626248	0.0	1101.7232741019352	40.67795402283681
380	42.45751780498432	18244.347722136063	3848.270586632462	0.0	1101.3514657546893	42.45751780498432
381	45.738722841519866	18290.08644497759	3856.5178426803946	0.0	1103.8935947083596	45.738722841519866
382	39.10024942985591	18329.186694407443	3859.133760471326	0.0	1107.6389925377225	39.10024942985591
383	44.98631502839995	18374.17300943585	3868.476553090979	0.0	1116.7772083971188	44.98631502839995
384	46.67131226173856	18420.84432169758	3877.5173823490145	0.0	1117.277945006631	46.67131226173856
385	44.5166651275877	18465.360986825173	3884.099937496021	0.0	1122.681446071013	44.5166651275877
386	43.08713757660102	18508.448124401773	3889.3945750317985	0.0	1124.3911176146935	43.08713757660102
387	44.56553674088962	18553.01366114265	3897.4141625866087	0.0	1132.3382453995487	44.56553674088962
388	42.82777633578867	18595.84143747845	3901.959263324932	0.0	1134.462891624501	42.82777633578867
389	41.83058528009409	18637.672022758543	3904.944373290632	0.0	1136.3567758647828	41.83058528009409
390	44.68075149721246	18682.352774255756	3912.094679114524	0.0	1140.8476760645872	44.68075149721246
391	45.8602751800479	18728.213049435803	3919.525114062411	0.0	1145.345435650414	45.8602751800479
392	44.940258241352566	18773.153307677152	3926.072324873398	0.0	1152.763624556635	44.940258241352566
393	43.540428031797944	18816.69373570895	3930.758950441182	0.0	1154.3593146412377	43.540428031797944
394	42.67441845019386	18859.36815415915	3935.756563206488	0.0	1157.913135548637	42.67441845019386
395	47.43687059771264	18906.805024756857	3944.332198255746	0.0	1167.31169248025	47.43687059771264
396	48.442149196021234	18955.247173952877	3955.4906648162932	0.0	1172.1984832449473	48.442149196021234
397	43.37110614132909	18998.61828009422	3960.006667921557	0.0	1173.7208592562904	43.37110614132909
398	43.054776708027305	19041.673056802236	3966.056569601982	0.0	1179.575193874819	43.054776708027305
399	41.97373362416426	19083.646790426403	3969.84531289162	0.0	1183.9031172422954	41.97373362416426
400	47.27512833740307	19130.921918763794	3979.348048462975	0.0	1193.6928161134888	47.27512833740307
401	42.723241750550606	19173.64516051435	3983.9326638768775	0.0	1197.7586361981664	42.723241750550606
402	43.51850559853263	19217.163666112883	3990.1186025437155	0.0	1199.4366978135654	43.51850559853263
403	39.40571357163374	19256.569379684526	3993.1928084805095	0.0	1205.3799577532798	39.40571357163374
404	41.45093985259054	19298.020319537118	3998.1275027244355	0.0	1210.7328379692126	41.45093985259054
405	43.62329928448663	19341.643618821596	4002.5537767154087	0.0	1211.4950765829315	43.62329928448663
406	42.931752754151404	19384.575371575742	4006.656663819829	0.0	1214.5133313030158	42.931752754151404
407	43.07885629322862	19427.654227868974	4009.6109481482818	0.0	1218.9180257530375	43.07885629322862
408	47.13479016741595	19474.789018036387	4018.073062691723	0.0	1229.3838863511276	47.13479016741595
409	43.88737532319777	19518.676393359587	4024.1749158875145	0.0	1231.9798978811548	43.88737532319777
410	45.016510257442604	19563.692903617026	4032.709919428699	0.0	1240.5873836064834	45.016510257442604
411	44.11225001632947	19607.80515363337	4038.699683182442	0.0	1242.5696604825087	44.11225001632947
412	49.66737504693024	19657.47252868029	4050.4768791245656	0.0	1250.604292565488	49.66737504693024
413	40.387072857628766	19697.859601537926	4052.1680092119113	0.0	1254.511475016484	40.387072857628766
414	46.031790212152345	19743.89139175008	4060.643131710896	0.0	1253.8463049203517	46.031790212152345
415	40.81795795817569	19784.709349708253	4063.4730198665125	0.0	1257.6655030997408	40.81795795817569
416	43.677340990384145	19828.386690698626	4068.3933555450467	0.0	1263.0066051990925	43.677340990384145
417	45.57361177596636	19873.960302474603	4075.697921980833	0.0	1269.466543218859	45.57361177596636
418	42.85382499496044	19916.81412746956	4079.6549750328613	0.0	1273.9445355282282	42.85382499496044
419	46.75439271809676	19963.568520187662	4088.471686974898	0.0	1277.738750212647	46.75439271809676
420	40.90639213130734	20004.47491231896	4091.527022492469	0.0	1282.5474354428457	40.90639213130734
421	44.17712601625184	20048.652038335214	4098.3452090625715	0.0	1283.076732652883	44.17712601625184
422	46.132975681940415	20094.785014017147	4107.13018189077	0.0	1283.561415428264	46.132975681940415
423	45.1885439550805	20139.973557972236	4115.036863929304	0.0	1290.4924304079316	45.1885439550805
424	45.19866235022795	20185.172220322464	4122.86159443358	0.0	1293.0609317058545	45.19866235022795
425	43.735103739376164	20228.907324061838	4129.459651786436	0.0	1291.8535808345778	43.735103739376164
426	42.099697035246066	20271.007021097084	4133.290594416351	0.0	1294.0670515377155	42.099697035246066
427	46.909357160124316	20317.916378257214	4143.370993311646	0.0	1297.0774146652632	46.909357160124316
428	46.92148061250091	20364.83785886972	4152.154063194722	0.0	1304.8858915739243	46.92148061250091
429	41.55814418171226	20406.396003051424	4155.558904109941	0.0	1308.9894945003548	41.55814418171226
430	42.296298070903084	20448.692301122333	4159.935808475051	0.0	1312.6385114760863	42.296298070903084
431	41.025095296096985	20489.71739641842	4164.164589968402	0.0	1314.5181522694822	41.025095296096985
432	43.91220883803368	20533.629605256458	4170.632489752081	0.0	1316.9285123567743	43.91220883803368
433	45.10911460017529	20578.738719856636	4177.280844709806	0.0	1322.0173034021639	45.10911460017529
434	42.35637227749304	20621.09509213413	4181.6103270568965	0.0	1324.3086159477728	42.35637227749304
435	45.07842627231081	20666.173518406442	4188.68506357139	0.0	1326.4016631338707	45.07842627231081
436	42.801180149378176	20708.97469855581	4195.278106863563	0.0	1329.5581250893574	42.801180149378176
437	44.36599185702673	20753.340690412846	4202.6125246091515	0.0	1332.5332396299223	44.36599185702673
438	45.782788158568444	20799.123478571404	4212.181418304784	0.0	1337.7277928067592	45.782788158568444
439	43.70363715728941	20842.827115728698	4217.677895939538	0.0	1340.6179877313136	43.70363715728941
440	41.44498078769317	20884.272096516394	4220.695633842092	0.0	1344.6696332886281	41.44498078769317
441	43.42657250069691	20927.698669017096	4226.986764125524	0.0	1350.1893487819098	43.42657250069691
442	42.97690557525406	20970.675574592344	4230.530027921636	0.0	1353.0250214744035	42.97690557525406
443	42.578508013457046	21013.254082605803	4236.374274906483	0.0	1357.659367331257	42.578508013457046
444	44.21671735429996	21057.47079996011	4244.3154479645345	0.0	1356.0422564888115	44.21671735429996
445	42.18289470252284	21099.653694662633	4247.392392775678	0.0	1360.6524042047918	42.18289470252284
446	42.68306845270486	21142.336763115323	4250.620580354656	0.0	1366.9360539160552	42.68306845270486
447	44.80212977499886	21187.13889289032	4259.14726666392	0.0	1371.419574680112	44.80212977499886
448	42.78240348402636	21229.92129637436	4262.700172146744	0.0	1372.8871663569143	42.78240348402636
449	44.61655207210623	21274.537848446467	4268.105493754149	0.0	1377.7907273608355	44.61655207210623
450	43.290304521798205	21317.828152968268	4272.279871112747	0.0	1385.2511681738665	43.290304521798205
451	43.60633929364358	21361.434492261902	4279.130235228765	0.0	1387.52843671257	43.60633929364358
452	44.13603785783144	21405.570530119734	4284.029637609083	0.0	1390.9666646898067	44.13603785783144
453	45.39104833107791	21450.961578450813	4292.3947301916	0.0	1395.785412415376	45.39104833107791
454	47.04941161783082	21498.010990068637	4302.358537419299	0.0	1398.6754986622122	47.04941161783082
455	45.245907265029864	21543.256897333675	4309.683773829745	0.0	1402.8794684147883	45.245907265029864
456	46.38119709102338	21589.63809442469	4317.9872223419325	0.0	1411.7385627919036	46.38119709102338
457	42.586028469121636	21632.22412289382	4322.805165515449	0.0	1416.1615833891215	42.586028469121636
458	44.57551799097791	21676.7996408848	4328.311980844181	0.0	1417.2512119268226	44.57551799097791
459	47.74033159711526	21724.539972481918	4338.991365804754	0.0	1420.8440520125064	47.74033159711526
460	43.89531595243089	21768.435288434335	4346.076666217093	0.0	1429.5490092261448	43.89531595243089
461	45.27493049446508	21813.710218928805	4353.8514781279	0.0	1436.252952019903	45.27493049446508
462	47.38916639879606	21861.099385327598	4364.0175395681545	0.0	1437.833282937694	47.38916639879606
463	48.45777894779651	21909.557164275393	4374.844094515635	0.0	1445.1507235430502	48.45777894779651
464	45.295216100835106	21954.85238037623	4382.698426442076	0.0	1451.9223469532021	45.295216100835106
465	43.57147618684095	21998.423856563073	4388.752741924852	0.0	1457.976793654622	43.57147618684095
466	46.77068905331825	22045.194545616385	4397.635407661683	0.0	1461.5088061499232	46.77068905331825
467	42.18442299988344	22087.378968616285	4402.916914588826	0.0	1465.5793270729012	42.18442299988344
468	44.2998074623203	22131.678776078596	4409.53538124168	0.0	1469.7472054865782	44.2998074623203
469	47.88867559443536	22179.567451673025	4418.978684611296	0.0	1467.6332508617095	47.88867559443536
470	42.31649329922283	22221.88394497224	4424.478443260648	0.0	1470.791497960027	42.31649329922283
471	41.79260373615508	22263.676548708416	4429.654755010261	0.0	1475.5809648848194	41.79260373615508
472	47.877579766323386	22311.554128474734	4440.560588899464	0.0	1485.7832585054296	47.877579766323386
473	41.75872779736238	22353.312856272092	4446.415152487249	0.0	1489.665572316502	41.75872779736238
474	42.43364931158177	22395.74650558367	4451.179733685371	0.0	1498.9170082909177	42.43364931158177
475	43.8483664348486	22439.594872018522	4458.268708882921	0.0	1501.867572500634	43.8483664348486
476	40.491527554867936	22480.086399573385	4461.4972704535285	0.0	1505.0227859577894	40.491527554867936
477	44.8334689756409	22524.919868549034	4467.848500823931	0.0	1508.392987460418	44.8334689756409
478	41.66349081210441	22566.58335936113	4470.436187857789	0.0	1513.7522783990842	41.66349081210441
479	42.06032124427529	22608.64368060541	4474.255901310327	0.0	1519.103979530776	42.06032124427529
480	45.29132932706472	22653.935009932484	4480.578630349452	0.0	1522.060283128241	45.29132932706472
481	43.28893967908923	22697.22394961157	4485.238746025865	0.0	1525.8727600933082	43.28893967908923
482	41.181667771328065	22738.405617382905	4489.66295026533	0.0	1527.5319961238438	41.181667771328065
483	44.71102080284492	22783.11663818575	4496.569994324335	0.0	1531.6109559880156	44.71102080284492
484	43.1487731860025	22826.265411371736	4501.1378402641285	0.0	1534.2151494751838	43.1487731860025
485	46.86384952943139	22873.129260901173	4510.909740313857	0.0	1541.5102823511668	46.86384952943139
486	43.11297734824873	22916.242238249426	4514.665938323073	0.0	1544.787804701178	43.11297734824873
487	44.248485536324694	22960.490723785755	4521.577807664752	0.0	1551.3882220345085	44.248485536324694
488	44.9734527634613	23005.464176549216	4530.090312772223	0.0	1552.2799763973285	44.9734527634613
489	44.194011585418	23049.65818813463	4537.8533272631585	0.0	1554.2336928590018	44.194011585418
490	42.3520157660114	23092.01020390063	4542.887023262592	0.0	1558.6997099615696	42.3520157660114
491	46.37564852854902	23138.38585242919	4550.333291628138	0.0	1560.1268167273188	46.37564852854902
492	41.72243343149692	23180.10828586069	4555.169906335811	0.0	1563.0962453241211	41.72243343149692
493	48.520239576273696	23228.62852543696	4565.842242902125	0.0	1563.9688269338228	48.520239576273696
494	43.882901140155255	23272.51142657711	4570.561026492406	0.0	1569.7595180029855	43.882901140155255
495	46.08541362213753	23318.596840199254	4579.723672691845	0.0	1582.3983062971006	46.08541362213753
496	42.21998455787125	23360.816824757123	4584.271290513388	0.0	1585.9842442947756	42.21998455787125
497	41.78582341533516	23402.60264817244	4587.6702535512295	0.0	1585.9917989985177	41.78582341533516
498	42.79108280226259	23445.393730974723	4593.1320783674555	0.0	1587.9316168854734	42.79108280226259
499	41.04037963944201	23486.43411061415	4596.197478898981	0.0	1594.3671421355937	41.04037963944201
500	42.297668734595476	23528.73177934876	4601.084160234571	0.0	1595.823351074746	42.297668734595476
501	42.660726289538395	23571.3925056383	4606.2569490289525	0.0	1598.7619158518169	42.660726289538395
502	44.444950741235225	23615.83745637953	4614.767616064583	0.0	1601.9423425147252	44.444950741235225
503	41.693449102678876	23657.53090548221	4617.826268429257	0.0	1604.3542648015607	41.693449102678876
504	44.59809806701353	23702.129003549217	4626.509166209341	0.0	1609.0336115284551	44.59809806701353
505	40.45213877419146	23742.58114232341	4628.261626268821	0.0	1613.0929993271072	40.45213877419146
506	48.570593034429066	23791.151735357835	4640.648388607745	0.0	1620.2144426501466	48.570593034429066
507	46.4718914600066	23837.623626817844	4648.884855612362	0.0	1626.465911038211	46.4718914600066
508	43.70031152345408	23881.323938341302	4655.405227939874	0.0	1630.0272427640514	43.70031152345408
509	43.93560126373311	23925.259539605053	4662.172590005401	0.0	1631.6200563817138	43.93560126373311
510	43.04347913297822	23968.303018738017	4667.441253666545	0.0	1635.8597064039216	43.04347913297822
511	43.16796610975778	24011.47098484778	4675.434956615615	0.0	1638.8741901617439	43.16796610975778
512	46.87484167674299	24058.345826524528	4685.553169000673	0.0	1642.656824585351	46.87484167674299
513	44.49132267480864	24102.837149199328	4692.776604988542	0.0	1643.0719501536475	44.49132267480864
514	43.58930202495512	24146.42645122428	4697.923269991633	0.0	1645.3530420506984	43.58930202495512
515	45.424948791249875	24191.851400015526	4705.810904274188	0.0	1649.844266692879	45.424948791249875
516	42.781923181532875	24234.633323197053	4711.200109473665	0.0	1657.8821112732257	42.781923181532875
517	41.53769707966717	24276.171020276728	4715.134689799448	0.0	1660.3749098320932	41.53769707966717
518	43.14063377585142	24319.31165405258	4721.9731367546565	0.0	1662.8316495898496	43.14063377585142
519	42.75080181166059	24362.06245586423	4725.858363322609	0.0	1665.7849843183071	42.75080181166059
520	40.246467006901156	24402.308922871136	4727.272154560476	0.0	1667.062802705166	40.246467006901156
521	45.95793253015356	24448.26685540129	4735.024135078696	0.0	1671.871978153595	45.95793253015356
522	45.466691635381125	24493.733547036667	4741.488457454954	0.0	1672.8961198958982	45.466691635381125
523	42.8721211092757	24536.605668145952	4745.414430632051	0.0	1679.9181745871401	42.8721211092757
524	48.3028831141041	24584.90855126007	4756.874016562379	0.0	1683.6469185085389	48.3028831141041
525	44.32657113273692	24629.235122392787	4761.912971019582	0.0	1687.5770762661618	44.32657113273692
526	45.82974036202609	24675.06486275482	4769.5723149915275	0.0	1690.9788137119208	45.82974036202609
527	45.01671154022393	24720.081574295044	4776.120602841608	0.0	1695.5644910930423	45.01671154022393
528	51.44100443269722	24771.522578727738	4789.326701251686	0.0	1702.2160543810244	51.44100443269722
529	41.05861801311907	24812.58119674085	4793.230932361001	0.0	1705.6919420160214	41.05861801311907
530	41.709493442316116	24854.29069018317	4798.009052130199	0.0	1709.3773323450935	41.709493442316116
531	46.06644895459483	24900.357139137763	4806.996851310235	0.0	1713.9101659031473	46.06644895459483
532	46.16577279598584	24946.522911933745	4816.05694846289	0.0	1717.7980307057342	46.16577279598584
533	43.62835982651043	24990.151271760253	4822.409567502012	0.0	1722.5145723124958	43.62835982651043
534	45.6957609823708	25035.847032742644	4830.90496514674	0.0	1727.6465163967723	45.6957609823708
535	44.187756503957814	25080.03478924659	4838.356606964736	0.0	1731.466064001685	44.187756503957814
536	44.967481427401665	25125.002270674006	4845.372550415794	0.0	1736.1690041035145	44.967481427401665
537	44.556952589249605	25169.55922326324	4853.445063198223	0.0	1739.8319376555748	44.556952589249605
538	43.458922122542866	25213.0181453858	4861.311244790347	0.0	1744.1538144226843	43.458922122542866
539	45.74356058211883	25258.761705967918	4869.3080849004655	0.0	1747.1850003139207	45.74356058211883
540	46.739225558356914	25305.500931526254	4876.60255092253	0.0	1753.9943794701724	46.739225558356914
541	39.04233836493912	25344.54326989121	4876.738811671511	0.0	1756.848983963104	39.04233836493912
542	45.17693755079503	25389.720207441995	4885.190694323859	0.0	1758.0834822216348	45.17693755079503
543	46.7269505001027	25436.44715794209	4894.39565663704	0.0	1759.467901542779	46.7269505001027
544	43.6586734245662	25480.10583136668	4900.400142132117	0.0	1761.9594052743203	43.6586734245662
545	46.40068313170179	25526.50651449836	4907.069739071387	0.0	1766.975939319749	46.40068313170179
546	42.264047650952904	25568.770562149315	4911.0341866234385	0.0	1769.0958401828168	42.264047650952904
547	45.29531403626497	25614.065876185592	4919.101592434444	0.0	1770.2070572725736	45.29531403626497
548	46.09306762226684	25660.15894380785	4927.777979101835	0.0	1774.207717445444	46.09306762226684
549	41.58038631155826	25701.73933011941	4931.362377360387	0.0	1777.8883662638755	41.58038631155826
550	46.14991334335914	25747.889243462778	4941.337899448256	0.0	1785.002831642876	46.14991334335914
551	39.444653457081884	25787.333896919852	4943.102737258427	0.0	1787.8517702107295	39.444653457081884
552	44.95381798222399	25832.287714902075	4950.50779412352	0.0	1791.551802093708	44.95381798222399
553	45.303713376581506	25877.591428278665	4958.057515376226	0.0	1792.7557832923576	45.303713376581506
554	43.70224679286648	25921.29367507151	4963.590420284443	0.0	1800.2801857636089	43.70224679286648
555	47.22266125998485	25968.516336331515	4975.371946332994	0.0	1804.182421038676	47.22266125998485
556	42.00341792422683	26010.519754255736	4979.031997728786	0.0	1808.2693980870092	42.00341792422683
557	40.63686542928918	26051.156619685018	4980.87972521639	0.0	1814.4081378091494	40.63686542928918
558	42.51780972085974	26093.67442940589	4987.481995478723	0.0	1816.5767787754023	42.51780972085974
559	46.964594263772454	26140.639023669657	4997.447736558675	0.0	1819.076832030349	46.964594263772454
560	42.42109754104351	26183.06012121071	5001.628969211579	0.0	1821.6541602379052	42.42109754104351
561	41.64763037500191	26224.707751585705	5005.518547910452	0.0	1823.2483339440944	41.64763037500191
562	45.45948723264114	26270.167238818347	5012.511836319996	0.0	1829.091070079523	45.45948723264114
563	45.996547511914684	26316.16378633024	5020.485022183549	0.0	1832.2982661397723	45.996547511914684
564	44.59391598613809	26360.7577023164	5026.108436736368	0.0	1835.0084816224112	44.59391598613809
565	46.82640100373842	26407.584103320143	5037.254581552166	0.0	1843.7006104169623	46.82640100373842
566	45.00640369936557	26452.590507019497	5046.017100947434	0.0	1846.0919292346682	45.00640369936557
567	44.805630438853925	26497.39613745837	5052.066427124156	0.0	1849.611430617946	44.805630438853925
568	44.63189974551457	26542.028037203876	5058.204390427571	0.0	1854.9204441361828	44.63189974551457
569	44.43657110287444	26586.464608306742	5062.4346111588475	0.0	1864.356863549419	44.43657110287444
570	43.589258617163026	26630.053866923914	5067.044312823328	0.0	1868.9019920258474	43.589258617163026
571	45.28929872677113	26675.343165650687	5075.411442897292	0.0	1875.3483071260853	45.28929872677113
572	45.80708612580098	26721.150251776475	5084.294465345633	0.0	1878.84064957819	45.80708612580098
573	43.843464530784125	26764.993716307254	5089.910178300497	0.0	1884.0902733937226	43.843464530784125
574	44.07595161979655	26809.06966792706	5095.894322349778	0.0	1887.2407052488375	44.07595161979655
575	43.52763039224001	26852.597298319302	5102.655009241247	0.0	1891.9825948235323	43.52763039224001
576	47.023361308397796	26899.6206596277	5110.7537701646825	0.0	1894.3832581395886	47.023361308397796
577	40.54944651978574	26940.170106147485	5112.2857963791685	0.0	1897.8047578597645	40.54944651978574
578	41.6453110591502	26981.815417206628	5115.876695949026	0.0	1898.8492982116359	41.6453110591502
579	41.024104124404296	27022.83952133103	5119.280874032045	0.0	1903.062531243082	41.024104124404296
580	46.7802080110314	27069.619729342052	5126.842237401484	0.0	1905.4921354132875	46.7802080110314
581	44.34076650706098	27113.960495849125	5135.4972979530685	0.0	1908.6251680774687	44.34076650706098
582	46.438314798262915	27160.398810647406	5145.534616410212	0.0	1910.7699116074134	46.438314798262915
583	46.51179662831705	27206.9106072757	5153.355058531497	0.0	1917.3571340425037	46.51179662831705
584	41.71050577396698	27248.62111304967	5157.639408857	0.0	1921.2178031466526	41.71050577396698
585	45.8522764938471	27294.473389543513	5167.193896334982	0.0	1928.2830893472792	45.8522764938471
586	42.18898336082651	27336.662372904342	5172.159254218965	0.0	1931.7128635399074	42.18898336082651
587	46.446844464674776	27383.109217369016	5180.035649491481	0.0	1936.4742962025443	46.446844464674776
588	43.188562781807256	27426.297780150817	5184.0674440019475	0.0	1941.9512081325533	43.188562781807256
589	43.42077140977548	27469.718551560607	5190.8917395382105	0.0	1944.1661258365828	43.42077140977548
590	46.271476789735146	27515.990028350345	5200.13671229931	0.0	1944.5331450036317	46.271476789735146
591	45.653352799656886	27561.643381149992	5208.362083006076	0.0	1952.8894704260742	45.653352799656886
592	46.183560683110635	27607.826941833104	5216.579325731434	0.0	1959.532360010198	46.183560683110635
593	46.781231013220996	27654.608172846332	5224.59612209087	0.0	1965.1340164027465	46.781231013220996
594	45.54433145515747	27700.15250430149	5231.935255293883	0.0	1969.5565960357048	45.54433145515747
595	43.05809836582188	27743.210602667303	5238.328944736272	0.0	1968.641774451445	43.05809836582188
596	45.22449779132514	27788.435100458628	5245.485326666289	0.0	1971.0296951237806	45.22449779132514
597	41.38002309992184	27829.81512355856	5249.728146748227	0.0	1974.9619448062824	41.38002309992184
598	42.939314378842084	27872.754437937405	5255.827720674517	0.0	1977.8560174619279	42.939314378842084
599	46.271200012967626	27919.02563795037	5265.154271340831	0.0	1979.3453320726248	46.271200012967626
600	42.38299252187812	27961.40863047224	5270.435353042804	0.0	1985.671587208981	42.38299252187812
601	48.675381630056755	28010.08401210229	5280.28459653127	0.0	1990.4146992124372	48.675381630056755
602	44.317003205882884	28054.40101530819	5287.590027150896	0.0	1991.427158251452	44.317003205882884
603	44.10885967155782	28098.50987497975	5294.393889325791	0.0	1998.4782430943776	44.10885967155782
604	45.28838897477709	28143.798263954515	5303.718294425731	0.0	2001.9274288907943	45.28838897477709
605	45.76556221063857	28189.563826165147	5312.239681528213	0.0	2006.6811101865603	45.76556221063857
606	43.456638440688	28233.020464605852	5318.984898695423	0.0	2008.9233052318516	43.456638440688
607	43.65667344408019	28276.677138049927	5323.0071443326415	0.0	2011.9967729268146	43.65667344408019
608	43.41928265220759	28320.096420702142	5330.747102247023	0.0	2012.6071942224164	43.41928265220759
609	41.76077905935094	28361.857199761496	5333.769460641221	0.0	2014.6041006195396	41.76077905935094
610	42.97861503385233	28404.835814795344	5338.739497118621	0.0	2018.5914042550037	42.97861503385233
611	46.482906713963594	28451.318721509284	5346.705258015194	0.0	2020.942122033186	46.482906713963594
612	44.519478642176125	28495.83820015149	5354.197534298331	0.0	2025.543919194474	44.519478642176125
613	47.82490485970444	28543.663105011172	5364.486913075671	0.0	2031.3274307738275	47.82490485970444
614	42.151003417370475	28585.81410842854	5370.239768397646	0.0	2033.959972852998	42.151003417370475
615	43.093695231121664	28628.907803659662	5376.786198367497	0.0	2036.868857478484	43.093695231121664
616	46.55308263496662	28675.460886294637	5385.648674947843	0.0	2036.1588869687073	46.55308263496662
617	45.182067657265605	28720.64295395189	5391.073456515182	0.0	2040.321360512524	45.182067657265605
618	42.10266017627643	28762.745614128184	5397.505866866296	0.0	2048.5010641787767	42.10266017627643
619	48.16573666976566	28810.911350797945	5407.255863379203	0.0	2054.3183281591814	48.16573666976566
620	40.829461926923585	28851.740812724885	5407.255863379203	0.0	2055.599375556842	40.829461926923585
