task	reward	total_reward	total_regret	relative	total_reward_dev	joules
0	54.222285323315084	54.222285323315084	4.283204913538275	0.0	24.81778889637195	54.222285323315084
1	77.985351994019	132.20763731733408	32.882072277924635	0.0	33.47807598250128	77.985351994019
2	66.43324355808618	198.64088087542015	48.736499546069325	0.0	40.884783991001456	66.43324355808618
3	60.350066534506716	258.99094740992695	61.940406544778135	0.0	48.730469107666515	60.350066534506716
4	61.7738878272753	320.7648352372022	78.01814180352581	0.0	57.09787354588978	61.7738878272753
5	56.024269691809415	376.7891049290116	84.90248109147713	0.0	66.74005160984044	56.024269691809415
6	64.82082770548621	441.60993263449797	99.81989089714438	0.0	81.33805816540108	64.82082770548621
7	56.19966986898449	497.80960250348215	105.67105692003459	0.0	90.82133740687019	56.19966986898449
8	58.03045430573845	555.8400568092209	115.28825716094441	0.0	101.90717943466666	58.03045430573845
9	63.21932662356406	619.0593834327847	132.2494006337923	0.0	110.32972930788678	63.21932662356406
10	59.000095427888425	678.0594788606733	145.01471480117135	0.0	117.07285582973915	59.000095427888425
11	56.6317275368496	734.6912063975226	154.0522482365013	0.0	123.7853863943998	56.6317275368496
12	63.70361512715944	798.3948215246822	169.82034557759496	0.0	132.94404060227467	63.70361512715944
13	61.27193254605832	859.6667540707408	184.56154871203057	0.0	143.04230539967767	61.27193254605832
14	57.435235094365886	917.1019891651068	193.89599247779395	0.0	146.63092287555733	57.435235094365886
15	59.95951784535427	977.0615070104614	205.68424218792498	0.0	152.47095554428245	59.95951784535427
16	61.958306209233214	1039.019813219694	221.22533531407996	0.0	159.216398447051	61.958306209233214
17	64.48050055165417	1103.5003137713481	235.05832735413233	0.0	167.29830305926652	64.48050055165417
18	60.57174638373237	1164.0720601550806	247.89665325486038	0.0	177.51851301760064	60.57174638373237
19	55.86980522449719	1219.941865379578	256.11044483675755	0.0	185.37730175041395	55.86980522449719
20	57.226847257610345	1277.1687126371878	262.9284065516101	0.0	191.98933535367226	57.226847257610345
21	62.66576677441142	1339.8344794115992	275.92818094471255	0.0	203.43123781182967	62.66576677441142
22	57.91721305856281	1397.751692470162	284.2274268008712	0.0	201.35574688671892	57.91721305856281
23	60.02383075428861	1457.7755232244513	298.7772562374786	0.0	205.24478315765757	60.02383075428861
24	58.00353059293421	1515.7790538173854	307.8371471055184	0.0	212.23251241116972	58.00353059293421
25	56.54952513834522	1572.3285789557297	315.5271411453955	0.0	217.04486684824604	56.54952513834522
26	62.67855519387597	1635.0071341496064	328.23121692384905	0.0	226.0515197844532	62.67855519387597
27	59.47049279955763	1694.477626949164	339.6560841791548	0.0	236.88344277472632	59.47049279955763
28	59.09088664765874	1753.5685135968222	348.6942569720367	0.0	244.79287964454238	59.09088664765874
29	62.343856119694216	1815.9123697165162	361.28962210608444	0.0	253.66566579253768	62.343856119694216
30	59.43132584330763	1875.3436955598236	372.3940769096293	0.0	260.58014080710694	59.43132584330763
31	57.64483850489919	1932.9885340647227	379.26739457768963	0.0	265.063990427478	57.64483850489919
32	55.25868483482996	1988.2472188995528	385.8943962224303	0.0	270.82304478603754	55.25868483482996
33	59.63779438541535	2047.885013284969	395.0503285490406	0.0	279.7251272779767	59.63779438541535
34	53.88412616206992	2101.7691394470376	402.94287016007706	0.0	286.2135161478743	53.88412616206992
35	54.18666350617599	2155.955802953216	407.85354735691953	0.0	292.0861322648869	54.18666350617599
36	56.947438962674816	2212.9032419158893	418.746256382487	0.0	298.81410851036605	56.947438962674816
37	55.755117749714884	2268.658359665604	424.9770369125715	0.0	306.07751527920965	55.755117749714884
38	56.918510815886954	2325.576870481492	431.8810785139902	0.0	311.6772034784318	56.918510815886954
39	58.15531492717774	2383.7321854086676	441.6784848122305	0.0	320.8528332448097	58.15531492717774
40	57.07120183192367	2440.8033872405927	448.8527800369988	0.0	326.68384008911323	57.07120183192367
41	57.50149795380195	2498.304885194395	457.49996746548646	0.0	330.2953501547918	57.50149795380195
42	62.85279005308689	2561.157675247482	470.1083006192792	0.0	333.6045056757612	62.85279005308689
43	57.668305612212826	2618.8259808596936	480.0541948837235	0.0	340.0454281288085	57.668305612212826
44	56.418894076925625	2675.2448749366185	487.3483563705676	0.0	344.1247141306247	56.418894076925625
45	64.31214890804549	2739.557023844665	501.6856418996428	0.0	349.7710081156776	64.31214890804549
46	55.8535326120855	2795.410556456752	507.4224854789295	0.0	355.361922213282	55.8535326120855
47	61.1265653829674	2856.5371218397177	521.3564056241597	0.0	361.1707185385266	61.1265653829674
48	58.9564434096871	2915.4935652494046	532.0835393789895	0.0	365.8224157839971	58.9564434096871
49	53.86180253826059	2969.355367787666	536.147391429135	0.0	371.9402030791551	53.86180253826059
50	58.425014950999646	3027.780382738665	545.4307232150221	0.0	380.0705186118589	58.425014950999646
51	57.7328648305681	3085.513247569235	554.4459634499931	0.0	383.5474434806445	57.7328648305681
52	58.12208397356023	3143.6353315427946	564.2549825470313	0.0	393.39951450114467	58.12208397356023
53	59.57652917377333	3203.211860716567	574.5407706295188	0.0	398.562918964933	59.57652917377333
54	56.75498861850484	3259.9668493350737	580.9100512410638	0.0	406.80333215369706	56.75498861850484
55	58.32921791515582	3318.2960672502286	590.508905559885	0.0	412.97277226930447	58.32921791515582
56	62.42123380451818	3380.7173010547467	605.4516506467857	0.0	424.71632854835656	62.42123380451818
57	57.47541281267383	3438.1927138674196	614.1443032243471	0.0	435.5798552506209	57.47541281267383
58	59.20679857735954	3497.3995124447806	626.370208295851	0.0	444.21573808852105	59.20679857735954
59	57.106869684985526	3554.506382129765	636.3351672078979	0.0	451.80370878987975	57.106869684985526
60	56.022379500549704	3610.5287616303144	643.1589618205953	0.0	461.2783845827377	56.022379500549704
61	57.47307069314447	3668.001832323459	653.0237974322383	0.0	465.06195247837974	57.47307069314447
62	54.31566079034335	3722.3174931138033	656.1482755492864	0.0	470.3651684917414	54.31566079034335
63	54.72266454195414	3777.0401576557574	663.5904836298104	0.0	476.9000478375678	54.72266454195414
64	56.26529753671994	3833.305455192476	671.7242671824603	0.0	483.5500385119953	56.26529753671994
65	53.893668248544266	3887.1991234410207	675.5932200010501	0.0	493.389353053256	53.893668248544266
66	54.26918400242354	3941.4683074434456	680.832326370924	0.0	502.7065180148957	54.26918400242354
67	59.096451237426685	4000.5647586808714	691.8943925272827	0.0	509.93118096739545	59.096451237426685
68	55.36959326998203	4055.9343519508525	699.9012612803781	0.0	520.6550252498555	55.36959326998203
69	59.49225007853398	4115.426602029387	712.3767340620968	0.0	534.5606339278588	59.49225007853398
70	55.96019727089779	4171.386799300285	718.9757510736697	0.0	540.8821760460079	55.96019727089779
71	57.27050185613232	4228.657301156417	725.6628109478221	0.0	553.7010324508825	57.27050185613232
72	56.1107842558796	4284.768085412297	730.374553994509	0.0	556.5742788235749	56.1107842558796
73	55.6880939384388	4340.456179350736	737.7099263927547	0.0	561.2380204984208	55.6880939384388
74	55.01724325249742	4395.473422603233	745.4065405789856	0.0	565.039728726631	55.01724325249742
75	57.915301099859434	4453.38872370309	756.7119285891652	0.0	571.5578819249928	57.915301099859434
76	58.47622231118936	4511.8649460142815	768.9001830810163	0.0	578.3284077780506	58.47622231118936
77	53.64705174909377	4565.511997763377	773.916719110373	0.0	587.2325991834535	53.64705174909377
78	52.28883366306429	4617.800831426439	778.9675842227454	0.0	595.0192371917223	52.28883366306429
79	57.76794613146989	4675.56877755791	788.5787136456993	0.0	603.6686238171231	57.76794613146989
80	55.69300928767374	4731.261786845586	794.7615992383911	0.0	608.019463858092	55.69300928767374
81	58.27204083209586	4789.53382767768	804.5646155051676	0.0	614.5808815286442	58.27204083209586
82	59.76413312015737	4849.297960797837	813.4298683915854	0.0	619.9427684058236	59.76413312015737
83	56.80234585873839	4906.1003066565745	824.3091346862145	0.0	626.2450959344895	56.80234585873839
84	58.01198673271552	4964.112293389291	835.5357082084324	0.0	635.8858656886208	58.01198673271552
85	57.41105399595404	5021.523347385243	845.8479519990682	0.0	642.9795939321117	57.41105399595404
86	56.9915082788222	5078.514855664067	854.921288174084	0.0	647.834270429108	56.9915082788222
87	56.37016789060288	5134.8850235546715	862.0238362435592	0.0	654.7492154568305	56.37016789060288
88	55.446357480403364	5190.331381035074	868.3352037244376	0.0	661.9936737935774	55.446357480403364
89	58.36104999209796	5248.692431027171	877.3937775604701	0.0	668.9317100973965	58.36104999209796
90	59.568623352222524	5308.261054379393	887.9302719930496	0.0	671.8456997267308	59.568623352222524
91	56.61567924194004	5364.876733621336	893.5501841028768	0.0	685.4919377929159	56.61567924194004
92	58.22761394854705	5423.104347569882	900.5923581269794	0.0	690.6451639841853	58.22761394854705
93	55.37399508206094	5478.478342651943	908.0241979167337	0.0	699.9156488676684	55.37399508206094
94	58.295645937681364	5536.7739885896235	919.8359212350688	0.0	704.5850987175812	58.295645937681364
95	56.25655254873404	5593.030541138357	924.0178185250602	0.0	710.3265471372997	56.25655254873404
96	56.47173465305851	5649.502275791418	932.7398219156549	0.0	718.5702030561688	56.47173465305851
97	61.39229193863414	5710.8945677300535	944.6417226488069	0.0	724.4959898376353	61.39229193863414
98	53.89145863375953	5764.78602636381	947.8852671873274	0.0	732.36136758654	53.89145863375953
99	62.336128327824916	5827.122154691632	961.4075559827013	0.0	736.5060615166611	62.336128327824916
100	59.152127888791085	5886.274282580427	972.206154157381	0.0	743.1827753474903	59.152127888791085
101	58.907196380355366	5945.181478960781	983.7844872595809	0.0	748.8715893488124	58.907196380355366
102	55.45827543829117	6000.639754399072	989.4539405662531	0.0	756.0555505543759	55.45827543829117
103	54.584345098616886	6055.224099497689	995.1599901402703	0.0	762.8413052720495	54.584345098616886
104	61.20356936644742	6116.427668864138	1007.4669430304472	0.0	768.7565430059684	61.20356936644742
105	54.27738554022107	6170.705054404357	1013.0015219067001	0.0	774.4599786994974	54.27738554022107
106	55.45956249297056	6226.164616897327	1018.0527465883325	0.0	779.0047920888742	55.45956249297056
107	60.240572748209416	6286.4051896455385	1027.456713298002	0.0	790.634361504717	60.240572748209416
108	58.93249303512737	6345.337682680668	1037.0574439205188	0.0	793.3041539192589	58.93249303512737
109	59.68683206319536	6405.024514743858	1047.391975191135	0.0	800.7428528996827	59.68683206319536
110	57.79533733199102	6462.819852075851	1054.1251579701689	0.0	807.4295759511865	57.79533733199102
111	61.63613272800779	6524.455984803864	1064.506579262977	0.0	813.2386900169956	61.63613272800779
112	59.780267394973315	6584.236252198835	1075.6039406887735	0.0	821.4284363577593	59.780267394973315
113	62.521912576271504	6646.758164775106	1089.1568011249406	0.0	833.3713204339925	62.521912576271504
114	61.94275305859942	6708.700917833704	1103.1672958428765	0.0	839.970734186386	61.94275305859942
115	61.043376578597105	6769.744294412298	1115.7171441874818	0.0	847.1977871830073	61.043376578597105
116	67.66671030407872	6837.411004716374	1134.2488487805024	0.0	851.8653980705654	67.66671030407872
117	56.22799738459233	6893.639002100969	1142.0534180882232	0.0	858.2522951314689	56.22799738459233
118	61.5512870248028	6955.190289125774	1154.579012496936	0.0	863.7801711827078	61.5512870248028
119	61.90787438086856	7017.098163506647	1168.536699855469	0.0	874.6215462714225	61.90787438086856
120	56.48935038766283	7073.587513894306	1176.4140768913023	0.0	884.2323736129183	56.48935038766283
121	62.19871005929769	7135.7862239536025	1187.632931280372	0.0	895.9551957941727	62.19871005929769
122	58.707862583042235	7194.494086536646	1198.072517126197	0.0	899.7403772919697	58.707862583042235
123	55.71563380867631	7250.209720345321	1204.578865124884	0.0	905.4828964588712	55.71563380867631
124	62.2128962182481	7312.422616563566	1217.1074079213438	0.0	911.8658717312343	62.2128962182481
125	54.93840062462424	7367.361017188191	1223.4606263834899	0.0	917.7335426457229	54.93840062462424
126	57.58331789574334	7424.944335083938	1234.5144474763226	0.0	922.4797168443628	57.58331789574334
127	58.09029000158851	7483.034625085531	1244.904409801102	0.0	927.4471879555493	58.09029000158851
128	56.30572605781438	7539.340351143339	1251.5421555127289	0.0	933.5415344193002	56.30572605781438
129	59.39989887584603	7598.740250019187	1261.1057365033946	0.0	941.8686796949315	59.39989887584603
130	62.19698977737636	7660.9372397965635	1276.0001628459454	0.0	950.713370724087	62.19698977737636
131	56.74590579747434	7717.683145594038	1282.7732710689684	0.0	955.1829513919142	56.74590579747434
132	58.07540544886303	7775.758551042902	1292.8553051817453	0.0	963.8929116827912	58.07540544886303
133	55.9082367865352	7831.666787829437	1300.893592272731	0.0	969.2241273822837	55.9082367865352
134	59.93339235060313	7891.600180180039	1311.7992197988738	0.0	973.4082954192978	59.93339235060313
135	57.93143543231485	7949.5316156123545	1321.5164991533302	0.0	976.7787092194699	57.93143543231485
136	60.509223835627836	8010.040839447981	1334.99114882874	0.0	988.4221819459907	60.509223835627836
137	56.26951289973861	8066.31035234772	1344.1515285065686	0.0	992.3689871893516	56.26951289973861
138	58.160112506701296	8124.470464854422	1352.2277461048552	0.0	1000.3145208878299	58.160112506701296
139	58.328058947074695	8182.7985238015	1362.612118572577	0.0	1012.686812040188	58.328058947074695
140	60.64998235511629	8243.448506156614	1375.3148832680336	0.0	1024.3811233045535	60.64998235511629
141	63.15208455532173	8306.600590711932	1388.4441913520009	0.0	1029.907495455614	63.15208455532173
142	58.419059208065626	8365.019649920001	1398.49789973222	0.0	1039.2177329326912	58.419059208065626
143	53.762430888457246	8418.782080808458	1402.6308449811754	0.0	1045.7774560057283	53.762430888457246
144	56.25447780044455	8475.036558608905	1409.2567541557585	0.0	1057.3120832831173	56.25447780044455
145	56.1099816289822	8531.146540237884	1418.9991422766075	0.0	1062.5361995608123	56.1099816289822
146	59.89325864002148	8591.039798877908	1427.4853147988003	0.0	1068.1911366443308	59.89325864002148
147	57.11647850012737	8648.156277378033	1434.791239357064	0.0	1073.9906111350967	57.11647850012737
148	58.06050515013827	8706.216782528172	1443.7092896781398	0.0	1078.1083943690385	58.06050515013827
149	62.101918350428484	8768.318700878599	1457.5201861023681	0.0	1081.4452554867469	62.101918350428484
150	57.52440285612729	8825.843103734725	1466.652845286753	0.0	1093.8315037607454	57.52440285612729
151	55.88048590248508	8881.723589637215	1474.2762671075307	0.0	1098.4556962362021	55.88048590248508
152	58.4376155172024	8940.161205154414	1485.5262625893022	0.0	1104.161597685621	58.4376155172024
153	56.47153510745105	8996.632740261872	1492.4509495852365	0.0	1111.0757742977448	56.47153510745105
154	52.40805139214138	9049.040791654004	1497.3295751750734	0.0	1118.9894114455622	52.40805139214138
155	57.90925763604492	9106.950049290048	1506.6051452814293	0.0	1129.959386273153	57.90925763604492
156	60.35618931781118	9167.306238607864	1517.3701739022133	0.0	1132.3184983325648	60.35618931781118
157	55.544461850405575	9222.850700458268	1525.2824498940743	0.0	1138.7836844176059	55.544461850405575
158	55.94352490951104	9278.794225367777	1532.3533987513476	0.0	1144.3292407327435	55.94352490951104
159	59.0680302111326	9337.862255578913	1542.096886607919	0.0	1148.9150653170243	59.0680302111326
160	61.92898621787142	9399.791241796787	1554.1651075762668	0.0	1154.9388013248997	61.92898621787142
161	58.594143992518774	9458.3853857893	1564.4246352374382	0.0	1158.5364538966073	58.594143992518774
162	55.60189713034765	9513.987282919654	1570.5422566114992	0.0	1164.5133144772055	55.60189713034765
163	53.439575637347424	9567.426858556997	1578.4667058367895	0.0	1175.8964603675272	53.439575637347424
164	55.76849966583343	9623.19535822283	1585.4651564831177	0.0	1181.7044995940387	55.76849966583343
165	62.00859778432056	9685.203956007153	1599.0523261181813	0.0	1186.6125972373286	62.00859778432056
166	56.19125843469987	9741.395214441849	1605.8291997245888	0.0	1194.121734935169	56.19125843469987
167	61.053137970387915	9802.448352412237	1617.6907400385057	0.0	1203.040112418777	61.053137970387915
168	59.174580417668636	9861.62293282991	1629.5227280173258	0.0	1207.814906947979	59.174580417668636
169	61.76148368575204	9923.384416515662	1640.9515386922715	0.0	1210.3118663855507	61.76148368575204
170	59.824032881038576	9983.208449396703	1651.7476504604738	0.0	1217.6301426244104	59.824032881038576
171	59.48138338581072	10042.689832782507	1660.580219267753	0.0	1222.7554675467145	59.48138338581072
172	63.79832520483088	10106.488157987338	1673.8501340552577	0.0	1227.3279281607415	63.79832520483088
173	56.83017150590531	10163.318329493246	1682.4361539887873	0.0	1236.8928349146272	56.83017150590531
174	58.835620580373686	10222.153950073613	1694.3235692683882	0.0	1238.2183889598257	58.835620580373686
175	60.61370598182527	10282.767656055443	1705.114337881445	0.0	1242.7297685388996	60.61370598182527
176	60.310275877485275	10343.077931932932	1715.1176998964756	0.0	1255.0642201983676	60.310275877485275
177	54.39395530167431	10397.471887234602	1719.1296872294736	0.0	1258.768350523054	54.39395530167431
178	54.379028736769435	10451.850915971374	1724.1970797587624	0.0	1264.435717277352	54.379028736769435
179	57.033133837200296	10508.884049808576	1732.0700244694456	0.0	1272.5351515315942	57.033133837200296
180	61.659750493932506	10570.543800302505	1746.5634239430508	0.0	1281.2937405274895	61.659750493932506
181	59.24792704429851	10629.791727346801	1758.3416359297676	0.0	1291.0900164476936	59.24792704429851
182	56.50420411484677	10686.295931461651	1766.5915846569426	0.0	1298.6747007177482	56.50420411484677
183	58.95947842047472	10745.255409882127	1778.677071220788	0.0	1306.0560554809927	58.95947842047472
184	56.062855380874836	10801.318265263	1783.962224804727	0.0	1309.6764049986111	56.062855380874836
185	56.93687821673906	10858.255143479742	1791.8866473654575	0.0	1312.6062139133971	56.93687821673906
186	59.65355211297106	10917.90869559271	1801.025864959843	0.0	1315.8048174423695	59.65355211297106
187	58.10303862019533	10976.011734212907	1812.5973380475584	0.0	1318.914004690491	58.10303862019533
188	57.9522473567271	11033.963981569634	1821.7806943521625	0.0	1325.2380604968837	57.9522473567271
189	60.34543490539146	11094.309416475024	1830.4818577288693	0.0	1329.0817207289026	60.34543490539146
190	56.769970847391185	11151.079387322416	1838.6775346981556	0.0	1331.432914723486	56.769970847391185
191	56.75961285158603	11207.839000174	1845.3096270970782	0.0	1344.5245387113969	56.75961285158603
192	58.625133562618466	11266.464133736627	1855.8269554725982	0.0	1352.8948540820595	58.625133562618466
193	59.60740074168248	11326.071534478302	1867.856491164879	0.0	1365.170194207042	59.60740074168248
194	57.67189106595019	11383.743425544251	1876.6056119072769	0.0	1371.4717597872473	57.67189106595019
195	56.25907322266903	11440.00249876692	1883.925990438723	0.0	1379.7621835284588	56.25907322266903
196	53.29874023461544	11493.301239001534	1889.062432177835	0.0	1385.4382024370443	53.29874023461544
197	58.6634966266309	11551.964735628171	1898.9813193923549	0.0	1391.2590726978488	58.6634966266309
198	56.59620895618071	11608.560944584351	1908.62447407934	0.0	1398.4670039401014	56.59620895618071
199	60.24444112556581	11668.805385709917	1919.8868399439325	0.0	1401.1616181138522	60.24444112556581
200	57.099715671819325	11725.905101381733	1929.1637120629246	0.0	1408.8300867050086	57.099715671819325
201	56.48564126958757	11782.390742651318	1936.3918486454559	0.0	1414.799418330786	56.48564126958757
202	53.801375918432896	11836.192118569752	1940.4563814807332	0.0	1421.4802765344134	53.801375918432896
203	52.7731675220935	11888.965286091845	1945.7856646045425	0.0	1429.8667783563576	52.7731675220935
204	55.821750206497796	11944.787036298343	1951.870489442027	0.0	1434.2792303174613	55.821750206497796
205	59.41910383326269	12004.206140131613	1962.1167229422751	0.0	1443.2780781687952	59.41910383326269
206	56.953969012439536	12061.160109144044	1970.9291445194917	0.0	1449.5047853053482	56.953969012439536
207	59.58215216105031	12120.7422613051	1982.7700214882072	0.0	1453.0219270788982	59.58215216105031
208	56.297927242844445	12177.040188547931	1989.57195393392	0.0	1458.259408944352	56.297927242844445
209	59.78452894496202	12236.824717492898	1999.5669706543658	0.0	1464.1870118901763	59.78452894496202
210	61.79456618058419	12298.619283673492	2014.2039131821325	0.0	1468.9482200715872	61.79456618058419
211	55.35600714127576	12353.975290814766	2021.31553775628	0.0	1476.3446154527167	55.35600714127576
212	55.92409553442921	12409.899386349198	2027.8411183455034	0.0	1481.4415087344944	55.92409553442921
213	61.46619435148938	12471.365580700685	2041.7408493443772	0.0	1485.382761957102	61.46619435148938
214	52.19935015088627	12523.564930851564	2045.865162618414	0.0	1491.870920130911	52.19935015088627
215	55.76319457543729	12579.328125426997	2051.7603878452505	0.0	1499.1210677697954	55.76319457543729
216	58.097710329478325	12637.42583575648	2060.8540034155685	0.0	1503.4357758134454	58.097710329478325
217	56.97017090904752	12694.396006665536	2068.4531404044865	0.0	1509.0606420441768	56.97017090904752
218	59.172000313941545	12753.568006979474	2081.027915017947	0.0	1518.0366977202684	59.172000313941545
219	61.04796804433218	12814.615975023798	2095.05441503516	0.0	1523.3674861959394	61.04796804433218
220	55.30479047982873	12869.920765503626	2102.807614599984	0.0	1528.664309526824	55.30479047982873
221	58.02432556418859	12927.945091067813	2109.675421775125	0.0	1533.859784704072	58.02432556418859
222	59.43906320421379	12987.384154272031	2121.1246744050477	0.0	1542.3680500129535	59.43906320421379
223	57.49197856136216	13044.876132833397	2130.192816507239	0.0	1547.8559873625022	57.49197856136216
224	59.42422079926885	13104.300353632667	2140.270450613676	0.0	1553.094329176195	59.42422079926885
225	57.28614499079556	13161.586498623457	2149.8780297002113	0.0	1561.3583332433138	57.28614499079556
226	62.78248442610474	13224.368983049564	2164.876169711899	0.0	1565.5898064129374	62.78248442610474
227	57.05521388349556	13281.424196933054	2171.155222926219	0.0	1570.8770016905648	57.05521388349556
228	56.61401067666462	13338.038207609723	2179.1852420596592	0.0	1576.3452823165164	56.61401067666462
229	59.551577569450146	13397.589785179174	2190.572580692689	0.0	1580.0781285548778	59.551577569450146
230	57.14716987426781	13454.736955053453	2201.50349323395	0.0	1584.9359790189908	57.14716987426781
231	53.46654535441202	13508.20350040785	2205.3698633076	0.0	1591.818344313897	53.46654535441202
232	60.67691676457785	13568.880417172439	2218.8253455454037	0.0	1597.401119112015	60.67691676457785
233	57.36459538154321	13626.24501255398	2228.1133048813626	0.0	1604.3195603992342	57.36459538154321
234	59.59756463110769	13685.842577185083	2239.965093851606	0.0	1609.5661984207497	59.59756463110769
235	60.06323549747627	13745.90581268256	2250.928731815243	0.0	1624.0654576786037	60.06323549747627
236	54.85659607711926	13800.76240875968	2257.2417596879964	0.0	1628.885977020091	54.85659607711926
237	56.04586391836682	13856.808272678049	2263.1761942141543	0.0	1634.8319550697481	56.04586391836682
238	54.552469029612766	13911.360741707647	2268.348620312291	0.0	1642.6512347906253	54.552469029612766
239	55.94473790692475	13967.305479614586	2272.3049937753503	0.0	1649.1218165954613	55.94473790692475
240	54.99431096463106	14022.29979057921	2278.5786345733563	0.0	1655.1513205121516	54.99431096463106
241	58.44974242874483	14080.74953300796	2287.4114310846694	0.0	1660.255461702776	58.44974242874483
242	56.59475165770331	14137.344284665653	2296.9018626337133	0.0	1668.7358931273054	56.59475165770331
243	54.341969995873185	14191.686254661536	2303.537130459005	0.0	1674.374400959549	54.341969995873185
244	58.12452531137416	14249.810779972908	2313.6900272043918	0.0	1677.7691998367404	58.12452531137416
245	60.88402108907118	14310.694801061978	2326.6341488733387	0.0	1689.2748441435547	60.88402108907118
246	57.81893968266094	14368.513740744647	2333.778965255924	0.0	1693.85529268701	57.81893968266094
247	54.80800887859312	14423.32174962324	2337.8549210184897	0.0	1699.9935863869484	54.80800887859312
248	56.3989878133312	14479.720737436564	2346.8815059350823	0.0	1705.2693403249536	56.3989878133312
249	64.17594151628612	14543.896678952855	2362.842683366647	0.0	1709.9444193812308	64.17594151628612
250	59.93753005391137	14603.834209006764	2375.105926858497	0.0	1719.308352972384	59.93753005391137
251	61.8217589816961	14665.65596798846	2387.9993061489026	0.0	1727.553914843994	61.8217589816961
252	53.59933778400891	14719.25530577247	2393.0983520984355	0.0	1732.8949834558312	53.59933778400891
253	57.98614957110483	14777.24145534357	2401.052759406011	0.0	1738.4742156806376	57.98614957110483
254	57.99687165970836	14835.238327003284	2411.4749933938233	0.0	1743.068920724248	57.99687165970836
255	60.69665391567261	14895.934980918952	2424.148102303977	0.0	1748.5438680203383	60.69665391567261
256	59.714826363422716	14955.649807282374	2435.0018355794314	0.0	1758.2881794331472	59.714826363422716
257	58.42286599728659	15014.072673279661	2443.544908410071	0.0	1767.0639840320837	58.42286599728659
258	59.49232399838522	15073.564997278045	2454.8398237181054	0.0	1774.9981184550604	59.49232399838522
259	61.80893393453955	15135.37393121259	2468.331416218787	0.0	1780.5135081181904	61.80893393453955
260	55.844523023806666	15191.2184542364	2473.9986859839305	0.0	1786.3032824007437	55.844523023806666
261	60.39364940153686	15251.612103637926	2485.6827037822104	0.0	1791.8340198985857	60.39364940153686
262	58.362052246503715	15309.974155884443	2495.812910338557	0.0	1797.2724257835314	58.362052246503715
263	56.37406985900052	15366.348225743433	2504.3032414587883	0.0	1801.4585318737988	56.37406985900052
264	57.75564173603889	15424.103867479467	2512.6365595484035	0.0	1810.1795981169882	57.75564173603889
265	62.117803966364946	15486.221671445845	2525.2657284018164	0.0	1814.909323815719	62.117803966364946
266	56.97511509472945	15543.196786540568	2534.8313006273365	0.0	1820.533825195774	56.97511509472945
267	60.699714948934925	15603.896501489506	2547.988897937423	0.0	1824.4159806392572	60.699714948934925
268	57.60296592290395	15661.499467412406	2557.9929624290808	0.0	1834.7822615947525	57.60296592290395
269	59.41650538880721	15720.915972801215	2567.2805447605574	0.0	1837.0500358062923	59.41650538880721
270	54.95678757747166	15775.872760378688	2574.432130699555	0.0	1845.1086560815609	54.95678757747166
271	56.46347364261819	15832.3362340213	2582.0472486340686	0.0	1852.6537363863067	56.46347364261819
272	58.16771142576532	15890.503945447072	2591.6331496527328	0.0	1861.2210159626536	58.16771142576532
273	59.217166794866834	15949.721112241936	2602.9997343651885	0.0	1867.0359748552037	59.217166794866834
274	54.26089065995077	16003.982002901885	2608.3671263638153	0.0	1873.6602257368638	54.26089065995077
275	55.53230065662788	16059.514303558513	2615.73304524039	0.0	1880.2971396705802	55.53230065662788
276	58.200377847742494	16117.71468140625	2625.63398309713	0.0	1885.730494752754	58.200377847742494
277	56.71888149258548	16174.43356289884	2631.7250904184057	0.0	1891.249094229848	56.71888149258548
278	54.9935073587878	16229.427070257638	2638.596450953437	0.0	1896.9536157923947	54.9935073587878
279	55.04995595057279	16284.477026208195	2646.5675342933787	0.0	1900.3438593276976	55.04995595057279
280	54.79795727264904	16339.274983480853	2652.0508165742854	0.0	1906.2072380212355	54.79795727264904
281	55.55256558567628	16394.827549066526	2659.383600931554	0.0	1912.58172262874	55.55256558567628
282	58.14648768282592	16452.974036749358	2667.991891021007	0.0	1917.0511650371	58.14648768282592
283	57.201487786046734	16510.175524535392	2677.855908191665	0.0	1921.7359133224425	57.201487786046734
284	60.61640539130499	16570.791929926712	2686.8298207807184	0.0	1931.2817378006305	60.61640539130499
285	58.70430184324946	16629.496231769954	2696.789424421962	0.0	1933.5599869259736	58.70430184324946
286	57.18171039337549	16686.67794216333	2704.5809959161234	0.0	1937.6678049625093	57.18171039337549
287	54.108943968253755	16740.786886131595	2710.943471366451	0.0	1942.6967189296743	54.108943968253755
288	55.24036796080497	16796.027254092387	2720.5368931678245	0.0	1947.1560876351386	55.24036796080497
289	56.74135583054201	16852.76860992293	2728.029439896167	0.0	1955.9114140165304	56.74135583054201
290	55.23680819093787	16908.005418113873	2736.9952353594463	0.0	1961.5578505384087	55.23680819093787
291	56.652810528032184	16964.658228641903	2744.048014561155	0.0	1965.3305770628936	56.652810528032184
292	63.466174883031	17028.12440352493	2759.0763189263366	0.0	1966.3272641213082	63.466174883031
293	57.847521710987124	17085.971925235914	2769.3500270492705	0.0	1973.4142774464383	57.847521710987124
294	59.02084440199782	17144.99276963792	2781.4636976831302	0.0	1976.9559786519571	59.02084440199782
295	57.33743857983379	17202.33020821774	2791.2148801352787	0.0	1984.3828360620441	57.33743857983379
296	56.896422290818876	17259.226630508565	2799.456964597442	0.0	1988.5397626722242	56.896422290818876
297	57.76613797684916	17316.992768485423	2810.2454538950115	0.0	1992.5628119013418	57.76613797684916
298	58.72751881519596	17375.720287300617	2819.2816362334	0.0	2003.968379507879	58.72751881519596
299	56.300765949028715	17432.021053249646	2825.302448752795	0.0	2015.0283892169973	56.300765949028715
300	57.41476016275685	17489.4358134124	2833.581676483058	0.0	2019.3887181321954	57.41476016275685
301	56.73967156242922	17546.175484974836	2844.25915130843	0.0	2025.444576932135	56.73967156242922
302	54.669095924148166	17600.84458089897	2850.073623005428	0.0	2034.4789217980535	54.669095924148166
303	53.812910453551886	17654.65749135253	2852.629974313084	0.0	2040.7627926649977	53.812910453551886
304	58.393666009354845	17713.051157361875	2862.3830689418846	0.0	2051.7951235392466	58.393666009354845
305	55.18155126755075	17768.23270862943	2870.591571866697	0.0	2056.4375302248936	55.18155126755075
306	57.63962379039708	17825.872332419825	2879.4458929844054	0.0	2058.944104130832	57.63962379039708
307	55.937049789091624	17881.809382208925	2887.136446362385	0.0	2065.1410683916392	55.937049789091624
308	56.22306459872793	17938.032446807654	2895.9951129793462	0.0	2070.6932331859384	56.22306459872793
309	57.03760638460737	17995.070053192267	2903.4263512337225	0.0	2078.392804417491	57.03760638460737
310	59.29488919377587	18054.364942386033	2916.0838784352773	0.0	2082.4249285963683	59.29488919377587
311	61.90202261313234	18116.266964999166	2928.49446976051	0.0	2094.332183331896	61.90202261313234
312	58.41364770523189	18174.680612704396	2939.964635277109	0.0	2102.1826872157853	58.41364770523189
313	57.51687580351076	18232.197488507903	2949.774251852885	0.0	2114.199901462809	57.51687580351076
314	54.76982821525224	18286.96731672316	2955.6666927129986	0.0	2121.653456282633	54.76982821525224
315	59.54160695200208	18346.508923675166	2967.3796652123333	0.0	2125.675563591727	59.54160695200208
316	57.391223698074775	18403.90014737323	2975.867536234939	0.0	2130.733964151068	57.391223698074775
317	60.90514369738117	18464.805291070617	2989.1294193959875	0.0	2131.6869152256527	60.90514369738117
318	61.20585092412418	18526.01114199474	3001.443825673486	0.0	2139.9280337710434	61.20585092412418
319	63.38750598140771	18589.39864797615	3016.7773520542773	0.0	2143.9541714227094	63.38750598140771
320	57.5354442394088	18646.934092215564	3026.7174645556765	0.0	2149.424285737654	57.5354442394088
321	57.09507784892221	18704.029170064478	3036.6344555128294	0.0	2160.5437933729177	57.09507784892221
322	58.03919736017614	18762.068367424657	3046.3442885097697	0.0	2166.2170311573586	58.03919736017614
323	62.5610714682659	18824.629438892916	3060.8203697037416	0.0	2171.581554623682	62.5610714682659
324	55.9345467370298	18880.563985629953	3068.222397790683	0.0	2177.0600671773564	55.9345467370298
325	55.69029658183647	18936.25428221179	3077.9465755128213	0.0	2181.602330261361	55.69029658183647
326	57.574281984276524	18993.828564196057	3086.549135599437	0.0	2187.056930166049	57.574281984276524
327	52.89215044816973	19046.720714644234	3088.002244478089	0.0	2194.8533221081157	52.89215044816973
328	57.0072725772936	19103.727987221522	3094.7312113331486	0.0	2203.1042163471266	57.0072725772936
329	55.028734231725075	19158.75672145326	3100.1230388856093	0.0	2207.7394475714423	55.028734231725075
330	57.287392923494615	19216.04411437675	3109.5107308619226	0.0	2215.0924631517114	57.287392923494615
331	57.844881810848484	19273.888996187598	3119.111203606366	0.0	2220.7658979574467	57.844881810848484
332	57.881845079776014	19331.770841267375	3130.032439877633	0.0	2223.808069231492	57.881845079776014
333	59.95868500047914	19391.729526267856	3141.5957786560357	0.0	2228.028245025249	59.95868500047914
334	57.29617629030059	19449.025702558152	3149.6719103807072	0.0	2232.701570284683	57.29617629030059
335	57.294626209346426	19506.3203287675	3157.584174393876	0.0	2239.410511482428	57.294626209346426
336	61.32926699070258	19567.6495957582	3169.520531056765	0.0	2246.604165740171	61.32926699070258
337	61.52084951079763	19629.170445268996	3182.5774664948494	0.0	2256.001429399514	61.52084951079763
338	58.872597323161365	19688.04304259216	3190.654208331373	0.0	2263.2195904007735	58.872597323161365
339	59.652659477165365	19747.69570206933	3199.9357026865973	0.0	2266.3133645540224	59.652659477165365
340	54.88408045686917	19802.579782526194	3204.4810415052993	0.0	2270.7095723225216	54.88408045686917
341	54.73342120320768	19857.3132037294	3209.620722805748	0.0	2276.3853908381075	54.73342120320768
342	57.8922599035253	19915.20546363293	3216.826501963329	0.0	2283.867034412084	57.8922599035253
343	58.69306241761523	19973.898526050554	3225.635135154236	0.0	2291.1658358137247	58.69306241761523
344	55.30582832967006	20029.20435438022	3231.1260529961	0.0	2300.294879810477	55.30582832967006
345	53.78924153877047	20082.993595918986	3236.0320221231714	0.0	2304.9044879534863	53.78924153877047
346	59.70945578334932	20142.70305170234	3245.5029268155195	0.0	2310.956981229517	59.70945578334932
347	56.092393167205444	20198.79544486954	3253.5589700476557	0.0	2318.229094670275	56.092393167205444
348	59.012221719599296	20257.807666589146	3262.409024664802	0.0	2329.0122956210143	59.012221719599296
349	56.94306552244243	20314.75073211158	3270.8013500130346	0.0	2334.6441673353174	56.94306552244243
350	55.38478289613745	20370.135515007725	3277.2755866061557	0.0	2343.7876260511275	55.38478289613745
351	57.38884614261048	20427.524361150336	3283.815134834034	0.0	2353.4121809180087	57.38884614261048
352	53.438277272857405	20480.962638423178	3289.397643131599	0.0	2361.9247029049134	53.438277272857405
353	56.14974209006681	20537.112380513252	3296.5965165698262	0.0	2370.324984931806	56.14974209006681
354	56.98647997402446	20594.098860487287	3303.4564573676885	0.0	2373.9375374485926	56.98647997402446
355	58.94548904178689	20653.04434952907	3313.8703381409778	0.0	2377.5381377345625	58.94548904178689
356	59.3180981882931	20712.362447717343	3323.7839026008864	0.0	2381.9276898950484	59.3180981882931
357	64.18685662861681	20776.54930434597	3339.466243355098	0.0	2387.0073616718664	64.18685662861681
358	60.32312028603857	20836.87242463201	3351.053325476131	0.0	2394.7383206254854	60.32312028603857
359	59.059918892028584	20895.93234352404	3362.3362830441606	0.0	2398.574174911726	59.059918892028584
360	55.73346313146246	20951.665806655496	3372.3892287953813	0.0	2405.493958231843	55.73346313146246
361	55.64657361371448	21007.312380269217	3377.8099363132624	0.0	2409.431656164177	55.64657361371448
362	56.75160742874044	21064.06398769795	3386.9405859440944	0.0	2414.9404202357214	56.75160742874044
363	56.66409011256292	21120.728077810527	3394.032855856128	0.0	2419.6336079386588	56.66409011256292
364	58.63774051919407	21179.365818329716	3405.156378749352	0.0	2425.0951710275544	58.63774051919407
365	58.46773373493083	21237.83355206465	3415.5240556370454	0.0	2433.7490690680406	58.46773373493083
366	59.57267737893055	21297.406229443583	3427.569157430632	0.0	2436.8709425759425	59.57267737893055
367	56.57633344779162	21353.98256289137	3433.7688014270993	0.0	2441.8102031788794	56.57633344779162
368	54.101332888560066	21408.083895779924	3438.8913067720873	0.0	2448.4483629682877	54.101332888560066
369	62.65790816665133	21470.741803946577	3453.1290558487854	0.0	2457.3058451504808	62.65790816665133
370	60.24119632636412	21530.983000272947	3464.906674992073	0.0	2462.539682512514	60.24119632636412
371	57.68291046412368	21588.665910737076	3474.8006367589683	0.0	2466.5025937419364	57.68291046412368
372	55.63315979191822	21644.299070528978	3482.0931403209725	0.0	2473.1322029988924	55.63315979191822
373	54.34680660761166	21698.645877136587	3487.1686484072625	0.0	2478.6609641187583	54.34680660761166
374	58.963068107410855	21757.608945244003	3497.7050287915213	0.0	2484.1300329257338	58.963068107410855
375	58.40712327132713	21816.016068515346	3507.952913368323	0.0	2487.1897275326887	58.40712327132713
376	59.07235979096634	21875.088428306306	3517.7460696196667	0.0	2500.572771878874	59.07235979096634
377	61.33583184674013	21936.42426015305	3531.749206372735	0.0	2507.5651945193827	61.33583184674013
378	60.12704233733922	21996.551302490385	3543.0521446504786	0.0	2513.4888952802758	60.12704233733922
379	55.735382849884616	22052.286685340256	3549.3268443633065	0.0	2521.4594449328797	55.735382849884616
380	58.8974011742954	22111.184086514553	3558.6786184603825	0.0	2524.30672014259	58.8974011742954
381	58.26246895609239	22169.44655547065	3568.6639052685387	0.0	2531.000581774058	58.26246895609239
382	58.47322085024768	22227.9197763209	3579.4856266432853	0.0	2538.3131193954396	58.47322085024768
383	59.03690883508129	22286.95668515598	3592.4584989485047	0.0	2544.5676181278536	59.03690883508129
384	60.70312892813123	22347.65981408411	3604.4418540159195	0.0	2553.6543585796726	60.70312892813123
385	62.1956513116864	22409.855465395805	3621.863092577941	0.0	2557.836754970319	62.1956513116864
386	61.27877400192847	22471.13423939773	3635.018095249294	0.0	2560.2986878560882	61.27877400192847
387	56.85224849106258	22527.986487888793	3643.263032880363	0.0	2562.3115010706133	56.85224849106258
388	61.753696289645866	22589.740184178427	3656.6223909620744	0.0	2566.2690852291503	61.753696289645866
389	57.5586410842548	22647.298825262693	3664.9458567960655	0.0	2574.5546195334014	57.5586410842548
390	59.149213890195085	22706.448039152878	3675.433965836864	0.0	2581.518114977993	59.149213890195085
391	53.481653348514726	22759.929692501402	3681.189150537312	0.0	2590.121020919674	53.481653348514726
392	54.30858857264136	22814.238281074042	3685.1026259179557	0.0	2597.16842103234	54.30858857264136
393	55.398412237191366	22869.636693311222	3693.4559083139015	0.0	2602.003047308288	55.398412237191366
394	62.18158422656769	22931.818277537786	3706.8790071612952	0.0	2615.702461005914	62.18158422656769
395	59.059468603859806	22990.877746141654	3717.6883028644206	0.0	2626.933936808445	59.059468603859806
396	55.05842718545975	23045.936173327107	3724.210776570394	0.0	2629.913963672149	55.05842718545975
397	55.850488267943234	23101.786661595055	3732.194312511441	0.0	2637.1536630726346	55.850488267943234
398	58.46066584697599	23160.247327442034	3743.0095800654326	0.0	2646.769122814355	58.46066584697599
399	59.24787202897808	23219.495199471	3757.2316393553565	0.0	2650.668774508263	59.24787202897808
400	59.18904161090216	23278.684241081904	3767.3753737641177	0.0	2657.928038383106	59.18904161090216
401	60.79837803109895	23339.482619113027	3776.6941042085878	0.0	2663.880584406	60.79837803109895
402	58.75019015411945	23398.232809267138	3787.7524423999503	0.0	2672.821304745282	58.75019015411945
403	55.35571505139003	23453.588524318522	3793.702027871801	0.0	2682.1699872342347	55.35571505139003
404	58.20773533481929	23511.796259653343	3803.309167200885	0.0	2688.8804851725345	58.20773533481929
405	62.152250957384375	23573.94851061073	3816.3658794497373	0.0	2691.9893854737893	62.152250957384375
406	61.34435117386182	23635.292861784594	3828.2878321662265	0.0	2698.3278070213123	61.34435117386182
407	57.81564354190532	23693.108505326494	3837.0427179220346	0.0	2707.5895422775266	57.81564354190532
408	57.52233653944882	23750.63084186595	3844.6232350216674	0.0	2714.9202504328805	57.52233653944882
409	63.46623533503261	23814.097077200986	3859.213062513824	0.0	2716.230833746872	63.46623533503261
410	59.432570506957084	23873.52964770794	3871.827779961762	0.0	2721.1562851044196	59.432570506957084
411	56.00058356025163	23929.530231268167	3878.3274150774537	0.0	2728.017827635902	56.00058356025163
412	66.1290794596474	23995.659310727824	3896.110468838526	0.0	2734.203394204069	66.1290794596474
413	58.2845245199672	24053.943835247803	3905.9609051981333	0.0	2742.370574124016	58.2845245199672
414	59.27644258079727	24113.220277828597	3917.848550878207	0.0	2753.542488296503	59.27644258079727
415	60.542809774276726	24173.76308760287	3930.896200743835	0.0	2757.6208175184997	60.542809774276726
416	56.297609602287594	24230.060697205165	3939.392228737832	0.0	2762.43298458988	56.297609602287594
417	60.083624320914595	24290.14432152607	3951.4885150903924	0.0	2772.612786893013	60.083624320914595
418	55.83047741366874	24345.974798939744	3957.529497720975	0.0	2778.81775947245	55.83047741366874
419	61.73384244255444	24407.708641382294	3969.530365913375	0.0	2782.0616643611447	61.73384244255444
420	57.569830466620836	24465.27847184891	3977.7189941347724	0.0	2789.327119205446	57.569830466620836
421	60.10495995464236	24525.383431803566	3986.7905363804784	0.0	2795.0104523473738	60.10495995464236
422	60.04696956978994	24585.43040137334	3999.9333455605106	0.0	2800.8926812571617	60.04696956978994
423	56.21493507296042	24641.645336446323	4006.9492550289433	0.0	2808.5046455132974	56.21493507296042
424	57.73175425057184	24699.377090696893	4016.250613520996	0.0	2818.6185892315193	57.73175425057184
425	59.50220068952658	24758.879291386398	4028.3758126047674	0.0	2824.8596421185744	59.50220068952658
426	60.15983919577452	24819.03913058218	4038.392367689425	0.0	2829.000465118275	60.15983919577452
427	57.45285091927336	24876.491981501462	4048.2404059785645	0.0	2841.1514170132573	57.45285091927336
428	56.41176303637731	24932.90374453783	4056.8181083395275	0.0	2846.0042089837953	56.41176303637731
429	63.51947888626595	24996.423223424106	4072.077588260567	0.0	2851.812975790405	63.51947888626595
430	57.64489059478023	25054.06811401888	4081.757179006263	0.0	2857.3235926073767	57.64489059478023
431	55.25113393574177	25109.31924795462	4089.766873544483	0.0	2862.765585666133	55.25113393574177
432	54.73318463204704	25164.052432586668	4095.4393097941625	0.0	2868.3833190692385	54.73318463204704
433	72.33346630972817	25236.38589889639	4120.678702049068	0.0	2873.54827381225	72.33346630972817
434	54.78477425752693	25291.17067315393	4126.591645642262	0.0	2877.5298930197337	54.78477425752693
435	60.21561578089775	25351.386288934835	4136.201475719849	0.0	2881.0546318476336	60.21561578089775
436	56.119095580833736	25407.505384515654	4144.377049274856	0.0	2885.914450362602	56.119095580833736
437	55.61399228741074	25463.119376803068	4154.4888540828615	0.0	2896.4426309387018	55.61399228741074
438	54.290342882321255	25517.40971968539	4160.058877080288	0.0	2903.0467191285243	54.290342882321255
439	59.11855518331272	25576.5282748687	4173.631605652403	0.0	2907.7490826124435	59.11855518331272
440	57.588607830976805	25634.116882699676	4180.534820055275	0.0	2911.0231028941275	57.588607830976805
441	58.19851626495159	25692.31539896465	4190.416051856958	0.0	2914.9347241818496	58.19851626495159
442	53.74658827039289	25746.06198723502	4198.681678107756	0.0	2923.7303692765086	53.74658827039289
443	56.49589430209987	25802.557881537126	4206.97387713523	0.0	2929.136952576029	56.49589430209987
444	54.36028071047829	25856.918162247603	4211.047241318309	0.0	2933.050194262136	54.36028071047829
445	57.52174871064162	25914.439910958255	4221.324624210861	0.0	2940.155742515151	57.52174871064162
446	60.84604144217526	25975.285952400416	4230.184929906994	0.0	2947.085504504978	60.84604144217526
447	54.11688862223159	26029.402841022657	4234.596757964874	0.0	2954.1183968440587	54.11688862223159
448	53.174300905423046	26082.577141928083	4239.496180402372	0.0	2965.631477163912	53.174300905423046
449	60.8934819122682	26143.470623840356	4253.745447599864	0.0	2967.1137678494474	60.8934819122682
450	54.94112690792232	26198.411750748255	4260.260879541284	0.0	2980.2126802167645	54.94112690792232
451	57.55485453283549	26255.96660528108	4268.671776086827	0.0	2986.562966213198	57.55485453283549
452	60.57086870455897	26316.53747398567	4280.375008955851	0.0	2996.1222144623307	60.57086870455897
453	60.69453535754385	26377.232009343206	4294.164302890976	0.0	3004.062473959965	60.69453535754385
454	57.463730331466266	26434.695739674677	4303.436177247724	0.0	3008.044953565393	57.463730331466266
455	59.036791358630644	26493.73253103329	4310.719483257337	0.0	3013.211402395679	59.036791358630644
456	60.26931367012119	26554.001844703416	4321.937130423659	0.0	3016.424636907385	60.26931367012119
457	57.68714590662578	26611.688990610037	4333.425392107208	0.0	3022.40025138278	57.68714590662578
458	59.329370465280945	26671.018361075337	4343.88339566415	0.0	3028.209759759925	59.329370465280945
459	59.15305183990197	26730.171412915224	4354.418367480042	0.0	3033.7493447512898	59.15305183990197
460	61.63691753148439	26791.808330446718	4367.913449914987	0.0	3041.725118759002	61.63691753148439
461	57.125860526550554	26848.93419097326	4375.202083012677	0.0	3045.405088974182	57.125860526550554
462	58.13475572185338	26907.068946695133	4384.550731730389	0.0	3050.2548422753057	58.13475572185338
463	61.221735723011534	26968.290682418126	4395.673635762014	0.0	3058.645337964608	61.221735723011534
464	58.511964075162126	27026.80264649329	4404.9321439700925	0.0	3063.977098014845	58.511964075162126
465	58.59054769052017	27085.39319418382	4417.0732248486465	0.0	3077.9758236706903	58.59054769052017
466	54.3148035702894	27139.707997754096	4425.289775221059	0.0	3083.7052097541778	54.3148035702894
467	54.34010360757786	27194.048101361677	4430.737806350089	0.0	3089.7444565531873	54.34010360757786
468	56.99164356350298	27251.039744925176	4438.900848530604	0.0	3095.782623677882	56.99164356350298
469	58.74314667605458	27309.782891601226	4450.16922032562	0.0	3103.774208005533	58.74314667605458
470	55.1202583403219	27364.903149941558	4456.971106314767	0.0	3110.767617247121	55.1202583403219
471	56.72108760327629	27421.624237544835	4465.023888454077	0.0	3115.981006088752	56.72108760327629
472	60.041727729031976	27481.66596527387	4476.1116798729545	0.0	3121.935035451404	60.041727729031976
473	55.79280386401897	27537.458769137877	4484.381016589663	0.0	3129.312623994002	55.79280386401897
474	56.426134284447855	27593.88490342234	4492.20907877288	0.0	3135.5679555707275	56.426134284447855
475	57.141752731241496	27651.026656153583	4499.353182894801	0.0	3141.703524776656	57.141752731241496
476	61.91995246092947	27712.946608614504	4510.033303794169	0.0	3145.2230876463395	61.91995246092947
477	63.012442146132315	27775.959050760626	4521.693289555277	0.0	3151.322648517472	63.012442146132315
478	53.604895113552736	27829.563945874186	4525.888629261477	0.0	3158.069433462977	53.604895113552736
479	59.74203751621261	27889.305983390408	4536.275479477045	0.0	3163.6330806184947	59.74203751621261
480	57.12299724182867	27946.42898063225	4542.862303951374	0.0	3172.1210898636054	57.12299724182867
481	59.26543429832032	28005.69441493055	4553.468295594117	0.0	3176.127596107456	59.26543429832032
482	53.868934345624886	28059.56334927617	4559.5865194290345	0.0	3180.8567510689077	53.868934345624886
483	59.413399357157395	28118.976748633344	4570.315702781515	0.0	3185.2812424017825	59.413399357157395
484	57.59809676350236	28176.574845396848	4577.036187569178	0.0	3190.8154159806054	57.59809676350236
485	53.28125421813754	28229.856099614968	4580.442744707293	0.0	3197.4528821471868	53.28125421813754
486	54.9880047789519	28284.844104393916	4586.556986619365	0.0	3204.64229308544	54.9880047789519
487	56.091251095493064	28340.935355489408	4594.917903344368	0.0	3208.8734647358147	56.091251095493064
488	57.59002220236091	28398.52537769177	4603.133401841124	0.0	3214.007370423517	57.59002220236091
489	58.508494160698454	28457.033871852465	4614.228525774473	0.0	3220.6693764266993	58.508494160698454
490	59.35532056975973	28516.389192422237	4623.449566202746	0.0	3223.0662033844146	59.35532056975973
491	57.54388405465385	28573.933076476875	4630.529323829376	0.0	3227.422839204496	57.54388405465385
492	55.47672225000289	28629.409798726883	4639.934882790053	0.0	3232.7769607810487	55.47672225000289
493	53.85420825887499	28683.264006985763	4645.977710691768	0.0	3239.3238988778203	53.85420825887499
494	58.93670213200321	28742.200709117766	4654.8792561481505	0.0	3245.3579399470636	58.93670213200321
495	56.259701181728424	28798.4604102995	4661.765819136817	0.0	3253.2436663819735	56.259701181728424
496	57.454374571644706	28855.91478487116	4670.480283085662	0.0	3262.1959882343617	57.454374571644706
497	55.81845142970681	28911.733236300846	4675.5204514723655	0.0	3266.036587387964	55.81845142970681
498	55.60324171038233	28967.33647801124	4682.867882739173	0.0	3276.9490129610876	55.60324171038233
499	60.40555896835804	29027.7420369796	4694.418500195585	0.0	3285.1360973837186	60.40555896835804
500	62.16866232080305	29089.910699300395	4707.083286887726	0.0	3292.7981627707322	62.16866232080305
501	61.58585812328775	29151.496557423678	4720.336164876126	0.0	3302.6383284340195	61.58585812328775
502	58.95364679537601	29210.450204219065	4720.336164876126	0.0	3313.8548534491238	58.95364679537601
