task	reward	total_reward	total_regret	relative	total_reward_dev
0	72.07087411353785	72.07087411353785	24.109436734182985	0.0	18.278238343583986
1	74.61342453331902	146.6842986468569	51.664276893643894	0.0	24.706387397637457
2	73.47149361059442	220.1557922574513	77.83823778908996	0.0	29.249860968899885
3	75.2357788682167	295.39157112566795	104.25068222707989	0.0	38.81294450283639
4	74.88983391491826	370.2814050405861	130.00836092072467	0.0	40.86141408475039
5	75.83513383818683	446.1165388787729	157.06380731554856	0.0	45.19129397321352
6	72.64152184420558	518.7580607229787	181.21283878509544	0.0	47.692608223915414
7	73.01747398466385	591.7755347076426	205.4279089062406	0.0	48.28189756892148
8	72.90879021446955	664.6843249221123	229.91132574549124	0.0	52.668792548615365
9	73.4936124867662	738.1779374088782	255.17909227959137	0.0	52.632768598058355
10	75.37797168683528	813.5559090957133	281.34489738864505	0.0	52.50538067242923
11	73.49535140859815	887.0512605043112	306.2559923309075	0.0	53.173919260615875
12	73.45575790220188	960.5070184065136	329.1529244266246	0.0	55.94239329688143
13	76.01052186176182	1036.5175402682755	356.38881714206474	0.0	56.04511118942462
14	72.88218536826301	1109.3997256365385	380.25819052617305	0.0	57.4474595592226
15	73.5058609899578	1182.905586626496	405.8195023311738	0.0	59.09897756844496
16	76.31167504305022	1259.2172616695464	433.636990597823	0.0	63.22070097636672
17	74.38432497968333	1333.6015866492296	456.81065313239696	0.0	66.62262453073583
18	72.14039325283866	1405.7419799020686	480.45495599406246	0.0	68.00172999731443
19	74.16364968730294	1479.905629589371	506.20328666169405	0.0	72.62351470666458
20	70.9836045199881	1550.8892341093594	527.5366998840823	0.0	73.82352030744521
21	73.77518202220487	1624.6644161315642	550.7687304358092	0.0	74.57382158802655
22	73.62289361801668	1698.2873097495817	575.0807872719965	0.0	77.82589772153256
23	75.71609968989014	1774.0034094394705	602.0425146872226	0.0	80.52774994476715
24	73.03829809246608	1847.041707531936	628.3063420583562	0.0	80.63471592071666
25	73.40659683519011	1920.448304367128	652.3780723694815	0.0	82.66380765380528
26	71.38461916501912	1991.8329235321476	674.3741598878685	0.0	83.19052613055179
27	74.29502249519894	2066.1279460273463	700.7764952240713	0.0	85.86271748211693
28	75.48035150488836	2141.608297532233	727.3119197313573	0.0	86.72930497102764
29	72.99471313740841	2214.6030106696426	749.8505005884408	0.0	90.88172018982105
30	73.04337366605594	2287.6463843356983	773.7956053434905	0.0	93.71084999278376
31	75.1269807695726	2362.7733651052695	801.1276805290609	0.0	97.98594832200403
32	76.5012901517295	2439.2746552569997	829.220471071041	0.0	98.69603095059038
33	73.62729639859226	2512.9019516555923	854.1846549104637	0.0	97.99428229921956
34	72.88896051751308	2585.7909121731045	878.2654339399405	0.0	100.17987991869175
35	71.33508507696084	2657.1259972500666	901.6068770078814	0.0	98.43476470456899
36	74.96366089432463	2732.0896581443903	927.1708832531326	0.0	100.44070000530806
37	74.60901505740847	2806.698673201799	952.7198477724712	0.0	102.83923520326357
38	74.90697509855408	2881.605648300355	977.8669917657728	0.0	106.09431103430931
39	78.33019183543267	2959.9358401357854	1009.160647279018	0.0	107.29695802812215
40	72.24051751667969	3032.1763576524654	1030.6026560799307	0.0	110.15756808888487
41	74.76051484105454	3106.9368724935193	1059.044958414544	0.0	113.12499455344037
42	71.44425153228582	3178.381124025806	1081.8133811990217	0.0	115.99404480492056
43	76.00426814374042	3254.3853921695472	1109.8826569278835	0.0	116.0087850487729
44	75.23372408656869	3329.619116256116	1136.8367756871783	0.0	116.87833933302328
45	71.19227634549023	3400.811392601606	1159.932699845698	0.0	117.89192269173
46	72.5487064165538	3473.36009901816	1183.3971217685246	0.0	119.72402051385595
47	72.3648664246809	3545.7249654428406	1206.5091902128831	0.0	123.7377598636261
48	74.72097682804336	3620.4459422708833	1232.673398752167	0.0	128.22072873030726
49	73.67983523361806	3694.1257775045033	1256.9995271778985	0.0	129.24061424711996
50	72.09692004560969	3766.222697550109	1281.3068669321617	0.0	128.61448490582072
51	71.73809147166439	3837.9607890217753	1304.4515740651807	0.0	128.11664281659796
52	76.44140957086657	3914.4021985926443	1329.9653036990733	0.0	131.02000020985943
53	75.75665952821019	3990.158858120851	1358.996720550569	0.0	131.14871452762813
54	74.62638613263363	4064.785244253485	1387.119228823388	0.0	130.77757058531645
55	72.6281198602016	4137.413364113689	1409.6922935218493	0.0	132.7292992340433
56	72.61391169656211	4210.02727581025	1433.0964739549318	0.0	133.15166855110493
57	75.87885002445438	4285.906125834704	1458.8757657588606	0.0	132.93377446001068
58	71.99306521938716	4357.899191054093	1484.2540803755628	0.0	131.14880654066133
59	73.09765943907422	4430.996850493164	1507.5671490618283	0.0	132.33665657458258
60	71.75797810557033	4502.754828598736	1529.1389092000966	0.0	130.97375070207167
61	76.03147547637754	4578.786304075113	1557.099076674773	0.0	130.79318411579425
62	75.06968876276692	4653.855992837878	1583.3149132119572	0.0	130.17394480284344
63	74.14389469351957	4727.999887531402	1606.9933950027375	0.0	131.86893724188366
64	72.1469334153592	4800.14682094676	1631.7713175020638	0.0	133.19048126745494
65	70.03502688264147	4870.181847829401	1655.4072547853675	0.0	131.75522753523438
66	74.04257654652463	4944.224424375926	1679.5283378099014	0.0	130.86102486358865
67	74.30180074657822	5018.526225122503	1706.637095441605	0.0	131.08682196627956
68	71.19960439619396	5089.7258295187	1728.168694211567	0.0	132.05318606525233
69	73.69155000906962	5163.417379527769	1753.0318095764762	0.0	132.24010785758054
70	73.17128178500762	5236.588661312777	1778.3231084599063	0.0	133.45409870919124
71	73.72764213576514	5310.316303448539	1801.8565293197157	0.0	135.6735574995969
72	73.85191498903933	5384.168218437581	1828.3059350283072	0.0	138.97640980181498
73	75.58863601383364	5459.756854451412	1855.0364804872295	0.0	141.24321474529532
74	72.55681279219063	5532.313667243601	1879.570479384851	0.0	141.12712680072062
75	74.43171612241186	5606.745383366015	1908.3667270119017	0.0	141.65026043542085
76	70.95147635507794	5677.6968597210935	1929.6430784041327	0.0	142.58945394577108
77	74.7556714071085	5752.452531128202	1956.6245028918815	0.0	144.26589925165422
78	71.96605669814122	5824.418587826343	1978.358472438482	0.0	144.75800128648177
79	71.18878645659106	5895.607374282936	1999.306379961207	0.0	143.8620255458531
80	75.81187143632653	5971.419245719264	2024.501348301147	0.0	143.26767186041837
81	75.5182642869272	6046.937510006188	2050.7874539648456	0.0	145.21916756882652
82	74.01533635482375	6120.9528463610095	2075.18755687392	0.0	146.42614694516786
83	72.17810633972232	6193.130952700734	2098.835989777433	0.0	147.88142280711324
84	73.02153473893995	6266.15248743967	2123.859676031216	0.0	147.60168927379118
85	71.88709845112182	6338.039585890794	2148.779243369265	0.0	147.9099609632811
86	72.81437424652992	6410.853960137323	2173.8215836311256	0.0	149.8770767611325
87	75.11195653445199	6485.965916671779	2200.584065165605	0.0	150.2503436054285
88	77.21385508344137	6563.179771755218	2229.150751416784	0.0	151.5241149173689
89	72.71041788944889	6635.890189644668	2253.0097209697115	0.0	151.4447190643553
90	74.08913362086268	6709.97932326553	2278.1914979791577	0.0	152.30749641692245
91	72.39903939531861	6782.3783626608465	2301.9192534822464	0.0	153.22980433914958
92	74.36876679406798	6856.747129454915	2327.734090631741	0.0	154.3870132244574
93	73.02498877031331	6929.772118225232	2349.956425283808	0.0	155.29306536118742
94	75.67454230399662	7005.446660529225	2376.8389400968013	0.0	158.87483266010588
95	72.16151993692876	7077.608180466154	2399.5350839078906	0.0	158.9777060029874
96	74.39017099874252	7151.9983514648975	2426.486445997501	0.0	160.57104178239035
97	73.05595749646109	7225.054308961357	2451.457217689291	0.0	163.22078124926733
98	75.91360158484177	7300.967910546202	2478.6520702546536	0.0	163.94541347149215
99	72.71704156838996	7373.684952114596	2503.2499422463416	0.0	163.35309711880862
100	72.43438992856713	7446.119342043157	2526.643790262889	73.7404846792962	164.04036118334832
101	72.46748550833395	7518.586827551491	2549.637221480308	73.71902528904634	163.13935074402823
102	75.00245203581497	7593.589279587306	2576.8303285350426	73.73433487329852	164.082530969085
103	78.00365856194465	7671.592938149252	2605.4380931172714	73.76201367023586	162.3417266105149
104	73.20057929138471	7744.793517440636	2630.391271148709	73.7451211240005	162.2214143018097
105	71.05691855078153	7815.850435991419	2652.562674988111	73.69733897112647	162.34045700561487
106	70.39490636963649	7886.245342361055	2672.472098328624	73.67487281638074	162.08708281462742
107	71.7076781120225	7957.953020473076	2697.193490847856	73.66177485765435	162.62690784569398
108	73.91772210654989	8031.870742579628	2722.8203987966103	73.67186417657517	162.3898878744009
109	73.82644136101489	8105.697183940639	2746.50847830833	73.67519246531764	162.1848360762539
110	74.47703214834748	8180.174216088988	2772.0948019189823	73.66618306993276	164.64845864926383
111	72.12657093864567	8252.300787027632	2794.077313798215	73.65249526523321	162.34821557284175
112	72.06475184071083	8324.365538868346	2817.6743761230646	73.63858520461832	162.03474309363742
113	73.06688951304216	8397.432428381384	2838.9066039760855	73.60914888113115	161.8629793810999
114	74.27283411082263	8471.705262492213	2863.48209193661	73.62305536855672	160.0141407669221
115	75.36909028843375	8547.074352780646	2890.4547636907064	73.6416876615415	161.34561048935373
116	72.2983401324457	8619.372692913092	2913.846987422479	73.60155431243541	162.3332032839035
117	71.85731164155942	8691.23000455465	2937.8753631894665	73.57628417905417	163.43991660798727
118	71.9794096998449	8763.209414254497	2962.756600861776	73.57467434352428	161.8259471862687
119	74.84189090029926	8838.051305154793	2988.3268430009207	73.5814567556542	165.39019908502254
120	73.73077590040435	8911.782081055198	3012.8117450360915	73.60892846945838	164.97040560920126
121	73.33171795545401	8985.11379901065	3036.6266371041984	73.6044938287909	165.2956303348643
122	74.71544334393421	9059.829242354586	3064.4273006331828	73.61541932605006	165.077096432838
123	77.27980942757269	9137.109051782158	3093.259972672286	73.63105642342686	169.6964404475604
124	73.36509245051852	9210.47414423268	3116.531393784943	73.63432436700741	169.26212699012464
125	75.61026607941324	9286.084410312089	3143.821252819487	73.65636105944962	168.31670517318915
126	72.5432817316007	9358.62769204369	3168.443210005407	73.66794768511546	166.2161860969143
127	72.08079871286914	9430.708490756559	3190.2798685818434	73.64580544729215	165.03116989884086
128	75.13684991755059	9505.845340674108	3217.4293952968105	73.64237043141875	170.25713070598482
129	70.67049147459275	9576.515832148707	3239.090305884078	73.61912821479059	169.65599074535996
130	74.09647733304732	9650.61230948175	3265.2718268118897	73.62965925146054	167.22455035044806
131	74.55632658691427	9725.168636068664	3291.4002107087545	73.62395270963393	166.07906198864382
132	73.38824270475388	9798.556878773416	3318.0731052190754	73.59282223516419	165.26109001015007
133	74.19298665282906	9872.749865426247	3344.87595528182	73.59847913770658	167.67547584479624
134	73.98582709913558	9946.735692525386	3369.2054657942026	73.6094478035228	167.70798814010033
135	73.74235214769872	10020.478044673084	3392.8825333977834	73.63352047423014	168.8799863683571
136	73.15161238826626	10093.629657061345	3419.7241765296494	73.61539998916959	169.9952276788123
137	74.39782743140316	10168.027484492752	3445.170313302369	73.61328811290954	169.14997177946375
138	74.21493843349624	10242.242422926247	3470.872494084314	73.60636774625897	169.3121833766164
139	74.57135666771896	10316.813779593967	3495.701159102952	73.56877939458181	169.4317410200872
140	74.48028465067819	10391.294064244648	3520.8708427942042	73.59117706592178	170.81778995665368
141	74.05868551315145	10465.352749757796	3545.9687993621974	73.58415877264278	172.2473490659505
142	75.57042778458803	10540.923177542381	3574.484660705358	73.62542053516577	172.1007818201762
143	72.72693427722344	10613.650111819608	3598.8624877945417	73.59264719650061	172.97137856262307
144	73.89944397850189	10687.549555798103	3623.5011341283616	73.57930439541995	177.5438203614797
145	75.44289064348465	10762.992446441594	3649.987325585633	73.62181053839987	179.38674934330183
146	79.2345882036728	10842.227034645266	3680.6202336884267	73.68866935627106	184.44321933502994
147	72.54856348665004	10914.77559813192	3704.211401803038	73.69050632689078	184.24229453819075
148	72.20626192125664	10986.981860053176	3727.252922802792	73.66535917782295	186.44362028249634
149	74.7438149446557	11061.725674997831	3755.2766137182507	73.67599897493331	187.15788863192674
150	75.25549603355091	11136.98117103138	3780.135256245943	73.70758473481268	185.68843146481888
151	76.09668872546962	11213.077859756846	3808.033471574274	73.75117070735075	184.02407802731696
152	76.13623679669259	11289.214096553547	3834.604600083719	73.74811897960899	186.9719223912208
153	72.26627985256243	11361.480376406105	3857.5367513801084	73.71321518285252	187.52878134264074
154	72.58803048972601	11434.068406895833	3881.413558507649	73.69283162642347	187.66492388092686
155	73.54261756270016	11507.611024458529	3904.1754013626014	73.70197660344844	185.36367537242313
156	75.8646572703821	11583.475681728916	3931.502026138864	73.73448405918666	188.84574738890308
157	72.52903535394923	11656.004717082866	3953.749602997838	73.70098591248157	187.37243918483517
158	71.22707820252714	11727.231795285386	3975.790055985193	73.69332604231298	188.02863056109183
159	75.43257793479094	11802.664373220176	4000.576472383443	73.71667522727013	189.47703351560506
160	72.62084563880443	11875.285218858982	4025.3307262730814	73.72530390260249	190.53599710701857
161	74.47011594418706	11949.755334803178	4048.427257218725	73.7096903072806	195.09969736596221
162	74.50653673875436	12024.26187154193	4072.8411800620997	73.70405878704047	195.97472659886577
163	72.38624772285391	12096.648119264783	4098.981447362162	73.68648231733381	199.01094137197154
164	72.69853394404245	12169.346653208817	4124.374285722469	73.69199832262066	198.83058057118004
165	73.86422155837907	12243.210874767206	4148.569136191485	73.73029026937799	199.929222722365
166	76.49562383487894	12319.706498602078	4178.496402996787	73.75482074226153	203.1953717968047
167	75.66365391243599	12395.37015251451	4204.792316072736	73.76843927392015	201.0784261336073
168	74.0002049688362	12469.370357483353	4229.244396116905	73.79644527964656	199.03563365298203
169	71.11089569460266	12540.481253177959	4252.564307640141	73.7706387365019	199.5922202958753
170	73.5042645579715	12613.985517735933	4276.821886584131	73.77396856423151	199.89909270715083
171	74.6454009056028	12688.630918641524	4304.869761643917	73.78314615192988	200.23793755637476
172	73.91128968998834	12762.542208331513	4328.581782700364	73.78373989893939	202.39503003318742
173	74.84855285793944	12837.390761189454	4353.211376196934	73.77633906738046	203.25715282005865
174	71.67305015168238	12909.063811341137	4376.262687787719	73.76750144097537	201.7189494209003
175	74.91477297870354	12983.978584319844	4401.889230123578	73.77233200953832	199.43678009037907
176	72.26157705926849	13056.24016137911	4424.262932738831	73.78543301658021	201.0183552907948
177	74.4758738431855	13130.716035222293	4449.931972197539	73.78263504094096	202.10115564936504
178	73.96063007225895	13204.676665294557	4474.5548663794625	73.8025807746821	203.23086902178278
179	71.40019389255244	13276.07685918711	4496.97944752126	73.80469484904174	203.5397408704402
180	70.79419973853378	13346.871058925635	4515.986782023297	73.75451813206384	203.61154954318667
181	73.78057894623782	13420.651637871875	4540.429654373811	73.73714127865695	203.29243657227474
182	75.34304099792861	13495.994678869807	4568.701927663363	73.750418325088	204.09070191645932
183	71.80481887911478	13567.799497748916	4592.544898195734	73.74668545048193	206.7852920791256
184	71.63876899589775	13639.438266744815	4615.486014916758	73.7328577930515	207.42168096696957
185	71.43704230252979	13710.87530904735	4635.631827151582	73.72835723156558	207.1580973301883
186	73.52328770065114	13784.398596748004	4662.224387558992	73.73544636610677	207.23315836893474
187	76.421297051439	13860.81989379944	4691.839852296237	73.74853977127665	208.60013625041043
188	73.01402038444267	13933.833914183888	4717.640467901374	73.70654142428668	207.3822379130212
189	73.16363607039573	14006.997550254286	4741.448028944601	73.71107360609616	207.06274219792454
190	74.11445488644776	14081.112005140727	4765.661817742552	73.71132681875197	208.7734753828276
191	70.39931936124411	14151.511324501977	4787.32682621478	73.69132961841126	210.07528298770094
192	75.34394979515068	14226.85527429712	4814.149789265219	73.70108144842206	215.030243099848
193	72.90568761051436	14299.76096190764	4838.973922132885	73.69988843682408	215.9551626170856
194	76.67736666352202	14376.438328571154	4867.213408207246	73.70991668041933	218.21072480585082
195	74.63273343703264	14451.071062008186	4894.813084714359	73.73462881542036	216.36362906532608
196	75.18217104619144	14526.25323305438	4919.705443554507	73.74254881589485	214.99136044676132
197	76.17114834279678	14602.424381397177	4947.124170652542	73.7737007243582	213.9742379397902
198	75.7713992072162	14678.195780604394	4973.063931257059	73.77227870058195	213.61993418177576
199	73.17308422274601	14751.368864827142	4997.418371514978	73.77683912712556	214.8916804597481
200	73.13526724711465	14824.50413207426	5021.199209710797	73.78384790031102	215.55246996899615
201	74.07173587093291	14898.575867945185	5047.849936038622	73.79989040393698	215.5505515269094
202	75.36405502818799	14973.93992297337	5074.625680063194	73.80350643386069	216.60254886446492
203	74.99160194453671	15048.931524917913	5099.460040892204	73.77338586768667	217.23509459140976
204	75.55900063438085	15124.490525552286	5126.152085485877	73.79697008111658	218.55186407052838
205	73.11943461237809	15197.60996016467	5146.479756977712	73.81759524173256	218.01592163970813
206	73.63313837887682	15271.24309854355	5171.540206724883	73.849977561825	218.55558144236522
207	73.19688298649967	15344.439981530048	5196.717669835257	73.8648696105697	218.23624177925956
208	71.29443361801191	15415.734415148061	5217.580784018508	73.83863672568434	217.9826090388357
209	74.63343585985194	15490.367851007913	5242.768699894031	73.84670667067273	217.82161447675333
210	74.78897938664988	15565.156830394566	5269.45827426854	73.84982614305575	218.78089352540832
211	72.9887406099089	15638.145571004465	5294.676668086635	73.85844783976837	217.77176221016904
212	74.88418381578512	15713.029754820256	5320.261646299507	73.88664215951911	214.54850288856125
213	73.1059074836406	15786.135662303906	5340.774629729776	73.88703233922512	214.65222595981808
214	72.75022349681097	15858.885885800706	5364.7599999816575	73.87180623308498	215.34112723655412
215	75.12429429142466	15934.01018009214	5391.970337891519	73.86935827311491	218.74074423263735
216	74.77116110995904	16008.781341202097	5417.7450196002765	73.89408648289003	218.8824638006746
217	71.6423360167004	16080.423677218792	5441.279200814054	73.89193672664145	219.4375395336764
218	72.69168179531667	16153.11535901411	5464.517921362173	73.89905944759616	218.43243615353987
219	73.49347818064236	16226.608837194746	5489.95958376308	73.88557532039958	218.4097367850521
220	70.44677580474188	16297.05561299949	5511.458523002009	73.85273531944296	219.3497870263567
221	71.54675838493687	16368.602371384433	5535.419376244447	73.83488572373781	219.23315994178242
222	72.8651135148746	16441.46748489931	5557.7718927499745	73.8163824254472	222.27165590409092
223	70.64019164189892	16512.107676541207	5579.9713313045995	73.74998624759046	223.17593377629856
224	74.82750282014615	16586.935179361353	5606.659775286758	73.76461035128673	221.9522963865711
225	73.36107726267126	16660.296256624013	5631.50960597698	73.7421184631193	223.14321400948538
226	73.48978544098037	16733.786042065007	5657.6951554546085	73.75158350021309	224.0106935763639
227	75.32887093284964	16809.114912997844	5682.84752832597	73.78406422241292	225.24334699217746
228	73.3542657755079	16882.469178773357	5708.659385347239	73.76623838099243	226.94565171512784
229	74.570631706725	16957.039810480077	5733.977847795246	73.80523978331384	225.83449792737625
230	74.15922854010705	17031.199039020197	5759.299044712174	73.80586729538442	228.1031725045662
231	73.47751015484471	17104.676549175038	5785.924940092053	73.79507913106374	227.19134437573717
232	73.83908736184307	17178.515636536886	5809.050635075368	73.79958757763457	228.45021537569394
233	74.86905026600051	17253.384686802878	5837.564966346696	73.80634821376633	229.87148872350443
234	75.94256025709694	17329.327247059973	5863.939300676907	73.82591554534595	233.17211372922017
235	72.54570019377427	17401.87294725374	5886.238395874493	73.81394902580669	233.26497657016438
236	75.34877173982755	17477.221718993573	5916.449525742845	73.83592061932234	234.69306299676526
237	76.4206079832416	17553.64232697682	5943.588245207441	73.85614842484065	234.89806412557922
238	75.5288902738762	17629.171217250692	5971.272687966874	73.86928794324452	237.08469094788245
239	74.57261873200025	17703.743835982692	5997.980375022285	73.86930056388732	237.81727332748085
240	71.87587271011786	17775.61970869282	6023.845598206784	73.84325644448171	237.72631222324173
241	73.66809029379773	17849.287798986607	6048.978947675654	73.83935049228813	239.55193497319868
242	77.59032637760016	17926.878125364216	6078.154059677983	73.85954947821828	240.213687273999
243	73.58259909334868	18000.460724457564	6105.24240478015	73.86810612637954	242.01121765548493
244	75.60433942165872	18076.065063879214	6132.109553069405	73.88515508081113	241.59131809807684
245	74.44561378974915	18150.510677668975	6160.633264186518	73.87518231227374	241.331852578135
246	74.99052049430782	18225.50119816327	6187.207340743996	73.8327416351801	243.12785249216608
247	72.02464351684614	18297.525841680123	6210.564058707949	73.82750243548206	245.11183014578634
248	76.89213589961932	18374.417977579742	6238.539051153919	73.87436117526569	248.29019569102869
249	72.31017641181998	18446.72815399156	6258.885246617621	73.85002478993731	249.49191113301157
250	71.60198376442105	18518.330137755987	6281.911789003168	73.81348966724605	250.55718392498554
251	76.85743501974436	18595.18757277572	6310.297179566471	73.82109713018878	250.13928790117916
252	74.93839730313861	18670.12597007886	6334.110805857664	73.80911873525329	251.49292795911842
253	76.52661950206408	18746.652589580928	6362.967922832084	73.85172213174825	248.5827167307488
254	73.28912274649832	18819.94171232742	6386.979483460776	73.85873305431596	249.3393338727602
255	74.85048126397764	18894.7921935914	6411.249649673521	73.87181169132876	251.12951632716033
256	76.19412163583735	18970.98631522724	6439.454731678682	73.87510633498327	254.78579028429093
257	73.04680129791237	19044.03311652515	6463.0329134567	73.88028399442297	255.1459815110259
258	75.55609253277929	19119.589209057936	6491.177449725444	73.92357413772548	257.58727785083323
259	70.70836459497178	19190.29757365289	6513.50626396715	73.87633200432728	257.4021094337573
260	74.86809332494326	19265.165666977846	6540.566379053093	73.8988044811887	255.66887269610302
261	73.35194650766901	19338.517613485517	6566.846250685181	73.8876227868235	255.06059974895078
262	75.00886412188966	19413.52647760741	6591.825266373181	73.89264606065484	256.52594045043975
263	73.55694298692855	19487.08342059433	6616.9355554963395	73.90435301329556	256.657197958926
264	76.9194906133695	19564.002911207703	6647.30966779835	73.94656257998884	257.30775122409085
265	72.33166961737331	19636.334580825078	6670.84476473814	73.9312370605788	256.741011313965
266	74.36048277586164	19710.69506360094	6695.819396400697	73.9098856499886	255.68590952801858
267	73.8820248218164	19784.57708842276	6720.246847436548	73.89206935908241	254.55987102651977
268	73.69253826293631	19858.26962668569	6745.886019954927	73.88899269202344	255.0017735703739
269	71.13301605334716	19929.402642739034	6770.352122788742	73.88921389561085	254.71872375201121
270	74.52374273879258	20003.92638547783	6795.130547647048	73.89940867741907	252.18120156521675
271	72.70883708186439	20076.635222559693	6819.054599928146	73.88004303918171	249.87839484125806
272	73.2035511795345	20149.83877373923	6844.809670257645	73.87296565407718	250.53158762847255
273	74.89273565223264	20224.731509391455	6872.366967706337	73.87340748202008	251.6151094365761
274	74.31976285660464	20299.05127224807	6897.658524497473	73.89987460906927	253.61920693362893
275	74.26836289721672	20373.319635145268	6922.087999455818	73.89341050825448	252.10152343778145
276	77.1497950090016	20450.46943015428	6951.4155845106825	73.94229268775177	253.06588928181506
277	73.93318632152345	20524.40261647581	6979.49102625171	73.93686581253515	255.14847547459559
278	74.32661234660974	20598.72922882242	7006.738755285658	73.94052563527866	254.9000393154866
279	71.89586251047865	20670.625091332902	7029.824754209714	73.94548232145794	256.5136945261927
280	71.22894865248412	20741.85403998538	7049.662641618311	73.94982981059738	254.5045116697239
281	74.59872357308923	20816.45276355847	7076.805512611823	73.9580112568659	257.95192748774076
282	71.26547602269804	20887.718239581165	7096.670937491068	73.91723560711362	259.9278426450893
283	77.10607330340666	20964.82431288458	7125.1833867988635	73.97024815135659	258.60651494513934
284	74.24640522365742	21039.07071810823	7152.000254491125	73.99632451363412	258.76479444336655
285	71.31946952435482	21110.39018763259	7174.544639727424	73.99514878585238	258.9362659370909
286	73.07296911369131	21183.46315674628	7197.872127864966	73.99064559998281	260.7591279215428
287	72.8173913367711	21256.280548083058	7223.123202677875	73.95460654283613	260.0873023848615
288	73.11643517886944	21329.396983261908	7244.625372188925	73.95563069078038	258.9732492907101
289	75.67874078261829	21405.07572404454	7272.32586367423	73.9807817379026	259.18625435537416
290	73.64786310650305	21478.723587151046	7298.174206807385	73.97611582010315	258.09334126508776
291	73.37470319210432	21552.09829034315	7320.335663674274	74.00586965841175	257.8259880396526
292	70.18456959303246	21622.282859936175	7342.238531342504	73.95427585639058	258.316453779891
293	75.83220718821754	21698.115067124385	7369.9192170389915	73.98354105216762	258.8530757837973
294	74.13747284912017	21772.252539973517	7395.6441182005965	73.95814211402359	258.49540406964064
295	73.49483476525364	21845.747374738763	7422.121077834469	73.94676312730577	260.6906416991962
296	73.31603955293615	21919.063414291708	7446.465848713873	73.92810181237326	260.0832962957766
297	74.44178929272454	21993.505203584427	7473.856512832957	73.91080822187254	262.6519933006573
298	73.8383855058644	22067.3435890903	7496.847737928828	73.891478084859	265.24273942710016
299	76.59862208934717	22143.94221117963	7524.25724491776	73.92573346352502	264.6696900970404
300	74.15027315011481	22218.09248432976	7546.565331089022	73.93588352255505	267.11998218121903
301	73.85054590856139	22291.94303023832	7573.107147416125	73.9336716229313	268.864501961417
302	73.67033336673161	22365.613363605047	7599.327406253873	73.91673440631672	268.93094650383654
303	71.7358567764612	22437.349220381504	7622.111670419093	73.88417695463599	268.504592216415
304	72.85086251880233	22510.2000829003	7646.711171203193	73.8570955734802	268.2114486969385
305	75.39540498322634	22585.595487883536	7673.747517209729	73.87985527718868	269.5436971047624
306	74.32130867967481	22659.916796563204	7699.984994749268	73.88673698019669	268.8171664737645
307	73.3307112399697	22733.247507803186	7724.65076450575	73.88807526273139	270.37321487253894
308	72.54823371928346	22805.795741522456	7749.2337720910755	73.90061326374405	272.69526624858145
309	75.29750385897158	22881.093245381428	7776.357241861455	73.90725394373528	274.90047207857737
310	74.39125107390855	22955.484496455345	7801.841953001527	73.90327666060786	273.656708764473
311	75.73154646992623	23031.21604292527	7831.08553324639	73.93070471920804	269.9637278307112
312	74.52393164533713	23105.73997457061	7855.343795890895	73.92710219750359	271.8052618491214
313	75.26068438105526	23181.000658951656	7882.934732838849	73.9486499664777	274.07312273235203
314	72.41459599161823	23253.415254943273	7905.959793426603	73.94529369142577	273.98729035703263
315	74.29792503005343	23327.713179973332	7931.439961521897	73.93702999881204	273.71496945968306
316	73.37708266894262	23401.09026264228	7955.071758161095	73.92308921440191	275.14125628819073
317	73.20290793339184	23474.29317057567	7978.70008449957	73.9386949335688	275.90049462589593
318	73.58464184197258	23547.877812417642	8004.396085471194	73.94762453403536	278.07571402266615
319	76.57547473214589	23624.453287149783	8031.974827782158	73.97844449955042	277.9110263019796
320	75.14124769684294	23699.594534846634	8059.384252771426	74.02538921847145	279.1614509020267
321	72.91977793029763	23772.514312776937	8084.229921591065	74.03911941392506	279.68874448020244
322	73.76056518153186	23846.27487795846	8109.091497974666	74.04807393059158	278.83298313508493
323	72.10848414498824	23918.383362103443	8132.55784699192	74.06275685562252	280.3912512878063
324	71.01965549179317	23989.40301759524	8154.354012625781	74.02467838233893	279.3782678731653
325	72.14627441627142	24061.549292011503	8176.972475499629	74.01253035387498	281.1005141109231
326	74.97041891218292	24136.51971092369	8202.306654559929	74.02733668858704	281.5171498880555
327	79.87711550071803	24216.396826424414	8231.995907954915	74.07281913426564	280.07262076139057
328	73.32402167280968	24289.720848097237	8256.917027994708	74.07251669323868	278.7869125361597
329	72.89631774038598	24362.617165837608	8282.098298443747	74.0557735535753	281.51366846163455
330	75.4596763402188	24438.076842177823	8309.120764372627	74.06877803157641	281.78187892929554
331	75.01985664125202	24513.096698819067	8333.825297945354	74.0842014964405	280.7693124955734
332	71.35584464399486	24584.452543463078	8356.49227784828	74.05936906926203	279.9283612883357
333	74.33751037878683	24658.790053841858	8382.460107244604	74.05405367038989	280.9756845840168
334	72.89621645041673	24731.686270292277	8405.886197230144	74.0235902323231	282.8248873748988
335	70.98642311220237	24802.672693404482	8430.655140027011	74.00799746150736	283.1226786856139
336	75.27015358372522	24877.942846988197	8455.008846190902	74.00721127994633	281.9452703036551
337	74.90435247081423	24952.84719945902	8480.47415909872	73.99204872482208	282.88270042611623
338	72.79494902587858	25025.642148484905	8501.629498784001	73.96470931234211	283.378633159637
339	72.80173685945694	25098.443885344346	8526.451817093324	73.94700049361666	283.33672787642786
340	71.66302751713148	25170.10691286149	8548.70835950456	73.94487204168676	282.4980329792251
341	74.3752903376519	25244.482203199143	8574.661288269937	73.95194404212532	285.7469617677245
342	72.3034637530308	25316.785666952175	8598.19915091169	73.89907541587965	287.7422857751667
343	74.10067803423937	25390.886344986397	8624.687331706116	73.90425620528856	288.0593382571695
344	73.28131135750559	25464.167656343914	8648.705914115517	73.88102592464702	287.9336727567109
345	71.23922394752789	25535.40688029144	8673.688186446963	73.8489620262248	286.97318230785226
346	72.39315984260882	25607.80004013405	8696.43539438974	73.82298841970785	286.94571458394097
347	75.15194659498776	25682.951986729036	8723.023519606671	73.85426145048923	289.4306484060256
348	74.60681638508478	25757.558803114123	8747.873439246829	73.83140825534389	291.8045975627628
349	73.56768091800951	25831.126484032127	8768.270603870558	73.84398330040581	293.3398266265254
350	71.44676091910655	25902.573244951254	8792.262485180345	73.84243107195263	294.4859004926803
351	71.00014697132147	25973.573391922564	8814.501617194757	73.78385819146838	294.0137052625783
352	73.45741345194166	26047.030805374496	8840.520157553885	73.76904835295645	293.36309147795015
353	74.15616983788273	26121.186975212382	8866.767901215859	73.74534385631466	291.90787433925607
354	73.12896536655576	26194.315940578934	8893.169231239353	73.7437422825152	291.61834973334527
355	71.91785449109985	26266.233795070046	8915.877915124533	73.71441601478642	293.4221889413172
356	72.13576519873239	26338.36956026878	8940.123831474262	73.67383245041539	292.6753844119232
357	74.67543106087486	26413.044991329647	8964.891123091855	73.69011874804498	293.1139483582812
358	74.66126639952797	26487.706257729176	8990.801563002704	73.68117048671246	294.68196082668624
359	74.33079087545934	26562.037048604645	9017.1799741624	73.71739474951734	293.3306813136464
360	73.93262683486053	26635.969675439497	9040.910208008216	73.7080400846165	293.97013268060965
361	71.40911272264788	26707.378788162154	9063.273636875118	73.68861174676633	294.0724789053746
362	73.56011313959091	26780.938901301717	9085.393767616406	73.6741242369433	295.0123483502798
363	71.82272072578564	26852.761622027527	9108.518388225597	73.6567820143319	294.3325013906604
364	75.16026612486326	26927.92188815239	9135.315837403234	73.63918976944684	293.59753975113455
365	74.07937768954372	27002.00126584192	9161.63159401299	73.6566668501685	295.3800170806909
366	75.31511740259629	27077.31638324452	9188.699874786755	73.66621319643588	299.2068474118734
367	71.17696289891606	27148.493346143445	9210.841916659994	73.63916257720687	297.9529246303903
368	75.5930210120433	27224.086367155487	9236.163447829516	73.65816740469796	296.74461141805847
369	73.18317101307596	27297.269538168548	9259.511330431058	73.67866895429525	297.8671701969678
370	71.06125216222989	27368.330790330783	9282.199098232137	73.64404404852961	297.16105709238064
371	73.28408134752277	27441.614871678306	9306.04974486611	73.64979649118614	296.0323579809349
372	77.27931280608531	27518.8941844844	9332.406042783545	73.6905541074517	299.86605896261887
373	74.10816895113355	27593.002353435528	9356.138494857028	73.68270844044073	302.21838572622727
374	73.75567476728237	27666.758028202803	9378.224412082538	73.67706755954745	302.1940610160272
375	74.95189166335979	27741.70991986616	9403.987015877034	73.68390284720893	303.84981531177925
376	73.48545033423967	27815.195370200418	9425.489313954138	73.64725940046127	305.63110368888454
377	74.20285001709422	27889.398220217503	9449.884782119909	73.64995603741706	307.70580167987544
378	72.99068466135627	27962.388904878855	9473.892322830536	73.63659676056449	308.27502576609504
379	73.72797359959901	28036.11687847847	9498.945735773297	73.6549178714557	308.01112128508004
380	75.15919458434875	28111.276073062803	9526.142952981108	73.6942203307743	311.14526894595167
381	72.57301634629631	28183.849089409105	9548.87970891272	73.6739632585064	311.17905849959004
382	71.67639680883593	28255.525486217946	9572.308468203566	73.67807246636775	313.6504529792434
383	73.57097111260605	28329.096457330554	9598.621904903566	73.6427214444598	316.1255921681272
384	70.73106332799428	28399.827520658542	9621.536870874632	73.60756802550314	318.21373416770297
385	75.06946954002412	28474.896990198562	9648.008913061924	73.64506802565984	316.9096081558789
386	73.83961516257702	28548.736605361155	9672.671966917285	73.65273448614867	317.92543803794746
387	72.42368413523548	28621.160289496394	9693.506848807574	73.64879741413331	318.2582440343085
388	76.15102230723971	28697.31131180362	9721.435446455329	73.679143285417	320.29810982344134
389	73.50600671064214	28770.81731851427	9746.659091201318	73.65741594469729	317.8823345731126
390	73.88475867794429	28844.702077192207	9772.34641453636	73.6597849004117	318.0442873871039
391	72.92889634268046	28917.63097353488	9796.793224834295	73.65532683191745	319.33085915202486
392	73.26415222034954	28990.89512575523	9821.3668628271	73.68612265819061	321.13698522972624
393	74.01535305730927	29064.91047881254	9847.067478639488	73.66795411688153	322.92256509399147
394	71.37875871496348	29136.28923752753	9867.744317378032	73.64036697553998	323.7132184581683
395	74.59636204888396	29210.8855995764	9892.39974657086	73.65138224837624	326.4635280181402
396	72.60694730057102	29283.492546876972	9916.977284546827	73.6442913258526	325.37673757927786
397	74.647390065258	29358.13993694221	9943.319175079838	73.64634733357798	326.312829144401
398	76.61625574603835	29434.756192688266	9971.89651075809	73.67412603597973	331.5384231300146
399	74.54349837915683	29509.299691067416	9998.315342546633	73.65357479887776	329.7217164862324
400	75.41921954787546	29584.718910615295	10025.691183088526	73.6662642628554	333.73073744500795
401	72.5664359769415	29657.28534659224	10049.20680834076	73.65342316353917	332.81115038880415
402	74.13430706810291	29731.419653660323	10073.53005383454	73.65806290055293	331.9929273874721
403	76.36949098931292	29807.78914464964	10102.529749581932	73.70439924268142	331.3573416408583
404	72.8263274480355	29880.615472097666	10124.819507772074	73.70415389197376	333.95395658908086
405	77.62026482861862	29958.235736926297	10153.937584404568	73.72640249042769	332.90474046618584
406	73.4265137344985	30031.662250660804	10179.43729726059	73.71745454097591	332.9919249398555
407	74.48884293153505	30106.15109359235	10204.485832756205	73.72903585789163	331.6774042268469
408	73.60812395530654	30179.759217547635	10230.89649655254	73.73963476025179	329.9386127995397
409	72.39475960652548	30252.153977154176	10253.756637205828	73.71060731772735	330.27246728086783
410	71.61956874341772	30323.773545897584	10278.254041844653	73.68289049442245	329.6202216978039
411	74.72575504659147	30398.49930094417	10304.077290858302	73.6728325801891	331.0670739809346
412	74.22476199501828	30472.724062939178	10329.562867719445	73.66984088368591	334.3019084732589
413	77.20622913871387	30549.93029207791	10359.469579235789	73.68929633126248	335.5602865598066
414	71.95680802608739	30621.887100103988	10384.53308016788	73.68471845160715	334.3866044558749
415	73.0924245706646	30694.97952467466	10411.657079160863	73.67266344701328	333.1728447684191
416	73.48501426351763	30768.464538938166	10435.084075335317	73.67374276295905	332.20273445254924
417	75.25762812188874	30843.722167060074	10461.25990085939	73.69428996484403	331.0576819401433
418	70.68843979957038	30914.410606859637	10482.528358160429	73.66532794442	331.67515739009906
419	73.02260524915515	30987.433212108783	10508.117147782566	73.62979924959006	331.23209572136085
420	75.55483400725215	31062.98804611605	10534.614847225626	73.63393511269415	332.2498232042017
421	74.4653310441403	31137.45337716018	10560.784020819725	73.64939064383259	333.30840036616627
422	72.82494676283446	31210.278323923016	10586.273576501257	73.64003445964563	332.7209150566354
423	71.35162364657168	31281.62994756959	10609.307750547727	73.63246585466146	333.7890867552544
424	74.10926314182105	31355.739210711432	10632.447038566605	73.66336193116176	337.1156085097074
425	75.23206941043641	31430.971280121863	10658.085404526375	73.69421988110335	335.1011648573924
426	72.90503744468181	31503.876317566526	10683.279709708619	73.67356606642835	334.6886395601935
427	74.48698407632035	31578.36330164284	10707.81530091481	73.61966475218439	338.49899556531324
428	72.89904679057994	31651.26234843344	10729.473323267546	73.61541500336213	339.9682445264014
429	72.76880146339478	31724.031149896837	10753.229781478854	73.61413984059214	340.1298462007554
430	72.4659513192772	31796.497101216097	10778.950384534954	73.58420259038274	342.0583225020312
431	71.09766139836965	31867.594762614477	10802.198857053007	73.54498063795398	340.66993926588407
432	72.66627308213153	31940.261035696603	10827.441873753176	73.55808492233534	341.659808401087
433	75.36076449769261	32015.621800194298	10856.78544135686	73.5683174635244	342.51852428979885
434	76.38066069465489	32092.002460888947	10884.433189653675	73.60316190596676	344.66277721786014
435	74.39666620751196	32166.39912709645	10912.257354881747	73.63726433691984	344.6682000248085
436	75.2583028408208	32241.657429937288	10936.771009595755	73.63714582949079	344.00264731464625
437	74.17267784456202	32315.83010778185	10962.726067501262	73.62982908322827	344.2308060171168
438	75.32018283374788	32391.150290615587	10990.239403329408	73.65508142130697	342.0720881244152
439	72.64751762391589	32463.797808239524	11015.397171954342	73.65353922895162	341.395528570981
440	72.74508398344324	32536.542892222948	11040.378195794725	73.66435979361471	342.53905430095375
441	73.17486200768697	32609.717754230634	11064.5150916283	73.65235551031503	345.26857207023676
442	73.1039566051245	32682.82171083576	11088.948775133204	73.66036043883595	347.9300577668839
443	75.14042024251914	32757.962131078286	11116.763197389304	73.67075786091877	346.4673826045598
444	70.15557787521288	32828.1177089535	11138.134834929755	73.63950052609586	346.6590798008553
445	70.43527038347483	32898.552979336964	11161.315644567996	73.6314609904553	347.00605356368004
446	72.3322772489166	32970.88525658589	11185.023528348283	73.63085216451839	348.78958920399174
447	71.82139444285275	33042.706651028755	11207.817074840292	73.59754664299705	348.5773626039569
448	75.22540173068391	33117.93205275942	11235.11161403127	73.603732496453	347.6530129287933
449	73.9326406228343	33191.86469338225	11260.99203499678	73.60738209350127	345.24587500299225
450	77.22989479466493	33269.09458817692	11290.730030477518	73.66521343225688	345.4397956325712
451	76.03311721244239	33345.12770538937	11318.587736078722	73.71554313466805	345.1698426557676
452	71.97905847269479	33417.10676386205	11340.859795410508	73.70075958487557	344.88513935990613
453	71.78318909597637	33488.88995295803	11363.43321725866	73.67702977745655	345.6128192351653
454	73.21951865295183	33562.10947161099	11387.291189344343	73.67793531032049	349.17854351666
455	77.51969597567702	33639.62916758668	11417.48252865727	73.73395372516627	350.9189820927711
456	73.43095689107471	33713.060124477735	11441.478195594907	73.7469056420897	350.38151836383264
457	72.692226412707	33785.752350890456	11466.409299444354	73.727073595608	350.10132464246703
458	72.26105732524665	33858.0134082157	11490.753985628511	73.70307150486522	353.054543036102
459	74.11451741255303	33932.12792562824	11516.153322785134	73.70090877023613	354.7094194952906
460	75.50773994562641	34007.635665573885	11543.079228699462	73.71665990134377	353.12055433376133
461	73.85233744994643	34081.48800302382	11569.114335851576	73.74109214861676	353.35610071224613
462	72.49325050048925	34153.9812535243	11591.344587141866	73.73042352222573	353.6708123315065
463	73.96826537601402	34227.94951890032	11615.91814548461	73.75187896872804	351.7519656692959
464	75.06126554421348	34303.01078444452	11642.32872521675	73.75088896292155	354.070771218095
465	75.038303914326	34378.049088358865	11667.36098266572	73.76047822516938	355.23981961125315
466	72.7167547391507	34450.76584309801	11691.290424265298	73.73449459853492	353.4688246233307
467	74.5182036397245	34525.28404673774	11716.788943762693	73.76790700594304	353.45289364351135
468	73.8668486913476	34599.1508954291	11742.209475298268	73.75064528273606	353.1810713599795
469	75.09492035088275	34674.24581577996	11768.329116647721	73.7697627761141	352.9549092056643
470	75.80039469862922	34750.0462104786	11796.013420878862	73.81715420147813	353.53617373493546
471	73.7772585784474	34823.82346905704	11822.397119473173	73.82208597378732	351.75161189394663
472	72.90634994709947	34896.72981900414	11846.288611464894	73.7783563451975	352.4591780391877
473	72.9482819588051	34969.67810096294	11869.411795024369	73.76675747527425	356.6763851852253
474	76.22535197155054	35045.90345293451	11896.64278391405	73.79145424731688	358.4686402115389
475	70.1710034599473	35116.07445639445	11918.605221957165	73.74364536528276	358.6007389548888
476	74.41770018478859	35190.492156579225	11944.730907566507	73.75296786378826	360.98981760008365
477	71.61522872598162	35262.10738530522	11969.459090580043	73.72709165087713	361.84924743291066
478	75.99130514453735	35338.09869044976	11998.215317238837	73.7570978557089	362.31306438590303
479	73.52236606180936	35411.62105651156	12025.592248689463	73.75504178033106	361.74381689112823
480	75.24517556349942	35486.86623207506	12052.255184737502	73.75590159012253	363.1330900000391
481	68.9146921084884	35555.78092418356	12071.123191215182	73.71931834774446	363.8854608107719
482	72.55886635989563	35628.339790543454	12094.508917132602	73.7281430432551	363.2106562233094
483	74.3325432084061	35702.67233375187	12118.464554557086	73.7357587642131	362.430113966135
484	73.59743962701685	35776.26977337888	12143.614668625874	73.76442252720332	363.4715634831345
485	73.98938702347418	35850.25916040234	12168.999819065093	73.75362170203783	365.6674486069778
486	73.91885718137331	35924.178017583734	12193.550400750397	73.75441412222577	363.75748869609896
487	72.00837114716818	35996.18638873088	12217.524032345491	73.75026099234508	363.5766338257154
488	72.7279651247456	36068.91435385564	12243.820639086929	73.71603042052013	365.0664124628472
489	73.46332530755052	36142.3776791632	12270.304795332286	73.71560360648924	364.9477619208468
490	73.8071940467798	36216.18487320994	12295.531025436074	73.71482796017759	364.04177165780277
491	72.45503071677965	36288.63990392675	12320.794803328465	73.71008930391861	366.8611533224325
492	71.57431024498104	36360.21421417172	12343.584404024346	73.69319088416489	366.3082645580418
493	71.46455635085805	36431.67877052259	12365.792910063708	73.66768291710038	365.01906082572776
494	71.70024483243832	36503.37901535501	12390.065299750615	73.6708977782751	365.5281418620792
495	73.49252144974598	36576.87153680478	12413.569036579442	73.65985937228375	368.191977271553
496	73.18787613539557	36650.05941294019	12437.663660499744	73.665668660632	368.10807816881146
497	74.01051807951362	36724.06993101967	12461.587345734211	73.65929994077453	371.88536490820496
498	72.45009723099739	36796.5200282507	12484.684283098906	73.61763835562415	370.61302584248585
499	72.08015422335704	36868.600182474045	12507.709416251282	73.59300491406616	371.9883338628004
500	74.84061542399098	36943.44079789803	12533.030921419873	73.58721887282732	370.86163490838766
501	71.20689951168468	37014.64769740973	12556.089126794313	73.57362350817472	371.482746731023
502	70.78470595124134	37085.43240336095	12580.068062211361	73.54012749700608	369.99308684281624
503	73.27270598337566	37158.70510934432	12602.342085545015	73.50915964694673	370.47185326603034
504	73.1169223922787	37231.82203173661	12602.342085545015	73.50915964694673	369.1920822215626
