task	reward	total_reward	total_regret	relative	total_reward_dev	joules
0	35.44338203613441	35.44338203613441	-2.4100625924925523	0.0	8.453846383074225	35.44338203613441
1	37.54918817729642	72.99257021343084	-2.4862744246943023	0.0	12.312072848989027	37.54918817729642
2	46.92228529059707	119.91485550402791	7.581510254120831	0.0	21.39419374913978	46.92228529059707
3	46.177044458881426	166.09189996290937	16.120165851108467	0.0	25.681280163131895	46.177044458881426
4	47.4180124500004	213.50991241290976	25.6217118129499	0.0	29.05284330704407	47.4180124500004
5	50.311975449718176	263.8218878626279	38.06321022138181	0.0	34.002832727488055	50.311975449718176
6	41.32881232110331	305.1507001837312	40.899612253074764	0.0	36.06744016252822	41.32881232110331
7	43.70258168746853	348.85328187119967	47.11527555572382	0.0	40.26932463874752	43.70258168746853
8	50.166635945882014	399.0199178170817	58.86642461326136	0.0	44.75571850013085	50.166635945882014
9	48.737657282441006	447.75757509952274	68.27396674160867	0.0	47.88917846076939	48.737657282441006
10	50.13567465270242	497.89324975222496	80.50701960545791	0.0	51.048087974311926	50.13567465270242
11	51.864422552669936	549.757672304895	93.04776053933388	0.0	53.936448406421185	51.864422552669936
12	43.73983672182176	593.4975090267171	99.46983057161826	0.0	60.77493612484981	43.73983672182176
13	45.14196309633235	638.639472123049	106.7657828163475	0.0	59.260156317079336	45.14196309633235
14	59.85984519762397	698.4993173206734	129.223467594871	0.0	61.77581942642004	59.85984519762397
15	58.07128170918796	756.5705990298615	151.6046339332487	0.0	68.37716176482702	58.07128170918796
16	54.720934634579926	811.2915336644405	167.6287744272349	0.0	71.32326344205258	54.720934634579926
17	61.34316686568685	872.6347005301276	189.57807850992486	0.0	73.53159087410347	61.34316686568685
18	45.7484274593629	918.3831279894913	195.4683474540294	0.0	73.74867868096138	45.7484274593629
19	50.709083890283495	969.0922118797741	208.08453294921787	0.0	74.72118550830854	50.709083890283495
20	70.72958248247413	1039.8217943622485	241.1807611096163	0.0	75.82765420675814	70.72958248247413
21	71.64559777687118	1111.4673921391195	274.1749332656872	0.0	76.05342257896763	71.64559777687118
22	71.55687890105251	1183.0242710401722	308.95361232198644	0.0	76.3357688156301	71.55687890105251
23	70.96698548040995	1253.991256520582	342.97046363875853	0.0	77.82750620208405	70.96698548040995
24	45.73968404142235	1299.7309405620044	350.9358468846346	0.0	80.81440777146766	45.73968404142235
25	42.52214322859504	1342.2530837905997	355.673002014712	0.0	80.14041975193948	42.52214322859504
26	44.40561587887399	1386.6586996694748	361.39446350343474	0.0	82.48164212155152	44.40561587887399
27	44.472164236240445	1431.1308639057138	368.9701191543835	0.0	85.17706198024804	44.472164236240445
28	43.96567896258344	1475.0965428682969	373.9341951037339	0.0	88.45898715534513	43.96567896258344
29	45.22565630750896	1520.3221991758066	379.03743495980564	0.0	91.95181348424182	45.22565630750896
30	44.68298883506713	1565.0051880108742	387.26077821638245	0.0	95.68922420955597	44.68298883506713
31	43.60812782091526	1608.613315831789	392.62126044094964	0.0	99.88323085128836	43.60812782091526
32	42.74729689588411	1651.3606127276728	397.822581761323	0.0	101.16987598927348	42.74729689588411
33	44.69943339503102	1696.0600461227032	403.76979545066513	0.0	102.19005769013226	44.69943339503102
34	43.66295012527084	1739.7229962479732	410.5096713862936	0.0	108.16374474155674	43.66295012527084
35	42.044303068961824	1781.7672993169354	413.1062395381108	0.0	111.55446714799069	42.044303068961824
36	43.36812288905919	1825.1354222059956	420.1001219109362	0.0	115.38451967114848	43.36812288905919
37	44.42443814102139	1869.5598603470164	426.78840037260284	0.0	119.8206121949767	44.42443814102139
38	41.365200915614224	1910.9250612626308	430.25117203950236	0.0	122.93091469850079	41.365200915614224
39	46.517965391876125	1957.4430266545064	438.3486866983742	0.0	129.59233944861933	46.517965391876125
40	40.903747786725596	1998.346774441233	441.7453410338638	0.0	134.07714100286591	40.903747786725596
41	43.476482171769575	2041.8232566130027	446.2206454211292	0.0	138.0568471881535	43.476482171769575
42	44.22772233107192	2086.050978944075	452.9175750419267	0.0	141.95118384441537	44.22772233107192
43	45.023839732696395	2131.074818676772	460.492219362487	0.0	146.46378339966324	45.023839732696395
44	43.66825825042545	2174.743076927197	465.1617019584246	0.0	147.96581944692844	43.66825825042545
45	44.81812437297274	2219.561201300169	472.03640307156195	0.0	154.45547237782802	44.81812437297274
46	44.93881741497437	2264.5000187151436	480.1985402883147	0.0	159.98097055184724	44.93881741497437
47	43.70430607282385	2308.2043247879674	487.5848799236181	0.0	166.4785712134813	43.70430607282385
48	43.021802809981956	2351.226127597948	494.2436771393979	0.0	170.8484502571867	43.021802809981956
49	43.212448407743544	2394.4385760056934	497.21145224992785	0.0	176.984591427677	43.212448407743544
50	42.29174692705262	2436.730322932745	502.43918194176143	0.0	181.26277040832053	42.29174692705262
51	46.02867230064327	2482.7589952333874	509.941856588659	0.0	188.03379395297029	46.02867230064327
52	42.12745938952713	2524.886454622916	514.0894179971962	0.0	190.6118892379896	42.12745938952713
53	44.55949194629238	2569.445946569208	521.2359692680247	0.0	196.69732866579994	44.55949194629238
54	43.83102266762066	2613.2769692368292	526.0251356987019	0.0	204.25783289749845	43.83102266762066
55	44.660454058780076	2657.9374232956097	531.6823337151394	0.0	208.87085974357086	44.660454058780076
56	43.57890410480023	2701.51632740041	536.9160361285232	0.0	212.5196985738986	43.57890410480023
57	42.20578464263184	2743.72211204304	541.5016039748474	0.0	218.3733588945335	42.20578464263184
58	42.04489074139635	2785.7670027844365	545.5824642800279	0.0	223.36810942543894	42.04489074139635
59	43.54612635157588	2829.313129136013	551.3521119916372	0.0	226.5255538048071	43.54612635157588
60	43.91270877925675	2873.225837915271	557.1519048882788	0.0	230.90260853312802	43.91270877925675
61	44.58378495581208	2917.809622871082	564.3348656946791	0.0	235.94942596971953	44.58378495581208
62	42.152198929473215	2959.9618218005567	569.3640850253803	0.0	239.7446159720718	42.152198929473215
63	41.919927299658475	3001.881749100214	574.680442811039	0.0	241.67192558754314	41.919927299658475
64	41.462681320707105	3043.3444304209197	576.5805660122396	0.0	245.01161628088659	41.462681320707105
65	42.65419835051685	3085.9986287714373	581.1717550759367	0.0	247.67245100062974	42.65419835051685
66	43.879491153541636	3129.878119924979	587.5251365323655	0.0	252.56360514268536	43.879491153541636
67	43.081922848965924	3172.9600427739438	593.6416043238902	0.0	257.0207696991172	43.081922848965924
68	45.88689884242447	3218.846941616368	601.755673472307	0.0	264.85696503589094	45.88689884242447
69	45.57797815157066	3264.424919767938	611.8298198849523	0.0	269.96349852717714	45.57797815157066
70	43.683472930255036	3308.1083926981955	618.2172776399033	0.0	275.11593840978753	43.683472930255036
71	46.20381111450242	3354.3122038126976	626.1166419758271	0.0	279.0746469467409	46.20381111450242
72	43.165591159750875	3397.4777949724485	632.0575211467906	0.0	284.7874363738444	43.165591159750875
73	43.509115240597275	3440.9869102130456	637.7482804194146	0.0	288.84240832821695	43.509115240597275
74	45.08023902790135	3486.0671492409474	643.8712584024538	0.0	295.35313789458365	45.08023902790135
75	42.32276794636261	3528.38991718731	648.1114495855761	0.0	300.01215364470625	42.32276794636261
76	44.367804738129536	3572.7577219254385	654.6375636714334	0.0	304.39171745071735	44.367804738129536
77	43.38243250730907	3616.1401544327473	659.5188106911704	0.0	308.96583999787134	43.38243250730907
78	46.7839977009197	3662.9241521336685	668.2612599208499	0.0	316.09330766955236	46.7839977009197
79	45.99532146568245	3708.919473599349	676.2403749337587	0.0	322.75777061725057	45.99532146568245
80	42.63395518504961	3751.553428784401	681.1133770493869	0.0	327.02639367559493	42.63395518504961
81	43.47071783539128	3795.024146619791	686.2868118199971	0.0	334.0821454984519	43.47071783539128
82	43.67082846789444	3838.694975087687	692.8134542455424	0.0	338.4427088120755	43.67082846789444
83	41.78389676651572	3880.4788718542004	699.8127108328638	0.0	344.08950394358675	41.78389676651572
84	42.94656906920907	3923.42544092341	704.2415922543614	0.0	349.4542574744293	42.94656906920907
85	42.74954232589824	3966.1749832493097	710.4643824582378	0.0	356.28962254664015	42.74954232589824
86	44.43281634976091	4010.607799599069	715.4664419881793	0.0	360.57916276559416	44.43281634976091
87	47.023332598483414	4057.6311321975536	724.7309897298082	0.0	368.30545992442114	47.023332598483414
88	42.59597888411176	4100.227111081667	728.5966016256342	0.0	373.55041495594816	42.59597888411176
89	44.28484517508485	4144.511956256751	734.8503732511625	0.0	376.36592462345317	44.28484517508485
90	44.6956037235836	4189.207559980335	738.9391123431155	0.0	383.84054094485424	44.6956037235836
91	45.25638297265781	4234.4639429529925	746.3242042358493	0.0	388.4457138036395	45.25638297265781
92	43.09452739521364	4277.558470348205	751.5623622122235	0.0	393.59750744499604	43.09452739521364
93	46.38813908824314	4323.946609436446	761.9239800995125	0.0	398.13183544512356	46.38813908824314
94	43.28104003199554	4367.227649468445	765.586947415406	0.0	405.13039434569566	43.28104003199554
95	42.997104193713476	4410.224753662156	770.1757221161076	0.0	412.8470592844519	42.997104193713476
96	42.88341064845556	4453.1081643106145	775.2164835485262	0.0	417.30533448724174	42.88341064845556
97	42.96124837384685	4496.06941268446	780.0800010092697	0.0	421.04061822479827	42.96124837384685
98	44.6591652753456	4540.728577959806	787.0191585647993	0.0	426.68152169800805	44.6591652753456
99	44.24583901877857	4584.974416978585	794.2867011545993	0.0	430.7258425412807	44.24583901877857
100	44.406731074609034	4629.381148053195	799.8687313677168	0.0	436.88509830670597	44.406731074609034
101	43.241177876293534	4672.6223259294875	805.9241961179735	0.0	439.8110156054818	43.241177876293534
102	42.69966796409116	4715.321993893577	811.887173776483	0.0	443.1615711406737	42.69966796409116
103	43.780894192811175	4759.102888086387	818.9183767246228	0.0	449.5137363584624	43.780894192811175
104	46.59154255354597	4805.694430639935	827.9892400246347	0.0	457.39782938097636	46.59154255354597
105	43.26179258968254	4848.956223229615	831.8023576708896	0.0	462.3369918168908	43.26179258968254
106	46.46538635121269	4895.421609580828	841.2097584521605	0.0	469.18722444650564	46.46538635121269
107	44.04282955339373	4939.464439134222	847.1102607265357	0.0	474.111142202122	44.04282955339373
108	44.64604960141128	4984.110488735637	852.882387542787	0.0	478.7229094425649	44.64604960141128
109	42.97081888117692	5027.081307616809	856.960850585796	0.0	484.4255079372085	42.97081888117692
110	41.59369203324731	5068.674999650059	861.6918368584173	0.0	490.0918931371436	41.59369203324731
111	41.92290724569467	5110.597906895752	867.4744464575889	0.0	496.5372665956534	41.92290724569467
112	42.631460337995094	5153.229367233747	871.8485611487075	0.0	500.18676070557035	42.631460337995094
113	44.75996374209724	5197.989330975845	879.4750604644156	0.0	507.75111306962674	44.75996374209724
114	44.005381034550716	5241.994712010394	885.2173498432626	0.0	512.7822569116513	44.005381034550716
115	44.216111264922255	5286.210823275318	891.4894454337473	0.0	519.3308331450178	44.216111264922255
116	45.31533183494234	5331.526155110261	899.3989516777008	0.0	526.3371938111358	45.31533183494234
117	45.544233665675385	5377.070388775935	907.5453444775508	0.0	532.2772118948229	45.544233665675385
118	41.058000342166	5418.128389118102	910.9926011425364	0.0	534.4293260183756	41.058000342166
119	45.63267042771863	5463.761059545822	919.2086650708496	0.0	542.5857109286362	45.63267042771863
120	44.95046927720943	5508.711528823031	928.5660752334684	0.0	548.8832879647929	44.95046927720943
121	43.39378735523488	5552.105316178267	935.1896700950327	0.0	554.9535949958306	43.39378735523488
122	42.52719176133882	5594.632507939606	939.9742137074909	0.0	561.9066529673144	42.52719176133882
123	45.21572869860504	5639.848236638209	946.4284382825867	0.0	566.4706631305553	45.21572869860504
124	45.06519668326758	5684.913433321476	953.1862103993329	0.0	574.4009118720228	45.06519668326758
125	43.47223947759727	5728.385672799073	959.2747624390307	0.0	582.5713835021185	43.47223947759727
126	44.33669104915138	5772.722363848226	966.4276512274697	0.0	587.9924097141703	44.33669104915138
127	41.95618444043895	5814.678548288664	970.2300154735309	0.0	592.9837606175466	41.95618444043895
128	42.552299922275	5857.23084821094	975.1910684270588	0.0	595.9772292068008	42.552299922275
129	44.88172963553134	5902.112577846474	981.2965261394543	0.0	602.8666802476307	44.88172963553134
130	44.425544279800434	5946.538122126272	988.9810825843884	0.0	608.9883255613317	44.425544279800434
131	43.48228260039237	5990.020404726662	993.7688706127446	0.0	616.1807069422595	43.48228260039237
132	41.976515897767456	6031.9969206244305	998.4457765186474	0.0	617.7379747844885	41.976515897767456
133	45.34298419253196	6077.339904816963	1005.7418708261299	0.0	622.3662236791968	45.34298419253196
134	42.45518025468595	6119.795085071647	1010.0281107536013	0.0	627.3375911823359	42.45518025468595
135	45.44090865937602	6165.2359937310275	1018.0843126912905	0.0	635.5067241710035	45.44090865937602
136	39.4506922113637	6204.686685942387	1017.1186126614716	0.0	638.8039127406697	39.4506922113637
137	42.42872877798064	6247.115414720366	1021.3366331391959	0.0	643.4232312790859	42.42872877798064
138	40.74347907361586	6287.858893793986	1025.86565267306	0.0	647.1658596983807	40.74347907361586
139	43.56464901968638	6331.423542813668	1031.5046404665281	0.0	652.4486543418535	43.56464901968638
140	44.38135434679794	6375.804897160469	1037.5183169335317	0.0	658.1476649672003	44.38135434679794
141	40.31581639825095	6416.12071355872	1040.7255663542178	0.0	662.3533707881501	40.31581639825095
142	43.506951915782736	6459.6276654745	1045.497848836643	0.0	667.330165086222	43.506951915782736
143	44.30032945191438	6503.927994926415	1050.880575983104	0.0	671.3256570923584	44.30032945191438
144	46.10344038310706	6550.031435309527	1060.9354642645492	0.0	677.1236672951208	46.10344038310706
145	42.81756682878905	6592.849002138312	1066.1370206246218	0.0	683.0894320823727	42.81756682878905
146	44.249883304351926	6637.098885442662	1072.498031992664	0.0	687.4127480436791	44.249883304351926
147	44.20567736974054	6681.304562812402	1078.8813377131344	0.0	695.6114517476263	44.20567736974054
148	43.676329462295705	6724.980892274701	1084.59029296027	0.0	699.5713973818066	43.676329462295705
149	44.72273442769756	6769.703626702402	1090.981658926408	0.0	706.3285442908688	44.72273442769756
150	43.352882396127505	6813.056509098527	1096.6787746870657	0.0	710.1266998150667	43.352882396127505
151	44.960108628120835	6858.016617726648	1104.8957886495043	0.0	715.8152718599341	44.960108628120835
152	44.05504243388617	6902.071660160532	1112.4056582040512	0.0	720.4886808204151	44.05504243388617
153	42.25286391934329	6944.324524079875	1116.9682550549924	0.0	725.8651760897102	42.25286391934329
154	45.56493178581936	6989.889455865696	1124.8052754876903	0.0	731.0278073195564	45.56493178581936
155	42.94238153446474	7032.831837400158	1127.2912195501556	0.0	734.6742379848379	42.94238153446474
156	43.35574238011441	7076.187579780278	1133.0976896991003	0.0	743.0246779315319	43.35574238011441
157	42.36668055871892	7118.554260338998	1137.9885619742965	0.0	749.2181413202968	42.36668055871892
158	43.82523086060034	7162.379491199595	1145.6668277197114	0.0	754.5708939412398	43.82523086060034
159	43.451629417252406	7205.831120616847	1151.2646282094781	0.0	757.4939443139654	43.451629417252406
160	43.412562704733276	7249.243683321581	1157.9123375404993	0.0	763.4355140656719	43.412562704733276
161	45.68249333130943	7294.926176652894	1166.579940127417	0.0	770.2200076476713	45.68249333130943
162	44.83773976027646	7339.763916413165	1174.5328625772272	0.0	777.0804057386155	44.83773976027646
163	47.0417501770928	7386.80566659026	1182.1784160570946	0.0	783.0013858241716	47.0417501770928
164	42.13206611496018	7428.937732705215	1184.058897413404	0.0	791.4416894894708	42.13206611496018
165	43.80965449331212	7472.747387198533	1190.647456373797	0.0	798.0909303251211	43.80965449331212
166	43.794374612089456	7516.541761810624	1196.4428054295322	0.0	802.8529264772646	43.794374612089456
167	43.0840936848386	7559.625855495459	1202.4741673402154	0.0	807.3529599582197	43.0840936848386
168	44.7723439963785	7604.398199491838	1211.641907403778	0.0	814.7317336782237	44.7723439963785
169	45.05635027388753	7649.454549765725	1218.968414705623	0.0	821.7687662330584	45.05635027388753
170	41.971629452518464	7691.426179218246	1223.505033468646	0.0	829.0723516433081	41.971629452518464
171	44.10114991601526	7735.527329134263	1230.3767418433772	0.0	833.7026966925648	44.10114991601526
172	45.081928363142254	7780.609257497402	1238.6203548007688	0.0	839.8322438896666	45.081928363142254
173	44.73510839275532	7825.3443658901615	1246.2853336955995	0.0	843.8002609039897	44.73510839275532
174	44.606896624813054	7869.951262514971	1252.8560661269223	0.0	849.8788758839913	44.606896624813054
175	44.95811897443098	7914.909381489398	1261.0571532483054	0.0	854.6453321208759	44.95811897443098
176	43.3785427274017	7958.287924216806	1266.5782491639488	0.0	863.1803558807104	43.3785427274017
177	44.12308310477867	8002.411007321581	1273.6538460458805	0.0	868.767613036467	44.12308310477867
178	43.831634186552975	8046.242641508134	1277.8806275495674	0.0	873.6047054867649	43.831634186552975
179	43.652721977305454	8089.8953634854415	1282.7316200608818	0.0	879.2391931362633	43.652721977305454
180	43.83163103755748	8133.726994522996	1289.9343320366131	0.0	884.7699685940167	43.83163103755748
181	44.163010569633904	8177.890005092631	1296.8162399779292	0.0	889.1293099331218	44.163010569633904
182	43.80073382059016	8221.69073891322	1304.5520188005403	0.0	895.6177517935799	43.80073382059016
183	43.998129047991405	8265.688867961217	1310.9915077476319	0.0	901.4095043816085	43.998129047991405
184	43.087997218908775	8308.776865180122	1316.139945776122	0.0	906.6379767349368	43.087997218908775
185	44.03947621202198	8352.816341392145	1320.6023973808617	0.0	913.0173868946363	44.03947621202198
186	43.38791915975442	8396.204260551898	1326.416720164984	0.0	916.7001993035469	43.38791915975442
187	43.569229268682165	8439.77348982058	1332.497717372085	0.0	924.820171643938	43.569229268682165
188	45.798680635065715	8485.572170455649	1340.3587501658878	0.0	934.2045711721561	45.798680635065715
189	43.713972361850296	8529.286142817498	1347.5823237480122	0.0	938.9932466184844	43.713972361850296
190	43.27072571448191	8572.55686853198	1353.4097930724547	0.0	945.5395986273282	43.27072571448191
191	42.37066935609801	8614.927537888074	1357.3118542526986	0.0	952.5053037589123	42.37066935609801
192	44.03618420955377	8658.963722097633	1364.0111297681317	0.0	955.5884478034452	44.03618420955377
193	41.951015693758954	8700.914737791387	1366.9180259489576	0.0	960.2114035758415	41.951015693758954
194	43.57523664371766	8744.489974435106	1372.4797992363017	0.0	965.3025544548586	43.57523664371766
195	42.67724703137076	8787.16722146648	1376.3771358302672	0.0	971.2675272474224	42.67724703137076
196	42.29331945328357	8829.460540919763	1381.226983277379	0.0	975.5281953487889	42.29331945328357
197	42.98119346689398	8872.441734386655	1387.0376133247441	0.0	983.2585798172362	42.98119346689398
198	44.517583975508884	8916.959318362164	1395.085321378735	0.0	988.395717718838	44.517583975508884
199	43.574947260113206	8960.534265622273	1401.6663396549502	0.0	994.0420180004925	43.574947260113206
200	42.79039338725092	9003.324659009524	1406.4057858273447	0.0	997.1508332475664	42.79039338725092
201	44.20098963315706	9047.525648642688	1412.978159087729	0.0	1000.0565448916252	44.20098963315706
202	42.685289867565615	9090.210938510252	1419.8249591207086	0.0	1005.2081506328068	42.685289867565615
203	43.72766089322481	9133.938599403478	1424.5419292343297	0.0	1011.9180865394031	43.72766089322481
204	43.445720298612684	9177.384319702083	1428.2254350690032	0.0	1019.0822862095696	43.445720298612684
205	43.28664581474591	9220.670965516838	1433.9968254193561	0.0	1024.6535669437376	43.28664581474591
206	43.9808169047231	9264.65178242156	1439.8263456358095	0.0	1027.7250879112455	43.9808169047231
207	45.04055484273803	9309.692337264296	1447.1177731412383	0.0	1033.9046337388047	45.04055484273803
208	43.22946064748248	9352.92179791178	1453.0519459665466	0.0	1038.2915494644776	43.22946064748248
209	42.75676047954675	9395.678558391326	1457.400186670276	0.0	1045.468438349716	42.75676047954675
210	45.25721851697063	9440.935776908294	1463.168408030901	0.0	1050.5469268573486	45.25721851697063
211	41.25122846736483	9482.187005375663	1465.6640453219484	0.0	1052.496099068567	41.25122846736483
212	44.31298298856385	9526.499988364221	1471.4090647869057	0.0	1057.8153747575802	44.31298298856385
213	44.09459324485585	9570.594581609079	1479.2848496544125	0.0	1064.3301552744795	44.09459324485585
214	41.40603158445421	9612.000613193537	1482.1760645353695	0.0	1067.963242029182	41.40603158445421
215	43.20552830391992	9655.20614149745	1488.2851195675653	0.0	1072.3045006290713	43.20552830391992
216	44.06939892820951	9699.275540425666	1492.6521845281181	0.0	1078.149497479595	44.06939892820951
217	42.686191152837836	9741.961731578504	1496.988827827716	0.0	1083.162959704308	42.686191152837836
218	42.47136372405147	9784.433095302556	1501.6048130262855	0.0	1086.32981885176	42.47136372405147
219	42.19615016597649	9826.629245468526	1504.0497368829808	0.0	1090.4837519188582	42.19615016597649
220	43.8817382762462	9870.510983744776	1510.4101109089545	0.0	1098.037156165468	43.8817382762462
221	42.95187987522322	9913.462863619998	1516.1632033241258	0.0	1102.9527686705799	42.95187987522322
222	46.57425495868989	9960.037118578688	1523.6747114083648	0.0	1112.6374245543295	46.57425495868989
223	44.34979383411389	10004.386912412803	1531.0600605922957	0.0	1118.1265970486147	44.34979383411389
224	41.73512658726076	10046.12203900006	1534.559773695044	0.0	1123.2141797800573	41.73512658726076
225	43.15601549681432	10089.278054496877	1539.6987805529495	0.0	1130.5249985007372	43.15601549681432
226	44.994468562670335	10134.27252305955	1547.8816500906496	0.0	1133.7412957785082	44.994468562670335
227	44.058938533329844	10178.331461592874	1552.7541843916076	0.0	1141.2375907297624	44.058938533329844
228	45.08106685299224	10223.412528445871	1560.4064630735447	0.0	1149.6859946797722	45.08106685299224
229	41.59860125442947	10265.011129700299	1561.8438095735592	0.0	1154.76153470428	41.59860125442947
230	45.99739901035816	10311.008528710661	1570.7169265217765	0.0	1161.1366120499742	45.99739901035816
231	44.185871357823665	10355.194400068478	1577.7991105705837	0.0	1167.7606520483196	44.185871357823665
232	43.014547289704275	10398.208947358182	1581.4467559103336	0.0	1172.1043889480025	43.014547289704275
233	41.80825259289589	10440.017199951082	1587.135132258866	0.0	1178.0134824050044	41.80825259289589
234	43.48817680616944	10483.505376757252	1592.9765599786053	0.0	1184.184075534936	43.48817680616944
235	44.8104767687172	10528.315853525966	1599.9578885018325	0.0	1189.5393659037609	44.8104767687172
236	43.195288936919994	10571.511142462889	1604.9906187736324	0.0	1193.6326577706755	43.195288936919994
237	44.36297925645516	10615.874121719347	1610.3980133494506	0.0	1201.275043958516	44.36297925645516
238	43.31953175262172	10659.193653471966	1614.5545287668988	0.0	1206.8645811174326	43.31953175262172
239	45.33884489713299	10704.532498369095	1621.3486634911606	0.0	1215.1389396701163	45.33884489713299
240	44.68613476693506	10749.21863313603	1628.25863452476	0.0	1221.4256020673868	44.68613476693506
241	43.3468644575938	10792.56549759363	1632.4172847695309	0.0	1225.2020110881967	43.3468644575938
242	41.46692976462168	10834.03242735825	1637.245235053196	0.0	1229.5957490702483	41.46692976462168
243	41.54378945123471	10875.576216809486	1639.8134368847893	0.0	1235.176107607842	41.54378945123471
244	45.37328660582449	10920.949503415311	1648.260059141717	0.0	1239.896974202776	45.37328660582449
245	45.676873388220365	10966.626376803526	1656.9389225543332	0.0	1243.5460342495785	45.676873388220365
246	40.769459153496626	11007.395835957022	1658.7016262296613	0.0	1247.8936657470633	40.769459153496626
247	42.82313019326563	11050.218966150289	1665.4938397635324	0.0	1251.6361093432772	42.82313019326563
248	41.89072890207032	11092.109695052362	1666.7246742464763	0.0	1256.4764214218255	41.89072890207032
249	42.691159991857575	11134.800855044217	1671.5656813765213	0.0	1259.633938585842	42.691159991857575
250	44.34304401152568	11179.14389905574	1678.6999842322193	0.0	1267.187505440994	44.34304401152568
251	43.146685047454675	11222.290584103204	1683.4215979951666	0.0	1273.8804427160385	43.146685047454675
252	44.055929369684634	11266.346513472881	1689.733252839013	0.0	1280.6997258674762	44.055929369684634
253	41.0952973505965	11307.44181082348	1692.0298629053993	0.0	1284.2149126389854	41.0952973505965
254	44.3229585975593	11351.76476942104	1699.753940343857	0.0	1289.9886002064254	44.3229585975593
255	43.03758045302923	11394.802349874073	1704.4377846890493	0.0	1294.2155380750928	43.03758045302923
256	43.16185156059346	11437.964201434666	1708.3933328866492	0.0	1298.5766973625118	43.16185156059346
257	45.1849083954624	11483.149109830123	1714.3446463349235	0.0	1303.1776806387315	45.1849083954624
258	44.679349596558325	11527.828459426686	1722.7093423212639	0.0	1305.797744841799	44.679349596558325
259	44.0541451320504	11571.882604558736	1729.4596731375852	0.0	1311.8240743824163	44.0541451320504
260	45.7836289077955	11617.666233466533	1738.3562544603017	0.0	1317.0303358799476	45.7836289077955
261	43.31761840097577	11660.983851867504	1744.768186993944	0.0	1322.768892154199	43.31761840097577
262	43.10536287725435	11704.08921474476	1750.946330252039	0.0	1328.8310502963807	43.10536287725435
263	46.07275507616755	11750.161969820925	1760.2429118587916	0.0	1336.1492484408843	46.07275507616755
264	46.851681481809216	11797.01365130274	1770.3603325082952	0.0	1342.6799762153032	46.851681481809216
265	43.8914500515768	11840.905101354314	1777.9946521543543	0.0	1347.6654344168846	43.8914500515768
266	43.47073462706335	11884.375835981376	1782.8026921373616	0.0	1352.9933320622795	43.47073462706335
267	42.64802179814629	11927.023857779519	1788.455496531038	0.0	1356.8974256419938	42.64802179814629
268	40.756945341304885	11967.780803120828	1791.2073655074025	0.0	1361.779822856052	40.756945341304885
269	42.034184074944044	12009.814987195765	1795.3606823771652	0.0	1367.5502658649134	42.034184074944044
270	44.560036287667025	12054.375023483442	1801.798556825717	0.0	1371.4412595635768	44.560036287667025
271	40.477320597086965	12094.852344080522	1805.4034388853127	0.0	1373.8997903645093	40.477320597086965
272	43.357746232517414	12138.21009031304	1809.6892540312938	0.0	1379.9083075246294	43.357746232517414
273	44.969614782197304	12183.179705095245	1817.8277067452593	0.0	1387.3528566885918	44.969614782197304
274	43.40199062943397	12226.58169572467	1822.6827208640243	0.0	1390.8386345295419	43.40199062943397
275	44.94606608206327	12271.527761806734	1830.7368081982513	0.0	1396.9646523227211	44.94606608206327
276	43.028585026755934	12314.556346833488	1835.8930129754233	0.0	1401.5631941865556	43.028585026755934
277	43.092965921303175	12357.649312754795	1841.9807981833978	0.0	1409.4983564865327	43.092965921303175
278	44.12113735343525	12401.770450108237	1849.9040292761815	0.0	1415.6501353828073	44.12113735343525
279	45.284245648939766	12447.05469575717	1857.9511167653484	0.0	1419.9813374185946	45.284245648939766
280	43.89414195638944	12490.948837713566	1863.9759939821554	0.0	1427.9799726420665	43.89414195638944
281	44.46825823205651	12535.417095945622	1869.7288121833406	0.0	1434.7659782609696	44.46825823205651
282	47.513770673322476	12582.930866618939	1879.8380624744643	0.0	1441.615174774536	47.513770673322476
283	45.145858808600714	12628.076725427542	1886.3096211873608	0.0	1448.39113996679	45.145858808600714
284	44.07753412554332	12672.154259553085	1892.0738234665894	0.0	1456.5260739242808	44.07753412554332
285	42.410852898197334	12714.56511245128	1895.6432215069215	0.0	1459.5345952601203	42.410852898197334
286	42.54749607890544	12757.112608530188	1899.0912000755693	0.0	1464.840349106698	42.54749607890544
287	45.20053639210771	12802.313144922291	1906.1595696250997	0.0	1467.8160692742385	45.20053639210771
288	43.17634774625842	12845.489492668545	1910.6465524064913	0.0	1472.1830726800388	43.17634774625842
289	44.46009696232678	12889.949589630878	1917.2376116572436	0.0	1479.691801219425	44.46009696232678
290	44.32078333465949	12934.270372965539	1924.5081723175283	0.0	1486.0627945358585	44.32078333465949
291	42.34775382044738	12976.618126785987	1929.2599384253972	0.0	1490.6709087832833	42.34775382044738
292	45.6064713823162	13022.224598168306	1935.9423324141694	0.0	1498.979943290388	45.6064713823162
293	42.40322044063932	13064.627818608942	1941.038394206386	0.0	1504.7704733739972	42.40322044063932
294	43.86763221073023	13108.495450819673	1948.7504311047037	0.0	1510.0545015898585	43.86763221073023
295	45.12130889417227	13153.616759713837	1957.7102776174477	0.0	1515.1778698140413	45.12130889417227
296	42.560493122013696	13196.177252835862	1963.2996121503422	0.0	1523.439457492688	42.560493122013696
297	42.87907398699596	13239.056326822858	1969.227088730046	0.0	1529.533824687803	42.87907398699596
298	41.928408816615175	13280.984735639464	1973.8047735227444	0.0	1536.03703160668	41.928408816615175
299	44.13368868786502	13325.118424327335	1979.5946684219955	0.0	1539.528270239932	44.13368868786502
300	47.76855328414897	13372.886977611477	1989.956748235255	0.0	1547.013160434034	47.76855328414897
301	44.54359201342972	13417.43056962491	1995.6247500728045	0.0	1551.993527256861	44.54359201342972
302	42.43949693389953	13459.870066558817	2000.0095195334427	0.0	1555.7523098456263	42.43949693389953
303	43.94232484473609	13503.812391403553	2005.7328626267483	0.0	1561.0481419882078	43.94232484473609
304	44.926478202731644	13548.738869606283	2012.9502088301826	0.0	1567.646834301879	44.926478202731644
305	43.45339866939096	13592.192268275674	2018.285786474738	0.0	1575.0128853197411	43.45339866939096
306	44.6322074818275	13636.824475757496	2026.3096206470457	0.0	1582.3104859636544	44.6322074818275
307	44.48583525562691	13681.310311013125	2033.1964965533884	0.0	1586.2388915298613	44.48583525562691
308	42.708114670971156	13724.018425684088	2039.4957778758824	0.0	1591.2412071503152	42.708114670971156
309	44.61832135796678	13768.636747042061	2046.252344320725	0.0	1596.643939973206	44.61832135796678
310	44.566563520700186	13813.203310562765	2053.214223846201	0.0	1606.821812256454	44.566563520700186
311	43.310610348953375	13856.513920911713	2059.5761124022674	0.0	1613.2338865567351	43.310610348953375
312	41.27084858624035	13897.784769497954	2062.1052146078277	0.0	1616.815053179509	41.27084858624035
313	43.292347752453814	13941.077117250403	2067.190975137305	0.0	1621.1585201518549	43.292347752453814
314	41.98571645831091	13983.062833708718	2072.266412065174	0.0	1625.0394460632901	41.98571645831091
315	45.90092675336542	14028.963760462084	2080.5446644288377	0.0	1631.999976803677	45.90092675336542
316	43.82518188255569	14072.78894234464	2087.0850982793813	0.0	1635.923752589845	43.82518188255569
317	43.29657919816666	14116.085521542807	2091.9413984850507	0.0	1641.759379914513	43.29657919816666
318	44.20785833737446	14160.293379880182	2098.4261262874074	0.0	1649.270186302555	44.20785833737446
319	43.98179896876322	14204.275178848946	2104.2881755477824	0.0	1655.040149816748	43.98179896876322
320	44.81972293915589	14249.094901788101	2110.8358566593133	0.0	1659.2398500621366	44.81972293915589
321	45.324159260488095	14294.419061048595	2118.938392806185	0.0	1666.4556998758765	45.324159260488095
322	42.736185970793166	14337.15524701938	2124.3514293969965	0.0	1671.5190216879334	42.736185970793166
323	45.69230359957052	14382.847550618952	2130.409279455597	0.0	1682.3584591588706	45.69230359957052
324	44.60631636342113	14427.453866982376	2136.586847638965	0.0	1687.6136067086898	44.60631636342113
325	43.04870290887247	14470.502569891245	2142.3530829679785	0.0	1689.753498811947	43.04870290887247
326	45.29693187360482	14515.799501764852	2148.9344021160996	0.0	1698.7966334304083	45.29693187360482
327	45.454378568390055	14561.253880333245	2156.1124406642502	0.0	1702.8219586501775	45.454378568390055
328	43.86589381175958	14605.119774144998	2163.084542285139	0.0	1707.7034279628542	43.86589381175958
329	45.33623455228267	14650.456008697287	2170.2785081156453	0.0	1714.3156194861197	45.33623455228267
330	43.45062754183512	14693.90663623913	2175.011015528717	0.0	1720.8220320611904	43.45062754183512
331	44.26845043172684	14738.175086670844	2183.417655488056	0.0	1726.3836000718165	44.26845043172684
332	43.593991124867706	14781.769077795714	2188.533180663672	0.0	1732.376377026943	43.593991124867706
333	42.09453798506353	14823.86361578077	2191.2440310013208	0.0	1738.150542091788	42.09453798506353
334	44.706553460533215	14868.57016924131	2197.763946532022	0.0	1745.4224739531412	44.706553460533215
335	42.60744572412389	14911.177614965434	2201.999756777541	0.0	1752.396809966136	42.60744572412389
336	45.98507894769298	14957.162693913131	2208.71894785858	0.0	1757.865946148591	45.98507894769298
337	42.195277006165824	14999.357970919287	2213.540226903194	0.0	1762.0896248412807	42.195277006165824
338	43.68598213200784	15043.043953051301	2218.921724782796	0.0	1768.253811272725	43.68598213200784
339	41.92340552066939	15084.967358571976	2223.4489405443965	0.0	1774.460680767466	41.92340552066939
340	42.433256720545344	15127.400615292516	2228.938704009493	0.0	1777.9193517406777	42.433256720545344
341	45.1307418437395	15172.531357136259	2238.1737029876585	0.0	1783.5507189816965	45.1307418437395
342	45.26505392348629	15217.79641105974	2245.010475616593	0.0	1790.1018225126684	45.26505392348629
343	42.18363797260806	15259.98004903235	2250.5081916710537	0.0	1794.7649035859974	42.18363797260806
344	42.2177256518775	15302.197774684226	2254.806504635019	0.0	1801.0753886305445	42.2177256518775
345	42.80000282245688	15344.997777506685	2260.0530892093016	0.0	1804.946159748833	42.80000282245688
346	42.34023855985779	15387.338016066535	2265.2167442380005	0.0	1811.369891319538	42.34023855985779
347	44.85234879515	15432.190364861703	2271.7954088320257	0.0	1817.0044097767304	44.85234879515
348	44.13691100238351	15476.327275864072	2279.2868175621315	0.0	1822.01419970822	44.13691100238351
349	43.68983864082047	15520.017114504897	2286.789405501182	0.0	1825.9240565799885	43.68983864082047
350	43.145271499115616	15563.162386004014	2292.1083840816204	0.0	1830.3781684732091	43.145271499115616
351	43.93866530295346	15607.101051306961	2297.114137565037	0.0	1836.9120173901056	43.93866530295346
352	44.24506864762153	15651.34611995459	2305.027973700683	0.0	1843.2691618945485	44.24506864762153
353	44.33899508612451	15695.685115040713	2310.945752415374	0.0	1850.4573546594295	44.33899508612451
354	45.17406324856382	15740.859178289274	2318.294035901808	0.0	1856.9477886781094	45.17406324856382
355	47.45161293142989	15788.310791220705	2326.340139816712	0.0	1863.8687759083468	47.45161293142989
356	44.55099509757701	15832.861786318284	2332.495965794254	0.0	1869.6753109403548	44.55099509757701
357	42.94454264398357	15875.806328962266	2337.4974266936797	0.0	1871.5538493007746	42.94454264398357
358	46.472842990253824	15922.27917195252	2347.2010362620404	0.0	1878.622289491837	46.472842990253824
359	44.40018457247842	15966.67935652499	2354.6333481883125	0.0	1883.4911764547762	44.40018457247842
360	44.15251783147748	16010.831874356467	2360.3237492471376	0.0	1890.8921036093686	44.15251783147748
361	44.88733783680765	16055.719212193282	2367.3563394936054	0.0	1896.421421537945	44.88733783680765
362	44.17600150878349	16099.89521370207	2372.1726435473365	0.0	1900.9788681553073	44.17600150878349
363	44.22995527972157	16144.125168981787	2379.3994000171115	0.0	1907.2110109618407	44.22995527972157
364	42.78898993079708	16186.914158912583	2384.8199548047423	0.0	1910.6063283633928	42.78898993079708
365	44.04940140619046	16230.963560318773	2388.7058892823434	0.0	1918.6733855470413	44.04940140619046
366	43.918568396400644	16274.882128715175	2393.602852787064	0.0	1922.8104624685304	43.918568396400644
367	42.29591406176752	16317.178042776935	2397.36421113476	0.0	1926.7841558545024	42.29591406176752
368	42.6004861948889	16359.778528971832	2402.8787940578477	0.0	1934.072078525994	42.6004861948889
369	42.29835167965559	16402.076880651497	2407.8355156478747	0.0	1937.888169668647	42.29835167965559
370	42.23695638919214	16444.313837040678	2412.021863450301	0.0	1942.0237060885863	42.23695638919214
371	41.88525940760103	16486.199096448287	2414.2457031335293	0.0	1946.3632229709551	41.88525940760103
372	39.91007635005784	16526.10917279834	2416.3246347751374	0.0	1951.3002834429235	39.91007635005784
373	42.89872979033614	16569.007902588673	2420.4068723755477	0.0	1957.7558254373882	42.89872979033614
374	43.59662579581893	16612.604528384494	2426.801150786375	0.0	1964.4518988692616	43.59662579581893
375	44.958697046671496	16657.563225431168	2434.210210924426	0.0	1969.6008574278685	44.958697046671496
376	44.40873960389656	16701.971965035074	2441.258151187588	0.0	1975.3980779122294	44.40873960389656
377	42.249135622165284	16744.221100657236	2445.856671076236	0.0	1979.4566724454644	42.249135622165284
378	41.8281457214474	16786.049246378672	2449.470320736813	0.0	1983.0113451275265	41.8281457214474
379	42.7192203901047	16828.768466768775	2454.2957864061113	0.0	1984.6600972438657	42.7192203901047
380	45.041919362139055	16873.810386130917	2461.033275224597	0.0	1991.0149197108967	45.041919362139055
381	42.881023396490626	16916.69140952741	2465.1707275506083	0.0	1996.1454924472855	42.881023396490626
382	46.47926351410722	16963.170673041524	2473.23719347194	0.0	2002.830431861617	46.47926351410722
383	44.71937300112417	17007.89004604263	2480.4578726316436	0.0	2010.5046460338613	44.71937300112417
384	46.48198415029652	17054.372030192942	2489.0402956706935	0.0	2016.0096270555275	46.48198415029652
385	42.46932957634329	17096.841359769274	2494.794736347899	0.0	2022.6307858730202	42.46932957634329
386	43.54726144899043	17140.388621218273	2498.7966118102513	0.0	2026.9014512865815	43.54726144899043
387	43.95489969293502	17184.3435209112	2504.5724410540515	0.0	2032.9682966279968	43.95489969293502
388	43.397263541807696	17227.740784453024	2510.218821309115	0.0	2038.284563178923	43.397263541807696
389	46.099127304064666	17273.839911757077	2519.712736196336	0.0	2044.407053891077	46.099127304064666
390	45.212967480408736	17319.052879237483	2525.917860271488	0.0	2050.820600444441	45.212967480408736
391	41.88941651337284	17360.94229575086	2530.4056138807273	0.0	2054.228375317082	41.88941651337284
392	44.590257725106056	17405.532553475972	2537.2864276780833	0.0	2060.3086852354195	44.590257725106056
393	45.15944112599916	17450.691994601966	2544.9937354837866	0.0	2065.192815532243	45.15944112599916
394	45.18019771963051	17495.872192321596	2552.8339734653937	0.0	2069.8117106693207	45.18019771963051
395	43.962070394214564	17539.83426271581	2560.0796370447847	0.0	2076.6707307864262	43.962070394214564
396	39.73699024732888	17579.571252963142	2560.879232908634	0.0	2077.742863522214	39.73699024732888
397	40.44228583019019	17620.013538793322	2563.3891194251737	0.0	2084.010280621102	40.44228583019019
398	44.754315171139744	17664.767853964473	2569.036506123801	0.0	2087.1833265991168	44.754315171139744
399	44.33425545930858	17709.102109423777	2575.8158493625906	0.0	2091.3041221989947	44.33425545930858
400	43.73686824759018	17752.838977671374	2581.407716365336	0.0	2096.621616125721	43.73686824759018
401	43.04630239602923	17795.885280067392	2588.6248723819463	0.0	2100.876750594654	43.04630239602923
402	42.7701982202227	17838.655478287626	2594.994170413785	0.0	2106.4968216856196	42.7701982202227
403	42.85958426280536	17881.515062550425	2600.7405017824462	0.0	2113.5777376800993	42.85958426280536
404	42.592682221700095	17924.10774477213	2605.988112873419	0.0	2119.0005580665584	42.592682221700095
405	43.77042392088278	17967.878168693	2611.8456943748247	0.0	2122.6472534686714	43.77042392088278
406	43.50888772858099	18011.387056421583	2616.0424098416142	0.0	2127.4960116308393	43.50888772858099
407	42.75635006276393	18054.14340648435	2621.291227038782	0.0	2133.982138980906	42.75635006276393
408	41.20364193851476	18095.347048422867	2624.407771400798	0.0	2136.2048493283523	41.20364193851476
409	43.88786731634404	18139.23491573922	2631.020578442815	0.0	2140.0969352659667	43.88786731634404
410	43.055863988342644	18182.290779727547	2637.095913841853	0.0	2148.3478242805663	43.055863988342644
411	45.84603666992776	18228.136816397488	2644.8843067615667	0.0	2153.973084462596	45.84603666992776
412	42.544414293367126	18270.68123069085	2650.149091506446	0.0	2159.4962247753756	42.544414293367126
413	43.98024800993537	18314.661478700782	2655.664999971684	0.0	2164.795725602461	43.98024800993537
414	46.08719125642578	18360.74866995721	2663.462782820736	0.0	2171.618947919846	46.08719125642578
415	43.5054910319189	18404.254160989134	2669.7322327552224	0.0	2176.891675353297	43.5054910319189
416	42.831365017171976	18447.0855260063	2675.372173457353	0.0	2181.0001126393217	42.831365017171976
417	43.721449046871655	18490.80697505317	2680.467578708677	0.0	2188.9200111407513	43.721449046871655
418	43.5510348291373	18534.358009882315	2686.253937753635	0.0	2193.8381664765725	43.5510348291373
419	43.35751756916336	18577.71552745147	2691.9992619619147	0.0	2198.2875103752317	43.35751756916336
420	44.393296317756814	18622.10882376923	2699.0069734393496	0.0	2204.4187992966154	44.393296317756814
421	42.13631687031928	18664.245140639545	2702.3926424056494	0.0	2209.5141023024757	42.13631687031928
422	43.85775479346129	18708.102895433003	2709.7876605629626	0.0	2214.0864495658484	43.85775479346129
423	45.477200069397355	18753.580095502413	2718.285394178104	0.0	2219.2789337882186	45.477200069397355
424	41.599312943770094	18795.179408446184	2722.885187636782	0.0	2224.5525428432616	41.599312943770094
425	43.84220637771107	18839.021614823887	2729.0701731034815	0.0	2229.803374490167	43.84220637771107
426	43.59453356829681	18882.616148392182	2732.9944074703817	0.0	2235.3152004415997	43.59453356829681
427	44.65890770259644	18927.275056094786	2740.9908425841913	0.0	2243.79984843178	44.65890770259644
428	45.47121260404537	18972.746268698822	2748.0854616209153	0.0	2245.853369560727	45.47121260404537
429	45.688261669123506	19018.43453036796	2755.5712309836813	0.0	2253.8901471177523	45.688261669123506
430	42.81146592292669	19061.24599629088	2760.584243638009	0.0	2257.949243388964	42.81146592292669
431	44.013943991170926	19105.259940282056	2767.3851449108047	0.0	2264.7830788908777	44.013943991170926
432	44.88895894270234	19150.148899224758	2775.963372441131	0.0	2272.274090334799	44.88895894270234
433	43.25938745584557	19193.408286680602	2781.343661501047	0.0	2276.8360697622056	43.25938745584557
434	43.62699380074348	19237.03528048134	2786.586486932403	0.0	2279.8532662892094	43.62699380074348
435	43.014878304633356	19280.050158785973	2791.573470893339	0.0	2285.593365404736	43.014878304633356
436	40.50012555590939	19320.550284341884	2794.8740775278698	0.0	2290.733542153391	40.50012555590939
437	43.7981611913035	19364.34844553318	2801.6241945512943	0.0	2297.885786284582	43.7981611913035
438	44.98789041148537	19409.336335944667	2807.5572335377788	0.0	2302.9408320881225	44.98789041148537
439	45.14236250569441	19454.47869845037	2816.0696322173953	0.0	2308.0614101960223	45.14236250569441
440	43.88252167339729	19498.361220123767	2823.0876881828613	0.0	2316.4916470204203	43.88252167339729
441	42.19399831129376	19540.555218435056	2826.9458371094133	0.0	2320.8021265629404	42.19399831129376
442	45.03592852277675	19585.591146957835	2835.24442581253	0.0	2328.2310462905034	45.03592852277675
443	44.46077610456557	19630.0519230624	2841.466802542531	0.0	2335.0407143645953	44.46077610456557
444	45.53043262146095	19675.58235568386	2850.2780674069722	0.0	2342.1191189000174	45.53043262146095
445	42.43454301553248	19718.01689869939	2854.4901806377306	0.0	2347.0186872185354	42.43454301553248
446	42.24413553951512	19760.26103423891	2858.325142128796	0.0	2352.4537505116523	42.24413553951512
447	45.384324612128665	19805.64535885103	2867.3980569488253	0.0	2358.3598999599762	45.384324612128665
448	46.07107538951293	19851.71643424055	2874.9927612166043	0.0	2364.284563903656	46.07107538951293
449	43.63240513720605	19895.348839377755	2880.8077666620543	0.0	2371.887035193608	43.63240513720605
450	45.56491170963117	19940.913751087377	2890.1690943073363	0.0	2376.6422255131797	45.56491170963117
451	43.72347165265633	19984.637222740042	2895.0469573918604	0.0	2380.931090093432	43.72347165265633
452	43.356482481535934	20027.99370522158	2901.702342318409	0.0	2384.0158426626467	43.356482481535934
453	44.02713786353961	20072.02084308512	2909.1215849627743	0.0	2389.3767088532363	44.02713786353961
454	44.167209864126725	20116.18805294925	2916.0201593319794	0.0	2394.0738313731235	44.167209864126725
455	46.031832968778126	20162.21988591801	2924.116771318596	0.0	2401.390962869972	46.031832968778126
456	44.21156766790747	20206.43145358593	2929.5586324578258	0.0	2404.2758014921365	44.21156766790747
457	44.29223959135939	20250.72369317729	2936.819775233039	0.0	2408.7619710033314	44.29223959135939
458	44.90705881340234	20295.630751990695	2943.4052708988816	0.0	2413.5580043648597	44.90705881340234
459	43.07454951082791	20338.70530150152	2949.3126631932087	0.0	2419.567579632745	43.07454951082791
460	41.824302392170274	20380.529603893687	2952.455826687061	0.0	2423.4615276292616	41.824302392170274
461	47.67973724322473	20428.209341136913	2961.285214252716	0.0	2429.0578842299287	47.67973724322473
462	45.43624305109843	20473.64558418802	2969.453582292613	0.0	2434.1172007011355	45.43624305109843
463	44.270924254568214	20517.916508442588	2976.3200090934297	0.0	2440.479948705894	44.270924254568214
464	45.20991818648949	20563.126426629082	2982.9089053793446	0.0	2445.719693991555	45.20991818648949
465	43.148627670112	20606.27505429919	2987.872337617122	0.0	2451.786384318954	43.148627670112
466	42.684581076732336	20648.95963537592	2993.2404855905957	0.0	2457.454498334312	42.684581076732336
467	43.50635037129995	20692.465985747218	2998.7145784232566	0.0	2462.1657609923045	43.50635037129995
468	42.721555527348094	20735.187541274565	3003.7641659963947	0.0	2467.3923378802124	42.721555527348094
469	45.7421384921292	20780.92967976669	3010.5405185884765	0.0	2473.8850816397394	45.7421384921292
470	43.84670199860809	20824.776381765303	3016.344639184775	0.0	2479.2760447544097	43.84670199860809
471	42.41160439311953	20867.187986158424	3019.280832157761	0.0	2483.314604951603	42.41160439311953
472	44.950360848753206	20912.13834700717	3027.343473220466	0.0	2488.4890995458263	44.950360848753206
473	43.64867810023563	20955.78702510741	3034.1135035874786	0.0	2493.8829557322274	43.64867810023563
474	43.63195870661269	20999.418983814026	3040.2941674089084	0.0	2500.2297942115592	43.63195870661269
475	43.25538781629328	21042.674371630314	3046.197200425217	0.0	2507.161627840311	43.25538781629328
476	43.98225608233813	21086.65662771265	3050.944480083064	0.0	2512.9443013295927	43.98225608233813
477	44.45907655271156	21131.11570426536	3056.934469038857	0.0	2519.827067454194	44.45907655271156
478	44.353315812235515	21175.46902007761	3062.2950901250406	0.0	2527.8347375095523	44.353315812235515
479	42.35899341831733	21217.82801349592	3068.1872650973555	0.0	2530.2291617687324	42.35899341831733
480	42.99798178648086	21260.825995282376	3072.0578776388475	0.0	2533.4143772122848	42.99798178648086
481	43.78313148894897	21304.60912677135	3077.861846925826	0.0	2537.2989592707054	43.78313148894897
482	43.431202821958216	21348.040329593307	3082.767156674672	0.0	2544.1540770309834	43.431202821958216
483	46.11988536605528	21394.160214959356	3088.8235581227755	0.0	2549.4406627283583	46.11988536605528
484	45.739017165251255	21439.899232124615	3096.354480835852	0.0	2555.8842863706477	45.739017165251255
485	46.00198373296787	21485.90121585758	3104.4875655970905	0.0	2562.7661447056203	46.00198373296787
486	44.83541351406877	21530.73662937165	3112.049732115928	0.0	2573.2368876754235	44.83541351406877
487	44.304772769694125	21575.04140214135	3119.8997206252157	0.0	2579.3624352701254	44.304772769694125
488	44.18025986709235	21619.221662008447	3126.4147303291747	0.0	2584.126490392719	44.18025986709235
489	44.90241586243181	21664.124077870863	3135.024583366153	0.0	2590.7839933857385	44.90241586243181
490	44.65260452507724	21708.776682395943	3141.8012225623806	0.0	2597.929223348155	44.65260452507724
491	46.43558490353572	21755.212267299477	3150.0095848243523	0.0	2605.4918427095986	46.43558490353572
492	44.16528006948638	21799.37754736897	3157.027430775095	0.0	2610.329295993232	44.16528006948638
493	45.011827556325436	21844.38937492529	3165.016911654161	0.0	2617.8488895528	45.011827556325436
494	44.81719737681636	21889.20657230212	3172.3701017774783	0.0	2624.7869416682925	44.81719737681636
495	43.36395398856964	21932.570526290685	3177.879725375578	0.0	2630.1951950037687	43.36395398856964
496	42.30886248771686	21974.8793887784	3183.098685661868	0.0	2635.013697308084	42.30886248771686
497	42.405467818208315	22017.2848565966	3187.056694509358	0.0	2638.303750033435	42.405467818208315
498	47.544675261701656	22064.829531858304	3197.0193149413867	0.0	2645.5265056888557	47.544675261701656
499	43.13692372316097	22107.966455581463	3202.7462109043413	0.0	2651.8035819337874	43.13692372316097
500	43.3913792648016	22151.35783484627	3208.6475614875676	0.0	2656.818992784788	43.3913792648016
501	42.37152947129247	22193.72936431756	3214.583839372438	0.0	2660.724263669758	42.37152947129247
502	45.90085151472065	22239.630215832276	3222.065190160609	0.0	2666.316029008065	45.90085151472065
503	44.50166507952846	22284.13188091181	3228.648514939543	0.0	2672.478588823623	44.50166507952846
504	43.897641990749264	22328.02952290257	3234.598266032753	0.0	2674.6969215830914	43.897641990749264
505	42.138744915534424	22370.168267818088	3238.034063508398	0.0	2680.023016247534	42.138744915534424
506	43.69420113390651	22413.862468952007	3244.8224952666387	0.0	2685.8615654226833	43.69420113390651
507	41.25199169038783	22455.114460642395	3248.7359862320636	0.0	2689.013492235057	41.25199169038783
508	43.210278249113834	22498.32473889151	3255.1815949578886	0.0	2697.7585090231887	43.210278249113834
509	43.95908599535674	22542.283824886857	3260.9591487101134	0.0	2703.301069989882	43.95908599535674
510	41.55494606199115	22583.83877094885	3266.979461268152	0.0	2706.480513837119	41.55494606199115
511	44.81806388514519	22628.656834834	3274.66905300271	0.0	2712.9103374384836	44.81806388514519
512	43.2758167347196	22671.93265156872	3278.97791446525	0.0	2720.1637282338497	43.2758167347196
513	42.647718252157254	22714.580369820873	3283.6856345832807	0.0	2725.176384026684	42.647718252157254
514	44.73926380647014	22759.31963362734	3290.8310186699605	0.0	2729.676419639145	44.73926380647014
515	39.99143132471559	22799.31106495205	3294.434417358063	0.0	2732.0065377736896	39.99143132471559
516	43.58745552169177	22842.898520473744	3300.356262025769	0.0	2737.582776193177	43.58745552169177
517	41.3535411535997	22884.252061627343	3302.6324618692697	0.0	2739.308253997717	41.3535411535997
518	42.83645898985453	22927.088520617202	3307.6852904686193	0.0	2745.752726778298	42.83645898985453
519	43.25128166710451	22970.33980228431	3314.460892635485	0.0	2748.734560804003	43.25128166710451
520	42.18445587606573	23012.52425816038	3320.07073750459	0.0	2752.339863747254	42.18445587606573
521	43.78300370984637	23056.307261870214	3325.319723247218	0.0	2757.8075983801973	43.78300370984637
522	42.869095311962575	23099.17635718218	3329.1076175826265	0.0	2763.357888562568	42.869095311962575
523	45.35761394017707	23144.533971122364	3336.341109381058	0.0	2769.032572965064	45.35761394017707
524	44.671452440116376	23189.205423562482	3336.341109381058	0.0	2773.371648667988	44.671452440116376
