task	reward	total_reward	total_regret	relative	total_reward_dev	joules
0	58.516927092748205	58.516927092748205	8.876465898969537	0.0	31.08414190676063	58.516927092748205
1	51.99575101924257	110.51267811199081	13.2598640033529	0.0	35.508916177268325	51.99575101924257
2	59.894556879268706	170.4072349912594	24.01777243576943	0.0	50.46876660736111	59.894556879268706
3	52.92562648871556	223.33286147997512	30.62314448697884	0.0	56.30336235243316	52.92562648871556
4	56.4788057727361	279.8116672527111	35.32518022030772	0.0	67.53761481511039	56.4788057727361
5	55.802551266144874	335.61421851885615	43.49274563250767	0.0	76.00619262510256	55.802551266144874
6	59.45441100914646	395.06862952800236	55.371239158971235	0.0	83.51955497723164	59.45441100914646
7	52.67273506207613	447.74136459007866	58.740132323576155	0.0	91.41046258669142	52.67273506207613
8	58.9373623380953	506.67872692817366	67.0321422067021	0.0	97.58474663803291	58.9373623380953
9	55.91984166870439	562.5985685968783	72.93499321696467	0.0	99.77513369523064	55.91984166870439
10	76.89978384656386	639.4983524434424	99.20700591508621	0.0	105.16799510034062	76.89978384656386
11	76.52158347222887	716.0199359156711	127.32720178575761	0.0	104.3695134536562	76.52158347222887
12	79.60260410847717	795.6225400241483	156.14818408287746	0.0	108.16041314112256	79.60260410847717
13	74.79358462183555	870.4161246459835	181.0584138561497	0.0	109.17432672985258	74.79358462183555
14	78.62600530913069	949.0421299551147	212.86909049453908	0.0	110.02568287808313	78.62600530913069
15	73.11072200376408	1022.1528519588787	237.76254900152944	0.0	112.09911144821277	73.11072200376408
16	82.3995785018242	1104.5524304607027	269.35752859436707	0.0	120.87306434048787	82.3995785018242
17	75.41855198700796	1179.9709824477106	294.804826425495	0.0	124.70183476860599	75.41855198700796
18	76.28050120799918	1256.2514836557093	322.9616877105324	0.0	126.23869387215291	76.28050120799918
19	77.35862507175202	1333.6101087274617	351.0467724562912	0.0	127.25489686841648	77.35862507175202
20	56.32389052735661	1389.9339992548175	357.6976275135145	0.0	135.8965456567622	56.32389052735661
21	55.280921033222015	1445.2149202880405	363.72992495175	0.0	140.6003265096997	55.280921033222015
22	57.679995431794296	1502.8949157198344	371.3132072414903	0.0	144.43125666852802	57.679995431794296
23	59.42460462840231	1562.319520348237	382.73239192540393	0.0	153.72626616977348	59.42460462840231
24	59.07736783352057	1621.396888181757	393.6523104910628	0.0	163.4836158204497	59.07736783352057
25	52.92283790845305	1674.3197260902107	396.40157160748254	0.0	166.26666097884774	52.92283790845305
26	63.48918113371687	1737.8089072239275	411.7122792753469	0.0	175.26531114906535	63.48918113371687
27	58.533809784919555	1796.3427170088473	422.88836115848045	0.0	182.2340279234663	58.533809784919555
28	56.65626884002489	1852.9989858488718	430.3795583618404	0.0	190.94903831152112	56.65626884002489
29	56.9619216491845	1909.9609074980558	438.24566292201877	0.0	192.57830240841724	56.9619216491845
30	61.44675336448995	1971.4076608625455	452.0091312049735	0.0	195.88938999057007	61.44675336448995
31	55.70238898909478	2027.1100498516403	458.5284252060257	0.0	199.74130299620185	55.70238898909478
32	55.07468108173968	2082.1847309333807	465.42608926848584	0.0	204.43920154823087	55.07468108173968
33	58.508572934638316	2140.693303868018	474.82158555646413	0.0	206.48307694327204	58.508572934638316
34	58.501122565251826	2199.1944264332706	484.3199730253937	0.0	212.53714085516273	58.501122565251826
35	54.987799547378806	2254.182225980651	489.7979074997344	0.0	219.49869299270915	54.987799547378806
36	58.61254553628396	2312.794771516934	501.26828406150327	0.0	224.4239198472996	58.61254553628396
37	58.5579806939091	2371.3527522108425	512.6082456851599	0.0	230.36143535492488	58.5579806939091
38	55.28980003231132	2426.642552243154	518.3749450734404	0.0	237.03418322568933	55.28980003231132
39	54.8094174861877	2481.451969729342	523.5600902375478	0.0	239.64190700400493	54.8094174861877
40	53.64872252542981	2535.1006922547704	530.5278996385208	0.0	244.66628173870728	53.64872252542981
41	52.951238586308946	2588.051930841081	534.055215799128	0.0	248.01681887299765	52.951238586308946
42	59.67002549739637	2647.7219563384774	546.4528671210032	0.0	254.8137772052815	59.67002549739637
43	56.82866065381968	2704.5506169922965	552.8220466073511	0.0	263.58584577495697	56.82866065381968
44	54.90261450745365	2759.453231499749	557.7835434681834	0.0	272.52919757905875	54.90261450745365
45	57.33118255632628	2816.7844140560755	566.0754128049036	0.0	275.64043606536814	57.33118255632628
46	56.759288959184794	2873.5437030152634	571.9766767885819	0.0	280.1784857961746	56.759288959184794
47	58.185621778243174	2931.7293247935067	579.5748640275078	0.0	283.94693978788615	58.185621778243174
48	60.3734270109873	2992.102751804492	593.6042869681626	0.0	290.7240855154358	60.3734270109873
49	52.99530700271822	3045.09805880721	597.5053278327318	0.0	292.270420121745	52.99530700271822
50	51.74393599792335	3096.841994805133	601.2298244529042	0.0	296.72326797887797	51.74393599792335
51	58.77163745839054	3155.6136322635243	611.9166609295758	0.0	300.47911529112343	58.77163745839054
52	56.91000102346776	3212.5236332869913	620.3284558113235	0.0	307.09885887359457	56.91000102346776
53	58.162254123198906	3270.6858874101886	630.244695259351	0.0	310.4639467686037	58.162254123198906
54	55.67885371795468	3326.3647411281454	636.3321468094579	0.0	319.62723299181533	55.67885371795468
55	52.614071446307165	3378.9788125744512	642.8445331045561	0.0	322.37934831784185	52.614071446307165
56	53.0298001033002	3432.0086126777505	647.2729555425294	0.0	331.9487877267807	53.0298001033002
57	59.1917740476135	3491.2003867253666	658.4420724606686	0.0	344.14966086212473	59.1917740476135
58	57.975559504660275	3549.175946230027	667.021487322152	0.0	348.20985771215925	57.975559504660275
59	53.77324663755797	3602.949192867583	673.6305036797175	0.0	353.418000492249	53.77324663755797
60	55.77216656821565	3658.721359435801	681.8695161915841	0.0	361.57549103466556	55.77216656821565
61	53.473706658104696	3712.195066093905	685.2197691629196	0.0	368.2582365594239	53.473706658104696
62	57.419741061953054	3769.61480715586	694.9830955564203	0.0	375.4644043230861	57.419741061953054
63	58.83429003448461	3828.4490971903415	703.5371673169835	0.0	378.54822803937674	58.83429003448461
64	57.96760379451241	3886.416700984854	712.7706080325197	0.0	385.28887897419196	57.96760379451241
65	54.444829654634994	3940.8615306394895	718.3426519584382	0.0	392.88343556288754	54.444829654634994
66	61.57172034731814	4002.433250986807	730.7037030942719	0.0	397.6906348459297	61.57172034731814
67	55.162091105310665	4057.5953420921196	736.1398125403856	0.0	399.8614388290407	55.162091105310665
68	53.34770557746058	4110.943047669578	741.6845646826422	0.0	406.5315807901797	53.34770557746058
69	56.14186032492854	4167.0849079945065	750.0056685530315	0.0	408.74727626326336	56.14186032492854
70	59.04772330252371	4226.132631297031	759.2219611939177	0.0	413.3575970523594	59.04772330252371
71	54.780027882619855	4280.91265917965	765.5417717315321	0.0	417.86690357594165	54.780027882619855
72	51.114610453392515	4332.027269633041	768.8663751365266	0.0	418.90761735010693	51.114610453392515
73	60.26351633701801	4392.290785970061	780.045077788665	0.0	429.41088468269527	60.26351633701801
74	53.82950202101193	4446.120287991072	784.4596230793317	0.0	435.84053379545344	53.82950202101193
75	62.140266317248695	4508.260554308323	798.457651533542	0.0	435.21276583114707	62.140266317248695
76	60.23001116059595	4568.490565468917	809.8893923207543	0.0	443.22163656750774	60.23001116059595
77	57.286336191775156	4625.776901660694	817.0022186540311	0.0	452.0228836050723	57.286336191775156
78	54.79016622264488	4680.567067883342	819.9537220260696	0.0	456.5350821695477	54.79016622264488
79	57.40091615742705	4737.967984040765	827.3471870774025	0.0	463.9789278323833	57.40091615742705
80	55.06676289874719	4793.0347469395165	834.5205585400382	0.0	470.02300934123275	55.06676289874719
81	60.50676182008574	4853.541508759597	842.7330461949066	0.0	475.536255000454	60.50676182008574
82	56.04696159906107	4909.588470358659	849.2987363380909	0.0	479.3388673436669	56.04696159906107
83	52.41503031143082	4962.00350067009	853.8629896263935	0.0	483.2391252068515	52.41503031143082
84	57.569266020037816	5019.572766690128	861.1948160924991	0.0	491.36385472161777	57.569266020037816
85	61.106727569749864	5080.679494259879	874.9386694774576	0.0	498.3456739032615	61.106727569749864
86	56.7901960489971	5137.469690308874	882.8312533318859	0.0	504.628045366055	56.7901960489971
87	53.20089188431636	5190.670582193191	884.9827323727819	0.0	508.3153803340327	53.20089188431636
88	61.05695244551128	5251.727534638704	896.4453239867041	0.0	513.5671028751408	61.05695244551128
89	51.87797563365241	5303.605510272356	899.3215121692062	0.0	517.8525987566355	51.87797563365241
90	53.4309091506395	5357.036419422994	905.9384371435215	0.0	520.3638187684177	53.4309091506395
91	57.73452379013082	5414.770943213125	914.2637732791503	0.0	523.8950755320304	57.73452379013082
92	56.48865949089649	5471.259602704023	923.4098805360143	0.0	529.0482366953418	56.48865949089649
93	62.152122480750315	5533.411725184773	935.383325831776	0.0	530.5608171971747	62.152122480750315
94	60.79043812263572	5594.202163307407	949.2073301404357	0.0	538.0481606793186	60.79043812263572
95	63.23727882401964	5657.439442131425	964.6488159423052	0.0	540.1141305046766	63.23727882401964
96	60.62288532067483	5718.0623274521	977.8767064272208	0.0	554.0387904840985	60.62288532067483
97	53.94451980093271	5772.006847253036	983.5894646578979	0.0	557.9409700348997	53.94451980093271
98	51.115551653092886	5823.122398906129	986.75493088902	0.0	562.3489865396016	51.115551653092886
99	58.59070575456994	5881.713104660702	996.4557410787473	0.0	565.2252138829429	58.59070575456994
100	59.68969725568484	5941.402801916384	1007.8163621441956	0.0	568.5229953199586	59.68969725568484
101	51.85809167247837	5993.260893588862	1012.9751546685288	0.0	574.5068252803719	51.85809167247837
102	55.633634254533945	6048.894527843393	1018.5195852586214	0.0	583.566719049864	55.633634254533945
103	60.735105677905004	6109.629633521301	1031.3326466023366	0.0	585.586867419062	60.735105677905004
104	57.897041336824415	6167.526674858125	1042.2635882698385	0.0	593.6147743944289	57.897041336824415
105	55.84178260215027	6223.368457460277	1050.8216011404243	0.0	597.997247483002	55.84178260215027
106	54.71557992114494	6278.084037381421	1056.4164507339733	0.0	605.1257720512292	54.71557992114494
107	59.700587829522554	6337.784625210942	1067.56442847157	0.0	611.4413649503417	59.700587829522554
108	55.07333908350613	6392.857964294446	1072.9597023065405	0.0	617.7931802511187	55.07333908350613
109	59.95944717755533	6452.817411472002	1082.3370195978266	0.0	620.6743997310429	59.95944717755533
110	60.70113436552307	6513.5185458375245	1094.262190425994	0.0	624.8579867705351	60.70113436552307
111	61.533904228740305	6575.0524500662705	1104.8082457573228	0.0	628.2545082603913	61.533904228740305
112	56.063969957060365	6631.11642002333	1108.8908989507354	0.0	632.403866013188	56.063969957060365
113	60.261198577108814	6691.377618600436	1119.3221066838576	0.0	635.4211018584641	60.261198577108814
114	55.20083117167523	6746.578449772112	1124.5546944657515	0.0	639.7432796835916	55.20083117167523
115	55.48684757346226	6802.065297345576	1130.6135560772966	0.0	644.8909934798085	55.48684757346226
116	55.593502831025056	6857.658800176595	1137.9345309817718	0.0	649.1403076748727	55.593502831025056
117	56.905896959498804	6914.5646971361	1146.5046611908604	0.0	649.9723809332287	56.905896959498804
118	57.342126297818496	6971.906823433917	1155.8788155364125	0.0	660.8674998579668	57.342126297818496
119	58.449647449448136	7030.356470883366	1164.8401068277908	0.0	662.4404512037243	58.449647449448136
120	54.033559328354116	7084.390030211716	1170.5091062870017	0.0	667.6532582663766	54.033559328354116
121	55.07760075845914	7139.467630970179	1176.053917463983	0.0	671.440862901565	55.07760075845914
122	54.88564152381613	7194.353272493995	1181.950239104255	0.0	676.0084171462681	54.88564152381613
123	63.89160955678904	7258.2448820507825	1198.0400132580244	0.0	688.3883820488156	63.89160955678904
124	58.490479943112376	7316.735361993898	1206.4379343743356	0.0	695.5759279179912	58.490479943112376
125	60.559426419553326	7377.294788413448	1219.9011621499913	0.0	700.9912266379625	60.559426419553326
126	58.416284146089	7435.7110725595385	1229.407182564071	0.0	708.2489732305897	58.416284146089
127	55.48769927643175	7491.198771835969	1237.5446039196547	0.0	712.6818962463747	55.48769927643175
128	59.37267880845271	7550.5714506444165	1249.4854052308715	0.0	719.929097904887	59.37267880845271
129	54.15251794781187	7604.723968592236	1255.1082455214541	0.0	727.0869717569391	54.15251794781187
130	55.64219616328544	7660.366164755524	1260.4449296177436	0.0	730.4606117843778	55.64219616328544
131	56.78257132807251	7717.148736083594	1268.1713021941741	0.0	738.8286229845073	56.78257132807251
132	54.43191492664928	7771.580651010244	1273.068768891011	0.0	744.2919334389462	54.43191492664928
133	56.635569381548606	7828.216220391787	1283.1556784516633	0.0	745.5521728057008	56.635569381548606
134	56.91062085947163	7885.126841251267	1290.8657618505574	0.0	748.2702471019031	56.91062085947163
135	59.808218115084046	7944.935059366346	1303.2363420233692	0.0	751.665253628755	59.808218115084046
136	56.290091423721925	8001.225150790069	1311.3705142697656	0.0	759.3608267040739	56.290091423721925
137	53.98526893537233	8055.210419725438	1317.1198285553735	0.0	762.9269418229827	53.98526893537233
138	55.36046840480709	8110.570888130249	1324.05614982312	0.0	768.4076113711321	55.36046840480709
139	55.75155933400206	8166.322447464252	1330.3006183245486	0.0	774.2513344262322	55.75155933400206
140	57.7008547991242	8224.023302263375	1340.3549426239929	0.0	781.0714597958778	57.7008547991242
141	56.23331947968908	8280.256621743065	1348.0788589249548	0.0	790.2590973583225	56.23331947968908
142	56.92975533943072	8337.186377082493	1356.2349465320099	0.0	800.718340688722	56.92975533943072
143	54.87713572855575	8392.063512811052	1362.3934920613497	0.0	803.4093802536977	54.87713572855575
144	52.21455669568465	8444.278069506732	1363.333214890907	0.0	808.6663576681245	52.21455669568465
145	53.844076123335306	8498.122145630075	1369.021780363739	0.0	814.0993542512157	53.844076123335306
146	59.830693027358095	8557.952838657426	1380.0250505832068	0.0	817.6640265011865	59.830693027358095
147	50.17859425657796	8608.131432914008	1379.8524115567175	0.0	825.7478110926887	50.17859425657796
148	54.00638013855245	8662.13781305256	1385.2622703866061	0.0	828.5943466725867	54.00638013855245
149	53.84094937209553	8715.978762424655	1388.4828384902285	0.0	832.92360400274	53.84094937209553
150	56.29107912204407	8772.269841546698	1399.1148317665873	0.0	836.2867756069239	56.29107912204407
151	58.59081430581025	8830.860655852512	1409.1371737488848	0.0	839.0105753097652	58.59081430581025
152	58.90483740285845	8889.765493255365	1418.09380896253	0.0	843.799847085555	58.90483740285845
153	56.610637076211226	8946.376130331584	1425.3464687343376	0.0	846.257760453436	56.610637076211226
154	53.01060481716162	8999.386735148742	1431.3891965388934	0.0	849.5415562005127	53.01060481716162
155	61.97201131277731	9061.358746461518	1444.188383142161	0.0	859.0115767687346	61.97201131277731
156	52.759538658615924	9114.118285120134	1447.0306546063555	0.0	864.3749957089224	52.759538658615924
157	57.34619045930412	9171.464475579442	1456.9551866264496	0.0	868.0157712794503	57.34619045930412
158	57.17280421948137	9228.637279798915	1464.2721115063766	0.0	874.0259617243073	57.17280421948137
159	56.617984551569144	9285.255264350486	1472.4224758878386	0.0	879.7999147772975	56.617984551569144
160	56.56353936220986	9341.818803712695	1479.2912837535468	0.0	884.6376000076655	56.56353936220986
161	56.53663220635832	9398.355435919053	1486.5451942388725	0.0	888.0429082010072	56.53663220635832
162	56.91645306084534	9455.271888979903	1494.7321434870373	0.0	891.2506964321801	56.91645306084534
163	59.09903020642607	9514.370919186325	1506.6315997835711	0.0	899.8409678878908	59.09903020642607
164	54.86376815146492	9569.234687337794	1511.7919323787164	0.0	904.6904555628744	54.86376815146492
165	59.19070519947836	9628.42539253727	1524.683729993558	0.0	907.1450812951346	59.19070519947836
166	52.472875311248835	9680.898267848517	1527.2329721772735	0.0	911.7372458247639	52.472875311248835
167	53.971666579601404	9734.869934428121	1532.8205942460659	0.0	916.0659512929104	53.971666579601404
168	56.22740376350105	9791.097338191623	1543.2159923735592	0.0	922.945721604067	56.22740376350105
169	57.059959546916126	9848.157297738531	1551.0827483206604	0.0	930.1766260909832	57.059959546916126
170	63.359143128459465	9911.51644086699	1565.1070414419487	0.0	941.5139862877301	63.359143128459465
171	55.91969651649853	9967.436137383494	1572.7443489763175	0.0	945.5386820517037	55.91969651649853
172	54.58720504596568	10022.023342429457	1577.2213012730049	0.0	950.6254161403124	54.58720504596568
173	55.1565103777057	10077.179852807165	1584.6382764536775	0.0	952.9832884919571	55.1565103777057
174	57.98642549033209	10135.166278297496	1594.272394138488	0.0	960.4113463731173	57.98642549033209
175	53.05919731764206	10188.225475615141	1600.3136001498217	0.0	966.8224709574625	53.05919731764206
176	57.69704766209099	10245.922523277231	1611.1586698099363	0.0	970.9173045497242	57.69704766209099
177	60.77829634374628	10306.700819620979	1622.2263656838873	0.0	973.1711756666826	60.77829634374628
178	53.73048470769953	10360.431304328677	1626.831705990756	0.0	977.7472094859111	53.73048470769953
179	59.27165670792805	10419.702961036604	1636.2070082619423	0.0	988.6942703376482	59.27165670792805
180	59.44819669154032	10479.151157728147	1646.9979309710607	0.0	990.7050786070573	59.44819669154032
181	56.57879812023658	10535.729955848383	1652.5140766220152	0.0	998.8132081821684	56.57879812023658
182	52.52667827866697	10588.256634127049	1657.1788096006865	0.0	1004.883765372203	52.52667827866697
183	56.64614252334425	10644.902776650395	1664.9164356960546	0.0	1010.3054565561308	56.64614252334425
184	57.514079278986	10702.416855929376	1673.8019457276846	0.0	1013.2959864251111	57.514079278986
185	52.641791784303976	10755.05864771368	1678.3082670363397	0.0	1024.5143481735029	52.641791784303976
186	51.60294002081193	10806.661587734496	1680.7281127206752	0.0	1029.1464168812397	51.60294002081193
187	57.26905785259162	10863.930645587083	1687.8102648436768	0.0	1034.0430395740168	57.26905785259162
188	59.75574867624038	10923.686394263332	1702.129387572409	0.0	1038.4824097248515	59.75574867624038
189	52.49901265205888	10976.185406915385	1706.4535213671468	0.0	1041.6158019367879	52.49901265205888
190	56.87283178689335	11033.058238702279	1712.1774895602946	0.0	1046.7003332929282	56.87283178689335
191	52.416615795755895	11085.474854498036	1714.9628288181543	0.0	1053.3899417151968	52.416615795755895
192	53.35297765321957	11138.827832151253	1717.2801327828354	0.0	1060.191265675849	53.35297765321957
193	55.48129880001599	11194.30913095127	1725.2189355507726	0.0	1070.6410311286782	55.48129880001599
194	57.48316650704491	11251.792297458313	1734.6599326179212	0.0	1074.4646105924278	57.48316650704491
195	55.74741572884723	11307.539713187165	1741.786640175319	0.0	1078.3458409145705	55.74741572884723
196	62.2136724594861	11369.753385646642	1755.9638426806155	0.0	1080.3893391725076	62.2136724594861
197	54.43231793408001	11424.185703580726	1762.1736863857739	0.0	1084.3284168557605	54.43231793408001
198	54.60975287149633	11478.79545645222	1765.0475867193254	0.0	1088.2377911372112	54.60975287149633
199	53.10994774543713	11531.905404197667	1768.9094526824113	0.0	1094.5337275868076	53.10994774543713
200	51.511751840582235	11583.417156038242	1771.6975469897493	0.0	1100.981338058928	51.511751840582235
201	58.52098779849063	11641.938143836727	1783.4477304024151	0.0	1103.5668639442224	58.52098779849063
202	57.19859694839136	11699.136740785123	1790.6641905675208	0.0	1111.8044534596193	57.19859694839136
203	61.57269564714611	11760.709436432266	1802.4777922206163	0.0	1119.3414239991205	61.57269564714611
204	63.65538401936558	11824.364820451632	1817.6539433946489	0.0	1125.7426976414667	63.65538401936558
205	55.32560819091039	11879.690428642542	1824.1111873733823	0.0	1129.9338634385704	55.32560819091039
206	54.99173627959004	11934.682164922133	1833.4094623037422	0.0	1133.209980578816	54.99173627959004
207	52.086765746153	11986.768930668286	1836.2062004786492	0.0	1136.4822642779047	52.086765746153
208	52.667218203044	12039.436148871337	1839.7981251930366	0.0	1141.6943223771138	52.667218203044
209	55.25306088549174	12094.689209756823	1847.5097245559125	0.0	1146.127635108842	55.25306088549174
210	55.18674232351236	12149.87595208034	1853.878230773421	0.0	1152.7271975551707	55.18674232351236
211	61.034019304322285	12210.909971384659	1864.331019183159	0.0	1157.4598086628794	61.034019304322285
212	58.71660895955719	12269.62658034422	1875.3771202593614	0.0	1161.1969948704673	58.71660895955719
213	51.52087785658837	12321.147458200807	1878.9415333432196	0.0	1170.3719144385987	51.52087785658837
214	53.931294715416755	12375.078752916223	1884.303393433182	0.0	1174.7921235999281	53.931294715416755
215	59.5060659045864	12434.58481882081	1896.1885511983821	0.0	1181.0236040427783	59.5060659045864
216	57.87695957667562	12492.46177839748	1905.7526132159314	0.0	1186.3154529598994	57.87695957667562
217	56.40408456813341	12548.865862965617	1913.2559426995688	0.0	1191.041087514977	56.40408456813341
218	55.66497840486139	12604.530841370479	1921.1563901590662	0.0	1196.3962048508313	55.66497840486139
219	54.89027469804523	12659.421116068528	1929.076243482377	0.0	1198.3934282326982	54.89027469804523
220	57.127787913669735	12716.548903982202	1936.0791347816482	0.0	1206.9404223268662	57.127787913669735
221	51.92826096781392	12768.477164950014	1938.7234127604613	0.0	1211.1699692176899	51.92826096781392
222	55.718642547214785	12824.195807497223	1944.204611006304	0.0	1219.1794462210048	55.718642547214785
223	59.265304597187516	12883.461112094414	1955.1491793774426	0.0	1221.9228977532055	59.265304597187516
224	58.53812813691304	12941.99924023132	1963.0247860163277	0.0	1231.3294035593885	58.53812813691304
225	54.61163610313604	12996.610876334456	1968.6032261292714	0.0	1237.8207131856443	54.61163610313604
226	53.91434155075958	13050.525217885217	1972.4305245368816	0.0	1241.84583909555	53.91434155075958
227	54.49913872958593	13105.024356614798	1978.4029248968152	0.0	1248.4608509818825	54.49913872958593
228	54.91031295072769	13159.934669565528	1981.5228685166358	0.0	1252.380952362965	54.91031295072769
229	59.86425558616169	13219.79892515169	1992.7274005902502	0.0	1258.9763043686773	59.86425558616169
230	57.30867316826474	13277.107598319964	2000.8420542228093	0.0	1261.9981893060076	57.30867316826474
231	58.80326428687308	13335.910862606826	2012.1981504721198	0.0	1265.5638066683252	58.80326428687308
232	58.055611353942076	13393.966473960772	2021.7506544860205	0.0	1268.7232480611551	58.055611353942076
233	54.826863048053404	13448.793337008818	2025.3255803894479	0.0	1272.5071459652852	54.826863048053404
234	54.741045501951305	13503.53438251078	2034.0737023251763	0.0	1281.9769211845623	54.741045501951305
235	55.67354515549521	13559.207927666279	2040.9080111440367	0.0	1286.2584062650085	55.67354515549521
236	55.994066016617474	13615.201993682895	2045.2020527442219	0.0	1290.34026512276	55.994066016617474
237	57.09772182889472	13672.299715511785	2054.227915050287	0.0	1298.776269724255	57.09772182889472
238	60.102550327348624	13732.402265839131	2067.3091086734944	0.0	1303.070250246225	60.102550327348624
239	60.31356193596957	13792.715827775104	2078.2504838902883	0.0	1311.0411347076565	60.31356193596957
240	59.708664556424225	13852.424492331522	2090.572070799693	0.0	1312.2918734214375	59.708664556424225
241	58.00102159995583	13910.425513931477	2099.3804419985395	0.0	1324.0770221333673	58.00102159995583
242	56.45901586002742	13966.884529791512	2106.7180197675416	0.0	1330.3764194933472	56.45901586002742
243	58.71692107856863	14025.60145087008	2115.985499062678	0.0	1335.2081183186326	58.71692107856863
244	55.02537908441313	14080.626829954494	2122.460977291186	0.0	1340.83745319942	55.02537908441313
245	56.77336356018716	14137.400193514675	2129.999551515602	0.0	1347.9124728540532	56.77336356018716
246	59.554505870228134	14196.954699384898	2141.3696982916344	0.0	1352.1507000134409	59.554505870228134
247	60.97478748536093	14257.92948687027	2153.2485529219175	0.0	1354.3395100024266	60.97478748536093
248	60.08351411918368	14318.013000989447	2164.814696260972	0.0	1358.1777054689194	60.08351411918368
249	59.86801654737338	14377.881017536816	2177.411305644561	0.0	1360.5153927385222	59.86801654737338
250	56.04447614847086	14433.925493685294	2183.285296938734	0.0	1368.344498202253	56.04447614847086
251	52.71691573130897	14486.642409416598	2187.8513224184794	0.0	1373.56912359554	52.71691573130897
252	58.862683586439196	14545.505093003043	2197.7279605985877	0.0	1381.7241135530687	58.862683586439196
253	58.68631294770295	14604.19140595074	2207.4024961602167	0.0	1389.2622823325178	58.68631294770295
254	56.07988814991358	14660.271294100658	2215.739795109747	0.0	1394.4488458627306	56.07988814991358
255	61.57464717135335	14721.845941272006	2229.5106449184077	0.0	1404.964874603794	61.57464717135335
256	56.19396604411498	14778.039907316128	2235.9607192510057	0.0	1409.5558049022015	56.19396604411498
257	61.31172093413868	14839.35162825026	2248.4674375940012	0.0	1416.5454617815844	61.31172093413868
258	54.777374332352295	14894.129002582613	2255.6646295144647	0.0	1419.7653013516924	54.777374332352295
259	55.931852436499824	14950.060855019115	2262.883471507514	0.0	1425.8266703317688	55.931852436499824
260	60.67638390823411	15010.737238927346	2276.887115259619	0.0	1428.4406677392399	60.67638390823411
261	54.80007553553491	15065.537314462885	2284.1179992825	0.0	1432.376160267383	54.80007553553491
262	53.46282059536763	15119.000135058244	2291.3609362206494	0.0	1437.2403688519819	53.46282059536763
263	53.74505421044219	15172.7451892687	2297.101909767726	0.0	1442.294971987426	53.74505421044219
264	55.114888884140015	15227.860078152837	2305.423014082117	0.0	1446.8092431156667	55.114888884140015
265	52.23825695211823	15280.09833510496	2309.54175023635	0.0	1451.1336717872691	52.23825695211823
266	58.61738032311011	15338.715715428058	2321.560881961565	0.0	1458.1022876179434	58.61738032311011
267	58.61206796564605	15397.327783393706	2329.988804868273	0.0	1461.6711411410326	58.61206796564605
268	65.32623532193827	15462.654018715646	2346.9836620627534	0.0	1469.2342494073941	65.32623532193827
269	63.05592088443951	15525.709939600083	2363.6228340903604	0.0	1471.4920161189757	63.05592088443951
270	60.2195052551997	15585.929444855288	2376.2228595700417	0.0	1474.2654395370898	60.2195052551997
271	58.1597436454834	15644.089188500773	2385.8938417406184	0.0	1478.904572165542	58.1597436454834
272	59.42390312828485	15703.513091629058	2398.419392885097	0.0	1484.9239155733358	59.42390312828485
273	54.041534585792924	15757.554626214847	2404.0712509875298	0.0	1493.1692335099406	54.041534585792924
274	51.53499331142753	15809.089619526274	2406.9743282195113	0.0	1496.0396582143496	51.53499331142753
275	58.453900618356485	15867.543520144634	2416.1172788723543	0.0	1498.3192011311653	58.453900618356485
276	54.26386676240648	15921.807386907045	2421.1597530230033	0.0	1504.8112985966286	54.26386676240648
277	56.18290137658344	15977.990288283627	2429.689019300617	0.0	1510.9359736160857	56.18290137658344
278	57.317110074926504	16035.307398358556	2438.046593429986	0.0	1515.045745661536	57.317110074926504
279	58.05118285911565	16093.358581217668	2448.0789433702626	0.0	1523.0272481034533	58.05118285911565
280	55.31208166199496	16148.670662879655	2455.115996386983	0.0	1524.8566824552036	55.31208166199496
281	58.1700333223273	16206.840696201987	2462.169727874001	0.0	1530.8429071358926	58.1700333223273
282	61.10690109911971	16267.947597301105	2473.710957907384	0.0	1532.4585706754424	61.10690109911971
283	59.415483644223656	16327.363080945332	2485.732805131496	0.0	1535.9641289900042	59.415483644223656
284	60.42282568806525	16387.78590663339	2496.6008196226326	0.0	1542.1592811083747	60.42282568806525
285	58.92457706299276	16446.71048369638	2508.225994161482	0.0	1547.5696349480866	58.92457706299276
286	54.49697374655307	16501.207457442943	2512.6198590623057	0.0	1554.2399914630987	54.49697374655307
287	59.36374114186746	16560.571198584803	2523.8860454967457	0.0	1556.7612242846767	59.36374114186746
288	53.85643773725426	16614.427636322063	2529.8568227764163	0.0	1562.083012739369	53.85643773725426
289	54.07241009694051	16668.500046419	2535.5719980777085	0.0	1565.8712967025383	54.07241009694051
290	55.168768808406895	16723.668815227415	2542.4356616276086	0.0	1569.7154930334361	55.168768808406895
291	53.817648579061576	16777.486463806472	2547.3218241079608	0.0	1576.9546815091346	53.817648579061576
292	56.469792339672466	16833.95625614615	2554.9944643260314	0.0	1580.2491987050591	56.469792339672466
293	54.01219733020282	16887.968453476347	2560.355322608892	0.0	1585.1223917280945	54.01219733020282
294	56.259622728474795	16944.22807620482	2567.1341036278704	0.0	1590.617499657386	56.259622728474795
295	61.32498309773671	17005.553059302558	2580.2625121798424	0.0	1595.7831309973149	61.32498309773671
296	55.28471592954923	17060.837775232103	2585.561854759783	0.0	1599.187638849866	55.28471592954923
297	55.629572284027105	17116.46734751614	2594.2295561459164	0.0	1601.6374301964954	55.629572284027105
298	59.25370428917635	17175.721051805307	2606.148368988503	0.0	1604.0600289480226	59.25370428917635
299	54.22027482074458	17229.941326626056	2610.717789531305	0.0	1608.2929165544238	54.22027482074458
300	58.355358804830374	17288.296685430883	2619.8480417030064	0.0	1612.2436766777062	58.355358804830374
301	55.716080059325876	17344.012765490217	2627.4885299756024	0.0	1621.4384686957997	55.716080059325876
302	63.92239763793963	17407.935163128146	2640.9198180624912	0.0	1625.454852605149	63.92239763793963
303	58.09130740285318	17466.026470531004	2649.591853744662	0.0	1630.2087608873424	58.09130740285318
304	59.89995871795472	17525.926429248953	2660.1274533919163	0.0	1634.802936436586	59.89995871795472
305	55.28725502111015	17581.21368427008	2666.6538958986966	0.0	1638.2772980444347	55.28725502111015
306	55.405958133309106	17636.61964240337	2673.020929140841	0.0	1641.7702224115512	55.405958133309106
307	54.994579367271626	17691.61422177065	2679.240983692389	0.0	1645.5103687930148	54.994579367271626
308	60.352364430699645	17751.966586201346	2692.7050048099536	0.0	1654.4286753302433	60.352364430699645
309	56.402025007658395	17808.36861120901	2699.3840193749575	0.0	1661.3915164262166	56.402025007658395
310	56.08633822569134	17864.454949434697	2708.188118452732	0.0	1664.4588565082606	56.08633822569134
311	56.317188028240935	17920.772137462936	2715.065075385083	0.0	1668.2914299140702	56.317188028240935
312	57.425056835223685	17978.197194298158	2724.992485050029	0.0	1671.6946625836797	57.425056835223685
313	53.07017734487668	18031.26737164304	2731.059714586532	0.0	1677.2348225335143	53.07017734487668
314	58.81309422597637	18090.080465869018	2741.744816400584	0.0	1679.9470336777508	58.81309422597637
315	59.415020781001694	18149.495486650016	2749.8452628689965	0.0	1683.346073972059	59.415020781001694
316	52.98474665113369	18202.480233301147	2754.371046058318	0.0	1688.6759113841385	52.98474665113369
317	57.54235175524517	18260.022585056387	2763.477557058242	0.0	1694.7502499239893	57.54235175524517
318	63.926487796031196	18323.949072852425	2779.282403045584	0.0	1698.638698093172	63.926487796031196
319	56.81613133254405	18380.76520418497	2789.1908960944675	0.0	1701.0514031656853	56.81613133254405
320	56.79288071080055	18437.558084895772	2797.941810643394	0.0	1705.0879336443838	56.79288071080055
321	59.26105320490031	18496.819138100665	2807.3641068795378	0.0	1708.8462215729458	59.26105320490031
322	57.21913499145836	18554.038273092126	2818.4435702309684	0.0	1710.0682231564303	57.21913499145836
323	60.274364248359845	18614.3126373405	2832.393136659547	0.0	1709.835705885867	60.274364248359845
324	50.92830140636495	18665.240938746858	2834.6648180164107	0.0	1717.4847025711358	50.92830140636495
325	56.01297563000898	18721.25391437687	2844.6089475295635	0.0	1721.6199867049254	56.01297563000898
326	57.974050361592106	18779.227964738464	2852.9155684768602	0.0	1726.2124645829551	57.974050361592106
327	56.10957921516975	18835.33754395362	2860.0741119819413	0.0	1730.7859463382724	56.10957921516975
328	53.91279302636007	18889.250336979985	2865.5736950435276	0.0	1739.2914480777536	53.91279302636007
329	57.51755189219043	18946.767888872175	2873.8433914444386	0.0	1747.862999377999	57.51755189219043
330	52.11868558787759	18998.88657446006	2877.301133215856	0.0	1753.069693665107	52.11868558787759
331	50.91519827368055	19049.80177273374	2880.7637205660644	0.0	1758.5552732897313	50.91519827368055
332	55.18707844282701	19104.988851176557	2886.656241397097	0.0	1764.1046542672714	55.18707844282701
333	54.23319855518856	19159.222049731743	2893.0602230592417	0.0	1768.7147021096064	54.23319855518856
334	54.003508170287084	19213.225557902024	2899.398160596931	0.0	1771.8125925280465	54.003508170287084
335	56.98930439553718	19270.21486229758	2906.5748383473583	0.0	1778.1601087912754	56.98930439553718
336	55.273681345372296	19325.488543642954	2914.863805042956	0.0	1786.0827947852254	55.273681345372296
337	59.63813485774166	19385.12667850069	2922.510372476019	0.0	1792.5061710398911	59.63813485774166
338	54.68805918347556	19439.814737684166	2927.351466006612	0.0	1799.6485957241673	54.68805918347556
339	58.984953804319076	19498.79969148848	2937.0348032137927	0.0	1805.592069977719	58.984953804319076
340	56.55755088938921	19555.35724237786	2944.602216584678	0.0	1810.027601256905	56.55755088938921
341	58.95458979754728	19614.31183217543	2954.5745664358324	0.0	1817.7959627399348	58.95458979754728
342	60.0324905632333	19674.34432273865	2967.222977361057	0.0	1826.6320966919916	60.0324905632333
343	56.25861290534843	19730.602935644005	2974.368733994057	0.0	1832.1895851848296	56.25861290534843
344	54.29028904519882	19784.8932246892	2979.8516649074504	0.0	1836.7329941424337	54.29028904519882
345	57.077361903961034	19841.970586593157	2986.349509914237	0.0	1845.1182914216731	57.077361903961034
346	55.230968115629224	19897.20155470879	2993.599012026537	0.0	1848.6628256759202	55.230968115629224
347	56.633161464307044	19953.834716173096	3001.867989701514	0.0	1852.5459645411179	56.633161464307044
348	55.94093221734664	20009.77564839045	3006.8766144845554	0.0	1857.3123837867038	55.94093221734664
349	62.56120591280805	20072.33685430325	3020.2997985316715	0.0	1861.354405006148	62.56120591280805
350	57.20424852443174	20129.541102827687	3027.661494118516	0.0	1864.9407846748325	57.20424852443174
351	55.72283944468858	20185.263942272373	3035.3838884442584	0.0	1867.910618923439	55.72283944468858
352	57.5233651457867	20242.787307418163	3044.5090519598766	0.0	1871.7393685559216	57.5233651457867
353	57.14785219542666	20299.93515961359	3054.2150789520356	0.0	1876.1264204837423	57.14785219542666
354	57.23959985986758	20357.174759473455	3063.532050563785	0.0	1878.9514343017127	57.23959985986758
355	59.45807788134019	20416.632837354788	3074.2894678541306	0.0	1889.3159206141015	59.45807788134019
356	53.158910141887546	20469.791747496674	3079.9331249329352	0.0	1897.50291525977	53.158910141887546
357	59.67596209662826	20529.467709593297	3091.0583429032085	0.0	1901.7821936234332	59.67596209662826
358	57.19056690387373	20586.658276497175	3098.4236464222317	0.0	1912.2825840980024	57.19056690387373
359	60.00943192592029	20646.667708423105	3109.4226948505902	0.0	1917.080067925482	60.00943192592029
360	56.87393896748676	20703.54164739059	3117.737119073006	0.0	1923.857387906499	56.87393896748676
361	54.68742004497337	20758.229067435557	3123.7578564607084	0.0	1927.850403919598	54.68742004497337
362	56.463671572122564	20814.692739007693	3130.7029587286083	0.0	1937.5416992265068	56.463671572122564
363	54.13535416561109	20868.828093173302	3136.689551385016	0.0	1945.4340801343064	54.13535416561109
364	55.50239588263751	20924.330489055923	3143.3741518982533	0.0	1950.1157892031504	55.50239588263751
365	56.031824372500296	20980.362313428428	3150.0369589793672	0.0	1953.7091420238933	56.031824372500296
366	55.02134326215833	21035.383656690585	3154.5072101450323	0.0	1955.894063322427	55.02134326215833
367	56.94851737738787	21092.33217406798	3163.3856230029824	0.0	1961.482268889173	56.94851737738787
368	57.63205468203371	21149.96422875001	3169.8604033894853	0.0	1965.2460907556224	57.63205468203371
369	53.71540998966909	21203.679638739686	3174.2928682447355	0.0	1971.5973190696477	53.71540998966909
370	57.09117034835308	21260.77080908803	3180.3642903394975	0.0	1974.6191189023334	57.09117034835308
371	58.23786200158118	21319.008671089614	3190.321877184603	0.0	1979.201409622007	58.23786200158118
372	57.56917301062274	21376.57784410025	3199.1825560203115	0.0	1988.1176662584655	57.56917301062274
373	64.714326374116	21441.29217047435	3214.183939703673	0.0	1990.1021178270655	64.714326374116
374	56.515424078522116	21497.80759455288	3220.6076145923557	0.0	1994.0706149713087	56.515424078522116
375	50.750686129965004	21548.558280682842	3223.9658938555904	0.0	2000.0225587786838	50.750686129965004
376	54.10071692868518	21602.658997611525	3227.83027933124	0.0	2005.7972657379194	54.10071692868518
377	55.976486214378	21658.63548382591	3233.2217841050788	0.0	2011.5400851901718	55.976486214378
378	59.43464139321368	21718.070125219117	3244.6456715439726	0.0	2021.7012118760415	59.43464139321368
379	54.35985898104595	21772.429984200164	3248.9441694948196	0.0	2025.6281426707403	54.35985898104595
380	61.718487098635954	21834.148471298795	3261.0442109002156	0.0	2027.5141473204426	61.718487098635954
381	58.99294398831667	21893.14141528711	3270.7205680448055	0.0	2029.8657397416976	58.99294398831667
382	57.23907950651444	21950.38049479363	3278.1037553319475	0.0	2036.2180574422325	57.23907950651444
383	59.45222674261102	22009.832721536248	3287.9266911421623	0.0	2037.8291492780183	59.45222674261102
384	52.7924603145317	22062.625181850777	3292.575617997394	0.0	2041.7167173795983	52.7924603145317
385	57.45181770841487	22120.076999559187	3302.4428146544537	0.0	2053.4240397458148	57.45181770841487
386	60.257951038011264	22180.334950597196	3313.3509692906246	0.0	2060.075663403377	60.257951038011264
387	57.56892499612098	22237.903875593325	3319.11622035194	0.0	2068.883524280466	57.56892499612098
388	59.59347059916925	22297.497346192496	3330.6671586439375	0.0	2079.1532135242446	59.59347059916925
389	58.4327618562575	22355.93010804874	3338.5269624529687	0.0	2083.6048130088316	58.4327618562575
390	57.447499360931204	22413.377607409675	3345.8008425191615	0.0	2085.7963291890546	57.447499360931204
391	53.746768153509656	22467.124375563188	3349.689700634462	0.0	2090.5514065022335	53.746768153509656
392	57.08030469305553	22524.20468025623	3357.57263330987	0.0	2096.0783293758814	57.08030469305553
393	54.15168701529101	22578.356367271543	3363.7834817448916	0.0	2100.5460376280353	54.15168701529101
394	55.502752012955376	22633.859119284483	3368.8196838319245	0.0	2105.153373054444	55.502752012955376
395	57.436416673693984	22691.29553595819	3377.2212701617336	0.0	2109.6412899776333	57.436416673693984
396	59.730736525947606	22751.026272484134	3389.0924485917853	0.0	2114.162954325113	59.730736525947606
397	57.58982230137132	22808.616094785513	3395.3995439811406	0.0	2121.494264177408	57.58982230137132
398	59.02497511113569	22867.641069896632	3404.992357462333	0.0	2123.0460060703913	59.02497511113569
399	56.720143261018	22924.361213157652	3412.5166929653415	0.0	2126.343284737793	56.720143261018
400	56.62467189466119	22980.985885052316	3421.1830117966833	0.0	2129.887728538738	56.62467189466119
401	57.650944426844305	23038.636829479165	3427.886820675061	0.0	2136.594600683154	57.650944426844305
402	61.38580244818803	23100.02263192734	3440.618029591596	0.0	2143.6302408479346	61.38580244818803
403	53.22457674176314	23153.247208669112	3445.1499315886117	0.0	2150.4802279669616	53.22457674176314
404	57.841621726803105	23211.08883039592	3454.635062281421	0.0	2152.7012484482843	57.841621726803105
405	58.76827280455648	23269.85710320047	3464.5416514367867	0.0	2158.227800710578	58.76827280455648
406	55.26315339452491	23325.120256594982	3471.0585729406866	0.0	2166.1243674129078	55.26315339452491
407	54.280202428832865	23379.400459023822	3476.9274234157974	0.0	2170.997077408408	54.280202428832865
408	58.38394473475168	23437.784403758586	3488.2715277782286	0.0	2176.509894366809	58.38394473475168
409	57.585611990224336	23495.370015748813	3497.779277692635	0.0	2179.6685861245383	57.585611990224336
410	59.60467479790483	23554.974690546715	3511.2888444580694	0.0	2183.8443430676934	59.60467479790483
411	50.558311412637856	23605.533001959346	3512.609940505076	0.0	2189.527709599222	50.558311412637856
412	55.44550092339432	23660.978502882746	3518.37105506422	0.0	2193.2523458726364	55.44550092339432
413	54.91621432431411	23715.894717207048	3523.16387340713	0.0	2200.3994785084883	54.91621432431411
414	60.09384695194603	23775.98856415901	3534.4695868290814	0.0	2203.7490425601372	60.09384695194603
415	55.26830794330278	23831.256872102298	3543.810266781387	0.0	2209.659010164966	55.26830794330278
416	55.08485697753202	23886.34172907984	3550.0806752814215	0.0	2214.5319125607443	55.08485697753202
417	57.34702537026137	23943.688754450108	3559.237479197777	0.0	2215.390786934199	57.34702537026137
418	58.88577049943325	24002.574524949534	3571.8624182573794	0.0	2219.352851673882	58.88577049943325
419	58.64557659466244	24061.220101544186	3580.715959510734	0.0	2222.7048731454856	58.64557659466244
420	56.72081525349484	24117.940916797685	3588.382105197199	0.0	2232.201067714594	56.72081525349484
421	62.059112614179824	24180.000029411876	3603.0954513232095	0.0	2237.4200802465302	62.059112614179824
422	54.95777003956821	24234.957799451437	3610.236523310396	0.0	2243.1125324035424	54.95777003956821
423	54.432950988306395	24289.39075043974	3616.947243902943	0.0	2249.1504490760826	54.432950988306395
424	63.12872527001647	24352.519475709763	3632.1254628421966	0.0	2252.5602565268923	63.12872527001647
425	56.371691123225034	24408.891166832986	3638.6202817914095	0.0	2261.75002931665	56.371691123225034
426	62.48423050632892	24471.375397339318	3652.2876979170132	0.0	2264.745408478528	62.48423050632892
427	60.46683039312435	24531.842227732435	3664.1645220623705	0.0	2272.4808566190886	60.46683039312435
428	57.73757817376281	24589.57980590621	3675.313241178835	0.0	2280.157846619137	57.73757817376281
429	56.12699583483401	24645.706801741035	3684.227353979152	0.0	2287.6367581250133	56.12699583483401
430	52.93816473511276	24698.644966476164	3689.2932519653336	0.0	2291.9074073429506	52.93816473511276
431	57.96238788776354	24756.607354363914	3697.5891459010772	0.0	2298.679569463466	57.96238788776354
432	58.71491484676277	24815.32226921066	3706.8330273200054	0.0	2302.8930518238362	58.71491484676277
433	53.71495828796385	24869.03722749863	3712.3245989604343	0.0	2309.4611780905275	53.71495828796385
434	62.106079078067076	24931.14330657671	3724.0427028383233	0.0	2316.313702818158	62.106079078067076
435	54.90330882310249	24986.046615399802	3732.7774229698443	0.0	2320.5769402697756	54.90330882310249
436	51.14057044182086	25037.18718584163	3736.211611544532	0.0	2326.5905544025563	51.14057044182086
437	58.54963941036742	25095.73682525198	3747.2638981598443	0.0	2339.682288597902	58.54963941036742
438	60.591462503404315	25156.32828775541	3758.533220799464	0.0	2345.187302048789	60.591462503404315
439	55.65305672869692	25211.9813444841	3763.308902298395	0.0	2348.586545597845	55.65305672869692
440	58.644273655665984	25270.62561813976	3775.290095020441	0.0	2350.0548470204767	58.644273655665984
441	56.54320965670207	25327.16882779646	3784.2974983461195	0.0	2352.248435731686	56.54320965670207
442	61.217331031868774	25388.386158828336	3795.758640204795	0.0	2359.337522078068	61.217331031868774
443	56.75993789908891	25445.146096727414	3803.776920168691	0.0	2363.7052892185366	56.75993789908891
444	55.25471097285751	25500.40080770028	3810.2389514544393	0.0	2367.7257510765803	55.25471097285751
445	53.31453952698834	25553.71534722727	3817.0378619791118	0.0	2373.762044189561	53.31453952698834
446	57.29358700518831	25611.008934232443	3823.936789965848	0.0	2378.263741305671	57.29358700518831
447	59.74289681080525	25670.751831043268	3835.6297867107282	0.0	2379.8049866147435	59.74289681080525
448	58.90837223870904	25729.660203281976	3846.298777554269	0.0	2388.3334535663244	58.90837223870904
449	58.03235422630333	25787.69255750828	3856.9500738207716	0.0	2392.452686099821	58.03235422630333
450	53.423869606007045	25841.11642711427	3860.7673481092643	0.0	2396.9950765654066	53.423869606007045
451	56.699134080574595	25897.81556119485	3869.7361433540104	0.0	2401.4493240400643	56.699134080574595
452	55.57884129713574	25953.394402491977	3875.7647845796873	0.0	2404.993983208405	55.57884129713574
453	55.86686974321587	26009.261272235202	3884.7709920130483	0.0	2410.4224829427476	55.86686974321587
454	57.20600217768695	26066.467274412895	3895.780447216827	0.0	2415.046032415157	57.20600217768695
455	57.278449061340226	26123.745723474218	3906.576209510446	0.0	2421.1782766400925	57.278449061340226
456	55.933292600522684	26179.679016074748	3911.715031224185	0.0	2424.9426284368205	55.933292600522684
457	57.714047802105725	26237.393063876865	3919.8120758799982	0.0	2427.87185061882	57.714047802105725
458	57.12159452446967	26294.51465840132	3928.631459990603	0.0	2429.7770256770764	57.12159452446967
459	60.9220951504885	26355.43675355181	3940.2700341269187	0.0	2433.7007959506395	60.9220951504885
460	65.05970847138167	26420.49646202319	3957.2897414203953	0.0	2446.1232739155203	65.05970847138167
461	56.900938997383285	26477.397401020597	3967.539129377177	0.0	2449.7944939298786	56.900938997383285
462	56.923032735623686	26534.320433756217	3976.867587554222	0.0	2455.106789458616	56.923032735623686
463	58.81190775285964	26593.132341509056	3988.3088589101467	0.0	2462.603113948041	58.81190775285964
464	56.629498888471126	26649.761840397547	3994.57903109869	0.0	2468.5063276943774	56.629498888471126
465	62.02684794853732	26711.788688346063	4009.026236592644	0.0	2480.1080024453686	62.02684794853732
466	60.54921879255271	26772.337907138644	4021.561561626392	0.0	2483.706601192627	60.54921879255271
467	55.18333606362141	26827.521243202245	4027.8440926001867	0.0	2487.0463291688434	55.18333606362141
468	57.93965719838177	26885.460900400638	4036.168906695257	0.0	2494.3062686803532	57.93965719838177
469	58.069487708500766	26943.530388109124	4044.437017435773	0.0	2503.3041450422475	58.069487708500766
470	59.236086622729005	27002.766474731852	4051.598860646561	0.0	2504.284618384012	59.236086622729005
471	55.514994595922744	27058.281469327776	4060.5992082232115	0.0	2510.954013320364	55.514994595922744
472	60.0376979620863	27118.31916728985	4071.8592235678097	0.0	2517.4376205670155	60.0376979620863
473	54.84640373693035	27173.165571026802	4077.8939060413622	0.0	2522.753648724558	54.84640373693035
474	60.82575642840859	27233.9913274552	4090.749199480852	0.0	2528.293565293031	60.82575642840859
475	58.547140472886085	27292.538467928098	4099.344145698092	0.0	2531.3815394552976	58.547140472886085
476	52.57950638847632	27345.117974316585	4103.782500926202	0.0	2532.8369156947424	52.57950638847632
477	56.81282974638219	27401.930804062966	4110.5841741530785	0.0	2543.5001632842145	56.81282974638219
478	54.33387130802122	27456.264675370967	4117.648477862121	0.0	2547.522514017564	54.33387130802122
479	61.49747068795773	27517.762146058943	4129.418871587989	0.0	2550.173936860862	61.49747068795773
480	51.55925190581382	27569.321397964744	4131.477981269988	0.0	2554.3384407090393	51.55925190581382
481	56.94881351462777	27626.270211479372	4137.695480873347	0.0	2558.2448788108086	56.94881351462777
482	59.260133120320496	27685.53034459969	4149.244174251333	0.0	2562.263769148189	59.260133120320496
483	59.62717343983631	27745.157518039523	4161.78045070149	0.0	2565.946079053726	59.62717343983631
484	60.04491567236982	27805.202433711896	4174.284668698266	0.0	2572.1893463220645	60.04491567236982
485	57.200023440743905	27862.40245715264	4180.810151320396	0.0	2575.8224014842885	57.200023440743905
486	53.89317352569207	27916.295630678334	4183.977267340585	0.0	2580.6427734463223	53.89317352569207
487	54.38996890060982	27970.68559957893	4190.592683903236	0.0	2585.646600561366	54.38996890060982
488	55.34449945479204	28026.03009903373	4196.293309240885	0.0	2593.8183014247143	55.34449945479204
489	54.431289983835896	28080.46138901757	4202.485382071198	0.0	2604.702138906941	54.431289983835896
490	59.27175297951034	28139.73314199708	4215.010144285681	0.0	2607.9664093761426	59.27175297951034
491	58.0792930417919	28197.812435038886	4223.517481419452	0.0	2610.909668764533	58.0792930417919
492	52.88333579730289	28250.69577083617	4228.001191474823	0.0	2614.5508711866105	52.88333579730289
493	58.68452112256787	28309.38029195875	4239.068778713569	0.0	2618.638186564489	58.68452112256787
494	63.51948368437849	28372.899775643124	4255.647144907528	0.0	2620.2175185860933	63.51948368437849
495	50.74739194092925	28423.647167584048	4257.817208037282	0.0	2628.1119236699556	50.74739194092925
496	54.51152295825344	28478.158690542314	4262.569534609436	0.0	2636.005152821991	54.51152295825344
497	62.57305247300572	28540.731743015316	4273.781424349797	0.0	2636.225793407209	62.57305247300572
498	60.21626291452751	28600.948005929855	4286.564082262773	0.0	2641.4981821663473	60.21626291452751
499	59.104665462936765	28660.05267139278	4298.034121064109	0.0	2647.8417854611835	59.104665462936765
500	57.15043378571359	28717.20310517849	4305.307941561076	0.0	2651.5533090828676	57.15043378571359
501	51.426852510619184	28768.62995768912	4308.036490739942	0.0	2655.363035175685	51.426852510619184
502	59.568777135534035	28828.198734824644	4316.960325924955	0.0	2660.951170084127	59.568777135534035
503	57.456692813886406	28885.65542763853	4326.710806038038	0.0	2671.1819529454106	57.456692813886406
504	55.81487403423717	28941.470301672765	4334.114223621319	0.0	2679.247845442961	55.81487403423717
505	55.86556094929578	28997.33586262206	4341.784755446818	0.0	2683.9120795406093	55.86556094929578
506	60.390516539825164	29057.726379161897	4354.134475678239	0.0	2690.320637763661	60.390516539825164
507	57.72664773946376	29115.453026901345	4363.4320097467225	0.0	2696.88715198825	57.72664773946376
508	61.04887323483018	29176.501900136176	4374.899468298308	0.0	2699.0308991932857	61.04887323483018
509	53.31129828423261	29229.81319842042	4380.901128962146	0.0	2701.713621201214	53.31129828423261
510	56.480519489787056	29286.293717910205	4389.558548868092	0.0	2705.1436145311823	56.480519489787056
511	52.98438968186244	29339.278107592072	4392.174840694694	0.0	2710.3240672605666	52.98438968186244
512	60.78980961256404	29400.06791720464	4404.947642862833	0.0	2713.334466329891	60.78980961256404
513	60.44128864830966	29460.50920585293	4418.0927232643	0.0	2715.414362263166	60.44128864830966
514	59.720986771485116	29520.230192624433	4428.4543030286	0.0	2719.736254570478	59.720986771485116
515	55.928205401883794	29576.158398026324	4434.302736898877	0.0	2723.079361201725	55.928205401883794
516	62.24590490790615	29638.4043029342	4449.597421636314	0.0	2730.2146019778816	62.24590490790615
517	57.05781789812093	29695.462120832326	4458.555833647672	0.0	2734.02571970749	57.05781789812093
518	58.48745886795	29753.949579700282	4468.87752717334	0.0	2737.5243511441204	58.48745886795
519	55.9517364562032	29809.90131615649	4478.044528523296	0.0	2741.204479697623	55.9517364562032
520	63.24924930483013	29873.15056546133	4478.044528523296	0.0	2752.8991290509916	63.24924930483013
