task	reward	total_reward	total_regret	relative	total_reward_dev	joules
0	52.8911815221256	52.8911815221256	5.197245334900763	0.0	29.390346063557175	52.8911815221256
1	76.51916220872255	129.41034373084813	31.024402500491423	0.0	37.00558186496548	76.51916220872255
2	63.73639781879555	193.14674154964376	46.09296933634985	0.0	41.619648504587666	63.73639781879555
3	60.80218719432687	253.9489287439706	57.67338861716032	0.0	47.101016761894336	60.80218719432687
4	58.09219515779266	312.0411239017631	68.07265458261907	0.0	53.30176309894913	58.09219515779266
5	59.01230846964799	371.05343237141113	77.3902053913258	0.0	59.35018584150127	59.01230846964799
6	57.053735462734814	428.107167834146	87.6428040978999	0.0	64.65029742847683	57.053735462734814
7	55.5446857445023	483.6518535786482	95.1937694637775	0.0	68.53149118114403	55.5446857445023
8	56.296315369923676	539.948168948572	103.21768763574705	0.0	80.86197185546298	56.296315369923676
9	56.15629242166216	596.1044613702339	110.35518113098996	0.0	87.8402461721933	56.15629242166216
10	55.63269766710323	651.7371590373373	115.11412987690593	0.0	93.90138074064923	55.63269766710323
11	55.87490429787477	707.6120633352122	121.33502291275188	0.0	98.30934025562523	55.87490429787477
12	56.32547912101293	763.9375424562251	130.5282383364306	0.0	107.72851136279827	56.32547912101293
13	55.9282964393124	819.865838895537	138.56657155482688	0.0	115.45108725173371	55.9282964393124
14	54.704089912463914	874.5699288080011	145.77537050791992	0.0	121.09162322467438	54.704089912463914
15	51.25022238946679	925.820151197468	149.30170709460708	0.0	124.9706697342962	51.25022238946679
16	54.72034991922272	980.5405011166908	155.91492843442998	0.0	131.13261027804836	54.72034991922272
17	54.61410593444439	1035.1546070511354	160.8957287071173	0.0	138.03142188733923	54.61410593444439
18	55.26361808496895	1090.4182251361037	166.45007368526655	0.0	142.6612788086488	55.26361808496895
19	54.473096899162876	1144.8913220352674	172.79702414782528	0.0	147.00253142559558	54.473096899162876
20	55.21745055670158	1200.1087725919685	178.5846496599836	0.0	151.4837471656526	55.21745055670158
21	53.74462996405003	1253.8534025560186	184.71074683202514	0.0	155.09703475517435	53.74462996405003
22	57.24536783307677	1311.0987703890955	191.80279517451478	0.0	161.48343812150796	57.24536783307677
23	54.960511116845325	1366.0592815059408	198.55696607885315	0.0	167.06152937918108	54.960511116845325
24	57.55805019126131	1423.6173316972015	209.05605382260882	0.0	175.25435902395253	57.55805019126131
25	52.441241862108555	1476.0585735593108	213.75912792945172	0.0	182.10325508840072	52.441241862108555
26	53.6876803923047	1529.7462539516155	216.4111904091153	0.0	186.81299769936152	53.6876803923047
27	53.186823020408546	1582.9330769720232	222.44203076499565	0.0	194.83086108738587	53.186823020408546
28	56.31300849669381	1639.246085468718	229.90143017430168	0.0	202.4732963657444	56.31300849669381
29	53.920787704525054	1693.1668731732432	234.7422945271746	0.0	207.24303741725487	53.920787704525054
30	51.53723588677507	1744.7041090600178	237.62517266709182	0.0	212.51397144831898	51.53723588677507
31	52.40782568323115	1797.1119347432486	241.7262343363537	0.0	220.9444244982663	52.40782568323115
32	58.451762330776035	1855.5636970740252	249.35412657119718	0.0	225.42651133278554	58.451762330776035
33	53.95547006668095	1909.5191671407063	254.32725199034522	0.0	232.11795869183757	53.95547006668095
34	53.17264656506775	1962.6918137057746	258.16202805286355	0.0	236.651635949436	53.17264656506775
35	54.444503194431626	2017.1363169002047	262.26514168992327	0.0	239.30670915942704	54.444503194431626
36	55.92147883799928	2073.0577957382043	269.45837143939144	0.0	244.65047226551326	55.92147883799928
37	55.32671965223716	2128.3845153904417	275.51410753458737	0.0	253.8828467068141	55.32671965223716
38	56.73139069288965	2185.1159060833315	283.313097049185	0.0	258.1511162804672	56.73139069288965
39	55.23691022854643	2240.352816311877	289.04734872510613	0.0	264.33096720832265	55.23691022854643
40	54.24165617853976	2294.5944724904184	293.3866149310469	0.0	269.26061079152413	54.24165617853976
41	51.14537293501507	2345.7398454254335	295.6034806825374	0.0	275.2338104588881	51.14537293501507
42	52.468783666049625	2398.2086290914826	300.0255213474409	0.0	280.5508044646079	52.468783666049625
43	56.23319083915144	2454.4418199306338	305.8603416527657	0.0	281.7713483961732	56.23319083915144
44	52.33912854629346	2506.7809484769286	308.7006915147798	0.0	286.717123281877	52.33912854629346
45	56.004116662255036	2562.7850651391823	317.5868585596886	0.0	293.4427464325577	56.004116662255036
46	55.795273138169904	2618.5803382773515	325.24260465011344	0.0	297.3486533312779	55.795273138169904
47	52.359792477012185	2670.940130754365	328.26933126410137	0.0	302.49218274115407	52.359792477012185
48	51.93897636999393	2722.8791071243586	332.0876348284757	0.0	308.16704904992594	51.93897636999393
49	55.91466273497778	2778.7937698593364	338.8648342637641	0.0	313.82111901500656	55.91466273497778
50	52.71683431514174	2831.510604174477	343.3108689155454	0.0	319.53056751607613	52.71683431514174
51	56.02521320192743	2887.5358173764043	349.83775179536065	0.0	324.6927825852836	56.02521320192743
52	53.85494943397388	2941.390766810379	356.0750943575563	0.0	330.0371365131038	53.85494943397388
53	51.59248982482063	2992.9832566351997	359.5005718281325	0.0	335.49066360493794	51.59248982482063
54	52.67353875154244	3045.656795386742	363.51755007147995	0.0	340.8837338356651	52.67353875154244
55	58.458386693676665	3104.115182080419	374.00375382913097	0.0	345.63756473120156	58.458386693676665
56	52.87155567040487	3156.9867377508235	379.0558453551666	0.0	352.63884933342024	52.87155567040487
57	57.40155420375381	3214.3882919545777	387.4600386199756	0.0	354.67746281571027	57.40155420375381
58	56.135621165046715	3270.523913119623	393.2021952588633	0.0	358.56000054507973	56.135621165046715
59	57.337463764155316	3327.86137688378	401.6652194906713	0.0	364.48582852763144	57.337463764155316
60	52.46362418920572	3380.325001072985	404.226004562868	0.0	369.1793829646093	52.46362418920572
61	54.35426679798411	3434.6792678709694	412.7219976019336	0.0	374.1083249514027	54.35426679798411
62	54.00038805679424	3488.6796559277614	418.731815571482	0.0	379.9157266877667	54.00038805679424
63	51.03998234315412	3539.719638270919	419.62201396661106	0.0	383.5382689016823	51.03998234315412
64	51.48165524336972	3591.2012935142866	424.6627941448478	0.0	387.6666141555383	51.48165524336972
65	52.09037676323772	3643.2916702775256	427.7902281428405	0.0	392.48965245415275	52.09037676323772
66	53.87350015151261	3697.1651704290352	432.77648036627613	0.0	398.19863287296545	53.87350015151261
67	51.6926994153785	3748.8578698444157	436.25934298594603	0.0	402.39253580127735	51.6926994153785
68	52.63979169848192	3801.4976615429014	439.71531154167974	0.0	407.34923691626216	52.63979169848192
69	57.44887904798819	3858.946540590885	446.88690379221555	0.0	415.1320559759725	57.44887904798819
70	51.78480511823946	3910.731345709125	448.70857346254394	0.0	418.6681561368951	51.78480511823946
71	52.87043283398952	3963.6017785431177	453.0943453158475	0.0	422.31854399531403	52.87043283398952
72	53.75166013891678	4017.3534386820334	459.1236715948381	0.0	424.58514303825643	53.75166013891678
73	52.70598651363403	4070.0594251956663	462.3247661366533	0.0	429.81948466327174	52.70598651363403
74	51.93883950462318	4121.998264700291	467.0226194980702	0.0	433.0709209214243	51.93883950462318
75	53.1835144690155	4175.181779169302	473.18681793858764	0.0	435.9598061046486	53.1835144690155
76	51.15826743557273	4226.340046604878	475.8475145087566	0.0	440.4613885815459	51.15826743557273
77	51.8146877486743	4278.154734353555	477.62296852514805	0.0	445.93621011388916	51.8146877486743
78	52.82092453920352	4330.975658892756	482.8643455145073	0.0	452.22205040751584	52.82092453920352
79	52.69361102823805	4383.669269920992	486.6093989063688	0.0	457.304250331405	52.69361102823805
80	55.6867274302682	4439.355997351264	494.37305968697893	0.0	462.176796765692	55.6867274302682
81	52.61389306932886	4491.969890420591	498.9181840449107	0.0	464.9683341572893	52.61389306932886
82	56.20105375342385	4548.170944174015	506.3412097937892	0.0	474.08654280808605	56.20105375342385
83	50.947667771770824	4599.1186119457825	507.6529552732872	0.0	477.8916236388399	50.947667771770824
84	54.961948097320246	4654.080560043107	512.7558959082182	0.0	483.7955067717636	54.961948097320246
85	50.39680673828471	4704.477366781389	516.4819322339933	0.0	488.08235505043774	50.39680673828471
86	54.28658841755616	4758.763955198948	523.7109366342139	0.0	496.2062366991657	54.28658841755616
87	54.97728673266666	4813.741241931616	533.0633590194324	0.0	498.0796169141091	54.97728673266666
88	57.038509407389625	4870.779751339001	540.0707404563659	0.0	502.2577552787074	57.038509407389625
89	50.496046866500855	4921.275798205501	543.1311318262855	0.0	509.6156022264057	50.496046866500855
90	55.892450811020545	4977.168249016524	550.5536055918143	0.0	513.1938818271851	55.892450811020545
91	58.295338768609454	5035.463587785132	562.8704503463267	0.0	520.4973011645748	58.295338768609454
92	53.51478074615491	5088.978368531288	566.0199229289046	0.0	522.5584974629095	53.51478074615491
93	52.88943546412933	5141.867803995419	572.7117488922188	0.0	527.365007273973	52.88943546412933
94	54.18281763615294	5196.050621631571	578.7500110897361	0.0	536.273844751697	54.18281763615294
95	54.58286803484898	5250.63348966642	585.0415930324888	0.0	543.4021021768663	54.58286803484898
96	54.82332671023969	5305.456816376658	592.3751068944083	0.0	546.2094408034526	54.82332671023969
97	48.95586087424896	5354.412677250912	592.9588944410419	0.0	551.8597538921075	48.95586087424896
98	49.521616184506485	5403.934293435416	597.7164008775595	0.0	554.584809864037	49.521616184506485
99	52.12649896890632	5456.060792404325	601.5665225729454	0.0	558.0207073828622	52.12649896890632
100	53.506772954716524	5509.567565359037	606.7838037272775	0.0	565.9509878160635	53.506772954716524
101	53.642274748117515	5563.2098401071535	611.6845425978922	0.0	568.5559476407474	53.642274748117515
102	51.370803961382855	5614.58064406854	615.1903953372492	0.0	573.2048552640756	51.370803961382855
103	51.93904864467488	5666.519692713213	616.330416228497	0.0	578.9545737853987	51.93904864467488
104	55.918113417372155	5722.437806130586	623.423365929964	0.0	581.3641860450405	55.918113417372155
105	52.653543732137805	5775.091349862724	627.4265439590993	0.0	584.3200303252089	52.653543732137805
106	55.328304778448455	5830.419654641172	636.2411635396126	0.0	587.4456217777862	55.328304778448455
107	52.55370076153625	5882.973355402708	640.2599639819957	0.0	591.0784733128218	52.55370076153625
108	51.09913519694643	5934.072490599654	641.8246292650489	0.0	595.9734825899902	51.09913519694643
109	54.228046810613776	5988.300537410271	649.7301066326454	0.0	600.5576765067143	54.228046810613776
110	53.58740767836468	6041.887945088636	656.2923449903845	0.0	604.7680464339683	53.58740767836468
111	51.460057746667054	6093.348002835304	657.4910257178691	0.0	611.2254927148167	51.460057746667054
112	50.374561634935134	6143.722564470234	658.4817934366239	0.0	615.002020059132	50.374561634935134
113	56.8953388798337	6200.61790335007	666.8899511122837	0.0	622.5667573718002	56.8953388798337
114	52.42982761131234	6253.047730961379	668.4430261799369	0.0	629.9444731137854	52.42982761131234
115	53.3032982774743	6306.351029238855	673.4062538300651	0.0	632.0856059157726	53.3032982774743
116	54.00569316124004	6360.356722400095	676.3690862075836	0.0	636.9239531591801	54.00569316124004
117	54.42652889724391	6414.783251297339	682.607419912757	0.0	639.7989424598475	54.42652889724391
118	54.609985772166425	6469.393237069507	688.8001420611273	0.0	641.29162321011	54.609985772166425
119	53.73874841408525	6523.131985483592	695.9928975694045	0.0	643.5364981553599	53.73874841408525
120	55.62790646396659	6578.759891947557	701.6270000315379	0.0	645.436861474963	55.62790646396659
121	54.16064214785638	6632.920534095414	709.3739997710742	0.0	648.7174617272343	54.16064214785638
122	52.246915396934	6685.167449492346	714.7988046631767	0.0	652.0681583507643	52.246915396934
123	52.0646665869991	6737.232116079348	718.381219507115	0.0	653.9559741809021	52.0646665869991
124	51.91778132888742	6789.149897408235	721.7806766859239	0.0	661.1629762777626	51.91778132888742
125	54.19476381852487	6843.344661226761	726.2616619271934	0.0	668.0199200121014	54.19476381852487
126	52.838366778035386	6896.183028004794	730.0640975838734	0.0	670.5411529558264	52.838366778035386
127	51.116656809589884	6947.2996848143885	731.4517687093644	0.0	673.6088677987044	51.116656809589884
128	53.87129387421572	7001.170978688595	736.0944503003398	0.0	678.5789687429736	53.87129387421572
129	52.029663896915466	7053.200642585518	739.6075965786296	0.0	679.0539852844909	52.029663896915466
130	52.27260948583727	7105.473252071353	741.4419288011424	0.0	681.1771168966284	52.27260948583727
131	53.471524976525615	7158.94477704788	746.1829283250191	0.0	689.4734311138085	53.471524976525615
132	51.80829425385008	7210.753071301733	750.0154739382746	0.0	694.154278974085	51.80829425385008
133	57.81513914930377	7268.568210451035	759.1948083160264	0.0	701.3774100613015	57.81513914930377
134	52.2666916562795	7320.834902107319	762.5304436581818	0.0	707.0479611853001	52.2666916562795
135	50.68263623238672	7371.517538339699	764.1004619092855	0.0	709.6313892814283	50.68263623238672
136	52.84647849337038	7424.36401683307	765.5677351424367	0.0	714.1997667957688	52.84647849337038
137	53.096583384204585	7477.460600217273	770.115592733094	0.0	714.8761746178561	53.096583384204585
138	53.15665550822018	7530.617255725493	774.3639108987222	0.0	719.3509272785196	53.15665550822018
139	53.31060864137061	7583.927864366864	779.6721788424534	0.0	722.1566694371315	53.31060864137061
140	52.12140647492268	7636.049270841789	783.7804525577619	0.0	725.1833844806257	52.12140647492268
141	58.90316907659526	7694.952439918381	794.1743882519949	0.0	727.9186110567242	58.90316907659526
142	53.04376318390892	7747.9962031022915	798.8509165532887	0.0	731.4865788492914	53.04376318390892
143	56.832411226729555	7804.828614329025	807.9683709612166	0.0	733.09761567796	56.832411226729555
144	58.343161679160794	7863.171776008186	817.4898819029398	0.0	737.0355203374667	58.343161679160794
145	53.69720607268264	7916.868982080868	823.2172794059535	0.0	743.4624111368918	53.69720607268264
146	50.772998092705436	7967.641980173569	824.5475204089543	0.0	746.504820670913	50.772998092705436
147	56.32895321011938	8023.970933383688	832.3242958670969	0.0	751.0352586239927	56.32895321011938
148	52.767251694565886	8076.738185078255	834.6595305234046	0.0	753.5813841445657	52.767251694565886
149	51.851390024043525	8128.589575102303	837.6908574895929	0.0	757.4524748030357	51.851390024043525
150	49.221267190291385	8177.810842292587	838.7251094426458	0.0	763.9284703529431	49.221267190291385
151	54.26398505459497	8232.074827347182	844.2075137034819	0.0	766.7655039845928	54.26398505459497
152	54.9847043451761	8287.05953169236	847.0919241615577	0.0	770.2528448481578	54.9847043451761
153	54.90657241407243	8341.966104106436	854.5797626012833	0.0	772.4170993000758	54.90657241407243
154	52.49008538392176	8394.456189490353	860.0130671195698	0.0	774.7698890756724	52.49008538392176
155	54.778100272196845	8449.234289762551	865.54826548422	0.0	778.3281732157053	54.778100272196845
156	53.865391024649455	8503.099680787203	872.1587827767064	0.0	782.9460781112109	53.865391024649455
157	51.264498426136605	8554.364179213342	874.6975561443109	0.0	787.6112686771211	51.264498426136605
158	60.15598276756234	8614.5201619809	886.0971142854914	0.0	788.3087366289003	60.15598276756234
159	49.620481851204886	8664.140643832103	887.011325103497	0.0	793.7738753858348	49.620481851204886
160	52.052752275613905	8716.193396107717	891.0465550336896	0.0	797.6224259415199	52.052752275613905
161	49.04395980109691	8765.237355908817	892.0714113066342	0.0	800.7014176430176	49.04395980109691
162	57.16095171861399	8822.398307627436	898.6348184622728	0.0	803.8074860275359	57.16095171861399
163	50.079088818356304	8872.47739644579	901.4819429677613	0.0	807.7175492869809	50.079088818356304
164	53.1901469929707	8925.667543438754	906.6513639873182	0.0	809.0464125716559	53.1901469929707
165	48.910156036552756	8974.577699475309	905.9477101847209	0.0	813.272596435704	48.910156036552756
166	50.41205295604777	9024.989752431358	907.563016849425	0.0	817.9665735424105	50.41205295604777
167	54.88168240556923	9079.871434836929	913.6338875182247	0.0	822.1265582400464	54.88168240556923
168	55.09937864235079	9134.97081347928	919.2385751092602	0.0	825.0785031384862	55.09937864235079
169	56.381546223361404	9191.352359702641	929.1246427763648	0.0	828.9405759519523	56.381546223361404
170	51.80191245252688	9243.154272155161	932.5010676783869	0.0	832.4416507942832	51.80191245252688
171	59.25782823912421	9302.41210039429	941.0790353882179	0.0	839.475576200832	59.25782823912421
172	51.572711776289715	9353.98481217058	942.4690267630772	0.0	844.9290563347204	51.572711776289715
173	53.190391841732755	9407.175204012317	947.8436164686883	0.0	848.2161047539443	53.190391841732755
174	49.52982356203205	9456.705027574342	950.1658859206867	0.0	851.7505084185293	49.52982356203205
175	50.871080536205106	9507.57610811055	950.8650755736365	0.0	856.9243117392045	50.871080536205106
176	53.07560610465651	9560.65171421521	956.2664951088311	0.0	861.4612275425529	53.07560610465651
177	52.564730128526136	9613.216444343738	959.2660116381345	0.0	867.2056408416734	52.564730128526136
178	53.93357534945747	9667.150019693192	965.6145738669662	0.0	870.539753470034	53.93357534945747
179	52.5841455647942	9719.734165257987	968.6233055883151	0.0	879.3396287109256	52.5841455647942
180	53.027012899952275	9772.761178157938	972.6658716396721	0.0	882.751176515955	53.027012899952275
181	53.9432736599502	9826.704451817883	977.8971884959403	0.0	885.9375826359545	53.9432736599502
182	53.47230152468066	9880.17675334257	980.8304935600652	0.0	892.3230097740073	53.47230152468066
183	53.532053874671874	9933.708807217243	987.8722119219834	0.0	893.612035293153	53.532053874671874
184	53.02263522523289	9986.731442442473	993.0225304774626	0.0	896.2687297900602	53.02263522523289
185	57.03710242340275	10043.768544865878	1001.885324901096	0.0	904.0897658193337	57.03710242340275
186	52.685805250998825	10096.454350116876	1006.3190452089603	0.0	911.5212378335054	52.685805250998825
187	51.97107572966834	10148.425425846543	1009.2444612132568	0.0	918.4898270574711	51.97107572966834
188	49.82569557185333	10198.251121418394	1008.9998246400531	0.0	922.1463977760291	49.82569557185333
189	52.33840279588623	10250.589524214283	1008.8856358334431	0.0	927.5102876734861	52.33840279588623
190	51.291331560849365	10301.88085577513	1011.5631522264151	0.0	931.0246435712855	51.291331560849365
191	52.54430997687907	10354.425165752007	1015.9225988956354	0.0	934.3211761173845	52.54430997687907
192	51.498078662716516	10405.923244414726	1018.6878247775269	0.0	937.8836445566321	51.498078662716516
193	52.00331779785715	10457.92656221258	1021.1054477335866	0.0	941.6025820387342	52.00331779785715
194	54.82085390952887	10512.747416122113	1027.0985339589224	0.0	942.7681459751473	54.82085390952887
195	52.9382602320208	10565.685676354133	1032.3950849757314	0.0	947.6398588717734	52.9382602320208
196	53.77602276002035	10619.461699114157	1036.3355860120826	0.0	951.5569667476293	53.77602276002035
197	52.41346203784635	10671.875161152	1037.9205754949676	0.0	955.6275563174735	52.41346203784635
198	54.63786908521741	10726.513030237222	1041.931087418286	0.0	958.9881197053417	54.63786908521741
199	55.50603099055307	10782.019061227764	1047.0465262108655	0.0	961.7192474115693	55.50603099055307
200	56.89450618828902	10838.913567416063	1054.9366359808248	0.0	967.1291234434209	56.89450618828902
201	50.368788097425316	10889.282355513484	1056.7772393278972	0.0	969.020940628575	50.368788097425316
202	54.284109444395654	10943.56646495788	1062.6124956993037	0.0	973.1291805981052	54.284109444395654
203	53.83877465944422	10997.405239617321	1068.6560176576274	0.0	976.8708165394237	53.83877465944422
204	51.17924652032352	11048.584486137652	1068.610191897933	0.0	981.5361943733488	51.17924652032352
205	53.40574345529512	11101.990229592942	1073.7434468188721	0.0	984.1124705631839	53.40574345529512
206	50.07640990334563	11152.066639496288	1075.0944693450238	0.0	986.5510993670052	50.07640990334563
207	49.487234861699875	11201.55387435799	1076.506233228399	0.0	991.3873049100323	49.487234861699875
208	54.70721225801066	11256.261086616	1080.3609039436117	0.0	996.4897382208796	54.70721225801066
209	53.722283843748166	11309.983370459746	1087.5006542008266	0.0	1003.7035874947383	53.722283843748166
210	55.91301927241882	11365.896389732163	1095.7715919652064	0.0	1006.6138063068406	55.91301927241882
211	54.976002562255914	11420.872392294423	1101.7549946929514	0.0	1010.4784757712201	54.976002562255914
212	51.460442236415204	11472.332834530836	1105.484491275831	0.0	1013.0152808860726	51.460442236415204
213	53.04134861422046	11525.37418314506	1110.8439097276332	0.0	1017.0364417465074	53.04134861422046
214	50.81215946036703	11576.186342605426	1112.6838945174127	0.0	1020.1858205233266	50.81215946036703
215	55.047111090196005	11631.233453695622	1117.9373002431828	0.0	1022.4648643639524	55.047111090196005
216	52.62853251139047	11683.861986207012	1122.8672000407976	0.0	1028.2017895991612	52.62853251139047
217	54.81778225381161	11738.679768460821	1129.6664035410895	0.0	1031.9086667691222	54.81778225381161
218	51.258114401006495	11789.937882861826	1133.97272649813	0.0	1035.152247136797	51.258114401006495
219	50.989251861775976	11840.927134723608	1138.7058180117892	0.0	1037.0218356272342	50.989251861775976
220	53.145176966175114	11894.072311689779	1141.9628472962838	0.0	1040.0360522047538	53.145176966175114
221	53.99515359176861	11948.067465281545	1148.0312811592528	0.0	1041.3129221910003	53.99515359176861
222	56.35637066874912	12004.4238359503	1156.0592651517882	0.0	1044.0387387398894	56.35637066874912
223	54.50281453249143	12058.926650482786	1163.792960571112	0.0	1045.2148199704777	54.50281453249143
224	51.85428051026748	12110.780930993062	1167.589173493179	0.0	1048.3873159076006	51.85428051026748
225	51.11761726477169	12161.898548257836	1167.505323240044	0.0	1050.872110608662	51.11761726477169
226	53.11120156212159	12215.009749819948	1172.292022613757	0.0	1054.7239205116402	53.11120156212159
227	52.47645010521796	12267.486199925179	1173.4062056014948	0.0	1058.018939580291	52.47645010521796
228	52.18333577862423	12319.669535703793	1174.9276738284839	0.0	1065.1416893816531	52.18333577862423
229	52.455474947839186	12372.125010651627	1179.7474498083484	0.0	1067.7635621913412	52.455474947839186
230	54.78831023668093	12426.913320888316	1186.073374947916	0.0	1070.648444961634	54.78831023668093
231	53.08373913611674	12479.997060024429	1191.8851015803607	0.0	1076.2431650333995	53.08373913611674
232	53.84845339899072	12533.845513423415	1196.9273762423531	0.0	1079.3236984111943	53.84845339899072
233	54.34688395920789	12588.192397382627	1203.111533658785	0.0	1086.4042202921576	54.34688395920789
234	58.622782497957566	12646.815179880583	1213.2322143552376	0.0	1088.5397397909076	58.622782497957566
235	49.597166990568766	12696.412346871151	1214.8501198105312	0.0	1091.8801612811308	49.597166990568766
236	52.45951607565135	12748.871862946804	1219.8381596689044	0.0	1097.0938213486202	52.45951607565135
237	52.54182086183373	12801.413683808632	1221.3786387218192	0.0	1099.0659237628006	52.54182086183373
238	53.05968485954183	12854.473368668187	1224.5814283954142	0.0	1104.3480273431005	53.05968485954183
239	55.185222482129944	12909.658591150306	1229.3810923686187	0.0	1110.2141344316492	55.185222482129944
240	55.07222061059868	12964.73081176091	1236.4993635741803	0.0	1113.60608316335	55.07222061059868
241	53.42894752632682	13018.159759287239	1240.4986839622006	0.0	1116.6416575672336	53.42894752632682
242	54.71547180177047	13072.875231089012	1246.0822309722994	0.0	1121.0959900382222	54.71547180177047
243	55.66457297470876	13128.539804063712	1254.3901900801234	0.0	1127.9914627751298	55.66457297470876
244	53.539692226135855	13182.07949628985	1260.2809966728094	0.0	1131.6841251621577	53.539692226135855
245	51.56593485183625	13233.645431141684	1264.6126169041318	0.0	1135.8279596883121	51.56593485183625
246	51.81568925285062	13285.461120394539	1267.0331684200085	0.0	1139.7410697068622	51.81568925285062
247	54.43077651394242	13339.891896908484	1271.845713495406	0.0	1145.2999169691466	54.43077651394242
248	55.06357399253993	13394.955470901019	1280.0632482677722	0.0	1152.1337642814522	55.06357399253993
249	51.585125007254895	13446.540595908276	1282.43028563436	0.0	1157.0324899221669	51.585125007254895
250	50.359448803621774	13496.900044711894	1285.8819290881327	0.0	1158.7634673766008	50.359448803621774
251	53.17761400890535	13550.077658720797	1291.1605799133488	0.0	1161.7834034449445	53.17761400890535
252	52.422802193890156	13602.500460914693	1295.674714849659	0.0	1168.007302420815	52.422802193890156
253	52.29923739674821	13654.799698311446	1299.4619705465943	0.0	1171.2872843348039	52.29923739674821
254	52.486785702090394	13707.286484013526	1303.7962682351367	0.0	1173.301980887747	52.486785702090394
255	54.16932583787973	13761.455809851419	1310.6891139994023	0.0	1180.6516421551098	54.16932583787973
256	51.20630772804942	13812.662117579459	1311.3430825339792	0.0	1184.5543635949703	51.20630772804942
257	55.43098815860412	13868.093105738066	1318.1258292519124	0.0	1186.181025675229	55.43098815860412
258	52.58561168002452	13920.678717418083	1323.5158302489779	0.0	1190.1201922044947	52.58561168002452
259	54.72599113077591	13975.404708548866	1329.1550391904	0.0	1193.1311202073116	54.72599113077591
260	50.33628630616212	14025.740994855027	1330.8382840147844	0.0	1197.096968968153	50.33628630616212
261	51.251625291863405	14076.992620146884	1332.5791079891592	0.0	1204.0137989142363	51.251625291863405
262	53.523930584586495	14130.51655073147	1336.1840304270395	0.0	1207.8864135537883	53.523930584586495
263	49.44062703822393	14179.957177769698	1334.5880257226736	0.0	1210.598079966957	49.44062703822393
264	51.32483689182117	14231.282014661525	1337.4976322326472	0.0	1215.9616333798674	51.32483689182117
265	49.74647691906935	14281.028491580591	1336.896787296647	0.0	1220.878145029668	49.74647691906935
266	52.352381133816934	14333.380872714406	1341.2837392796034	0.0	1225.1389073414064	52.352381133816934
267	56.45067452264245	14389.83154723705	1348.03838229699	0.0	1228.7176996591816	56.45067452264245
268	54.3847364286725	14444.216283665723	1354.0643222793867	0.0	1231.8819244409092	54.3847364286725
269	59.343487173275705	14503.559770839003	1363.3236105819728	0.0	1235.253601517304	59.343487173275705
270	53.33169963760193	14556.891470476603	1366.9359629651176	0.0	1239.8188052269252	53.33169963760193
271	52.71946677232908	14609.610937248934	1372.1365155227127	0.0	1242.845446691751	52.71946677232908
272	55.03914765795137	14664.650084906883	1378.4011549674035	0.0	1246.096924085851	55.03914765795137
273	52.711209524798896	14717.361294431676	1382.575016927927	0.0	1255.6295000248579	52.711209524798896
274	55.90531093365332	14773.266605365332	1388.149594502483	0.0	1259.067021407718	55.90531093365332
275	51.73042177081162	14824.99702713615	1390.4466078533585	0.0	1263.153139502228	51.73042177081162
276	51.688009734694276	14876.685036870844	1393.3132648362537	0.0	1268.109134398228	51.688009734694276
277	52.06327349328686	14928.748310364119	1397.0533889549824	0.0	1270.424390789964	52.06327349328686
278	49.750150361530466	14978.498460725654	1397.1622634175355	0.0	1272.9080462325578	49.750150361530466
279	51.00519551766355	15029.503656243314	1401.8164586348773	0.0	1278.015763898727	51.00519551766355
280	53.43094549486221	15082.934601738183	1405.7305282322177	0.0	1281.6391951327143	53.43094549486221
281	55.2364807245027	15138.171082462684	1410.9165385038712	0.0	1285.2453780167223	55.2364807245027
282	55.71161206404858	15193.882694526732	1418.4610924466313	0.0	1291.746347068114	55.71161206404858
283	55.926555899682526	15249.809250426413	1426.2371847540153	0.0	1294.2479688760468	55.926555899682526
284	49.66454896297209	15299.473799389387	1426.8021568032445	0.0	1298.30825083433	49.66454896297209
285	55.419294266637856	15354.89309365602	1434.4601727908778	0.0	1301.1720251707025	55.419294266637856
286	54.04760677605756	15408.940700432084	1437.768196096071	0.0	1305.3231068701061	54.04760677605756
287	55.67491286992562	15464.615613302009	1443.1951424214267	0.0	1307.661515828026	55.67491286992562
288	49.1277083715597	15513.743321673563	1442.2004464291456	0.0	1309.8589507484785	49.1277083715597
289	52.44088410653957	15566.184205780099	1443.5777672440067	0.0	1314.5887702110674	52.44088410653957
290	57.76634177514345	15623.95054755525	1451.4701147448598	0.0	1318.2347997441163	57.76634177514345
291	50.404482288662656	15674.355029843904	1454.6703667180223	0.0	1322.145221431836	50.404482288662656
292	51.15869762138173	15725.513727465293	1457.637381447262	0.0	1327.8202602659162	51.15869762138173
293	53.33061732564986	15778.84434479095	1461.6999888734144	0.0	1329.9012393944545	53.33061732564986
294	52.70190039859931	15831.546245189542	1462.9262380985822	0.0	1334.4698492973273	52.70190039859931
295	54.68424986656516	15886.230495056112	1467.4652456649974	0.0	1334.796076300827	54.68424986656516
296	53.46510269187855	15939.695597747983	1471.8476884714432	0.0	1337.4951169865644	53.46510269187855
297	51.52481234013696	15991.220410088126	1475.4314029732361	0.0	1341.6215244042141	51.52481234013696
298	54.1622648632587	16045.382674951376	1480.838264988516	0.0	1346.1944964001416	54.1622648632587
299	53.82406479303822	16099.20673974441	1484.4713738359467	0.0	1350.1209448678264	53.82406479303822
300	52.421201642293944	16151.627941386718	1487.7900723677033	0.0	1356.8175315512176	52.421201642293944
301	51.628187145781155	16203.256128532497	1489.7812080645863	0.0	1362.9167421134225	51.628187145781155
302	53.967124326071115	16257.223252858568	1493.580310657822	0.0	1365.3409699951544	53.967124326071115
303	51.98159988982159	16309.204852748386	1496.5952443337355	0.0	1368.743728720011	51.98159988982159
304	50.2572798040569	16359.462132552439	1497.7945973461706	0.0	1373.8572515248618	50.2572798040569
305	51.048269986300056	16410.51040253874	1499.0314632081142	0.0	1377.5501257319936	51.048269986300056
306	52.8797757106565	16463.3901782494	1502.3021690244514	0.0	1381.852385476628	52.8797757106565
307	47.97360810335324	16511.36378635275	1502.610221430939	0.0	1385.720094677445	47.97360810335324
308	55.89456263917463	16567.258348991923	1510.9861332081607	0.0	1389.9199800683703	55.89456263917463
309	53.094051324213616	16620.35240031614	1512.739961788075	0.0	1392.5935616212096	53.094051324213616
310	52.79162526668778	16673.144025582842	1517.1145035455372	0.0	1396.8399869859954	52.79162526668778
311	52.46533744165417	16725.609363024487	1519.2082283257334	0.0	1403.114776192667	52.46533744165417
312	53.246004174139145	16778.855367198623	1521.6497525245895	0.0	1406.8149582804022	53.246004174139145
313	50.15245346662834	16829.00782066525	1522.586183811938	0.0	1410.6758941106898	50.15245346662834
314	51.650314803818404	16880.658135469075	1527.2702343010958	0.0	1414.9369890442088	51.650314803818404
315	51.99434121806455	16932.652476687137	1528.1836398153546	0.0	1419.4748336861846	51.99434121806455
316	49.99968323952484	16982.652159926663	1530.3405999530432	0.0	1422.7969388916845	49.99968323952484
317	50.72451875169187	17033.376678678364	1532.976617097512	0.0	1426.4919210793864	50.72451875169187
318	53.095231627637496	17086.47191030599	1537.52664649279	0.0	1428.8954146953095	53.095231627637496
319	53.51417258687898	17139.986082892876	1541.1240238200671	0.0	1432.3682690603437	53.51417258687898
320	52.825222888838695	17192.811305781703	1543.8852500496505	0.0	1436.9013233789406	52.825222888838695
321	52.25238287867079	17245.063688660375	1545.9673539923701	0.0	1439.152450700269	52.25238287867079
322	53.269995548875364	17298.333684209258	1550.6275909314875	0.0	1441.3251680802914	53.269995548875364
323	52.31485875854483	17350.64854296781	1554.9337685250985	0.0	1446.006661777233	52.31485875854483
324	54.299868713043715	17404.948411680838	1560.633155204158	0.0	1455.20049659058	54.299868713043715
325	53.634080672082355	17458.582492352925	1565.3448204368976	0.0	1460.6604650308843	53.634080672082355
326	56.44200318079337	17515.024495533722	1573.7574740832817	0.0	1464.7573070065478	56.44200318079337
327	53.2794553905284	17568.303950924248	1579.7915163228647	0.0	1467.7996039041902	53.2794553905284
328	55.640086026161896	17623.94403695042	1587.5858334276004	0.0	1471.0113273697793	55.640086026161896
329	54.18009410983764	17678.12413106025	1593.267442761232	0.0	1475.0764213746556	54.18009410983764
330	51.76775318293093	17729.891884243185	1595.8039458147891	0.0	1478.4880251476525	51.76775318293093
331	50.462700787991764	17780.35458503117	1595.8818461653948	0.0	1484.3397301000796	50.462700787991764
332	53.14475364057865	17833.499338671754	1599.227803250176	0.0	1487.8080177448007	53.14475364057865
333	50.80196343643891	17884.301302108182	1601.1732825878228	0.0	1494.3398408510875	50.80196343643891
334	52.41838639378041	17936.71968850197	1604.6323095318696	0.0	1497.030136087261	52.41838639378041
335	52.33183149877471	17989.051520000743	1607.181562793435	0.0	1500.508384391164	52.33183149877471
336	52.59142219415899	18041.6429421949	1611.2831022100668	0.0	1504.7340795735527	52.59142219415899
337	52.47964968293106	18094.122591877836	1616.2185686378746	0.0	1508.8933016541985	52.47964968293106
338	52.266630874095796	18146.38922275193	1620.457265548927	0.0	1517.5151193740844	52.266630874095796
339	56.81776287279922	18203.206985624725	1628.8138799818066	0.0	1520.9925808190621	56.81776287279922
340	56.09749820371237	18259.304483828444	1635.6274363807554	0.0	1524.6656560604383	56.09749820371237
341	50.57529672363326	18309.87978055207	1636.7614944159595	0.0	1531.4152900389765	50.57529672363326
342	53.045066874077584	18362.92484742615	1640.6152247347823	0.0	1533.9446083152877	53.045066874077584
343	49.368889302214754	18412.293736728363	1640.5624770900886	0.0	1542.0699356917173	49.368889302214754
344	53.38717240567423	18465.680909134036	1644.719945755048	0.0	1546.7157544847316	53.38717240567423
345	51.13936050733469	18516.820269641383	1647.9031261662085	0.0	1550.4488388296033	51.13936050733469
346	52.19383468200425	18569.01410432337	1649.752826145454	0.0	1554.5296738966347	52.19383468200425
347	54.270825393223376	18623.2849297166	1656.2352057070395	0.0	1561.9831593441722	54.270825393223376
348	52.14101816502805	18675.425947881628	1659.5619633913745	0.0	1566.4085806316637	52.14101816502805
349	52.05632595493217	18727.482273836562	1664.3816563905496	0.0	1570.1520533570472	52.05632595493217
350	53.83347246161429	18781.31574629818	1671.4460304801996	0.0	1573.7304423356234	53.83347246161429
351	51.82459051791836	18833.14033681609	1674.017725017991	0.0	1578.302649133016	51.82459051791836
352	53.771455908108976	18886.911792724204	1678.0429919816947	0.0	1588.4727123981606	53.771455908108976
353	51.490784546398096	18938.4025772706	1680.550053755399	0.0	1591.217980515379	51.490784546398096
354	50.72759814713253	18989.130175417733	1682.2458220555045	0.0	1598.1721008212623	50.72759814713253
355	55.70401942703806	19044.834194844767	1689.6685288475094	0.0	1601.0331424587682	55.70401942703806
356	52.78167729130291	19097.615872136073	1694.9793868275042	0.0	1605.2155560898839	52.78167729130291
357	53.24697318964748	19150.86284532571	1699.137238787222	0.0	1608.5588978956864	53.24697318964748
358	56.266367024361244	19207.12921235008	1706.9483860598127	0.0	1609.6538012528524	56.266367024361244
359	52.525922299026114	19259.65513464911	1710.1597144390807	0.0	1612.4577381610864	52.525922299026114
360	52.30724443856775	19311.962379087676	1713.5134577328322	0.0	1616.858283505926	52.30724443856775
361	54.10759534761143	19366.069974435282	1717.9391871360838	0.0	1626.4821800415884	54.10759534761143
362	59.6396660432464	19425.70964047853	1731.3654517686791	0.0	1630.928877746257	59.6396660432464
363	49.04618114480692	19474.755821623345	1730.6576453360979	0.0	1635.0625872480518	49.04618114480692
364	54.45933821233478	19529.215159835672	1735.078725064724	0.0	1635.798938551068	54.45933821233478
365	51.03958745779051	19580.25474729346	1735.7418965508427	0.0	1640.95477187141	51.03958745779051
366	53.08345574660496	19633.33820304007	1738.5324356141737	0.0	1644.382874585131	53.08345574660496
367	50.43004954819847	19683.768252588263	1738.5002104595874	0.0	1648.4574779698232	50.43004954819847
368	50.03826788100841	19733.80652046928	1740.3422374856716	0.0	1652.1391043374292	50.03826788100841
369	51.78937685553625	19785.595897324816	1742.3311132388064	0.0	1656.116733166302	51.78937685553625
370	54.48548329950556	19840.081380624335	1747.5138373876946	0.0	1660.3325314743465	54.48548329950556
371	53.95896080223079	19894.04034142656	1750.3857376068183	0.0	1665.181571945242	53.95896080223079
372	51.32036487294737	19945.3607062995	1753.456743194098	0.0	1669.2135368992965	51.32036487294737
373	55.31046202739432	20000.671168326888	1758.7402028990948	0.0	1673.8643690249419	55.31046202739432
374	50.47875343275772	20051.149921759643	1761.6066274550356	0.0	1677.3645007521104	50.47875343275772
375	53.165536241786924	20104.315458001438	1766.0796698992262	0.0	1681.5824741126094	53.165536241786924
376	51.379930675195574	20155.695388676635	1767.5261834663324	0.0	1685.7586026675253	51.379930675195574
377	57.72829190892301	20213.423680585558	1777.246865797801	0.0	1688.9012265797558	57.72829190892301
378	50.0596068463973	20263.48328743195	1779.0861866429423	0.0	1692.0550086667004	50.0596068463973
379	52.8840408702329	20316.36732830219	1781.3016602437817	0.0	1695.7829487361587	52.8840408702329
380	49.97044154406	20366.337769846243	1782.9872981534004	0.0	1700.072001980047	49.97044154406
381	55.3855469467611	20421.723316793014	1788.7469325952009	0.0	1702.1449351558656	55.3855469467611
382	52.9262264488155	20474.649543241823	1793.217429838459	0.0	1704.908343460059	52.9262264488155
383	54.24625428126982	20528.895797523088	1798.0115547347132	0.0	1709.5256565562358	54.24625428126982
384	55.40426456443833	20584.30006208753	1804.5911681737518	0.0	1712.8766633645948	55.40426456443833
385	55.20108385668793	20639.50114594421	1812.1959360379249	0.0	1721.3759891005277	55.20108385668793
386	50.561877119626324	20690.06302306384	1812.45573651021	0.0	1726.2710454482906	50.561877119626324
387	57.14853383189845	20747.21155689574	1821.727055443308	0.0	1727.5018159335466	57.14853383189845
388	53.0674825533593	20800.279039449102	1827.3471610850306	0.0	1730.1147397274678	53.0674825533593
389	53.926607626092526	20854.205647075192	1834.7856496964732	0.0	1733.3133598386985	53.926607626092526
390	50.968512762838635	20905.17415983803	1838.5570965913537	0.0	1738.0249580448144	50.968512762838635
391	51.65560594876843	20956.829765786806	1841.6523638912713	0.0	1741.0691184921213	51.65560594876843
392	55.99464990996923	21012.824415696774	1847.7599067546987	0.0	1744.3686228418437	55.99464990996923
393	51.78558424916764	21064.60999994594	1851.109439538793	0.0	1749.6238389361524	51.78558424916764
394	56.25185761683306	21120.861857562773	1860.1785024022183	0.0	1752.640176074321	56.25185761683306
395	51.0589657412208	21171.920823303997	1863.8586992945595	0.0	1755.7534936734512	51.0589657412208
396	51.99552057082253	21223.916343874815	1867.062306643797	0.0	1758.7854151926829	51.99552057082253
397	50.86712980511437	21274.78347367993	1868.5438226909537	0.0	1763.523079747537	50.86712980511437
398	55.93469768277939	21330.718171362703	1877.3718070903724	0.0	1765.2009567135583	55.93469768277939
399	54.61386175827138	21385.332033120983	1881.1823338420013	0.0	1767.5529643078069	54.61386175827138
400	52.27401834369196	21437.606051464667	1883.9765187368496	0.0	1771.0313202996815	52.27401834369196
401	55.431436557396026	21493.03748802207	1890.4387394145485	0.0	1775.9411086193943	55.431436557396026
402	54.67707725132895	21547.714565273393	1897.8380657476935	0.0	1779.510513919558	54.67707725132895
403	50.6517765745989	21598.366341848	1900.405699185292	0.0	1784.800461746397	50.6517765745989
404	58.478126535885565	21656.84446838389	1911.2940005905562	0.0	1788.7125250014265	58.478126535885565
405	52.608201139207715	21709.45266952309	1915.049842974375	0.0	1790.9771774367878	52.608201139207715
406	55.37096504115301	21764.823634564244	1923.1926826618387	0.0	1794.837089449665	55.37096504115301
407	51.652252557825285	21816.475887122066	1924.9769997127503	0.0	1799.4422475972435	51.652252557825285
408	55.8935211413002	21872.369408263363	1933.997835589531	0.0	1803.8732116053095	55.8935211413002
409	52.598255934998186	21924.967664198368	1936.8172387403633	0.0	1808.169265489894	52.598255934998186
410	53.31596507717338	21978.283629275546	1939.2193228060112	0.0	1812.594653607504	53.31596507717338
411	51.888114091224914	22030.17174336675	1941.7220017499185	0.0	1817.7723614277268	51.888114091224914
412	56.290941737210204	22086.462685103983	1947.9115918256864	0.0	1824.3967692567192	56.290941737210204
413	53.16253180725211	22139.62521691122	1953.2043466108214	0.0	1825.831858299881	53.16253180725211
414	50.5608129671559	22190.186029878376	1956.5381990748951	0.0	1829.3784683316549	50.5608129671559
415	56.15148897221186	22246.337518850596	1961.5850119328868	0.0	1830.8177037824212	56.15148897221186
416	50.88395870087249	22297.221477551466	1962.077468838976	0.0	1837.258972241217	50.88395870087249
417	49.06243526478326	22346.28391281625	1963.5385985795008	0.0	1842.1507086025138	49.06243526478326
418	51.46940428865501	22397.753317104904	1966.6364203427497	0.0	1845.4096050672913	51.46940428865501
419	54.057323534126446	22451.810640639032	1973.6054006750328	0.0	1848.114921485761	54.057323534126446
420	55.79605065226744	22507.606691291305	1978.9585815147043	0.0	1855.7436283066415	55.79605065226744
421	51.564918559052145	22559.171609850353	1981.708167229699	0.0	1860.1217249156537	51.564918559052145
422	52.95960100634575	22612.1312108567	1983.7904711826811	0.0	1863.4262145052444	52.95960100634575
423	52.76294458303434	22664.894155439735	1989.5093104798784	0.0	1867.1449350340872	52.76294458303434
424	54.97391175496513	22719.868067194693	1998.1880949796553	0.0	1868.763914310531	54.97391175496513
425	50.35915474792584	22770.227221942623	2002.0054143638918	0.0	1872.0148234421179	50.35915474792584
426	52.263321496017014	22822.490543438635	2005.1235507868894	0.0	1878.2497737248564	52.263321496017014
427	50.02739690288769	22872.517940341517	2007.3176940690441	0.0	1884.2719242790636	50.02739690288769
428	52.680844553157634	22925.19878489468	2010.391775213157	0.0	1887.5207998136607	52.680844553157634
429	52.98689057147722	22978.185675466157	2015.1927026865587	0.0	1891.3828355819035	52.98689057147722
430	51.64303330060229	23029.828708766756	2018.9835365543272	0.0	1895.891693927157	51.64303330060229
431	58.43223833280929	23088.26094709958	2028.820668901605	0.0	1899.8061563148692	58.43223833280929
432	56.6933814149034	23144.954328514475	2036.5609462972468	0.0	1903.6154326042333	56.6933814149034
433	50.205549689369874	23195.159878203845	2037.4750122580483	0.0	1909.0409389462673	50.205549689369874
434	55.17436698304139	23250.334245186885	2045.7298287443718	0.0	1912.0035707429781	55.17436698304139
435	50.192516055749046	23300.526761242636	2048.828681765321	0.0	1917.9850352141273	50.192516055749046
436	53.842392954404595	23354.369154197037	2054.068098932676	0.0	1926.930101094784	53.842392954404595
437	50.141513405921295	23404.51066760296	2055.8604952153355	0.0	1931.2483097929723	50.141513405921295
438	50.75267460418465	23455.263342207134	2059.010626771772	0.0	1934.4348089534626	50.75267460418465
439	53.78740522507133	23509.05074743223	2064.911093367287	0.0	1936.981240029586	53.78740522507133
440	52.96137193750393	23562.01211936972	2071.701055425934	0.0	1939.7419968251618	52.96137193750393
441	50.76337167782562	23612.775491047545	2076.681627899792	0.0	1943.7294452710676	50.76337167782562
442	55.89149850861966	23668.666989556168	2085.2908335156703	0.0	1947.119465030717	55.89149850861966
443	51.502987210864354	23720.169976767032	2087.7889076285514	0.0	1951.4759606208088	51.502987210864354
444	51.223558413118944	23771.393535180152	2089.818246797816	0.0	1955.237558283692	51.223558413118944
445	54.856582407952885	23826.250117588104	2093.1648023898942	0.0	1959.3331612919606	54.856582407952885
446	54.38785805268202	23880.63797564079	2096.6213837729924	0.0	1962.030800198394	54.38785805268202
447	54.75521626219369	23935.393191902982	2100.58189784515	0.0	1966.6898159523541	54.75521626219369
448	51.25713434250168	23986.650326245483	2104.073973667714	0.0	1976.5576922905232	51.25713434250168
449	52.915472786187244	24039.56579903167	2106.5313885527057	0.0	1980.6405589493972	52.915472786187244
450	51.36802423963365	24090.93382327129	2109.972988134439	0.0	1989.2671896470638	51.36802423963365
451	54.44389566896822	24145.377718940275	2115.6011740840745	0.0	1994.3205802696978	54.44389566896822
452	53.2656295409398	24198.643348481208	2121.7757458924407	0.0	1998.2346708802643	53.2656295409398
453	52.607873318194066	24251.251221799394	2124.082480474216	0.0	2000.6861400570683	52.607873318194066
454	51.68483626452871	24302.93605806393	2128.5574808396136	0.0	2004.8164537131263	51.68483626452871
455	52.76721748746387	24355.703275551386	2135.241135580375	0.0	2014.1340811817483	52.76721748746387
456	49.48116627191978	24405.1844418233	2136.9826195013206	0.0	2019.2225097743935	49.48116627191978
457	54.97678449833763	24460.16122632165	2142.9842850566247	0.0	2028.9300344426242	54.97678449833763
458	51.02213623613212	24511.183362557782	2145.729476277365	0.0	2032.827351468435	51.02213623613212
459	53.47174029358513	24564.65510285137	2150.383003184892	0.0	2034.1997837835531	53.47174029358513
460	56.09857507957022	24620.75367793093	2159.0286150579605	0.0	2037.5915353893906	56.09857507957022
461	49.18060572022233	24669.934283651168	2158.7865319781904	0.0	2040.6738971726745	49.18060572022233
462	51.8935583015883	24721.82784195275	2160.0345633612997	0.0	2044.1182684864275	51.8935583015883
463	52.28891754559103	24774.116759498338	2162.2754340713377	0.0	2050.888642269734	52.28891754559103
464	51.518501459792084	24825.63526095814	2164.628689441191	0.0	2054.350653370644	51.518501459792084
465	52.490611509073545	24878.125872467197	2170.22601821577	0.0	2057.763990493497	52.490611509073545
466	55.36764614002124	24933.49351860724	2178.4589141275287	0.0	2059.9493629724025	55.36764614002124
467	54.319263999184415	24987.81278260641	2183.2781152752077	0.0	2062.1974899805705	54.319263999184415
468	51.256168274014165	25039.068950880413	2185.592337325319	0.0	2065.0416658656122	51.256168274014165
469	55.809153576871175	25094.878104457297	2194.429441503131	0.0	2069.920095244877	55.809153576871175
470	50.98842742719054	25145.86653188448	2197.2844091977227	0.0	2073.6642022567657	50.98842742719054
471	53.60445645728009	25199.47098834176	2201.7685922742976	0.0	2077.0108933734004	53.60445645728009
472	54.70211353332736	25254.17310187508	2206.4103178089113	0.0	2079.7745729717053	54.70211353332736
473	51.578013055834575	25305.751114930925	2207.63715881091	0.0	2088.1544050949005	51.578013055834575
474	52.699783729804004	25358.450898660725	2209.876782774902	0.0	2090.5485493747815	52.699783729804004
475	55.834828765169895	25414.285727425897	2217.8216571828975	0.0	2093.6552993532982	55.834828765169895
476	50.08015780686057	25464.365885232764	2218.171436162427	0.0	2100.354404260011	50.08015780686057
477	56.066652238547725	25520.43253747131	2225.346348963878	0.0	2105.7854428525825	56.066652238547725
478	54.93059472017337	25575.363132191476	2230.6828776845896	0.0	2109.7792998020136	54.93059472017337
479	54.293251264764514	25629.65638345625	2235.9481995724095	0.0	2112.830683249625	54.293251264764514
480	52.56830539026923	25682.224688846505	2238.4088335209776	0.0	2118.7221844160845	52.56830539026923
481	56.72654565990352	25738.951234506425	2250.2654458876063	0.0	2123.3837125868085	56.72654565990352
482	50.5561522433322	25789.50738674975	2252.4854114196282	0.0	2127.5426007031037	50.5561522433322
483	55.856918528395035	25845.36430527814	2259.116354779001	0.0	2132.746970139565	55.856918528395035
484	50.93427243705179	25896.2985777152	2259.6746528826516	0.0	2135.426442884832	50.93427243705179
485	50.945440872196976	25947.244018587397	2261.4482710651396	0.0	2139.547023929739	50.945440872196976
486	51.37690375158477	25998.62092233898	2263.214378501284	0.0	2141.566583821023	51.37690375158477
487	55.339727120922305	26053.960649459907	2271.7019849707053	0.0	2145.5884698220743	55.339727120922305
488	53.50885485014013	26107.46950431004	2277.8460418879836	0.0	2148.106567170425	53.50885485014013
489	53.71872471994428	26161.188229029987	2284.9168349411934	0.0	2151.907571979896	53.71872471994428
490	53.915930056025054	26215.104159086026	2289.8815336785206	0.0	2157.4372587673547	53.915930056025054
491	54.13528171694605	26269.23944080297	2295.2306356464774	0.0	2158.3939685300115	54.13528171694605
492	51.56736017064012	26320.80680097359	2297.925658078748	0.0	2164.4741427128015	51.56736017064012
493	50.68919595738596	26371.495996930982	2297.6011139891643	0.0	2168.170081294894	50.68919595738596
494	57.372803301804964	26428.868800232784	2306.1841368813125	0.0	2172.2271968892123	57.372803301804964
495	49.915376086089715	26478.784176318888	2306.518250731743	0.0	2175.222232063666	49.915376086089715
496	56.740282722432994	26535.52445904132	2314.7528406193446	0.0	2178.7151483211283	56.740282722432994
497	51.773218464720884	26587.297677506023	2318.3095934494104	0.0	2183.4683690508796	51.773218464720884
498	54.59057622667569	26641.888253732704	2324.1014897474793	0.0	2188.272520478969	54.59057622667569
499	54.343334556126	26696.23158828883	2331.24554358698	0.0	2190.697768151855	54.343334556126
500	54.76027807021893	26750.991866359043	2339.7362560428387	0.0	2198.7583539657894	54.76027807021893
501	57.307278600394795	26808.299144959456	2350.6611303371374	0.0	2202.1469490921795	57.307278600394795
502	54.62461478321519	26862.92375974266	2350.6611303371374	0.0	2206.624500724251	54.62461478321519
