task	reward	total_reward	total_regret	relative	total_reward_dev
0	57.51158524915709	57.51158524915709	6.262324218036753	0.0	32.74454304397402
1	56.521813652088085	114.03339890124518	14.647652542298609	0.0	46.02537079379355
2	56.95797196646911	170.9913708677143	22.25684074512681	0.0	53.4437752365983
3	56.323193264740006	227.31456413245436	31.930848990658856	0.0	61.5595541547563
4	54.23204469910375	281.54660883155805	37.54521515455736	0.0	68.76112386753185
5	57.852741755322086	339.3993505868802	44.914256072735796	0.0	75.60639858828233
6	56.20037926758368	395.5997298544638	51.51984800809145	0.0	80.17264997668418
7	52.60685318738764	448.2065830418514	54.27919117539883	0.0	85.65898260076617
8	58.41586752296738	506.62245056481896	65.55687459950096	0.0	88.71190142201799
9	49.6471248209725	556.2695753857912	66.50350301945103	0.0	92.41320094282548
10	56.6296474510074	612.8992228367989	74.6370752389956	0.0	98.17572097770343
11	55.8906630546402	668.7898858914392	81.74688333809151	0.0	100.3760928121304
12	55.212113108879606	724.0019990003182	86.72030774155611	0.0	102.67802530673869
13	53.00160628081308	777.0036052811315	90.4286199015267	0.0	106.045115561686
14	60.72878873975182	837.7323940208834	102.1410220385834	0.0	109.77260507735583
15	55.91214535659355	893.6445393774769	111.91763335611779	0.0	109.64599756181845
16	58.753864163456676	952.3984035409338	121.9944766869158	0.0	110.2537680749187
17	54.02941388467744	1006.4278174256109	130.32881380013768	0.0	111.57645661605365
18	52.5241415429366	1058.9519589685472	134.13962381468002	0.0	111.79346296412402
19	55.879399199146384	1114.8313581676941	140.15609330393187	0.0	119.10743916172251
20	60.73971821718919	1175.5710763848836	153.53886698142304	0.0	125.33611505592575
21	53.83682923903628	1229.407905623919	158.87545687006647	0.0	128.44961709838208
22	56.86233912499408	1286.2702447489135	166.48720975798918	0.0	131.11589081813307
23	55.52303269189704	1341.79327744081	175.52069425676552	0.0	133.68789725466104
24	56.984660796291976	1398.7779382371023	185.19829316632885	0.0	138.00514977515903
25	54.386760818875615	1453.1646990559775	189.759254807377	0.0	135.20543296456339
26	53.518680061903424	1506.6833791178815	195.16404068576426	0.0	136.51126513118038
27	50.71120728379402	1557.394586401676	197.73125962876864	0.0	135.27026151183594
28	54.37526994150182	1611.7698563431768	203.65916912032841	0.0	141.05901615453257
29	57.08968479426302	1668.85954113744	212.39526976186812	0.0	140.6786400000538
30	57.11719295877233	1725.9767340962117	221.7685628265968	0.0	138.79545446807148
31	54.16865627772528	1780.1453903739377	225.95841939429855	0.0	140.98979428897348
32	56.11516237866013	1836.2605527525975	232.39982762722605	0.0	142.94458189685417
33	52.68234076759993	1888.9428935201972	236.7901156109989	0.0	143.02160602168573
34	53.804483291025505	1942.7473768112227	241.90186921414733	0.0	145.1458866918524
35	55.109536951907565	1997.8569137631305	248.96947658808915	0.0	144.05879934742796
36	56.53557000597474	2054.3924837691056	257.4384864843012	0.0	148.85230359508557
37	59.03216372835697	2113.4246474974625	267.74766451190635	0.0	150.44096431414485
38	57.11297339809967	2170.537620895562	276.713078877967	0.0	156.47765063803968
39	53.67232409923865	2224.2099449948014	278.5017642391308	0.0	159.263902701261
40	56.51808901360806	2280.7280340084103	286.9987148236654	0.0	164.05778859191417
41	60.37312386107902	2341.101157869489	300.7316727143386	0.0	169.6077758635162
42	53.1058313627815	2394.206989232269	304.270180898874	0.0	169.6610694608299
43	51.710757916386434	2445.917747148656	305.88484747873497	0.0	168.63446798205823
44	57.13485953180885	2503.052606680465	312.5880605650731	0.0	176.56295786306288
45	51.624313601905335	2554.6769202823693	315.5462489648153	0.0	176.1102090471993
46	53.945948971341984	2608.6228692537106	318.6222111187363	0.0	179.233977151994
47	57.05678356694597	2665.6796528206573	326.208182357942	0.0	184.19175835405878
48	53.92164523096323	2719.6012980516202	331.832772019673	0.0	184.23676848426308
49	53.15040791402362	2772.751705965645	336.7351397365495	0.0	190.67145099807883
50	49.8322462094592	2822.5839521751036	337.2501112196684	0.0	190.04189575093739
51	57.108319314471466	2879.692271489577	346.9427725444236	0.0	193.02697748041948
52	58.08093741500307	2937.7732089045803	355.7704174296303	0.0	191.7494420722255
53	57.345580217386505	2995.118789121964	363.5003429386059	0.0	193.96534968268855
54	59.11244602416059	3054.231235146124	372.4876098348391	0.0	193.01240498319189
55	58.00587589671005	3112.2371110428353	383.1171569744991	0.0	194.85027743900824
56	54.10426225632254	3166.341373299159	387.5680407808592	0.0	198.45057594196575
57	54.22535042157297	3220.5667237207317	395.2528938958375	0.0	200.42236193680483
58	58.242977955170566	3278.8097016759007	405.438785265005	0.0	201.69569451569492
59	57.37861070882792	3336.1883123847297	415.6990662365725	0.0	204.3396375505371
60	56.12469589116145	3392.3130082758917	422.5182755544538	0.0	204.64917766257017
61	50.54222512543488	3442.8552334013257	422.12001347797377	0.0	203.64702575598255
62	59.78758627952664	3502.642819680853	431.99191110349267	0.0	200.7733570949008
63	56.69404903130121	3559.336868712155	441.23344438658836	0.0	211.3310825049912
64	54.080405791336034	3613.4172745034907	444.9529991923683	0.0	214.26010573648884
65	54.9580065503666	3668.3752810538554	453.1568841896822	0.0	215.45997436875618
66	55.98135177111099	3724.3566328249685	460.21192020437445	0.0	220.62741392394798
67	55.68282791984883	3780.0394607448166	468.2925620125984	0.0	223.39376073589744
68	55.26505792810236	3835.3045186729196	473.51176291921337	0.0	221.370568567182
69	57.85205807309586	3893.156576746015	482.5306445240157	0.0	220.69087034959244
70	58.8841772133256	3952.040753959339	494.5062502305181	0.0	223.57953336274247
71	53.74605869499958	4005.7868126543403	499.82986302965577	0.0	229.25239407023665
72	58.674058918012534	4064.460871572352	508.44568039697174	0.0	229.67468262157882
73	55.40670927944555	4119.867580851797	516.5063471094986	0.0	230.27192099273373
74	62.22307749157137	4182.090658343371	529.8990727324644	0.0	231.11595110992675
75	54.99356079152491	4237.084219134895	538.4352125939776	0.0	232.419130282885
76	58.23818543322147	4295.3224045681145	546.4088609471967	0.0	234.05538111961036
77	53.51535226213884	4348.837756830254	552.4852673017749	0.0	235.6563800630529
78	57.45826981504339	4406.2960266452965	561.8690556730352	0.0	240.44568037317055
79	54.03808438837791	4460.334111033677	563.9240188821499	0.0	239.03796963763497
80	55.50109818008771	4515.835209213764	571.0466445798118	0.0	238.54705705064106
81	62.34819060030726	4578.183399814071	583.579785785317	0.0	240.97322020710124
82	56.95507105673193	4635.138470870802	593.6622779279656	0.0	245.92072764984502
83	59.20274977638019	4694.341220647183	605.4326600788434	0.0	246.42922951222909
84	53.521048447460274	4747.862269094643	611.5870364500615	0.0	245.57411926749592
85	54.31097759074841	4802.173246685391	616.1245285894395	0.0	247.34350417039278
86	50.09966709766221	4852.272913783056	616.5706526813724	0.0	247.10734904737177
87	56.986844168466945	4909.259757951521	623.1428277787534	0.0	250.4729231156473
88	52.926130153349824	4962.185888104871	626.8054094295625	0.0	249.27930936084218
89	56.14832018307424	5018.334208287944	633.3152767207926	0.0	250.68194366856918
90	52.09708971204925	5070.431297999993	635.8611559086602	0.0	250.6943371417676
91	49.210009326772216	5119.641307326767	634.8712791016665	0.0	252.22451303592663
92	52.12891179394195	5171.770219120709	637.1882632952397	0.0	252.44686706463844
93	50.45098614703853	5222.221205267747	639.1277926724829	0.0	251.21403606640504
94	55.571298361586905	5277.792503629334	646.7712572561198	0.0	250.3366701016941
95	56.60660463550971	5334.399108264842	651.9709041544161	0.0	247.09491066148485
96	53.74251373528367	5388.141622000128	657.8479298114017	0.0	246.29584328606416
97	55.24659818048021	5443.388220180607	664.2358913190416	0.0	253.20086017031036
98	63.38881925564876	5506.777039436256	678.0174412880287	0.0	258.90650814270936
99	55.58060363736999	5562.3576430736275	686.4124414931814	0.0	258.30272636739085
100	53.65938737964175	5616.017030453268	690.815240589163	55.585054452041106	257.6710194967797
101	54.73512427122639	5670.752154724493	694.9169597434947	55.56718755823247	259.88071603580346
102	52.49281165546775	5723.244966379964	696.6575463431209	55.52253595512248	258.2278768803944
103	56.407488777257434	5779.652455157219	705.905820177726	55.52337891024766	265.4855583814177
104	58.59593870964809	5838.2483938668665	713.7405229411736	55.56701785035311	267.2492634926515
105	52.25233572789022	5890.500729594762	713.6793582282212	55.511013790078806	267.6633040123055
106	54.29321895633785	5944.793948551101	719.9727955493164	55.49194218696632	265.94000982447085
107	56.01026645740308	6000.8042150084975	727.7556902207448	55.52597631966647	266.6593466157229
108	60.887262476239755	6061.691477484738	740.2447050269782	55.5506902691992	271.2119060174667
109	55.044621026822085	6116.73609851156	746.5691008003029	55.60466523125772	274.2855378724462
110	60.05921585842866	6176.79531436999	757.9876296833779	55.63896091533188	274.33553321763105
111	51.559504701620746	6228.354819071614	762.4589327464435	55.595649331801695	273.3569537100047
112	49.55061439995958	6277.905433471565	760.8182955005655	55.53903434471252	274.64358184737875
113	53.65386441306055	6331.559297884629	766.4063915263213	55.545556926035	277.222249402213
114	59.28848003840151	6390.847777923037	777.5868422476779	55.53115383902148	280.77123457355253
115	47.78298415107412	6438.63076207411	775.6429386903794	55.44986222696626	282.0672364385284
116	53.725153850648404	6492.355915924758	780.3411274623111	55.399575123838204	284.60854727780475
117	54.021894060159184	6546.377809984913	785.2013749284458	55.399499925593034	285.12894953230546
118	53.533398130800144	6599.9112081157145	788.3403040972536	55.40959249147169	282.08057078903676
119	53.8184167905101	6653.729624906223	793.0970670000265	55.38898266738531	281.91283025060375
120	53.49751959458161	6707.227144500805	796.8923718986454	55.31656068115921	285.80430060422566
121	54.254356900174635	6761.481501400983	802.7893380126072	55.3207359577706	287.7033467059503
122	58.212577094526516	6819.694078495507	813.6258029468461	55.33423833746593	291.3369934558382
123	53.677548759111026	6873.371627254621	819.5742890836855	55.31578349813806	295.6337875333877
124	52.53732990755734	6925.908957162173	822.3807690792696	55.27131018925072	300.93462864095716
125	57.54966950941421	6983.458626671593	831.2514063557801	55.30293927615613	305.54271541856554
126	54.12375581736518	7037.582382488956	835.5634758515101	55.30899003371073	303.2239251812122
127	53.6285874733236	7091.210969962276	840.5760351114036	55.338163835606046	302.834347447535
128	57.25291530609623	7148.4638852683765	849.6047634300407	55.366940289251964	302.88839866089853
129	61.40491747402588	7209.868802742401	862.0668010303701	55.4100926160496	303.6616996541089
130	56.12293908613823	7265.99174182854	871.6481461072239	55.40015007732327	308.94493002742695
131	56.05783477777806	7322.049576606314	877.1592662833247	55.41904186232377	310.85035117769274
132	56.56135312861614	7378.610929734936	883.3308570150318	55.42350376982333	315.6809407346167
133	54.538296435637015	7433.14922617057	891.0572528136031	55.4420633265037	318.7950723029092
134	58.6672835950216	7491.816509765593	899.4040168832286	55.49069132954367	319.279381842494
135	53.59929906653293	7545.415808832127	907.0429137521329	55.47558895068995	322.9084083689175
136	53.42561329589297	7598.841422128021	911.2527294187311	55.44448938358911	321.2091688580168
137	55.95090013735873	7654.792322265376	919.2504233027198	55.41367674767912	320.9185143787456
138	52.65326525579612	7707.445587521173	924.2464614055984	55.36907966625609	324.50715838912566
139	60.06386474892854	7767.509452270103	933.7469747675284	55.432995072753	326.7394921722136
140	57.16503575886641	7824.674488028966	941.1974239447762	55.43946454020557	324.94854732131745
141	59.95430887644275	7884.628796905412	949.6616843038188	55.43527639035922	332.5845206326884
142	53.22674251660185	7937.855539422014	954.9203535583808	55.436485501897394	332.8427475248011
143	57.68332309753188	7995.538862519544	964.6731471128471	55.496211153708884	334.5722316351674
144	55.560105422782726	8051.098967942331	972.1259385311796	55.48046361261861	330.3464606058598
145	52.99758206231367	8104.096550004637	975.2027447372445	55.494196297222686	331.7125403211259
146	51.51159929929986	8155.608149303941	979.4687759360802	55.46985280050227	328.82937635907217
147	54.5842840552614	8210.1924333592	985.3652747395141	55.44512780538544	331.65884960740334
148	58.229651776424525	8268.422085135626	995.2358259633991	55.48820787084004	335.94018549683216
149	54.96698423552317	8323.38906937115	1001.8676416700939	55.50637363405504	336.57111154287117
150	52.875777498482805	8376.264846869639	1005.4742452268936	55.53680894694528	338.60821928442635
151	54.905905475635194	8431.17075234527	1011.3380192416307	55.51478480855692	339.8491403971178
152	55.83680952117467	8487.007561866443	1019.546448923733	55.49234352961863	342.5863202603044
153	58.82335851993926	8545.830920386381	1030.0544248742858	55.507121312644166	342.6967627844809
154	55.3188936007476	8601.14981398713	1038.172532972443	55.46918578840998	349.6395805190461
155	59.07099171159387	8660.220805698722	1048.144684916828	55.479836946558855	351.0513017861324
156	53.12417015150877	8713.34497585023	1051.8443413998798	55.47003602551074	351.39651964542526
157	56.01496670262219	8769.359942552857	1059.0775758319965	55.48793218832121	355.57045696592814
158	49.364231285361	8818.724173838213	1060.6610818288168	55.399144721623124	355.599786531735
159	55.729982280704874	8874.45415611892	1065.8359983613486	55.382658437341895	361.45707827362406
160	57.29611778746624	8931.750273906386	1071.9370676399462	55.39437265630493	364.12106594190885
161	50.696850510179026	8982.447124416567	1073.4016499833097	55.39591891015237	362.71671037857647
162	53.12656786840199	9035.573692284968	1077.9812918317693	55.329308726041134	364.1201803605188
163	58.208398599005115	9093.782090883968	1088.0145766076532	55.344452221718186	367.0245712440375
164	52.10528990613327	9145.887380790104	1090.7267232644658	55.32470106286613	368.2707111017451
165	51.574833373780166	9197.462214163885	1094.740220436216	55.290869331100275	370.1732711240101
166	54.43149849284967	9251.893712656736	1100.9069372033912	55.27537079831771	380.12197807180087
167	55.73869241569787	9307.632405072436	1108.5314390155136	55.27592944327615	377.74332534918886
168	53.65704108066497	9361.289446153094	1111.0911476700232	55.25984927480175	377.4352577441478
169	52.31770007247757	9413.607146225575	1115.5045572328402	55.20450569479558	376.5781397910338
170	50.8370774465706	9464.444223672146	1117.6255711617798	55.124034697128074	374.34231057513733
171	52.103066707135085	9516.54729037928	1122.4023638549597	55.1076047772494	371.2638361779369
172	51.1094546891068	9567.656745068387	1125.6858236265425	55.03195873496034	371.01955084158396
173	56.46977473276113	9624.12651980115	1131.574444555462	55.04258938949349	370.6951634336018
174	56.844589781269526	9680.971109582417	1138.194778742864	54.98880451239049	374.108718548371
175	54.98863486079638	9735.959744443211	1144.076835346706	54.9887552530832	373.53219434018445
176	50.63425123776961	9786.593995680982	1146.5070573827816	54.91271591112868	374.5664342433702
177	59.22898679548532	9845.82298247647	1156.2087747265316	54.969852256462126	368.93786352888526
178	50.88817087103443	9896.711153347504	1158.4559003987529	54.904151267022044	366.8975623698397
179	54.0730980822894	9950.784251429792	1163.7330991999768	54.90450140396118	363.95310355252684
180	58.57252791307103	10009.356779342863	1173.928190112228	54.93521570129101	362.60761882168896
181	56.288788864658045	10065.645568207517	1183.9856467969053	54.874621683934514	365.2220173240179
182	57.69755869165017	10123.343126899166	1193.643494083197	54.88204656028369	369.8215465015035
183	55.796203276753296	10179.139330175924	1199.808949807924	54.84798109528742	368.5161630506392
184	52.291343362258345	10231.430673538183	1202.8189748140203	54.83568404443538	371.249161315203
185	52.232620374680856	10283.663293912865	1208.0953683141745	54.81490047227473	373.2893686288409
186	51.306803933172034	10334.970097846042	1211.8652523103535	54.82697184062984	374.62139005331005
187	54.77174129519297	10389.74183914123	1216.9389592986452	54.80482081189709	374.1673958385559
188	53.83759846754183	10443.579437608774	1221.2290939831094	54.813935495039	371.23867702360593
189	55.15732419331194	10498.736761802083	1228.5676045479051	54.804025535141385	370.6935561433559
190	52.02311575228073	10550.759877554365	1233.5968630681411	54.80328579554369	372.9653508135144
191	49.574040547204056	10600.333918101564	1233.9954701520887	54.80692610774801	372.8377417504519
192	53.560659854205056	10653.894577955774	1237.9738600974097	54.82124358835066	375.33810661221327
193	50.68139455328444	10704.575972509054	1240.801616992031	54.823547672413106	374.1073513211821
194	52.62048774728085	10757.196460256337	1244.8577737751802	54.79403956627002	374.1170859472357
195	50.70352715458069	10807.899987410921	1244.3547691762312	54.73500879146076	371.88407022395154
196	53.33533590543574	10861.235323316354	1247.9918349288953	54.730937013162304	374.04954257345173
197	47.46270515038257	10908.698028466737	1247.1885328407682	54.65309808286133	375.80944736363836
198	52.216043555447506	10960.914072022184	1248.3837416023437	54.54137032585927	378.6109134717319
199	52.70160628028607	11013.615678302476	1253.0123752801346	54.51258035228846	377.9649032665302
200	50.85841056301856	11064.474088865485	1254.0570396484227	54.48457058412221	379.5515966331437
201	56.15037942009052	11120.624468285581	1261.7611984796076	54.498723135610824	383.6666325044158
202	54.510269605420405	11175.134737890998	1266.235587307056	54.51889771511036	387.1367465223563
203	53.717479878030126	11228.852217769025	1270.2237570976845	54.4919976261181	388.04598095742296
204	55.71122441017858	11284.563442179204	1275.9711107890744	54.46315048312343	392.7442929903236
205	58.669481585362185	11343.232923764568	1287.5794110157187	54.52732194169815	393.1009218551989
206	54.53483415022018	11397.767757914791	1292.754642473508	54.529738093636944	396.9776571186007
207	59.931442833588335	11457.699200748377	1302.318770833138	54.56894985739882	397.8484733829778
208	55.465575588577416	11513.164776336956	1310.0529717016775	54.5147329885222	402.49551894348684
209	53.344413566788944	11566.509189903747	1314.9943898862932	54.497730913921885	407.6081675306463
210	53.12906282975607	11619.6382527335	1318.6200514663215	54.42842938363515	412.72546833094793
211	54.43880266002075	11674.077055393522	1324.542642652031	54.457222363219124	411.93455554799186
212	53.62858934051096	11727.705644734027	1328.1868503840678	54.498002112624675	411.45182327650656
213	58.1195711724806	11785.825215906509	1338.310524985664	54.54265918021883	416.92283745696545
214	54.863814729129025	11840.689030635638	1344.2956179400003	54.49841252712611	419.2610685634986
215	52.8124113031887	11893.501441938828	1348.0605345660451	54.54870679864728	418.2102598411718
216	51.90306966338128	11945.404511602213	1350.9512403381675	54.53048595677459	418.45619136776617
217	55.15227311942324	12000.556784721639	1356.6530487740085	54.54178974736723	418.3890303404753
218	55.340773243248634	12055.897557964889	1363.6837842263992	54.559863498491694	423.64126015591376
219	55.46911717271978	12111.366675137606	1371.0643469127106	54.57637050231379	426.39320372984696
220	56.780317509978914	12168.14699264758	1377.7002179764063	54.609198481467786	428.4615883288068
221	50.32850519203863	12218.475497839621	1381.2118735176991	54.569939964386414	428.1235417643324
222	51.1447003533694	12269.620198192992	1385.1976056812227	54.49926119697488	428.7229191428902
223	55.82591280046732	12325.446110993464	1392.908308632443	54.520744837388435	431.6561774839352
224	53.358310162082624	12378.80442115554	1399.5329718042851	54.52895463993367	434.8373836961023
225	52.038891455597586	12430.843312611136	1403.5285535473536	54.47384685939551	429.99343145137317
226	56.449665451374806	12487.292978062516	1409.8913717886298	54.497105955735584	430.17419350689056
227	54.2453813055648	12541.53835936807	1416.274159814788	54.503273894058026	429.68667500962255
228	58.020248078220305	12599.558607446295	1425.8444554127282	54.510947221779254	431.94045322510266
229	56.72305916250216	12656.281666608793	1434.0043461672926	54.464128638664015	435.53844811658286
230	51.64779828114732	12707.929464889941	1436.0444414568974	54.41937723061411	437.87861583650846
231	55.299854278493825	12763.22931916844	1440.680565127291	54.411797425621245	439.6576209749049
232	57.17480190855463	12820.404121076997	1448.1095065533964	54.41793191342066	436.8885152100719
233	51.70562745917183	12872.109748536157	1450.3409274217008	54.389605223655984	438.2948796598844
234	56.161551526171486	12928.271300062332	1455.5661064852259	54.36454790296747	439.2566986425486
235	53.39991913985509	12981.671219202188	1460.9948089013956	54.362554103700724	441.1749157300102
236	57.566977057735805	13039.238196259923	1469.111152136774	54.403967741319136	440.8523156639972
237	56.83220081982075	13096.070397079746	1479.5126560920119	54.412780748143774	439.3110131729044
238	55.25261165307377	13151.323008732821	1483.7052093447037	54.438774212116535	439.72962734347556
239	55.66287010712725	13206.98587883995	1489.9479324634722	54.39476426569852	440.52100083206705
240	52.123857059388094	13259.10973589934	1495.2170865375183	54.34435247870377	439.6210210911061
241	57.04004124082108	13316.149777140163	1503.6855153629244	54.31520980234756	440.3664051232955
242	55.40595878870649	13371.555735928863	1511.0063076091317	54.33700196506857	439.9584851069762
243	58.40355270893243	13429.9592886378	1520.7867341682474	54.344204261182625	438.3658408428923
244	52.32571792715983	13482.285006564958	1524.7780507567838	54.31186038622634	438.3847604779357
245	55.927205706329026	13538.212212271288	1532.6559411905575	54.3411566226665	440.0961642524998
246	56.52176308033583	13594.733975351619	1539.2248518634692	54.39125826047689	442.4284540007308
247	59.020668575678584	13653.754643927297	1548.349793985455	54.43562210568105	450.12997578959323
248	57.31154170560994	13711.066185632913	1556.2395656998494	54.426441004972894	447.9603325267432
249	51.410372478575766	13762.47655811149	1561.1868044290447	54.39087488740344	448.1010397031207
250	55.460336258442595	13817.936894369926	1565.132022719022	54.41672047500303	445.60022476789385
251	55.388319132697816	13873.325213502629	1570.4785909760838	54.421544611573644	449.61324481728974
252	50.202308899555156	13923.527522402183	1570.7369182862387	54.36519960535745	454.01813246005395
253	57.98073738364929	13981.508259785835	1581.2926262163176	54.35677339399455	455.73799132443355
254	52.250486865459706	14033.758746651287	1583.7579508091458	54.32608932664169	456.4513836410229
255	57.473905121050336	14091.232651772341	1593.2571814340956	54.31011846073624	460.88118132115056
256	60.82712126505035	14152.059773037392	1603.9239183094708	54.38714797187167	459.6549090378168
257	51.9404816896237	14204.000254727016	1608.3738222257034	54.34640312174166	460.73259765898365
258	56.73419477811715	14260.73444950513	1617.0929880024023	54.42010275666924	456.6994571666949
259	57.875959185674326	14318.610408690809	1625.9547469648812	54.441562525718936	456.60249020888494
260	56.74441612772326	14375.354824818523	1635.2301382297883	54.4360455091215	453.6896715091984
261	52.26335942049398	14427.618184239016	1638.4415554245293	54.45171059822465	455.0261527113085
262	52.916047048712215	14480.534231287736	1641.0574192162367	54.449605390027735	454.96544634766286
263	51.595718921094175	14532.129950208837	1644.7777120915136	54.38347859324865	456.09447702918146
264	53.80101019184272	14585.93096040067	1651.0425500351519	54.40043579610575	457.54481233828045
265	53.83093471370386	14639.76189511438	1654.6542753771482	54.422996809504966	463.8832137755444
266	56.7225130607289	14696.4844081751	1663.4764118925484	54.44590695518377	459.8557786893146
267	57.26115976548954	14753.745567940594	1671.0305903081119	54.461131628681706	463.0126404832595
268	55.33665914245174	14809.082227083041	1676.0298227876776	54.47792780929954	464.19086675490854
269	56.927072909266315	14866.009299992314	1682.5419759868796	54.52402153766744	462.98769573603306
270	49.877677826041264	14915.88697781835	1683.4110396380222	54.51442754146215	461.3661617077829
271	53.392100865629125	14969.279078683985	1686.7771555103675	54.52731788304706	460.5652344620108
272	57.337998757038775	15026.617077441013	1697.466546749649	54.58960332372641	460.5923003200891
273	53.90195265931757	15080.519030100339	1704.4055481828839	54.563925102991995	461.0935179519655
274	54.19462761114175	15134.713657711483	1709.970876985537	54.53742548129072	458.73235902373636
275	55.97066187819682	15190.684319589678	1717.3299484726747	54.54724575146471	458.5703062487782
276	58.97410702172771	15249.658426611402	1727.361123289329	54.63064430930429	460.7523595439211
277	55.91265497164883	15305.57108158306	1732.5786395786092	54.59748099106589	462.12088262130413
278	55.53937355629597	15361.110455139356	1738.8271142792626	54.643993017918525	460.03144640251634
279	58.04608817447681	15419.156543313828	1748.6654798917234	54.683722918840424	463.48418508378154
280	56.62153087881123	15475.778074192634	1756.5102566111286	54.664212948497806	463.713053169169
281	57.07696535372745	15532.855039546366	1762.621190539802	54.672094713388496	460.7589036509869
282	57.39184397965282	15590.246883526015	1770.2310387009652	54.669037566268514	460.29005263262644
283	60.31481462289188	15650.561698148906	1782.015669062716	54.714223679729905	460.1965086570664
284	55.7143687771357	15706.276066926042	1789.4799457288714	54.74845393387867	462.53261578804467
285	51.656089018294914	15757.932155944343	1793.453109501789	54.74268862031481	460.4469330792393
286	58.51509707200053	15816.44725301634	1803.8553075182729	54.81477155170309	463.7634158351911
287	52.74770770795781	15869.194960724299	1807.4831671151924	54.79453121583073	461.99600389170564
288	54.45592339934086	15923.650884123635	1813.8132532776972	54.80071446514873	470.2014312383311
289	53.18001660016175	15976.830900723795	1816.007307943879	54.780941389217226	473.5692392294226
290	56.321025416018465	16033.151926139819	1822.407321331551	54.82392048585462	475.7996545415679
291	61.599421486288335	16094.751347626105	1834.8366293668064	54.94417429524547	477.6639813105981
292	55.97321114722708	16150.724558773332	1842.3135058695182	54.96829980817566	476.3582758287011
293	54.287263510546836	16205.011822283881	1848.7040069708007	55.0043584977483	475.5854200027643
294	53.4866120735034	16258.498434357392	1852.2102008482605	55.013019741010524	477.71324362441663
295	57.35559155139218	16315.85402590878	1861.4743697526824	55.079540384978635	472.10289592157267
296	54.52736499972415	16370.381390908502	1869.2216132783249	55.09146067592153	474.50890207452863
297	59.46075998150524	16429.842150890003	1879.0453175298826	55.21144122423275	479.8323492162168
298	52.53100397905143	16482.373154869063	1882.6440933368149	55.21459082846881	475.7932899214607
299	54.36764686858234	16536.740801737633	1889.7029429814359	55.231251234351774	474.8625355540117
300	58.16799510430799	16594.90879684195	1899.1594790935394	55.30434707976463	477.4119027214943
301	55.61825071575468	16650.527047557698	1906.0031177022997	55.299025792721295	479.4154478403198
302	55.406655940485045	16705.933703498195	1913.9282457121742	55.30798965607195	479.3985870868999
303	58.63562322060507	16764.569326718793	1925.0620235798049	55.35717108949769	475.85516445063024
304	58.080377928077944	16822.649704646876	1932.9295573808354	55.38086262467668	479.31747296031716
305	58.59494659784247	16881.244651244713	1942.3509081205223	55.38011727480148	479.9233839775849
306	53.40534569489688	16934.64999693961	1946.153704568066	55.36882239024824	483.9293823787748
307	59.03069546017221	16993.680692399783	1958.7102637259118	55.3598149165141	490.8078852475844
308	55.99540194294806	17049.67609434273	1965.7746547184518	55.365113180057804	489.74129979617356
309	51.05636342528448	17100.73245776802	1966.6864529158474	55.34223267864275	488.2581218059887
310	55.91762959662858	17156.650087364644	1972.6400048111057	55.37011834631149	491.0836121824227
311	57.87290275537103	17214.522990120004	1981.5229752840296	55.404459347264954	488.29417716985154
312	50.95962185296983	17265.48261197299	1984.0266093419261	55.37776967238956	486.0135696644631
313	50.124555040883386	17315.607167013863	1985.7268962438725	55.29781951107359	485.813315923007
314	50.99122754041618	17366.59839455428	1987.3096557773817	55.25909363918649	485.1815260685918
315	54.3982693542161	17420.9966639085	1992.948543609921	55.274952219696736	485.10634965248
316	56.09394232066585	17477.09060622916	1999.5576978706772	55.31686094626958	484.8726985074856
317	55.16314008098762	17532.253746310147	2005.887950892031	55.31696961588522	492.3654356694323
318	56.509103864476714	17588.762850174626	2013.8523430658115	55.32865292209751	489.4414640279869
319	53.58711770097197	17642.349967875598	2017.5461957951404	55.30983292738005	490.29720678953146
320	55.93873985377142	17698.288707729367	2025.943718322407	55.30141715081794	489.42677751000804
321	56.979443783279365	17755.268151512646	2034.4069328106195	55.36792653673037	491.063928321645
322	52.38254973082913	17807.650701243478	2037.727047610475	55.38030503050498	496.3276840563468
323	53.64807553934677	17861.298776782827	2044.049168844655	55.358526657893755	496.62821848577136
324	53.369440350800495	17914.66821713363	2048.064175494226	55.35863795978091	496.28009200931996
325	58.635437076039125	17973.303654209667	2057.0741983091516	55.424603415985345	502.08245094068513
326	54.70216661049763	18028.005820820163	2062.1849360101523	55.40712842757657	503.473361731887
327	62.074357406881326	18090.08017822704	2075.7031435347367	55.485418188589755	502.6269970888051
328	53.41275604130219	18143.492934268346	2079.700042517669	55.43934326822058	506.1115213585269
329	58.58483066645029	18202.0777649348	2090.7668536804335	55.45796098326007	510.6890306261835
330	53.84296485864346	18255.92072979344	2092.8346718674834	55.479912649035015	510.0894653621627
331	56.728515254886254	18312.649245048324	2101.9089535939174	55.49419925879894	503.3748669358594
332	54.31448979883681	18366.963734847162	2107.9409762369405	55.46559613770176	501.44722861510706
333	57.432947757894354	18424.396682605064	2115.3480216293333	55.52286934068899	502.30037618241477
334	54.926901283920245	18479.32358388898	2118.893479320682	55.51052283826645	508.8540294489183
335	57.888553797913545	18537.212137686893	2129.682022554711	55.55540918484706	513.3518669988923
336	56.328424113043894	18593.54056179993	2138.188983385852	55.54302365540013	521.5068802594407
337	53.06309046318075	18646.60365226312	2137.915247130943	55.50533255183375	520.3321459555754
338	56.89924040805175	18703.502892671168	2144.5072553147465	55.521798839383536	518.7301429322185
339	54.29509494718929	18757.797987618367	2150.9382335262367	55.50812108778413	521.2359677390406
340	50.35543645459335	18808.15342407295	2151.103044907672	55.490436881736215	521.2306840340652
341	55.916602276051314	18864.070026349003	2157.736302774422	55.47920249208852	521.7856833246335
342	50.7457624871958	18914.815788836204	2161.4264114774023	55.43260052907339	521.3149328656425
343	56.333876337618086	18971.14966517382	2168.471211871965	55.411903765360215	521.51722672685
344	60.83902269832301	19031.988687872145	2181.646718771476	55.497036813071865	524.0423056053811
345	53.47764208866367	19085.466329960807	2187.3151844154704	55.47254117689519	525.3223083043255
346	55.642142185304714	19141.108472146105	2193.8127379084776	55.4637449679449	524.2267200003912
347	52.47109420900723	19193.57956635511	2196.8968231389554	55.39824922427817	526.5359198435498
348	55.53573384408508	19249.1153001992	2205.233039845037	55.38049114566295	527.1609120748446
349	49.56539879342585	19298.68069899263	2203.174744289536	55.36204140881145	528.5902419607211
350	54.94867946442442	19353.629378457044	2210.8185157718376	55.35692484087126	529.5530468599753
351	53.70802776644313	19407.33740622348	2213.8458908471525	55.3401219272087	531.4741548868923
352	52.53538434426676	19459.872790567748	2218.7159448534553	55.36345268165581	531.6954439646349
353	59.930349033679164	19519.80313960144	2229.5086877046483	55.382948798156114	529.7750539776682
354	55.33287095500132	19575.136010556434	2238.6074584880726	55.41377263905156	529.2283941632106
355	56.17332125140223	19631.309331807835	2245.3598165468093	55.400766800355065	528.2544134219922
356	54.60217805049723	19685.91150985834	2252.308071944676	55.33851736820953	532.4276843123796
357	54.30246296405123	19740.2139728224	2258.931742040548	55.3621371809538	529.3213151419458
358	57.013643607656725	19797.227616430053	2266.252182473479	55.36493166924921	531.7642895998766
359	51.25610505428715	19848.483721484332	2271.5984930495288	55.29873312793529	532.2256369098587
360	60.809698300472235	19909.293419784804	2281.9476947967887	55.33938594966281	527.5689709812184
361	51.4976873384188	19960.791107123227	2283.936283984982	55.33172922884211	529.2390329884907
362	59.73088506493433	20020.521992188165	2292.504804485167	55.3998776090043	527.5679455373781
363	57.479688406638225	20078.001680594803	2300.7888792932067	55.45871730385974	528.0008508073814
364	57.475674724441696	20135.477355319246	2309.660082849021	55.49546394918571	523.6915856555638
365	53.86129689928512	20189.33865221852	2313.5409112722755	55.495767571041505	522.6523556956797
366	51.4363055232696	20240.774957741796	2317.6937205063355	55.44290549566696	522.2927263370967
367	58.75957448376743	20299.534532225563	2326.069739882067	55.457889642849715	529.1148222885836
368	56.13074165414163	20355.66527387971	2330.150584078306	55.4658304679666	535.0043598615101
369	57.3708240439128	20413.036097923614	2337.8604549151078	55.47026797931309	533.6366392522692
370	59.80045301874344	20472.83655094236	2346.8939721879196	55.56949573124009	537.3673363182112
371	53.65342050832288	20526.48997145068	2350.597022190523	55.57210892766704	537.9272207893337
372	52.179312203465905	20578.669283654155	2352.332141212623	55.520522062131334	541.4250459673685
373	57.30184904141435	20635.971132695566	2360.381362439146	55.55452102595229	541.5176396117447
374	59.47918887120599	20695.450321566765	2373.206956651657	55.60736663855293	543.9535423694439
375	54.900193218313596	20750.35051478508	2379.3105834563576	55.59666195195412	542.9793140426888
376	55.3105893953513	20805.66110418043	2386.816287092616	55.56002677569034	537.9870928514697
377	58.817220074629915	20864.478324255066	2395.9626650608575	55.58907242672014	541.8924090022618
378	52.168094970559416	20916.646419225617	2399.748789735224	55.55535964086279	536.3159160643372
379	59.042604513221285	20975.689023738847	2411.80330120111	55.5653248042502	540.2235501860838
380	51.38333790260212	21027.072361641443	2412.8551217224235	55.512942874488125	536.2266606407628
381	54.92047720174317	21081.992838843187	2419.562857009149	55.49137799296828	538.3351920011714
382	56.5471397480777	21138.539978591263	2427.657938971926	55.482930950652545	538.7866427576665
383	53.601455983638445	21192.141434574914	2432.053784375257	55.41579736425999	544.2305638389847
384	55.34689467703719	21247.488329251944	2439.5611169377585	55.41212262325902	547.1572183460659
385	57.888692741416655	21305.377021993365	2449.2967466153873	55.47444866049022	550.2778782867421
386	58.8335529218997	21364.210574915254	2458.3006223443795	55.47763321898921	552.620568980789
387	56.11973570101483	21420.330310616275	2467.4394523833143	55.51135349891978	557.7691891649879
388	52.05132914676549	21472.381639763036	2471.59021362202	55.48730755639404	555.0766762491044
389	57.76873328342038	21530.150373046465	2480.643385122855	55.53319472322662	556.7601638529836
390	60.03725030034178	21590.187623346803	2493.020084105527	55.570356972069845	567.3691372453019
391	52.81864588989575	21643.006269236692	2499.7826838168166	55.482549216105944	564.5211867131856
392	53.19241798155233	21696.198687218246	2501.6507796202263	55.45474128444917	563.9794910083073
393	59.55409548176002	21755.752782700012	2514.2289253859412	55.50740960416131	561.3824773168737
394	55.7493903374917	21811.5021730375	2520.6057006671313	55.530037386801176	563.8130459493639
395	50.699722463640164	21862.201895501144	2523.0217436378257	55.46347869592367	563.5852176206545
396	55.89838152737005	21918.100277028498	2530.4339760342455	55.47718886120012	563.6083437620578
397	51.51114324626573	21969.611420274774	2535.2860183413177	55.397692693847745	564.2779843132446
398	55.27440776288962	22024.88582803766	2540.2391575205766	55.42512673168614	562.6444161033689
399	54.513779065716086	22079.399607103373	2544.360351217244	55.426588053657476	569.5652900619535
400	52.834010655739846	22132.23361775912	2549.1745482176098	55.37324820917178	568.6847515945985
401	61.233632731502404	22193.467250490616	2560.559712903165	55.429402029329275	569.9336486182876
402	56.76693827050885	22250.23418876113	2567.4854850154884	55.44300485262947	564.3785459945257
403	59.01955164921576	22309.253740410342	2579.555142929704	55.44684413691558	569.2981800134542
404	55.88903458598891	22365.142774996344	2587.725055524931	55.42493070349471	572.035941808334
405	57.261803209235794	22422.40457820558	2597.597672277697	55.41159926960867	571.0398729904965
406	54.311991985585166	22476.716570191154	2603.6995312366553	55.42066573251554	573.2179832810768
407	58.87957385114191	22535.59614404231	2611.89521625605	55.41915451642522	568.0752290217292
408	60.49762429443486	22596.09376833674	2622.9743427441194	55.464176739940115	572.9763206600928
409	59.1546843160289	22655.248452652773	2632.193305862467	55.545159948847534	576.557914320185
410	57.43420616628629	22712.682658819052	2638.9041394900746	55.5603257145441	574.8207300698408
411	54.63677180943223	22767.31943062848	2644.251248673938	55.52796440508469	575.6042760892294
412	57.16153543896944	22824.48096606746	2652.8109994983765	55.58998354094472	573.0549592710365
413	51.430844224822266	22875.911810292277	2653.499958843037	55.60304643278413	573.7202459029045
414	57.71455234816472	22933.626362640432	2661.8502108072194	55.670279680861626	576.4540570431104
415	53.951375066525976	22987.57773770695	2668.0909035349123	55.665810737984685	583.4803920787938
416	53.153065640760595	23040.730803347724	2672.554383973002	55.63640197118565	582.2704985640527
417	49.10732389999739	23089.838127247727	2672.765389987475	55.57584380937576	583.2493104041475
418	55.6371856956712	23145.4753129434	2679.2586153015914	55.56712462768768	583.5139861111084
419	58.90070054256921	23204.376013485948	2688.564331039085	55.62026045610365	583.9051895567333
420	49.699594313786356	23254.075607799754	2688.0327840752566	55.557869000703825	585.2118061594472
421	62.30479516984546	23316.380402969608	2701.375200585518	55.61112251456945	581.9720552538173
422	60.77252495571871	23377.152927925323	2714.1776137478614	55.69502226681837	580.2427113808376
423	55.91829700372757	23433.071224929034	2722.8448938724223	55.717724481462184	577.2212836676857
424	58.96282505383885	23492.03404998288	2734.074665161758	55.77365832849256	575.5792136045975
425	56.24662788102442	23548.2806778639	2742.3338697299	55.74977023654242	573.1118532006927
426	52.51036988507267	23600.79104774898	2746.4036079774105	55.72785226928818	577.3301442531707
427	51.53427225808824	23652.325320007065	2747.880034880423	55.62245141780022	577.5623326515987
428	58.20606286265361	23710.531382869714	2757.5203126833985	55.67038448601374	582.358928022533
429	55.89447126212609	23766.42585413184	2763.5459181875053	55.643480891970505	582.5839477301837
430	63.95094144356679	23830.37679557541	2778.7488763831952	55.74456065781977	586.3391163535931
431	55.532340321460296	23885.909135896876	2786.1488519346367	55.73259890848547	587.0524655720694
432	54.44512955159211	23940.35426544846	2789.7214645361264	55.73390530601302	589.4391616220482
433	53.66108554944838	23994.01535099793	2794.28006936662	55.696186683928566	588.0795046945277
434	57.797383498571335	24051.812734496467	2804.756176618158	55.7248915060751	585.752204419642
435	56.725563635968946	24108.53829813245	2812.0718295002116	55.713261604455674	586.3526917543849
436	52.1739018916243	24160.712200024067	2816.8593390036795	55.67171638224142	589.5758014897257
437	54.63103725034482	24215.343237274425	2821.2668977878175	55.6873958501131	586.3314239092165
438	57.42867067918135	24272.7719079536	2829.09409102925	55.69269015282436	583.5952422758484
439	56.275035224652726	24329.046943178255	2836.1353090056596	55.712489555599014	586.1096606027426
440	55.09070695700143	24384.137650135257	2842.0478521432483	55.75984226062311	587.787631436812
441	53.07800909331023	24437.215659228572	2846.5957802987787	55.73145632879569	584.404307616781
442	54.540521415092556	24491.756180643657	2850.908902005056	55.769403918074666	586.6025319242575
443	56.014265777664704	24547.770446421324	2859.0638036202413	55.76620781247513	583.8191483481557
444	56.13667026694479	24603.90711668826	2866.8448704276957	55.719184288161316	582.4620999339872
445	57.62738472233284	24661.534501410606	2878.0029381455693	55.76068171449801	587.2568331264366
446	60.49761888900649	24722.03212029961	2889.6324018204195	55.809236481535024	584.9855507510888
447	54.12894589325525	24776.161066192857	2894.989366892057	55.825814998377524	585.9946526593313
448	53.14032462977327	24829.301390822624	2897.0614726122944	55.8018609062344	584.1601344970491
449	57.04103651213804	24886.342427334777	2904.5844908005824	55.87661728342153	583.1323620329553
450	53.45703476721775	24939.799462101993	2908.940565823573	55.861700836449465	577.3248619896009
451	51.45493927475559	24991.254401376747	2912.1689919702026	55.83916995153256	578.7644683158186
452	52.510532270966735	25043.764933647708	2916.7450275154656	55.83892143079958	579.9477926399184
453	57.79619415365548	25101.561127801353	2924.58287984138	55.817579881999364	572.8840878097551
454	55.92728939149867	25157.48841719286	2931.4509600130796	55.823524066364335	577.3759344170554
455	57.746175140912385	25215.23459233378	2939.5072782106545	55.83925260525943	585.521605007623
456	55.483185124513035	25270.717777458296	2945.6836849612805	55.8480626759996	582.6186782540982
457	55.182403361646585	25325.900180819943	2950.5670115184516	55.856862079975535	581.5861981292898
458	53.633203627756814	25379.53338444768	2956.8062244074185	55.82305768017655	585.619704169426
459	53.84751229466539	25433.380896742357	2962.7025285654695	55.8489717525803	586.8156963884516
460	58.50420877152405	25491.885105513895	2974.462135571083	55.82591685729082	584.6489024379625
461	53.39764028326895	25545.282745797154	2978.8153952853054	55.84491638673935	587.6639785262129
462	57.49743581061782	25602.780181607784	2987.833443677353	55.82258189419616	588.2398265755969
463	55.2456936794852	25658.025875287243	2994.184474062603	55.80024194692464	587.4633500169256
464	50.76417928163996	25708.7900545689	2995.3695453566484	55.7331269924966	587.4382888148743
465	55.14159836656621	25763.93165293547	3002.0260689383445	55.745930007169434	586.5614870332803
466	55.62622463628406	25819.55787757174	3008.2688086927396	55.78782919829957	585.3004252458322
467	53.92544772461185	25873.48332529636	3013.1539255052076	55.73948793070801	581.3139178946085
468	55.02306675504122	25928.506392051404	3017.5399924647045	55.72841118171703	581.0117773002744
469	55.07733956669725	25983.58373161811	3024.07019046158	55.705476336944855	585.6532657253751
470	54.542324594420435	26038.126056212514	3028.958873434131	55.652895052701645	586.9966068474387
471	55.922396027948956	26094.048452240462	3035.675868921068	55.675584807897856	588.290726749709
472	57.965842066655156	26152.014294307133	3045.853808980679	55.73345010652979	585.8161314389408
473	56.90953216089044	26208.923826468006	3055.578171917486	55.72952693772452	586.2556971316552
474	56.68884751064678	26265.612673978638	3065.170988538533	55.70162352411896	591.7206812166462
475	54.411006851788045	26320.023680830447	3072.000999974035	55.696731660453686	589.754456825276
476	55.094541942218655	26375.11822277267	3077.8622861056997	55.69457118592236	586.5048636505186
477	53.47431704927238	26428.59253982193	3084.636217002896	55.641142155668774	589.388872079723
478	55.526241794351	26484.118781616293	3089.943536598113	55.67472362390673	592.0661887903916
479	52.767695199405686	26536.886476815696	3095.066815479662	55.611974530768556	591.0535937125885
480	60.22651647443019	26597.112993290117	3105.870736475072	55.70040631648683	593.0985465559369
481	58.96823828544847	26656.081231575565	3117.1490782399183	55.74088392732388	598.7631809628273
482	56.501754879989704	26712.58298645556	3126.5965325518464	55.74043007864303	600.4586057328718
483	56.65715437218049	26769.24014082775	3132.566326108723	55.77098706252843	600.5313146673399
484	61.35248250794256	26830.59262333568	3145.992897920508	55.83104294083748	594.7511599371097
485	54.00902691778585	26884.601650253466	3150.6217582336913	55.79224628260116	591.2287460420316
486	51.74741014442754	26936.349060397923	3151.436290964399	55.72138485482647	589.8430017549211
487	53.6076145585167	26989.956674956422	3155.6677317179074	55.69626364340147	591.3202063912665
488	54.50191530246043	27044.45859025886	3160.8181181182645	55.72076950495842	589.7442352430512
489	53.69387445807228	27098.152464716946	3163.5087714516535	55.68002091670493	589.9249612757225
490	51.98555395941909	27150.138018676356	3166.188758011881	55.599503953295695	594.0674410593996
491	54.8453317449393	27204.983350421306	3174.503872938202	55.619770811846145	592.5206313855754
492	52.37363808100779	27257.35698850232	3180.3073313261284	55.61158301284069	592.1609452918714
493	51.423547712239454	27308.78053621456	3182.890256929754	55.53027753514547	597.3402641232061
494	55.85774400271681	27364.638280217267	3189.360830824028	55.53136107179776	596.635408802439
495	51.44523244701785	27416.083512664292	3192.2750882255455	55.53881617163153	596.0255711213312
496	52.60107229698026	27468.684584961255	3196.69350362626	55.50584307932763	596.4555944322044
497	52.78053971083442	27521.465124672097	3200.889410733431	55.51853704397331	595.7537168998018
498	54.60469065916616	27576.069815331273	3207.871392647963	55.511839872936086	593.3041393102166
499	57.22882171907258	27633.298637050342	3215.0147042531403	55.53899029946967	593.7033535687964
500	55.4389346882255	27688.737571738566	3222.0590162157796	55.5650395397945	597.2018850149103
501	56.35984281116125	27745.097414549724	3228.9738749923495	55.51630164059109	598.5056858251796
502	59.486736355268164	27804.584150904986	3238.54163924795	55.54349962143868	604.2689295295548
503	52.39048209501912	27856.974633000005	3239.8997673763697	55.47720892589672	604.9405144713869
504	51.015165218767194	27907.98979821879	3239.8997673763697	55.47720892589672	600.4223593097696
