task	reward	total_reward	total_regret	relative	total_reward_dev	joules
0	74.78870885983224	74.78870885983224	29.205926359546357	0.0	23.42638986189429	74.78870885983224
1	79.54090735038417	154.32961621021633	63.26977790705067	0.0	38.733845369725906	79.54090735038417
2	78.81151262855079	233.14112883876717	98.2099665226871	0.0	53.15717099545566	78.81151262855079
3	74.41806658177202	307.5591954205392	127.74593574782484	0.0	57.72474094737514	74.41806658177202
4	76.106933747032	383.66612916757117	159.56115553785367	0.0	60.033106349186696	76.106933747032
5	74.4895711205563	458.1557002881276	189.43604808439696	0.0	64.71218284589189	74.4895711205563
6	73.95330168144862	532.1090019695761	218.62216120143785	0.0	68.94639064614611	73.95330168144862
7	73.05270012425785	605.1617020938339	246.4265718224291	0.0	67.9870916347903	73.05270012425785
8	75.94552700186506	681.1072290956988	278.65669681425226	0.0	72.75010036516295	75.94552700186506
9	73.70837142196513	754.8156005176638	309.3454076057385	0.0	74.43562751834583	73.70837142196513
10	76.55826465137075	831.373865169035	337.80105917542613	0.0	78.12488690018104	76.55826465137075
11	76.79808803644156	908.1719532054769	368.45944878983573	0.0	79.23974405774597	76.79808803644156
12	74.83330849447067	983.005261699947	396.09777527148225	0.0	82.0728373618603	74.83330849447067
13	71.86422258072575	1054.8694842806726	424.2639093586085	0.0	84.44040713263182	71.86422258072575
14	72.87189740491776	1127.7413816855906	450.5421208313536	0.0	86.4327437474497	72.87189740491776
15	78.3884223600034	1206.129804045594	485.00604327394836	0.0	87.85995081587346	78.3884223600034
16	74.9231023835762	1281.0529064291704	514.584187790365	0.0	89.23633894126253	74.9231023835762
17	75.67189659897126	1356.724803028141	544.0145642377048	0.0	96.91303038371153	75.67189659897126
18	73.59903457494848	1430.3238376030897	571.2434436974255	0.0	97.95355837274104	73.59903457494848
19	74.00670780076652	1504.3305454038564	600.4743964242598	0.0	101.40410360527585	74.00670780076652
20	59.619769694641825	1563.9503150984983	612.0982424268228	0.0	112.2092478486505	59.619769694641825
21	52.65966012537625	1616.6099752238742	623.1395741273176	0.0	115.59965362308408	52.65966012537625
22	54.837233146447936	1671.4472083703224	632.1042299266516	0.0	120.64670056693717	54.837233146447936
23	61.70738235952012	1733.1545907298423	646.6552725847712	0.0	126.76659095425664	61.70738235952012
24	51.85274774910572	1785.007338478948	653.4169046402975	0.0	126.76903060487996	51.85274774910572
25	55.180114638175155	1840.1874531171231	661.6540254367065	0.0	128.3066532297189	55.180114638175155
26	52.41254313048573	1892.599996247608	669.0888430879409	0.0	131.71943633623007	52.41254313048573
27	54.95105768565339	1947.5510539332622	678.4050259707162	0.0	136.98040221109383	54.95105768565339
28	59.71322120627262	2007.2642751395354	692.4027343725592	0.0	139.10328698162115	59.71322120627262
29	66.52493727553627	2073.789212415073	712.7039534823624	0.0	146.43802555910517	66.52493727553627
30	57.61335661618441	2131.402569031255	726.1620715527104	0.0	151.5089791730632	57.61335661618441
31	64.8243630397152	2196.2269320709715	744.5009384508223	0.0	155.32460349686855	64.8243630397152
32	63.86036532408153	2260.0872973950522	763.3403044470499	0.0	156.27705041712682	63.86036532408153
33	65.7436202874901	2325.8309176825423	781.8232834738509	0.0	158.90453009402765	65.7436202874901
34	63.31259500068739	2389.143512683229	797.4076029176757	0.0	164.23524357704198	63.31259500068739
35	62.56869427735612	2451.7122069605857	813.5082811899088	0.0	168.72104387731062	62.56869427735612
36	64.3473601263853	2516.0595670869716	832.1064662165803	0.0	167.12979842623997	64.3473601263853
37	65.96797649449331	2582.027543581464	854.4374703375933	0.0	170.74945783595922	65.96797649449331
38	61.004509340632985	2643.0320529220958	872.3560672955579	0.0	170.8108761141611	61.004509340632985
39	63.30171734734352	2706.333770269442	889.8153699975807	0.0	172.84669430849954	63.30171734734352
40	64.22140496432633	2770.555175233766	907.0108179127598	0.0	176.8039851558144	64.22140496432633
41	59.77485855413031	2830.3300337878977	918.9912975770117	0.0	175.49593491273689	59.77485855413031
42	65.16529381917434	2895.4953276070732	941.4016391588988	0.0	175.52673383740577	65.16529381917434
43	60.69451474761394	2956.1898423546863	955.6573872664273	0.0	175.44378008001175	60.69451474761394
44	67.12445935784552	3023.3143017125303	976.4583001259002	0.0	175.79104125728625	67.12445935784552
45	63.85945419564442	3087.173755908175	997.302132488951	0.0	178.7917005004731	63.85945419564442
46	61.940615363171666	3149.114371271346	1014.8470903891437	0.0	179.73566423558322	61.940615363171666
47	59.64016091726651	3208.7545321886155	1029.5297882230839	0.0	179.43921409859018	59.64016091726651
48	61.75968770470403	3270.5142198933167	1046.087066789119	0.0	182.45669549992405	61.75968770470403
49	62.98983212312016	3333.504052016439	1062.5039363297108	0.0	185.4247803000715	62.98983212312016
50	52.06324692467664	3385.567298941115	1069.1135172265933	0.0	187.27540558524126	52.06324692467664
51	50.32631460381035	3435.8936135449244	1074.165348011813	0.0	187.74351679730222	50.32631460381035
52	54.8650635378661	3490.7586770827916	1085.4490401308253	0.0	189.84339894097042	54.8650635378661
53	53.28952470935965	3544.04820179215	1091.5655946276338	0.0	191.2931099003283	53.28952470935965
54	44.4044652189234	3588.4526670110736	1090.254858637949	0.0	194.38779433332164	44.4044652189234
55	44.82476773263918	3633.277434743714	1089.8295566094107	0.0	196.57992178884	44.82476773263918
56	54.3927132674406	3687.6701480111537	1100.3833736746487	0.0	202.64652115929215	54.3927132674406
57	46.86956529788037	3734.5397133090323	1105.7841428793536	0.0	200.31804979412743	46.86956529788037
58	55.0528604525493	3789.592573761585	1114.396459179989	0.0	200.8958443884344	55.0528604525493
59	48.729222391043514	3838.321796152626	1119.7398006731087	0.0	199.6194130950519	48.729222391043514
60	53.96658587304721	3892.2883820256743	1126.9411657434553	0.0	206.58890069419175	53.96658587304721
61	55.97182702412479	3948.2602090497985	1138.434755886704	0.0	212.896846384366	55.97182702412479
62	54.58163210589243	4002.841841155691	1146.0375416739848	0.0	218.75575746135323	54.58163210589243
63	60.450069890674975	4063.2919110463654	1160.5092663803616	0.0	225.0267321511531	60.450069890674975
64	50.18701782240931	4113.478928868776	1164.7088350514655	0.0	229.04913525184557	50.18701782240931
65	59.170851947292704	4172.6497808160675	1176.165386569028	0.0	236.51814365457426	59.170851947292704
66	52.19270565074352	4224.84248646681	1181.3865256713177	0.0	237.40030180105742	52.19270565074352
67	53.3233901759623	4278.165876642777	1188.7453229103896	0.0	239.92458932863642	53.3233901759623
68	56.48229905231203	4334.648175695087	1200.1743098522848	0.0	243.968969652083	56.48229905231203
69	57.19240475802348	4391.840580453109	1211.9634751639483	0.0	246.32675946990037	57.19240475802348
70	51.19925352507103	4443.039833978181	1216.0984336643385	0.0	247.50525057904386	51.19925352507103
71	60.21513977070669	4503.254973748891	1230.816303778166	0.0	249.6287839450095	60.21513977070669
72	50.3786714544071	4553.633645203296	1235.2601783053935	0.0	251.30809591265177	50.3786714544071
73	52.05794414405035	4605.691589347347	1243.569763091144	0.0	249.23926572594635	52.05794414405035
74	54.725257542387595	4660.416846889732	1252.7983445660304	0.0	248.38291826556548	54.725257542387595
75	50.04834546332676	4710.465192353061	1255.5690047040116	0.0	252.16946114212993	50.04834546332676
76	55.74967554776783	4766.214867900827	1267.9314745772595	0.0	248.78140720997501	55.74967554776783
77	52.82609415711633	4819.040962057942	1278.0414520771408	0.0	249.45541383959716	52.82609415711633
78	58.636588141328296	4877.677550199272	1291.40916397104	0.0	251.1247507636124	58.636588141328296
79	60.51563284321523	4938.193183042486	1307.2050895706627	0.0	257.87041496371444	60.51563284321523
80	53.520860466899855	4991.714043509389	1315.2381281567134	0.0	256.002231473876	53.520860466899855
81	54.818933024315626	5046.532976533703	1325.011042974545	0.0	258.69181536325266	54.818933024315626
82	53.40983208938012	5099.942808623082	1332.2288928789662	0.0	263.023434023687	53.40983208938012
83	62.119700998160695	5162.062509621245	1351.4165176485437	0.0	265.3659882481885	62.119700998160695
84	49.10317926094811	5211.165688882192	1356.402048255869	0.0	265.1704284262189	49.10317926094811
85	56.981618609075696	5268.147307491268	1369.8262091850372	0.0	269.0772188916771	56.981618609075696
86	52.70263575137698	5320.849943242646	1377.0315243974628	0.0	273.8597031761634	52.70263575137698
87	52.18054985497431	5373.030493097621	1383.8236781455107	0.0	274.9999652540542	52.18054985497431
88	62.769646697008675	5435.800139794629	1401.152425054339	0.0	279.26347400530796	62.769646697008675
89	54.86612451588417	5490.666264310512	1411.9833677026074	0.0	278.88634690550776	54.86612451588417
90	53.10488583747122	5543.7711501479835	1420.839448390076	0.0	284.3512783785777	53.10488583747122
91	53.202299132659235	5596.97344928064	1429.7826568052635	0.0	288.00697408414237	53.202299132659235
92	52.864505761785125	5649.837955042426	1434.6136790250819	0.0	296.1296977554116	52.864505761785125
93	56.9385974137987	5706.776552456226	1445.3238298881695	0.0	301.4497210573767	56.9385974137987
94	52.77820091867052	5759.554753374896	1454.7422667481117	0.0	304.4874866317422	52.77820091867052
95	50.2110309927445	5809.765784367641	1462.0063461412346	0.0	308.4869996047891	50.2110309927445
96	63.037411105854716	5872.803195473497	1478.6358949815537	0.0	315.9380337734391	63.037411105854716
97	56.76605875806444	5929.569254231563	1488.4055238468254	0.0	315.9210883047759	56.76605875806444
98	55.96585180412229	5985.535106035685	1502.157621290071	0.0	321.53763700872014	55.96585180412229
99	56.36219825358859	6041.897304289272	1514.2739792179395	0.0	327.4727500649698	56.36219825358859
100	53.29295296186466	6095.190257251134	1522.733172760433	0.0	328.3565062681503	53.29295296186466
101	50.13324103965734	6145.323498290794	1525.3945559029207	0.0	329.9918867847573	50.13324103965734
102	57.43655301631465	6202.7600513071075	1535.240876559713	0.0	336.6276099561006	57.43655301631465
103	59.517689144455844	6262.2777404515655	1548.3534340583426	0.0	335.99243401647965	59.517689144455844
104	58.23925054250588	6320.516990994071	1561.3404160358928	0.0	339.4377082671307	58.23925054250588
105	54.785012410705356	6375.302003404774	1570.3162516152545	0.0	345.61939394514116	54.785012410705356
106	52.68404882095677	6427.986052225731	1577.0140942925975	0.0	350.3588826906048	52.68404882095677
107	51.400936060252405	6479.386988285987	1581.7157047130368	0.0	351.80195551679253	51.400936060252405
108	57.29211288134706	6536.679101167335	1596.152564882643	0.0	356.64442754454507	57.29211288134706
109	56.060809490056315	6592.7399106573885	1607.9893431026926	0.0	357.031028669653	56.060809490056315
110	57.26431179739264	6650.004222454782	1616.9222663323678	0.0	354.5077078797736	57.26431179739264
111	56.26293855532298	6706.267161010106	1629.0676830068724	0.0	357.9660305387484	56.26293855532298
112	53.81090921217321	6760.078070222276	1638.8882124947206	0.0	361.3926188082386	53.81090921217321
113	53.66416782057822	6813.742238042858	1650.3471702106626	0.0	365.8528233855147	53.66416782057822
114	56.36719045292876	6870.109428495781	1663.0066286706663	0.0	370.6302186263085	56.36719045292876
115	46.12612390669525	6916.23555240248	1665.2957749727127	0.0	376.0760037981208	46.12612390669525
116	56.537558021054345	6972.773110423533	1678.0925767030049	0.0	378.83943773927723	56.537558021054345
117	49.428124132746234	7022.201234556282	1683.454936246921	0.0	383.05148318445174	49.428124132746234
118	52.8073220844559	7075.008556640736	1691.3654287668958	0.0	386.66945941784087	52.8073220844559
119	52.35416501572001	7127.362721656453	1698.1611776461577	0.0	389.28944801207484	52.35416501572001
120	56.906276978631794	7184.268998635086	1709.8981471060144	0.0	394.56527911299764	56.906276978631794
121	52.33553283714381	7236.604531472232	1715.8283954390074	0.0	399.4789178184107	52.33553283714381
122	50.10747234762922	7286.712003819861	1721.8288327589512	0.0	406.35258019112064	50.10747234762922
123	54.06623344222748	7340.778237262092	1729.519292573942	0.0	407.845212157175	54.06623344222748
124	52.20938780826366	7392.987625070352	1734.8015917660887	0.0	410.7527767155501	52.20938780826366
125	51.1096505553609	7444.097275625714	1742.6339201291246	0.0	415.5515376652071	51.1096505553609
126	52.885052967602526	7496.982328593315	1750.8150314197253	0.0	417.8132274563698	52.885052967602526
127	55.240116684972634	7552.222445278287	1757.2681582310229	0.0	421.6397571546783	55.240116684972634
128	55.02056631994326	7607.2430115982315	1766.7494830817318	0.0	424.8361168403201	55.02056631994326
129	56.90077184146945	7664.143783439703	1780.8603624976377	0.0	427.4616382509441	56.90077184146945
130	56.11410814704241	7720.257891586741	1789.9113070034318	0.0	434.4395312921891	56.11410814704241
131	55.54744684059088	7775.805338427333	1798.691736560678	0.0	437.94354023637675	55.54744684059088
132	58.138195848779176	7833.943534276115	1811.4758292834213	0.0	447.2943685849736	58.138195848779176
133	56.29886580814149	7890.242400084259	1821.6229304001702	0.0	449.489930934335	56.29886580814149
134	56.880617407246554	7947.123017491502	1833.2078937287456	0.0	451.9444878821838	56.880617407246554
135	49.66261311426985	7996.785630605771	1836.9876185322335	0.0	451.8062293303691	49.66261311426985
136	51.166638116612404	8047.952268722388	1842.8931832755022	0.0	455.6898173864296	51.166638116612404
137	59.342039015248126	8107.294307737632	1858.5203500158539	0.0	458.2689438548431	59.342039015248126
138	51.805455878034515	8159.099763615668	1866.5671951958589	0.0	460.4552368046601	51.805455878034515
139	56.19060012194891	8215.290363737617	1877.1509993889604	0.0	465.16003146461327	56.19060012194891
140	56.35403446736255	8271.644398204979	1887.658609511921	0.0	466.6550403824976	56.35403446736255
141	58.13726079978453	8329.781659004762	1900.4766817666562	0.0	470.3029460447961	58.13726079978453
142	51.156356612074994	8380.938015616835	1906.7172642602104	0.0	474.4326878970323	51.156356612074994
143	52.420513717922425	8433.358529334762	1914.6319471874342	0.0	476.7448168153234	52.420513717922425
144	51.81602728087909	8485.174556615644	1918.2510610583354	0.0	478.5739163987067	51.81602728087909
145	53.45455089764612	8538.629107513283	1927.1027439854015	0.0	480.78283671426993	53.45455089764612
146	54.130953006555	8592.760060519842	1934.4232447259967	0.0	484.584644557641	54.130953006555
147	52.189702837008234	8644.949763356848	1940.6777148098597	0.0	488.10786386402856	52.189702837008234
148	52.26630610938392	8697.21606946623	1948.6399963444114	0.0	494.5545344302002	52.26630610938392
149	53.78084538131088	8750.996914847541	1957.8555603258126	0.0	497.1626577281722	53.78084538131088
150	62.948688096575935	8813.945602944119	1974.7875791036165	0.0	502.2048010970749	62.948688096575935
151	57.901930594802224	8871.84753353892	1985.325426750825	0.0	509.19690738933906	57.901930594802224
152	55.45191896029276	8927.29945249922	1997.8064857859636	0.0	510.61379837010395	55.45191896029276
153	56.802145711763885	8984.101598210978	2009.8174053473485	0.0	516.3247469487551	56.802145711763885
154	56.92417717738048	9041.02577538836	2022.0717601912174	0.0	521.3891879710391	56.92417717738048
155	55.39960763422897	9096.425383022586	2029.7038009501564	0.0	523.6747075913211	55.39960763422897
156	54.328530873778554	9150.753913896368	2041.4174741341644	0.0	528.5631458413615	54.328530873778554
157	52.12251900780175	9202.876432904166	2047.7404675772643	0.0	535.1096108405405	52.12251900780175
158	53.23181984900904	9256.108252753178	2054.2832184958697	0.0	541.8428768689314	53.23181984900904
159	58.794752383498256	9314.903005136674	2064.7379148452274	0.0	542.8544130594231	58.794752383498256
160	56.03211553518537	9370.93512067186	2074.723900440998	0.0	549.2276905466663	56.03211553518537
161	59.75349157722475	9430.688612249083	2091.675118839557	0.0	553.8356936434323	59.75349157722475
162	52.50574016304983	9483.19435241213	2097.7441819348355	0.0	557.9874868303332	52.50574016304983
163	60.032614272622894	9543.226966684757	2111.8683931618634	0.0	558.2288947911551	60.032614272622894
164	53.95732487604194	9597.1842915608	2118.4493891497114	0.0	565.4109899378204	53.95732487604194
165	59.44989015830436	9656.6341817191	2133.2883575319934	0.0	568.7661668883939	59.44989015830436
166	53.57913123053654	9710.213312949643	2140.997193462202	0.0	569.8262068236446	53.57913123053654
167	49.782092748575636	9759.995405698219	2146.493554661426	0.0	573.3562222668342	49.782092748575636
168	53.462707293418646	9813.458112991633	2158.0946702886313	0.0	576.6409508469856	53.462707293418646
169	55.515380797229106	9868.973493788862	2167.9868997543376	0.0	577.2117653921534	55.515380797229106
170	54.7665777513567	9923.740071540222	2177.223704422028	0.0	581.6316878781254	54.7665777513567
171	56.22577867284912	9979.965850213075	2189.972299133014	0.0	591.2463820930715	56.22577867284912
172	53.941736806501275	10033.90758701957	2197.923911835945	0.0	595.1268069158057	53.941736806501275
173	50.289215072154185	10084.196802091727	2203.5884204928834	0.0	596.8350915445524	50.289215072154185
174	58.18846429539131	10142.385266387118	2216.5679091312377	0.0	601.4648576926887	58.18846429539131
175	54.5847340958802	10196.970000483	2223.664040394177	0.0	604.0106332536526	54.5847340958802
176	53.36544039379484	10250.335440876788	2231.4104485865523	0.0	606.8376325242192	53.36544039379484
177	53.51665261225564	10303.85209348905	2243.3365134481555	0.0	610.7249438449594	53.51665261225564
178	49.37126351445952	10353.223357003504	2246.377324999233	0.0	613.1917397192157	49.37126351445952
179	62.9241717145632	10416.147528718067	2265.1712693655586	0.0	617.0627876899428	62.9241717145632
180	53.33893776315261	10469.48646648122	2272.024477937474	0.0	620.3201832208181	53.33893776315261
181	54.38964878854044	10523.876115269763	2281.2324825430105	0.0	624.2424340578232	54.38964878854044
182	54.80117398842488	10578.677289258188	2291.0601983754664	0.0	630.8016316117684	54.80117398842488
183	52.287471817446686	10630.964761075633	2298.2614254169494	0.0	631.6834284913622	52.287471817446686
184	59.49545167438814	10690.460212750022	2314.357374112774	0.0	635.3403522490377	59.49545167438814
185	53.33215856332165	10743.792371313339	2323.022482760201	0.0	639.1351794090845	53.33215856332165
186	55.39783994001654	10799.190211253359	2334.4622454218643	0.0	642.2402565074498	55.39783994001654
187	53.27966151530197	10852.46987276866	2343.4167012919515	0.0	642.7022306914049	53.27966151530197
188	58.265511205202856	10910.735383973859	2354.867239484763	0.0	645.929230492783	58.265511205202856
189	53.77184004707781	10964.507224020947	2363.157404788041	0.0	653.8306711244205	53.77184004707781
190	54.1718553822989	11018.679079403239	2369.6216044386815	0.0	652.5042845239966	54.1718553822989
191	58.30489497301032	11076.983974376253	2382.6006440166784	0.0	660.2731673905755	58.30489497301032
192	53.0240986746927	11130.008073050945	2389.566908993817	0.0	663.9328280534957	53.0240986746927
193	55.338171851269095	11185.346244902219	2397.616192719804	0.0	675.6334910509653	55.338171851269095
194	54.264418448518974	11239.61066335073	2407.034258652984	0.0	677.4611017806766	54.264418448518974
195	53.14711970977996	11292.757783060513	2415.307948728452	0.0	687.2048728198772	53.14711970977996
196	52.41289906164383	11345.170682122149	2422.206851085432	0.0	688.6400599414833	52.41289906164383
197	49.36669784613185	11394.537379968286	2426.83358027116	0.0	692.9110195926044	49.36669784613185
198	55.97083550134493	11450.508215469634	2435.23780504475	0.0	697.2474903486406	55.97083550134493
199	56.32496147496102	11506.833176944598	2447.3739004895224	0.0	702.550260115999	56.32496147496102
200	51.84744846102333	11558.680625405617	2453.17844290256	0.0	706.31641047522	51.84744846102333
201	56.76222305309251	11615.44284845871	2465.769160849783	0.0	717.0421931161673	56.76222305309251
202	53.339211049015404	11668.782059507726	2470.340339382877	0.0	719.8969735704089	53.339211049015404
203	56.965898045183366	11725.747957552909	2483.8552828588927	0.0	723.930920119818	56.965898045183366
204	53.72522430477343	11779.473181857678	2492.1263012798863	0.0	726.632916466108	53.72522430477343
205	56.15376440191928	11835.626946259603	2500.4584042876086	0.0	729.6167632500043	56.15376440191928
206	56.08656434963654	11891.71351060924	2512.0745306390468	0.0	735.7097622276086	56.08656434963654
207	55.78136066632359	11947.494871275558	2522.2376328888618	0.0	739.0362083746039	55.78136066632359
208	56.25399737540255	12003.748868650959	2533.352412854792	0.0	742.2632379326872	56.25399737540255
209	50.21162899576581	12053.960497646725	2537.7300060399366	0.0	747.9235010218722	50.21162899576581
210	52.9468531538404	12106.907350800571	2546.096464199471	0.0	752.107214135018	52.9468531538404
211	57.83837633757981	12164.74572713815	2558.7216934787775	0.0	752.7251667517075	57.83837633757981
212	52.580258207106716	12217.325985345251	2565.0551224122596	0.0	757.6873928597677	52.580258207106716
213	52.621997149380825	12269.94798249463	2570.3020964219113	0.0	763.5463752390039	52.621997149380825
214	53.11126541041596	12323.059247905045	2580.9294020146854	0.0	767.9277797081883	53.11126541041596
215	55.96901192233206	12379.02825982739	2593.290087939169	0.0	764.9600718362143	55.96901192233206
216	51.207203027593266	12430.235462854977	2598.6479183673528	0.0	766.3968300669299	51.207203027593266
217	50.9798834767835	12481.215346331768	2603.802259245358	0.0	768.4520614520782	50.9798834767835
218	57.46418503218887	12538.679531363947	2618.7884825330284	0.0	771.6258809332027	57.46418503218887
219	50.23188249262301	12588.911413856573	2621.051238428562	0.0	777.1010907402973	50.23188249262301
220	54.071426551943304	12642.982840408515	2632.5087452995954	0.0	780.2587817418537	54.071426551943304
221	56.34285674198451	12699.325697150498	2644.4042489861827	0.0	784.1938418179288	56.34285674198451
222	53.04654433348648	12752.372241483992	2652.049478829481	0.0	796.1626536203559	53.04654433348648
223	53.84584159842975	12806.218083082409	2657.7117381485796	0.0	798.0285179398338	53.84584159842975
224	53.97626948680925	12860.194352569224	2667.8742645993416	0.0	803.6420978412239	53.97626948680925
225	58.90253274542702	12919.096885314659	2677.301842288142	0.0	808.5875537885083	58.90253274542702
226	51.94507923027088	12971.041964544916	2683.1859478230263	0.0	817.5992366164855	51.94507923027088
227	55.08172629846058	13026.123690843384	2690.141420474528	0.0	820.7834414728585	55.08172629846058
228	54.838584772634675	13080.96227561602	2699.2086308804346	0.0	828.1808826748767	54.838584772634675
229	56.47160788089187	13137.433883496908	2710.405051696705	0.0	840.6799125948155	56.47160788089187
230	53.11698188359605	13190.550865380506	2720.054906659918	0.0	844.5327485062932	53.11698188359605
231	48.91959252906164	13239.470457909563	2722.57610451993	0.0	849.3541570504445	48.91959252906164
232	58.75923332308346	13298.229691232647	2735.8175544264905	0.0	855.0096200678321	58.75923332308346
233	55.34789007795133	13353.577581310603	2746.09987436641	0.0	858.5223673809938	55.34789007795133
234	51.23796878792391	13404.815550098527	2752.212699406763	0.0	860.1392564878108	51.23796878792391
235	56.38010826818729	13461.195658366709	2762.310561570104	0.0	868.5739125568092	56.38010826818729
236	58.47707544847587	13519.672733815198	2777.2705332361934	0.0	870.9339148814239	58.47707544847587
237	52.63312038703438	13572.305854202226	2784.442256796535	0.0	875.282892668335	52.63312038703438
238	51.58810349957838	13623.893957701803	2792.0968083761354	0.0	881.8686749365775	51.58810349957838
239	52.85049376427045	13676.74445146607	2798.6610208602106	0.0	888.0578947608769	52.85049376427045
240	51.12505100225118	13727.869502468311	2803.1927784784402	0.0	893.5795386052939	51.12505100225118
241	57.21094798039846	13785.080450448724	2814.8553600884547	0.0	896.2828002835707	57.21094798039846
242	58.124499439605785	13843.204949888326	2829.1674551957667	0.0	909.6351024230694	58.124499439605785
243	50.84889524587558	13894.053845134205	2833.643782821444	0.0	911.5947075414076	50.84889524587558
244	56.290677792502805	13950.344522926707	2845.4440803815496	0.0	916.8843087947171	56.290677792502805
245	52.795323038019035	14003.13984596473	2853.799681134054	0.0	925.9889230648065	52.795323038019035
246	57.9849299158762	14061.124775880588	2866.3158020449937	0.0	928.1414347995795	57.9849299158762
247	56.07667954608807	14117.201455426684	2877.2907785231982	0.0	930.9492293546128	56.07667954608807
248	58.348110775988346	14175.549566202682	2892.818875050361	0.0	935.4133887462672	58.348110775988346
249	52.61580959624141	14228.165375798915	2898.279294881473	0.0	935.9235812145046	52.61580959624141
250	50.956924100885374	14279.122299899798	2904.0635566671363	0.0	939.323821423624	50.956924100885374
251	55.28743419779111	14334.409734097595	2912.2578883776646	0.0	947.7778586931423	55.28743419779111
252	50.387414913335576	14384.797149010928	2918.61710593209	0.0	954.9536080912682	50.387414913335576
253	58.78601132909121	14443.583160340022	2931.9702971768716	0.0	960.490000098357	58.78601132909121
254	64.5389188725107	14508.12207921252	2946.792619491379	0.0	972.9697949753715	64.5389188725107
255	51.99565144294783	14560.117730655476	2954.002947284025	0.0	976.0611854450896	51.99565144294783
256	53.983487269325266	14614.101217924806	2963.549294021673	0.0	981.0683015226182	53.983487269325266
257	49.099977236148796	14663.20119516095	2965.3932308682524	0.0	982.0345341139786	49.099977236148796
258	56.623076632082565	14719.824271793035	2973.858562957753	0.0	984.9971192386674	56.623076632082565
259	58.15292721013615	14777.977199003164	2985.686336024398	0.0	984.7450844772983	58.15292721013615
260	52.52356467891182	14830.500763682077	2992.2889519597825	0.0	992.411142603986	52.52356467891182
261	56.95846517647995	14887.459228858566	3002.4809174849192	0.0	996.8020340452218	56.95846517647995
262	57.07474560877028	14944.533974467333	3014.4620789000387	0.0	995.1312217298868	57.07474560877028
263	57.81825193894565	15002.35222640628	3026.5715534289975	0.0	998.6681753092914	57.81825193894565
264	55.171309935315215	15057.523536341592	3037.435100001595	0.0	1001.4298978088453	55.171309935315215
265	50.20674150610599	15107.730277847706	3040.2426916824957	0.0	1006.8879399561158	50.20674150610599
266	54.70549997286067	15162.435777820565	3050.4669352512005	0.0	1010.9944799588515	54.70549997286067
267	54.22952316722558	15216.665300987792	3059.968417453597	0.0	1018.0980114932183	54.22952316722558
268	50.75103048914639	15267.41633147694	3066.2790197722907	0.0	1021.1334964398993	50.75103048914639
269	49.744477840522485	15317.160809317447	3069.1204351733777	0.0	1023.7943308005919	49.744477840522485
270	55.159169795518444	15372.319979112968	3078.2400000528833	0.0	1028.5019920788204	55.159169795518444
271	55.89752295366791	15428.217502066642	3087.159181941386	0.0	1033.8885829229778	55.89752295366791
272	51.19708267779567	15479.414584744436	3089.680848080665	0.0	1037.1630513151306	51.19708267779567
273	49.82266808938723	15529.237252833822	3093.491724338812	0.0	1039.316262951885	49.82266808938723
274	57.51235669234863	15586.749609526172	3106.272181930092	0.0	1047.329668713611	57.51235669234863
275	55.700899871468366	15642.450509397644	3117.012790982424	0.0	1049.630227146142	55.700899871468366
276	52.12526953479784	15694.575778932443	3123.37592119345	0.0	1053.2636101066619	52.12526953479784
277	57.77033584587354	15752.346114778315	3135.3333822520617	0.0	1056.1988781874034	57.77033584587354
278	53.088385460319	15805.434500238625	3144.6323330408213	0.0	1062.177923449477	53.088385460319
279	55.08721477686328	15860.521715015486	3154.98339452844	0.0	1072.6540284568364	55.08721477686328
280	52.99823118821339	15913.51994620371	3161.551688518775	0.0	1076.0380845281554	52.99823118821339
281	55.1413872749215	15968.66133347863	3169.419785511606	0.0	1079.7286507466213	55.1413872749215
282	57.330813828402036	16025.992147307035	3180.048890602157	0.0	1087.9140863222458	57.330813828402036
283	53.953759339467254	16079.945906646502	3189.4352539417873	0.0	1092.8967771354019	53.953759339467254
284	59.51858965768014	16139.464496304176	3206.9130089111045	0.0	1098.657069893649	59.51858965768014
285	54.0530465041361	16193.517542808308	3216.6203539030284	0.0	1105.440731748342	54.0530465041361
286	59.818769511634216	16253.33631231995	3229.143213148086	0.0	1111.6325718638798	59.818769511634216
287	50.98131327420155	16304.317625594143	3234.5678929030096	0.0	1113.8579778400294	50.98131327420155
288	54.33557503834405	16358.653200632494	3245.7050901778844	0.0	1117.953266295882	54.33557503834405
289	51.955210995054976	16410.608411627545	3250.8010742056613	0.0	1121.6976978818286	51.955210995054976
290	51.393660655823524	16462.00207228336	3258.144535947509	0.0	1122.354577425806	51.393660655823524
291	56.59298291172493	16518.59505519509	3269.929239892127	0.0	1124.4891592865397	56.59298291172493
292	52.24205781508534	16570.83711301018	3276.3937501414116	0.0	1125.619851719767	52.24205781508534
293	54.058464356651115	16624.895577366835	3284.1455818840627	0.0	1135.612039431207	54.058464356651115
294	61.09545174903231	16685.99102911587	3300.0877353391948	0.0	1141.3906450548398	61.09545174903231
295	57.338209586805164	16743.329238702663	3311.516886554496	0.0	1146.4980808192583	57.338209586805164
296	54.98118650789353	16798.31042521056	3319.7738678071023	0.0	1149.1409901228553	54.98118650789353
297	57.87656531147253	16856.186990522037	3330.8060954336306	0.0	1153.1591749856887	57.87656531147253
298	56.328354611114406	16912.515345133146	3341.5475094149156	0.0	1159.2002316990458	56.328354611114406
299	51.11942680805772	16963.6347719412	3345.5557505690313	0.0	1168.6877940436127	51.11942680805772
300	57.69956350621527	17021.334335447416	3353.4922424525207	0.0	1174.8256808703593	57.69956350621527
301	53.992993236169134	17075.3273286836	3362.9447349175653	0.0	1180.2708915761118	53.992993236169134
302	55.908197911805075	17131.235526595396	3371.4743139355855	0.0	1185.9034958956245	55.908197911805075
303	53.835731741106535	17185.07125833651	3382.0623930256897	0.0	1188.9168411711523	53.835731741106535
304	56.66679989228137	17241.738058228788	3393.186897635703	0.0	1203.142998945455	56.66679989228137
305	56.042709674375786	17297.780767903172	3405.5448947582813	0.0	1208.8076167405604	56.042709674375786
306	56.117536043869215	17353.898303947033	3415.6751674992533	0.0	1216.4769304060953	56.117536043869215
307	53.215081196560824	17407.113385143588	3424.8273052349755	0.0	1216.8177238726569	53.215081196560824
308	54.16781873024313	17461.281203873834	3434.2935663075873	0.0	1218.3982085968105	54.16781873024313
309	58.512646382559886	17519.7938502564	3447.4602238337948	0.0	1220.110456678499	58.512646382559886
310	51.625981918655064	17571.419832175052	3454.382931506739	0.0	1227.6466306455281	51.625981918655064
311	52.68137703431278	17624.10120920937	3461.1723935339355	0.0	1231.3180452618124	52.68137703431278
312	59.75943634433974	17683.8606455537	3476.6259276433666	0.0	1237.5205962569323	59.75943634433974
313	53.377953538729045	17737.238599092434	3483.46478016518	0.0	1242.7129729029737	53.377953538729045
314	57.031774448691316	17794.27037354112	3493.9281352349312	0.0	1245.7933844851848	57.031774448691316
315	52.45146132330231	17846.72183486442	3501.4852892745776	0.0	1253.4646759810778	52.45146132330231
316	51.82647148530191	17898.548306349716	3509.058815820504	0.0	1254.185142696761	51.82647148530191
317	51.54537843891555	17950.09368478865	3514.9743713865937	0.0	1258.5738183485485	51.54537843891555
318	50.69422364797801	18000.787908436625	3523.785643075479	0.0	1263.1746620886245	50.69422364797801
319	52.30301446886336	18053.090922905485	3530.615336867395	0.0	1266.6474020365563	52.30301446886336
320	51.3463576468263	18104.437280552313	3536.197862618699	0.0	1269.5977273370588	51.3463576468263
321	55.755707706617315	18160.192988258932	3548.6022136219735	0.0	1274.4662995612262	55.755707706617315
322	55.40778348483667	18215.60077174376	3557.738717287725	0.0	1278.2534528549018	55.40778348483667
323	51.00679407156639	18266.607565815324	3565.45209466578	0.0	1283.664463098719	51.00679407156639
324	53.766939397512886	18320.374505212843	3573.3217886360467	0.0	1290.175045896672	53.766939397512886
325	55.73715748759196	18376.111662700434	3584.1126928617805	0.0	1301.8635784448095	55.73715748759196
326	58.63085543547995	18434.742518135914	3595.2434135115323	0.0	1312.2975124328927	58.63085543547995
327	52.585507308031275	18487.32802544395	3601.925360290134	0.0	1317.3116477046672	52.585507308031275
328	58.26624375024189	18545.594269194185	3618.040925960479	0.0	1322.7317258184119	58.26624375024189
329	54.35591769805271	18599.95018689224	3626.4845914205134	0.0	1329.4755053345466	54.35591769805271
330	56.6243603927411	18656.574547284978	3635.8204438785033	0.0	1335.2085591378425	56.6243603927411
331	51.430758564138344	18708.00530584912	3642.1219389987564	0.0	1340.8416609286242	51.430758564138344
332	54.003876019963855	18762.009181869074	3650.732281838302	0.0	1345.0215986064109	54.003876019963855
333	54.86370251936189	18816.872884388446	3661.6825813281375	0.0	1351.6625546799746	54.86370251936189
334	57.03287286687523	18873.90575725532	3671.4662596063713	0.0	1361.2206545562565	57.03287286687523
335	53.839240306515855	18927.744997561836	3680.7200767909376	0.0	1361.8344720831353	53.839240306515855
336	57.16231158561845	18984.907309147457	3691.1183645103133	0.0	1364.313197602102	57.16231158561845
337	52.62257547794884	19037.5298846254	3697.1146584371077	0.0	1370.3490708456945	52.62257547794884
338	57.57609195095214	19095.105976576357	3710.463198152677	0.0	1374.4263255162632	57.57609195095214
339	56.417701455713576	19151.523678032074	3722.288513902758	0.0	1377.896532691004	56.417701455713576
340	53.49736802795492	19205.021046060017	3731.9853211537115	0.0	1384.1666195947612	53.49736802795492
341	53.375889214524705	19258.39693527455	3738.8301699074964	0.0	1387.1352463507205	53.375889214524705
342	61.932048538725766	19320.32898381328	3754.576002947366	0.0	1392.10925997968	61.932048538725766
343	53.23639981638832	19373.565383629662	3760.805699378655	0.0	1395.3192127959887	53.23639981638832
344	56.15551716097653	19429.720900790642	3773.219352809758	0.0	1397.3943801484847	56.15551716097653
345	58.60472206001318	19488.32562285065	3786.8814241151163	0.0	1403.7024791521487	58.60472206001318
346	62.36492842666622	19550.690551277323	3803.279614353052	0.0	1401.5308514611527	62.36492842666622
347	56.21364868196147	19606.90419995928	3814.472381060587	0.0	1405.5558911422522	56.21364868196147
348	54.45302938347736	19661.357229342757	3819.4294110504866	0.0	1409.2502593146237	54.45302938347736
349	54.383815102780794	19715.74104444554	3830.261311484667	0.0	1415.0155779871104	54.383815102780794
350	55.56156953425556	19771.3026139798	3837.975508493239	0.0	1421.2944299390676	55.56156953425556
351	51.335905298774044	19822.638519278564	3843.67832570481	0.0	1422.0429787617052	51.335905298774044
352	58.70893831527947	19881.347457593845	3855.7827510314987	0.0	1427.528749468019	58.70893831527947
353	48.88510558177676	19930.232563175625	3860.069430774419	0.0	1431.0597864385977	48.88510558177676
354	55.75804398215866	19985.990607157775	3870.9783444100617	0.0	1435.5840211288935	55.75804398215866
355	57.06406994446841	20043.054677102253	3880.480308765145	0.0	1440.0942536473322	57.06406994446841
356	56.24756842757889	20099.302245529823	3890.583600429768	0.0	1442.2705529598063	56.24756842757889
357	55.76600270882871	20155.06824823865	3902.8568364774997	0.0	1444.0641259269278	55.76600270882871
358	56.76771831275071	20211.835966551407	3914.189590323087	0.0	1446.9742819538099	56.76771831275071
359	51.827335080623406	20263.663301632027	3922.411817164191	0.0	1455.6494933040608	51.827335080623406
360	53.46602906914689	20317.12933070118	3931.3504850648756	0.0	1460.7723935040015	53.46602906914689
361	58.8409513859026	20375.97028208708	3943.99901141613	0.0	1467.3594033006225	58.8409513859026
362	50.7164091064721	20426.68669119355	3952.661828386294	0.0	1471.3364090899581	50.7164091064721
363	59.74908442201826	20486.435775615577	3967.799930028437	0.0	1468.4556761241345	59.74908442201826
364	54.60750122567515	20541.043276841247	3976.955678381127	0.0	1474.265920263551	54.60750122567515
365	59.14655733539647	20600.189834176646	3989.981739463123	0.0	1475.1536074680002	59.14655733539647
366	52.85020113874055	20653.04003531539	3997.1488840163906	0.0	1475.7891109494178	52.85020113874055
367	53.154581153428325	20706.19461646881	4006.96545058242	0.0	1476.010884660459	53.154581153428325
368	53.645794481752425	20759.840410950565	4014.664560481264	0.0	1476.446690611947	53.645794481752425
369	58.248233975065084	20818.088644925625	4027.1465302838765	0.0	1484.6296641776744	58.248233975065084
370	56.13261248779345	20874.221257413425	4038.2453304644478	0.0	1486.033589519468	56.13261248779345
371	50.147471618056414	20924.368729031477	4042.050129728111	0.0	1491.3650192310006	50.147471618056414
372	65.97268044025424	20990.341409471737	4062.4659199743237	0.0	1494.789251899414	65.97268044025424
373	54.14468277163064	21044.486092243365	4070.7436302247434	0.0	1503.3185892089512	54.14468277163064
374	55.1131006055275	21099.599192848895	4079.6126135156255	0.0	1508.9626872204533	55.1131006055275
375	55.05278708960483	21154.651979938495	4089.439618127537	0.0	1518.2272716472585	55.05278708960483
376	56.405603723487786	21211.05758366198	4099.779272931244	0.0	1521.6524344286204	56.405603723487786
377	53.989341500018526	21265.046925162	4108.046732859608	0.0	1527.162290085453	53.989341500018526
378	54.78447593574605	21319.831401097752	4118.14989843715	0.0	1528.0019779732713	54.78447593574605
379	56.38509121913411	21376.216492316875	4130.550752735557	0.0	1532.1110311758737	56.38509121913411
380	54.53808996250782	21430.754582279384	4139.493412248895	0.0	1537.2042776107994	54.53808996250782
381	54.825230782003565	21485.579813061388	4146.623268860516	0.0	1544.375981831357	54.825230782003565
382	55.12644954584455	21540.706262607244	4157.313591089248	0.0	1547.9759466311687	55.12644954584455
383	57.48972050168163	21598.19598310891	4170.1788225381715	0.0	1558.0201726219339	57.48972050168163
384	54.968920105593824	21653.164903214518	4180.480903256909	0.0	1559.3561005744746	54.968920105593824
385	52.52588104983868	21705.69078426434	4187.093737133189	0.0	1564.2666840080922	52.52588104983868
386	57.70928811389204	21763.400072378237	4198.89306890205	0.0	1570.0947668921333	57.70928811389204
387	57.8231434754775	21821.223215853723	4213.270400792965	0.0	1571.1852610087524	57.8231434754775
388	54.70285472449159	21875.926070578207	4223.315076663813	0.0	1581.5606022396553	54.70285472449159
389	52.166725632322205	21928.09279621053	4229.79312313181	0.0	1588.0240257330934	52.166725632322205
390	53.7612540897034	21981.854050300233	4237.838074848197	0.0	1594.8060743838087	53.7612540897034
391	51.90013789647424	22033.754188196715	4243.210939494008	0.0	1599.9841027428888	51.90013789647424
392	59.55543935190452	22093.309627548606	4256.9693408428475	0.0	1600.6439416301705	59.55543935190452
393	54.18701863322809	22147.496646181848	4264.135647579796	0.0	1603.248203922614	54.18701863322809
394	61.325234390304495	22208.82188057214	4278.639985346059	0.0	1609.4823094214694	61.325234390304495
395	53.37826883321022	22262.200149405362	4284.648182148205	0.0	1614.0705839102177	53.37826883321022
396	55.42503892467603	22317.62518833003	4294.596196401005	0.0	1615.7103982357019	55.42503892467603
397	61.83704717046455	22379.462235500498	4309.152136193007	0.0	1622.0058069397576	61.83704717046455
398	56.27277584746555	22435.73501134797	4319.731738695452	0.0	1624.4326571396653	56.27277584746555
399	54.38655973355878	22490.121571081523	4331.982892286478	0.0	1630.059671237953	54.38655973355878
400	58.26756052816476	22548.389131609685	4343.645577273486	0.0	1634.146311319123	58.26756052816476
401	59.787864995875324	22608.176996605558	4359.773946373763	0.0	1639.8883726703903	59.787864995875324
402	59.90962654255503	22668.086623148105	4375.049232808215	0.0	1636.517768898717	59.90962654255503
403	54.64971560872707	22722.736338756833	4385.544878408233	0.0	1644.9831293487814	54.64971560872707
404	49.71648490233182	22772.452823659187	4389.272452315523	0.0	1645.9193367661596	49.71648490233182
405	50.828172857634875	22823.280996516813	4395.412919278709	0.0	1649.656488221954	50.828172857634875
406	56.40024312514577	22879.68123964196	4405.877257204166	0.0	1657.3945151241276	56.40024312514577
407	56.95327686682556	22936.634516508773	4418.323908764161	0.0	1662.7876748787664	56.95327686682556
408	49.760877745690294	22986.395394254465	4421.499876863343	0.0	1664.8389822859297	49.760877745690294
409	55.5725830204748	23041.967977274937	4435.458941247078	0.0	1668.9041292069567	55.5725830204748
410	56.0653470943109	23098.03332436926	4443.533252422687	0.0	1673.2443945221705	56.0653470943109
411	53.110489700048014	23151.143814069317	4451.632908958833	0.0	1676.111195224071	53.110489700048014
412	55.07326571390837	23206.21707978322	4461.724625469951	0.0	1679.1062314679482	55.07326571390837
413	56.274650696597384	23262.491730479822	4471.411730635379	0.0	1688.1929497492085	56.274650696597384
414	55.294476133440874	23317.78620661326	4481.822074432053	0.0	1690.334309551823	55.294476133440874
415	60.00700829169543	23377.79321490494	4496.797056123047	0.0	1689.0861820886666	60.00700829169543
416	51.597039608016445	23429.390254512975	4503.034476534199	0.0	1691.486947654645	51.597039608016445
417	55.472721355318534	23484.86297586827	4515.424437171816	0.0	1691.7182210687263	55.472721355318534
418	55.72516916426916	23540.588145032554	4526.00011120102	0.0	1696.9062661302464	55.72516916426916
419	53.06079177937203	23593.648936811915	4531.80307384251	0.0	1702.9493422854198	53.06079177937203
420	52.894565828415324	23646.543502640332	4539.7008605939245	0.0	1706.795158177218	52.894565828415324
421	51.66689269367423	23698.210395334023	4543.90282782245	0.0	1713.745873030463	51.66689269367423
422	54.16211537581317	23752.372510709833	4553.167262577758	0.0	1720.795806764936	54.16211537581317
423	56.17304399803045	23808.545554707856	4565.859814886417	0.0	1722.0533540011172	56.17304399803045
424	52.084756142485304	23860.63031085035	4571.401296408408	0.0	1731.1981266141252	52.084756142485304
425	52.95802863863546	23913.588339488982	4580.674561726521	0.0	1735.4245346059329	52.95802863863546
426	50.741261392462455	23964.329600881447	4587.395205493511	0.0	1735.8728501623118	50.741261392462455
427	52.791962357572004	24017.12156323902	4596.282290550615	0.0	1735.7995922772677	52.791962357572004
428	56.28866312677346	24073.410226365788	4606.6325086221805	0.0	1740.3319686876341	56.28866312677346
429	56.105388986850876	24129.51561535264	4616.416650261972	0.0	1745.05727224793	56.105388986850876
430	57.066898545327085	24186.58251389796	4627.067835803729	0.0	1751.7314306229553	57.066898545327085
431	58.06502566228176	24244.647539560254	4639.187846246595	0.0	1757.64951885693	58.06502566228176
432	57.284424558333114	24301.93196411858	4651.388067537532	0.0	1764.315994696343	57.284424558333114
433	51.96592409360982	24353.89788821218	4660.965995115159	0.0	1769.354468772263	51.96592409360982
434	55.7540081866522	24409.651896398835	4671.182425764635	0.0	1773.4741359691723	55.7540081866522
435	51.6178845824933	24461.26978098132	4678.53698816782	0.0	1777.2707920922896	51.6178845824933
436	54.1796556410648	24515.449436622403	4686.08286269688	0.0	1779.676110907915	54.1796556410648
437	55.88628980048863	24571.335726422876	4696.5973539471	0.0	1786.2192877445104	55.88628980048863
438	52.974027418581635	24624.309753841466	4702.036335638231	0.0	1788.812787078484	52.974027418581635
439	56.611627113683795	24680.92138095516	4712.95712637422	0.0	1789.7522636038805	56.611627113683795
440	54.83128266016756	24735.752663615323	4721.5565579632475	0.0	1798.5548683398379	54.83128266016756
441	54.66249848728428	24790.41516210259	4730.7170578089745	0.0	1802.0413202948896	54.66249848728428
442	58.56386641763701	24848.979028520236	4743.937564819967	0.0	1807.223321917669	58.56386641763701
443	54.203962160628265	24903.18299068088	4752.810115148492	0.0	1818.5695456036153	54.203962160628265
444	52.29267681154633	24955.475667492407	4758.087872128934	0.0	1823.217877620375	52.29267681154633
445	56.143768382382106	25011.619435874807	4770.032694928912	0.0	1825.877676261078	56.143768382382106
446	57.81186784207056	25069.431303716858	4784.650051405051	0.0	1826.7972828792992	57.81186784207056
447	51.058433493654846	25120.489737210526	4789.680662055715	0.0	1833.4894485982072	51.058433493654846
448	61.071783175602015	25181.561520386123	4805.05117670503	0.0	1836.362386265039	61.071783175602015
449	53.25406740706779	25234.81558779319	4813.466304801855	0.0	1843.8654109014128	53.25406740706779
450	54.78296032360713	25289.59854811678	4820.525575681144	0.0	1847.5727927942735	54.78296032360713
451	57.149142108003986	25346.74769022481	4830.319341298497	0.0	1855.5308067663975	57.149142108003986
452	60.47148044094911	25407.21917066575	4845.154650708654	0.0	1853.8952330632164	60.47148044094911
453	57.421513698440094	25464.640684364178	4855.7544792801145	0.0	1864.048377950043	57.421513698440094
454	55.102813156861	25519.743497521064	4864.083170676414	0.0	1869.4673340065613	55.102813156861
455	54.4858879384061	25574.22938545945	4870.659764795482	0.0	1873.3035398599814	54.4858879384061
456	59.75916928588545	25633.98855474536	4884.962436654977	0.0	1878.3134080624266	59.75916928588545
457	61.058378652473095	25695.04693339781	4899.321863879527	0.0	1879.5510182404532	61.058378652473095
458	51.49478955977328	25746.541722957598	4904.657398653935	0.0	1881.9513931202428	51.49478955977328
459	51.74406605431355	25798.285789011905	4912.1558393888445	0.0	1884.9669959681019	51.74406605431355
460	55.13669717614004	25853.42248618805	4922.221313533306	0.0	1891.878765885768	55.13669717614004
461	49.12484091736269	25902.54732710541	4928.277126264375	0.0	1891.5476445832282	49.12484091736269
462	56.856031246476775	25959.40335835189	4938.088611048749	0.0	1895.0300318320772	56.856031246476775
463	53.858380114261834	26013.261738466135	4947.416855341709	0.0	1899.2177505586756	53.858380114261834
464	60.66525635051693	26073.926994816666	4961.2863135532425	0.0	1911.0342677915814	60.66525635051693
465	55.765367834134096	26129.692362650785	4973.894939557027	0.0	1919.5336328078056	55.765367834134096
466	54.04290163359721	26183.735264284398	4981.39140761097	0.0	1928.3745528793231	54.04290163359721
467	56.4631036590368	26240.198367943438	4990.637417835093	0.0	1934.5142957879582	56.4631036590368
468	59.36761149104219	26299.565979434465	5006.319816477729	0.0	1936.974607397109	59.36761149104219
469	56.3512836888726	26355.91726312334	5015.059494993626	0.0	1946.5897465750938	56.3512836888726
470	52.49032597684213	26408.407589100196	5021.029828696168	0.0	1951.8953145921355	52.49032597684213
471	53.496374947155715	26461.90396404734	5027.649900900674	0.0	1953.5472157698418	53.496374947155715
472	56.63974242062142	26518.543706467957	5036.584032662432	0.0	1958.318024529609	56.63974242062142
473	53.24083048092899	26571.78453694889	5042.165195243644	0.0	1967.5143122572647	53.24083048092899
474	55.25426682750244	26627.03880377639	5050.476728850877	0.0	1975.039681296266	55.25426682750244
475	53.01188570346481	26680.050689479856	5059.5921185526	0.0	1982.6945406173843	53.01188570346481
476	55.146981252647016	26735.19767073251	5070.622134051168	0.0	1988.3385240934629	55.146981252647016
477	55.109161867013114	26790.306832599523	5082.005390534281	0.0	1997.6588296747311	55.109161867013114
478	56.53948190433246	26846.846314503855	5093.95178430455	0.0	1999.6806997485555	56.53948190433246
479	51.20026803724424	26898.046582541097	5098.69241777017	0.0	2002.2510480493215	51.20026803724424
480	53.05261851709347	26951.099201058187	5103.4872849813955	0.0	2003.7510617629582	53.05261851709347
481	50.57549572799151	27001.67469678618	5106.721299475646	0.0	2010.788817756361	50.57549572799151
482	53.803912340441485	27055.478609126625	5112.997277635599	0.0	2013.7430051419049	53.803912340441485
483	55.370620310789405	27110.849229437412	5123.371250969611	0.0	2015.4040814491896	55.370620310789405
484	52.39604619058791	27163.245275628	5131.027120050955	0.0	2020.137264241054	52.39604619058791
485	51.354022488273976	27214.59929811628	5138.242203858897	0.0	2028.4119675195323	51.354022488273976
486	57.57523710268802	27272.174535218954	5150.186218382093	0.0	2032.9209933537804	57.57523710268802
487	54.7770755615099	27326.951610780467	5156.301070163364	0.0	2036.1277192822536	54.7770755615099
488	59.05727590832713	27386.0088866888	5171.564172874122	0.0	2037.3720297245882	59.05727590832713
489	54.663796234886334	27440.672682923694	5181.942668920828	0.0	2043.081745293474	54.663796234886334
490	56.79134517928557	27497.464028102964	5193.031449806509	0.0	2046.3496950690844	56.79134517928557
491	59.3233602869391	27556.787388389916	5206.410939969056	0.0	2054.999992963176	59.3233602869391
492	52.69877897960507	27609.486167369516	5212.338679436254	0.0	2055.5522556441647	52.69877897960507
493	63.469215709368726	27672.95538307889	5229.664610364369	0.0	2058.969519569941	63.469215709368726
494	49.14239587480588	27722.09777895368	5232.060893593942	0.0	2062.0485367134906	49.14239587480588
495	53.67987460913225	27775.777653562807	5237.98817371079	0.0	2062.2819584015633	53.67987460913225
496	54.10316802738238	27829.8808215902	5246.512318264275	0.0	2060.727244310023	54.10316802738238
497	54.42772998112621	27884.308551571314	5257.677751130545	0.0	2061.4026964191166	54.42772998112621
498	55.835842866502325	27940.144394437826	5267.392391381847	0.0	2065.4538806094047	55.835842866502325
499	55.207777402977264	27995.3521718408	5279.581615387084	0.0	2076.653396467514	55.207777402977264
500	57.67781192596485	28053.029983766777	5293.525745866562	0.0	2078.908135030239	57.67781192596485
501	48.586929341281994	28101.616913108057	5297.318556461815	0.0	2081.483191852491	48.586929341281994
502	54.777768260245345	28156.394681368292	5305.624516222834	0.0	2083.506738885309	54.777768260245345
503	57.4559450950599	28213.850626463358	5318.20357611607	0.0	2091.530258933535	57.4559450950599
504	54.959609021088745	28268.81023548447	5330.657003195386	0.0	2089.827550529901	54.959609021088745
505	51.658028202040114	28320.468263686504	5338.783299433216	0.0	2091.5943111612887	51.658028202040114
506	59.1730899626165	28379.641353649105	5353.249372741677	0.0	2093.5177335008802	59.1730899626165
507	49.55939617756611	28429.200749826665	5358.521569848907	0.0	2096.5951221554046	49.55939617756611
508	52.1298657901821	28481.33061561685	5365.69454374023	0.0	2102.589968982637	52.1298657901821
509	56.540849117428436	28537.87146473428	5377.026535409423	0.0	2101.9380495785035	56.540849117428436
510	59.49623174885648	28597.36769648314	5394.2610099638	0.0	2105.4257428480005	59.49623174885648
511	58.69876948492228	28656.066465968066	5405.484657271113	0.0	2106.8333476687358	58.69876948492228
512	54.42419733398865	28710.49066330205	5414.519416212861	0.0	2109.6739812470537	54.42419733398865
513	58.2082460051461	28768.698909307197	5426.448084727383	0.0	2115.107228212533	58.2082460051461
514	58.279044641754126	28826.97795394893	5439.337748371673	0.0	2126.839809908803	58.279044641754126
515	58.44871832189626	28885.426672270838	5451.432380560707	0.0	2135.8094762902583	58.44871832189626
516	54.47911798230571	28939.90579025316	5462.538908824621	0.0	2134.8661639803036	54.47911798230571
517	53.468206292744796	28993.373996545895	5468.801888070628	0.0	2136.2521073947214	53.468206292744796
518	51.854326037974424	29045.228322583884	5474.663778161297	0.0	2140.8856243880045	51.854326037974424
519	52.025922003323615	29097.254244587202	5480.851843185914	0.0	2144.066793244128	52.025922003323615
520	57.01521241609864	29154.26945700329	5494.343170076937	0.0	2148.9214675226012	57.01521241609864
521	58.59638564166957	29212.865842644973	5511.268748393524	0.0	2149.039924408091	58.59638564166957
522	57.75987592281195	29270.62571856777	5522.68442181425	0.0	2157.091270467144	57.75987592281195
523	55.69578468030072	29326.321503248077	5532.708290165261	0.0	2158.274141351318	55.69578468030072
524	54.901959855992835	29381.22346310407	5541.847483571132	0.0	2158.6464306782627	54.901959855992835
525	63.06537555793041	29444.28883866201	5561.8092476772135	0.0	2161.0929512327934	63.06537555793041
526	56.678492960612836	29500.967331622607	5572.115882204122	0.0	2166.502140829364	56.678492960612836
527	53.717518952831334	29554.68485057545	5580.44660168309	0.0	2171.2504382836046	53.717518952831334
528	50.56018616858203	29605.245036744032	5584.806953891051	0.0	2172.4063699073063	50.56018616858203
529	56.95886361877839	29662.203900362812	5593.818260484343	0.0	2179.888641553888	56.95886361877839
530	49.625324644335954	29711.82922500713	5596.664815030045	0.0	2183.2469546225643	49.625324644335954
531	53.22476552083858	29765.053990527977	5603.269784579286	0.0	2187.5545499660566	53.22476552083858
532	55.770887772349305	29820.824878300322	5613.11284902503	0.0	2191.155005172505	55.770887772349305
533	55.5808474625761	29876.405725762896	5624.809769909825	0.0	2193.5735762812774	55.5808474625761
534	49.00520047688097	29925.410926239798	5628.239295721178	0.0	2195.261346588121	49.00520047688097
535	55.6219676360648	29981.032893875847	5636.794158227975	0.0	2196.8955467612664	55.6219676360648
536	59.53535245021712	30040.568246326075	5650.463015487405	0.0	2202.4200327888293	59.53535245021712
537	52.711087597881445	30093.279333923954	5658.262576525549	0.0	2199.9276733810066	52.711087597881445
538	54.9700097046911	30148.249343628657	5668.188350692864	0.0	2203.9268792819903	54.9700097046911
539	54.725395167624484	30202.974738796274	5676.430328961237	0.0	2208.009892356136	54.725395167624484
540	54.222574357102474	30257.197313153374	5685.778883208479	0.0	2212.870763622234	54.222574357102474
541	52.42335998726202	30309.62067314063	5692.3136614539035	0.0	2215.998500055974	52.42335998726202
542	54.229766057969776	30363.85043919861	5699.905889518874	0.0	2218.2553494529316	54.229766057969776
543	52.85473049104361	30416.70516968964	5704.3644956433745	0.0	2227.6882549871066	52.85473049104361
544	51.49705603774571	30468.202225727367	5711.290431787862	0.0	2233.9232054892896	51.49705603774571
545	55.64319352324128	30523.84541925063	5719.701524094754	0.0	2232.6441504065897	55.64319352324128
546	55.33329814231528	30579.17871739295	5729.842065813667	0.0	2235.282451909162	55.33329814231528
547	56.80460354175334	30635.983320934694	5742.121299283071	0.0	2238.628735776533	56.80460354175334
548	52.157703840761286	30688.141024775443	5750.7461057425035	0.0	2247.070959764354	52.157703840761286
549	58.409924303380365	30746.55094907884	5761.473485217935	0.0	2249.2938531760724	58.409924303380365
550	49.990923287072874	30796.5418723659	5765.282436328692	0.0	2250.2203639089416	49.990923287072874
551	53.300611824811405	30849.842484190725	5773.744080432095	0.0	2253.4510914545967	53.300611824811405
552	54.77889902755202	30904.621383218273	5783.504870785011	0.0	2257.524437879405	54.77889902755202
553	56.960948318130825	30961.582331536418	5793.514764883676	0.0	2257.055624245618	56.960948318130825
554	54.729231171323796	31016.311562707728	5799.997140336024	0.0	2258.0837625419617	54.729231171323796
555	53.577381054058286	31069.888943761798	5806.26885581116	0.0	2264.967326940302	53.577381054058286
556	55.266046305277015	31125.154990067054	5815.157057877804	0.0	2269.3278112905427	55.266046305277015
557	52.82762645094469	31177.982616518006	5821.855224294654	0.0	2279.7006310233196	52.82762645094469
558	59.30201667797838	31237.284633195988	5835.77725539719	0.0	2285.557141149315	59.30201667797838
559	52.51506220186698	31289.799695397844	5843.489887751459	0.0	2290.2089865829926	52.51506220186698
560	54.1698016221963	31343.96949702006	5843.489887751459	0.0	2293.234309867658	54.1698016221963
