task	reward	total_reward	total_regret	relative	total_reward_dev
0	80.58290807764475	80.58290807764475	7.898955978476192	0.0	30.95124860801257
1	77.07419231474307	157.65710039238772	13.721004428970971	0.0	40.750220056437136
2	81.19765655624457	238.85475694863217	23.58779710731028	0.0	50.18385284493364
3	79.1963228393032	318.0510797879354	31.763379227170898	0.0	54.328070910453356
4	75.74103194708847	393.79211173502404	36.94148997707058	0.0	63.79214227890981
5	79.50380487650304	473.29591661152705	45.83779500350098	0.0	71.83221716137406
6	79.11788499517306	552.4138016067001	55.67043739605763	0.0	76.41569253748145
7	81.71316944745128	634.1269710541513	66.2889890200684	0.0	84.39754712697712
8	74.26252792175093	708.3894989759021	70.22477954493372	0.0	89.9562126471769
9	84.06233007873153	792.4518290546335	82.53060864887712	0.0	95.10982146621122
10	82.6144426832082	875.0662717378419	93.96006905745038	0.0	101.25995496841942
11	86.62903607090749	961.695307808749	109.08424988316425	0.0	108.88703798221877
12	76.72134432279852	1038.416652131548	114.60834693830415	0.0	110.62117858509765
13	78.5965539049781	1117.0132060365263	123.3114939264958	0.0	114.7755256895087
14	80.62070476822171	1197.633910804747	132.49059579697186	0.0	112.8158593467395
15	80.422854246661	1278.0567650514092	142.0086272143995	0.0	120.79525531688378
16	83.9886532927546	1362.0454183441634	154.43968830941756	0.0	121.01074764613347
17	77.34148220457205	1439.3869005487352	159.90735893360682	0.0	121.1252169939748
18	83.22490517236598	1522.6118057211008	171.5967776431478	0.0	122.50094443482817
19	80.14732281175765	1602.759128532858	181.23795063254423	0.0	128.4581951960086
20	78.40133668591528	1681.1604652187737	188.35962578831706	0.0	132.95820805290452
21	81.33765888618932	1762.498124104963	198.34952983360117	0.0	136.63982648540897
22	85.07762986233344	1847.5757539672973	211.6782941339608	0.0	142.56109572232327
23	82.10762860801847	1929.683382575315	221.6958267972431	0.0	146.61739763357704
24	79.27964988343666	2008.9630324587517	229.8814039619621	0.0	152.20651252023595
25	78.23062109566312	2087.193653554415	238.35579549536047	0.0	153.13998095073535
26	84.49274770596739	2171.686401260382	252.33084328395165	0.0	153.32396630279723
27	79.45347673414467	2251.139877994528	260.1821079105536	0.0	155.64732659357233
28	78.48979454613584	2329.6296725406633	267.151290444347	0.0	158.59702781850453
29	78.41192642479085	2408.041598965453	275.5028580999226	0.0	163.36732085163854
30	84.59670465899781	2492.638303624451	288.8437563565896	0.0	168.44459182128185
31	85.56303337047103	2578.2013369949213	304.4248071267321	0.0	175.48963778551266
32	79.48589361026116	2657.687230605183	313.1182931703255	0.0	177.81034838539117
33	81.1841151484731	2738.8713457536564	323.8410781980488	0.0	181.08954026713647
34	77.58745892008707	2816.458804673742	331.08881875172403	0.0	184.40483241100398
35	85.90224251743109	2902.361047191176	346.4161400758349	0.0	187.70064568417322
36	81.19152922429717	2983.552576415471	356.7429053762189	0.0	190.13495317982466
37	80.23174139285435	3063.784317808327	366.79216034005617	0.0	193.58926671854434
38	78.56157769680681	3142.345895505132	374.3557641909689	0.0	194.73126879003925
39	79.00560258022095	3221.3514980853524	383.2800105526572	0.0	197.19757457002436
40	78.84614122212292	3300.197639307477	390.7547719686696	0.0	196.63465318651032
41	79.61839284996034	3379.8160321574373	397.4854490026202	0.0	202.15984882728603
42	82.18514200881447	3462.001174166251	408.5412019787366	0.0	201.94494169641385
43	78.0757163648216	3540.0768905310733	415.9653446670763	0.0	201.52604010783608
44	79.1550500213843	3619.2319405524577	423.69880073515463	0.0	202.09946434629563
45	84.16262033125578	3703.394560883712	437.62597612221145	0.0	205.29353605081644
46	75.92569246471126	3779.3202533484236	442.83348090679334	0.0	211.16090809593587
47	80.3535102985899	3859.673763647015	452.76952559911444	0.0	212.16496802404538
48	79.0093562235141	3938.6831198705277	461.06947357629804	0.0	213.8806687355875
49	85.90325608532017	4024.5863759558474	475.46624488789445	0.0	214.97713330364724
50	83.72233074194318	4108.308706697791	487.2712115101167	0.0	222.07940218579836
51	80.57339370344442	4188.882100401237	496.20739076484875	0.0	223.97803658790932
52	79.91959199088436	4268.801692392121	504.138442687367	0.0	228.5541537112786
53	82.15970922541483	4350.9614016175365	516.1437808224455	0.0	227.41242400963074
54	79.95561043852499	4430.91701205606	523.5429517704176	0.0	228.4141637730272
55	76.50142480200121	4507.418436858064	528.5646450731826	0.0	229.29103753332905
56	81.68938700723729	4589.107823865298	539.3997141707067	0.0	233.18136745892994
57	85.21512799286592	4674.322951858162	552.6205455567131	0.0	232.9012772404341
58	75.8978417530261	4750.220793611189	557.9967756006661	0.0	235.06796712131091
59	76.65217727931848	4826.872970890512	564.1865606850764	0.0	235.24888133910017
60	78.27829504036417	4905.151265930873	572.2712959824768	0.0	235.3306500964718
61	79.18373488267375	4984.3350008135485	580.0149384584104	0.0	237.6286295786735
62	82.7267543393239	5067.061755152869	591.5937201948709	0.0	242.21206377112557
63	80.40800836300986	5147.469763515882	600.0146509901641	0.0	247.76301613292395
64	80.01573285602308	5227.485496371905	609.0548827471943	0.0	248.81036137437889
65	83.02180963185705	5310.507306003761	622.2548313568959	0.0	250.30133975282106
66	83.06288296427857	5393.57018896804	634.6476224067765	0.0	255.98215054150984
67	81.68774872532336	5475.257937693365	644.8609931100198	0.0	255.4346973420043
68	79.62575985187503	5554.883697545236	654.7031892626723	0.0	257.44518826475723
69	80.20686644419757	5635.090563989435	664.5925392339184	0.0	260.0221274121086
70	81.62519625904439	5716.71576024848	674.8960634469306	0.0	259.15402027397835
71	77.63682047454716	5794.352580723027	680.6176082327896	0.0	259.30561287674465
72	81.54838857968582	5875.900969302714	690.915323119309	0.0	257.4631522867284
73	80.41062261444148	5956.311591917157	699.6180320020733	0.0	260.3266707611835
74	75.7368765852295	6032.048468502383	703.9205379366521	0.0	258.7123228539992
75	76.28307879752617	6108.3315472999075	708.1791270342392	0.0	258.0483395602808
76	83.11754253871284	6191.4490898386275	721.4819242564452	0.0	262.07794802491355
77	82.1089372310275	6273.558027069648	733.6454595651389	0.0	258.92558519467434
78	82.99676528796044	6356.554792357612	745.4967323063267	0.0	260.95227648850073
79	83.21366544672536	6439.768457804338	757.433689897423	0.0	264.5788917220946
80	78.56864792153033	6518.337105725868	764.9738187376411	0.0	270.5895043786251
81	76.46153278804917	6594.798638513918	770.7386151296715	0.0	271.4261255723258
82	82.2268995575675	6677.025538071484	781.5589559727599	0.0	275.86102789717467
83	76.82150027644107	6753.847038347925	788.563457724537	0.0	276.69062724973793
84	80.74277594419227	6834.589814292116	798.9140338545872	0.0	275.24484083532553
85	81.36115697316036	6915.950971265278	809.6790926307388	0.0	278.2294630860789
86	79.70945837065815	6995.660429635937	818.208386928166	0.0	278.65697096719043
87	80.194618318406	7075.8550479543455	827.3473202705813	0.0	277.25307002354384
88	83.55635079230822	7159.411398746648	841.2972896923468	0.0	280.15663221613187
89	78.71332082711263	7238.124719573762	848.9735393614206	0.0	278.7997831474405
90	76.59694620881771	7314.721665782579	853.8981772919246	0.0	277.38747195679554
91	78.14722690737294	7392.868892689956	862.0286438517891	0.0	281.4160232783497
92	76.7472428088891	7469.616135498846	867.6908899395904	0.0	277.2934351876724
93	79.54559546522964	7549.161730964072	876.5616252594442	0.0	280.73078366762303
94	78.10239078097676	7627.264121745049	884.3398005285837	0.0	283.1787544942654
95	79.49270224312923	7706.7568239881775	891.9753595755544	0.0	287.9118646546623
96	77.10097273778155	7783.857796725957	897.4035268865821	0.0	289.73342571205274
97	81.91706865227425	7865.774865378234	908.1043689681262	0.0	290.31687027127543
98	76.38716510554595	7942.1620304837825	913.8775214909994	0.0	287.33354557663034
99	82.38430835828987	8024.546338842075	923.5804872839595	0.0	296.13304833208394
100	79.64333065710034	8104.18966949917	932.6056668274276	80.23606761421524	297.41409391048296
101	80.19853970789474	8184.388209207065	941.2572741773012	80.26731108814674	305.05629971829234
102	81.1136968340605	8265.501906041125	950.3200253619776	80.26647149092493	310.98082990582265
103	86.7887793440207	8352.290685385147	965.9944824592562	80.34239605597209	320.4022979950526
104	78.27108415032225	8430.561769535467	974.5674610440337	80.36769657800443	319.89601941345023
105	78.6722552493623	8509.23402478483	982.800234832103	80.35938108173305	321.5121139989408
106	80.20035422043684	8589.434379005266	991.5983285446349	80.37020577398567	323.1784635286712
107	77.7033532544796	8667.137732259747	998.2863238541355	80.33010761205597	322.64787334204226
108	81.26871793464579	8748.406450194389	1008.4809148566762	80.4001695121849	323.3830047571995
109	83.86702238318425	8832.273472577575	1021.2547883429962	80.39821643522947	324.37076983138707
110	75.87931883826235	8908.152791415834	1026.5664678608612	80.33086519677997	325.90297440579275
111	81.1447742314733	8989.297565647308	1037.802213194415	80.27602257838565	324.5198187321122
112	84.08113558567935	9073.37870123299	1050.7572670083332	80.34962049101446	321.52963819696305
113	78.87478407248963	9152.253485305484	1058.417757774854	80.35240279268953	321.9545230882887
114	78.96206020564107	9231.215545511124	1067.1275289387738	80.33581634706374	324.23180382275194
115	84.51056074015334	9315.726106251273	1080.4185691024707	80.37669341199869	324.73722700343586
116	76.79916461616008	9392.52527086743	1086.1690710959178	80.30479852523277	323.725793479155
117	81.04703085923927	9473.572301726677	1096.71092059487	80.34185401177942	322.5374880488081
118	79.59998363391196	9553.172285360586	1105.6035573801566	80.30560479639486	324.9018171590688
119	79.50952474464032	9632.681810105227	1113.2980972928492	80.29922681572367	322.28829858928555
120	77.03701918714138	9709.71882929237	1119.03132731475	80.28558364073592	326.02896964972854
121	83.24015716801956	9792.958986460384	1131.8791532570538	80.30460862355424	324.1583114814903
122	81.09944314357077	9874.058429603952	1141.3303724441264	80.26482675636663	323.7889377500558
123	87.40359401949665	9961.462023623457	1158.1913072749148	80.31778641048142	327.488076779917
124	77.26106566163948	10038.723089285093	1164.8648183260188	80.29760056826339	335.20714312581185
125	81.82539809847394	10120.548487383563	1176.2271207791966	80.33354833829155	335.76581950597347
126	75.76310328621348	10196.311590669782	1182.0676591861425	80.24625189409403	336.4206089452199
127	80.21067898011208	10276.52226964989	1191.6586157722938	80.2538239165537	335.2828052285302
128	80.81648199835298	10357.33875164825	1199.6266529769853	80.2770907910758	336.65506763433245
129	81.58861905258532	10438.927370700832	1211.008073743743	80.30885771735382	338.4430259923064
130	81.01116571603707	10519.938536416863	1220.740949424768	80.2730023279242	341.3916502998078
131	82.19290033028308	10602.131436747155	1232.0908824823919	80.23930099752232	345.5947381213482
132	80.1587565498322	10682.290193296978	1241.9694882547278	80.24602962691797	347.66010568787533
133	84.67501569757978	10766.965208994563	1255.726110733531	80.2809386324091	349.66871985838816
134	74.46764460456262	10841.432853599126	1258.8712270911121	80.24974048925382	349.56976486448053
135	79.92545261517846	10921.358306214304	1267.8987445498653	80.18997259023135	351.13124087727175
136	79.4282786522818	11000.786584866582	1276.8976655565168	80.17234008451115	351.1904571406754
137	78.27373225769584	11079.060317124282	1283.9961323343853	80.15275999315959	350.2703613486166
138	80.15490003813345	11159.215217162413	1293.8108350422167	80.16869321657283	350.30509015356745
139	79.9959409073254	11239.21115806974	1303.6024906375571	80.17859659984384	352.91525824354005
140	75.86470078998421	11315.075858859722	1307.8397820034393	80.14878219552249	351.082220384474
141	85.07471731297026	11400.150576172693	1322.6719260416514	80.20334544015265	349.8375621363614
142	79.09268926615981	11479.24326543885	1331.3203908727498	80.17242091272605	351.5410070102535
143	82.09846845011906	11561.34173388897	1342.732805394945	80.21264843357902	353.53604077985204
144	78.98049445741034	11640.322228346384	1349.7491612025747	80.21090287793929	352.98814497007044
145	79.97250716232165	11720.294735508702	1358.9354772976615	80.16900174624999	352.93699458680743
146	75.3456245745624	11795.640360083267	1363.117223523812	80.16320106734848	356.3590309234254
147	81.88902327418064	11877.529383357441	1374.0775058326908	80.17855619710433	357.8244105345608
148	78.21356262899403	11955.742945986434	1380.9043479089562	80.17059826115914	358.0131746018175
149	81.63750566454114	12037.380451650983	1390.7891865703357	80.12794075695138	352.4381838098325
150	77.55223352277768	12114.932685173757	1397.7481288673648	80.06623978475973	350.16662150614883
151	80.70436086053849	12195.637046034295	1407.74544325617	80.06754945633067	354.0924761777802
152	78.77539847935267	12274.412444513646	1416.3491474090724	80.0561075212153	353.59039962095545
153	79.21459021625917	12353.62703472991	1425.7340059485252	80.02665633112377	356.4787269523172
154	79.07880215604513	12432.705836885956	1433.5745345292535	80.017888248299	356.49703976945307
155	77.93294470865065	12510.638781594604	1440.9320973079268	80.03220344736548	358.0865401081369
156	82.05837511494748	12592.69715670955	1451.1135432469373	80.0358933284426	359.4185540699535
157	87.08391656167018	12679.781073271224	1467.1103514087208	80.05458121413064	361.5344849972126
158	78.73743206057017	12758.518505331796	1476.125722050535	80.08297711720607	365.2941239782704
159	83.82986874878199	12842.348374080571	1487.62929967326	80.1547540319007	369.13880643377274
160	77.06730941426575	12919.415683494844	1492.7401740904231	80.1426441756397	372.6891834680071
161	80.0227933355985	12999.438476830439	1500.7703051675273	80.15103476016893	372.64313365298284
162	77.48869068476091	13076.927167515201	1507.293823942531	80.0986541236233	373.53169113511655
163	77.51803637125259	13154.445203886453	1513.4377289449258	80.06975440370576	371.51446684674943
164	83.02063983051947	13237.46584371697	1525.2557229442432	80.09980347345075	375.7568961922817
165	79.2600304127584	13316.725874129725	1532.952417786081	80.06218568125976	379.99274468944174
166	75.82153786117767	13392.547411990907	1536.8046586301964	79.98977223022877	380.5760195321148
167	78.69910668091899	13471.24651867182	1543.706539795241	79.9598858097847	382.72112259917765
168	80.741822949466	13551.988341621283	1552.6293489472469	79.9710464407606	383.446793814057
169	82.9896698022826	13634.978011423575	1564.2882248196775	79.99887447434143	381.04970598344846
170	81.28479218605187	13716.262803609627	1573.7646159055605	79.9954704336115	383.7691552569546
171	79.82182475180221	13796.084628361425	1582.3475011748262	80.01732047638406	385.41606520158314
172	85.45491641942915	13881.539544780853	1596.6953571846316	80.0563857547815	379.86510010897405
173	81.54353750581123	13963.083082286665	1608.4781866431097	80.06771490369519	377.5037023273983
174	81.07896670033958	14044.162048987007	1618.1638302962085	80.1211358048463	375.96351398072215
175	80.46015621837041	14124.622205205373	1628.1240717986916	80.16290657905473	382.5050773016774
176	75.47380647307304	14200.096011678454	1632.3564824385255	80.08646921839835	382.954573562003
177	82.46582886993104	14282.561840548378	1643.6977980691015	80.09003813478739	384.9126857495742
178	82.53350439016094	14365.095344938543	1655.7975462485024	80.08540552580939	388.54642823230637
179	84.3151486626403	14449.410493601179	1669.7135486389038	80.09642035796854	393.26931666193445
180	77.46669639299121	14526.877189994177	1676.2490897735377	80.08540084268317	392.08086646013356
181	81.3743549534014	14608.251544947569	1685.6921885487543	80.13452906433666	396.8280019046605
182	86.90137856053975	14695.152923508114	1701.703882428956	80.1812738543664	402.08232775265964
183	83.77080211463326	14778.923725622753	1714.6791328735535	80.25076687274834	407.5755033827896
184	78.61475541423393	14857.538481036976	1721.431779695331	80.22948666744874	400.0708209533184
185	85.27417856005275	14942.812659597033	1735.389671500313	80.26861688331762	399.05097463632814
186	82.4683639770366	15025.28102357407	1746.5337307443315	80.29620593938144	399.85633882783816
187	80.38941748637306	15105.670441060442	1755.5797899615236	80.2981539310611	398.6109652231837
188	79.59528292632665	15185.265723986773	1764.707883856314	80.25854325240131	404.2419149061803
189	79.44137529867604	15264.70709928545	1773.1218312349497	80.26582379711695	408.0827609560474
190	79.58858333675511	15344.2956826222	1781.629665985106	80.29574016839632	406.3914925970597
191	82.00865120815581	15426.304333830354	1792.8938406576954	80.33435441140414	407.42784970762864
192	80.25876289304856	15506.563096723401	1801.9775996341343	80.36946961224575	404.9647669548351
193	75.67088041627112	15582.233977139678	1807.7252391184354	80.33072246175614	406.30424533190364
194	82.39361242760502	15664.627589567279	1820.0247644175959	80.37363467822243	405.2975595453967
195	75.39346490960713	15740.021054476882	1825.9590813342156	80.33264230488722	411.2095114771513
196	87.75057201526091	15827.771626492142	1841.6199934120125	80.43913829766203	409.6009539204385
197	78.66371911763257	15906.435345609782	1849.9923290556817	80.40660480231558	412.1367630736155
198	77.36217000878327	15983.797515618562	1856.265643230798	80.41635485134798	413.1520262598095
199	82.16535791806108	16065.962873536617	1868.016188999175	80.41416534694567	412.2383627594519
200	81.25484711570574	16147.217720652332	1877.725832309674	80.43028051153173	412.11119287009774
201	79.4096328459728	16226.627353498305	1886.0091485707123	80.42239144291248	411.86638477256787
202	85.70324688233264	16312.33060038063	1899.750953940287	80.46828694339526	414.58903915422667
203	75.83035576094778	16388.160956141583	1903.6650363137408	80.35870270756448	415.74531464168683
204	84.57216591675324	16472.73312205834	1917.2099884655354	80.42171352522881	419.7477810578598
205	78.64286057103293	16551.375982629368	1924.8212949708004	80.42141957844551	423.190876283795
206	82.60985620713708	16633.98583883651	1938.2161434636678	80.44551459831251	430.262033326566
207	83.32945592750126	16717.31529476401	1951.1200375006872	80.50177562504273	431.02092118269553
208	76.52639166252295	16793.84168642653	1957.4523963348527	80.4543523623215	431.8606610988983
209	80.90937663998041	16874.75106306651	1967.286370776363	80.42477590488946	432.9499068625034
210	83.91973781057253	16958.67080087708	1981.0038403032847	80.50518009461253	431.12811313906957
211	83.56403997869731	17042.234840855774	1993.6703333528776	80.52937275208478	427.55113853204864
212	79.96608363577344	17122.20092449155	2003.1834943359493	80.48822223258576	431.9400947144786
213	85.60338849057756	17207.804312982127	2017.096527427839	80.55550827676663	433.5665365844809
214	83.55957279569648	17291.363885777835	2029.1787557527396	80.60148340266716	431.8905881134722
215	78.58410286142515	17369.94798863925	2037.4443024382326	80.54221882387989	432.3396536307625
216	82.61846154512601	17452.566450184382	2048.3678482010837	80.60041179316957	429.8822500949395
217	80.65818476317352	17533.22463494756	2059.042166347037	80.59652333220895	429.1407191800608
218	76.64884716692669	17609.87348211448	2064.947055244116	80.56701196753909	427.2562631123903
219	73.96392597566104	17683.837408090138	2069.5176751951853	80.51155597984925	430.44271199449906
220	81.4004564429866	17765.23786453312	2077.84451042824	80.55519035240769	432.62920463678734
221	81.75520747218641	17846.993072005298	2087.5170311865595	80.54034085544934	432.6237252750884
222	76.95434482952277	17923.947416834835	2095.077763686462	80.4988898723089	433.75831323613295
223	81.49867519595419	18005.446092030776	2106.235259546928	80.43984068407346	435.79623654807585
224	82.01350969023848	18087.459601721017	2116.9671527579917	80.48736512435944	435.0104059942055
225	84.0733613583839	18171.532963079408	2130.723405250557	80.50984475695854	430.4430378941215
226	81.87817632250498	18253.41113940192	2141.318774806802	80.57099548732148	431.85103880449725
227	75.73346493792882	18329.144604339846	2147.036029697065	80.52622334689963	434.8040111000031
228	79.95781455706994	18409.10241889692	2155.5006131527994	80.51763667248683	431.269374059447
229	78.0294558541443	18487.131874751056	2162.5994734190517	80.48204504050238	431.59971882280496
230	79.70883456297362	18566.840709314034	2170.954098083335	80.46902172897177	430.4108669125886
231	80.70150188630744	18647.542211200336	2179.6612049160494	80.45410774453202	434.52991625538385
232	75.27925253476442	18722.821463735105	2184.226351028801	80.40531270438133	433.8594798275897
233	82.08161643407043	18804.903080169173	2194.884345574233	80.37937871174626	432.10503509588847
234	79.65606618490746	18884.55914635408	2202.7726215410007	80.43126292754972	433.65100797436764
235	79.57843737653637	18964.137583730615	2211.449403168994	80.42779277516328	433.0261651282126
236	79.22341952651558	19043.361003257138	2220.308932233503	80.42574418390558	432.1240280566942
237	85.96404668367123	19129.325049940802	2236.1065609403713	80.50264732816532	436.2492361773421
238	80.71689104600655	19210.041940986797	2245.2429062345145	80.5082672382441	433.9285196880069
239	85.13625109292812	19295.178192079737	2259.700181114014	80.55967034010008	436.5315724589587
240	81.25718941998582	19376.43538149972	2269.3303034250757	80.61359522640012	438.6478511195618
241	80.6289497668909	19457.06433126661	2278.8373586100774	80.56913755093935	441.6607663302447
242	82.45956270729013	19539.523893973903	2290.600624959361	80.60280628535064	441.661204818361
243	73.98249737487268	19613.506391348776	2293.7003627450295	80.52164657459817	443.2335689983241
244	75.12918154200543	19688.635572890784	2298.1214727793467	80.48313344544412	443.0339606104715
245	78.80615577624931	19767.44172866703	2306.3724391777864	80.4714699315834	446.4370077186303
246	89.45806950678559	19856.899798173818	2323.5846248666126	80.61259438090563	446.5329118833997
247	75.29390020481792	19932.19369837863	2328.569329008337	80.54664315021199	451.26401399932206
248	83.13549021903373	20015.329188597658	2340.1775575689794	80.5958624261124	454.26585085573237
249	83.19069077807576	20098.51987937573	2352.9189292781057	80.61139427724777	452.40481422651936
250	87.0848339683117	20185.60471334405	2369.961183901759	80.7067202817031	453.33599654261906
251	78.2856771693558	20263.890390513407	2376.9076421858704	80.68253344479125	454.41894469733074
252	86.62558672164043	20350.51597723505	2391.6942660116456	80.76103532721415	455.00333666793193
253	79.03583162872377	20429.551808863776	2398.9381182691227	80.75924774133878	452.6928441976629
254	80.3475942216227	20509.899403085397	2409.0641037975715	80.77193566199452	453.0105752062791
255	81.46126601230691	20591.360669097703	2418.994764833796	80.80721887503115	455.250371530604
256	73.71516889882633	20665.075837996526	2422.854267769614	80.72378681286993	453.08261719039007
257	84.51073060550542	20749.58656860204	2437.033844828224	80.69805495330826	458.3562555105767
258	79.43071995381582	20829.017288555846	2444.7888144389044	80.70498783224069	458.5302440635152
259	81.64931702239488	20910.666605578244	2456.9018979103475	80.68318231497683	458.8512289340584
260	82.75393559506469	20993.42054117331	2466.7589989770895	80.74004857678486	463.03555531509323
261	81.26229132625024	21074.682832499562	2477.117497842765	80.75244355669136	463.6370376730877
262	79.71879426117589	21154.401626760726	2486.031015831355	80.77474459245549	462.6689134728913
263	76.14205380050885	21230.543680561237	2492.010099689088	80.76098476674805	466.1108053209554
264	77.48073355183506	21308.02441411309	2498.503327218319	80.70558570396119	467.6497569782804
265	79.98426847455568	21388.00868258763	2507.49137247295	80.71282808457921	470.8483011135578
266	76.07317182731808	21464.081854414948	2511.6392776817456	80.71534442424058	470.1162364016127
267	83.09314768570253	21547.17500210066	2523.7075675745477	80.75928483428842	469.0157960818472
268	78.33570133373478	21625.510703434396	2530.1808851818146	80.73522361813112	471.33485993547174
269	83.02771125756985	21708.53841469197	2542.195535219834	80.735604032684	476.5795469189451
270	79.79297125003832	21788.331385941998	2550.721483655554	80.72068582332386	480.15887081197536
271	84.22152066740294	21872.552906609406	2565.427420960221	80.76468278247985	488.0161182246723
272	80.38167533766963	21952.93458194707	2574.3802495687373	80.71395037166228	493.5083815955227
273	81.40836340883794	22034.34294535591	2582.8920398433334	80.71259863069257	490.00619510523956
274	80.20388193847181	22114.546827294384	2592.1787838406913	80.70384778307385	485.2858782350415
275	90.36551954345603	22204.912346837846	2611.3988114492304	80.80290141632473	493.85086874874065
276	78.10902696066468	22283.0213737985	2617.1369744716226	80.82925362120062	498.629308959757
277	78.98610703030612	22362.007480828805	2624.963716372191	80.7944564028044	500.6551996776844
278	80.5539893250177	22442.561470153825	2633.7855181200084	80.77466125215297	503.0490483902467
279	77.76793918710676	22520.329409340935	2641.4147222510087	80.70918915739766	505.112894862498
280	80.56307675852301	22600.89248609945	2651.097066977188	80.74015296105291	506.54930819750297
281	78.81896672584207	22679.711452825293	2658.421017453819	80.71459907877733	508.65117460320556
282	84.26272197702437	22763.97417480232	2670.982385135948	80.68821251294219	513.8997156138889
283	83.64846295676755	22847.622637759097	2683.944191879339	80.68698912136352	517.537887090857
284	86.08326527361334	22933.7059030327	2698.3286596362573	80.76167421995733	520.8031231036906
285	85.93317589606995	23019.63907892876	2711.8348680587396	80.7682641933175	527.9953526998041
286	77.9362293611376	23097.575308289906	2718.06474241554	80.7229428471585	527.8615958891642
287	76.79799335089439	23174.37330164079	2724.0316235701293	80.68702860580373	532.1873161109488
288	77.55273392472026	23251.926035565528	2729.5333100485736	80.66660311578764	534.5472498056478
289	78.66101367493705	23330.587049240476	2737.417585117414	80.65879949955024	536.9422265818583
290	80.58446553086884	23411.17151477134	2746.7733612253564	80.66875832149141	539.0427241957569
291	80.28427728129788	23491.45579205264	2755.4356779834993	80.65151458222282	541.1495824807265
292	75.7818327348417	23567.23762478746	2759.8521579832263	80.60674528064077	549.3256231280765
293	77.95426990726533	23645.191894694726	2766.7685473801207	80.62957917555072	548.9126100193042
294	82.28319942104515	23727.475094115773	2777.3602008931684	80.62847504548509	554.4358320158856
295	80.47973327764521	23807.95482739341	2786.726125161423	80.67933772916547	556.4323799280519
296	80.96972213130576	23888.924549524727	2796.9219072922992	80.61152923032596	558.0921778954638
297	85.49862863614818	23974.423178160876	2810.379911412265	80.67987832551107	556.2552514050852
298	79.79210255469275	24054.215280715587	2818.7934327321964	80.7041776509702	551.984883534518
299	87.03109302799581	24141.24637374358	2835.0092792490614	80.7528350020695	558.564769768808
300	85.49149948041583	24226.737873223996	2849.2637309183133	80.7952015257166	560.6801428444847
301	81.4642854833285	24308.2021587073	2858.596343752851	80.8157480520902	562.9448436183466
302	81.48044800514327	24389.68260671243	2868.294831509033	80.77352006331829	557.3583124886463
303	76.27849204009934	24465.96109875255	2872.675201595969	80.77800142610981	559.186074814052
304	81.06277551707342	24547.02387426962	2882.8392794777506	80.74290752211304	559.9612303771914
305	77.88385947107386	24624.9077337407	2890.3785027890963	80.73531751111342	559.7128451946476
306	82.78229891863182	24707.69003265932	2901.073884235046	80.73704193822834	558.4459718570566
307	83.08015592641549	24790.77018858574	2913.833625887369	80.7345489382175	563.7297741565137
308	76.87162510811166	24867.64181369385	2918.4575912228042	80.73800127267342	563.0833927806904
309	78.5857477991926	24946.227561493033	2926.0216505950707	80.71476498426554	567.4109141307273
310	85.67623510813308	25031.903796601182	2941.5824603065553	80.7323299572411	568.2243487946484
311	82.3828713491113	25114.2866679503	2952.918724167472	80.72051827094529	570.921170818013
312	78.61238721680925	25192.899055167112	2961.6082192171625	80.70698130675561	571.1745711586661
313	78.16222226834935	25271.06127743545	2970.2927972794105	80.63256964453335	573.2524086860832
314	80.13571673471887	25351.196994170175	2980.5785798057973	80.59833108392355	574.7370422861146
315	80.46694878493112	25431.663942955096	2990.5118704637493	80.61715954315864	571.9955227246953
316	76.85276162506675	25508.516704580165	2996.6531196863816	80.55950254395803	567.3298751299398
317	76.65552249041936	25585.17222707058	3002.1385565836677	80.5194759212305	562.5124535585123
318	84.45026193858094	25669.62248900917	3015.471967527129	80.59749006894702	564.0654457763892
319	79.19240538486245	25748.814894394032	3022.6809038001024	80.64977486303907	565.1667271787763
320	77.50872291361297	25826.323617307637	3028.3195501992277	80.6108575277453	564.8435478197139
321	79.04317166811148	25905.366788975756	3037.124184555013	80.58373716970456	560.6773397585922
322	79.46236891270546	25984.829157888442	3045.186219462055	80.60881741053642	557.9100918691448
323	80.67242750125065	26065.501585389706	3055.0109177170293	80.60055493358935	555.4761688655464
324	80.33237197856462	26145.83395736827	3064.314110049097	80.58374355647261	554.5678145459527
325	77.07262878307746	26222.906586151348	3070.0355742930237	80.51373623071957	551.687247456186
326	82.6951695731691	26305.60175572452	3081.986158883178	80.52190616322619	551.8169234669468
327	82.55771399325913	26388.159469717768	3093.8873324960314	80.59014865377951	550.471331367436
328	77.63938867829522	26465.798858396076	3100.069058211174	80.56696439499177	551.8010923806585
329	83.47685898678864	26549.275717382858	3112.105377013705	80.62143842631818	547.5100065601748
330	85.99982373983993	26635.275541122708	3126.885395198169	80.68434831808683	547.6471893340215
331	79.53460304168617	26714.810144164385	3135.5103922785324	80.67267932964062	545.287511681226
332	75.76866824967948	26790.578812414067	3140.6753860581784	80.67757348678977	543.6798214262235
333	80.9757502544334	26871.5545626685	3149.89102933005	80.66651482499343	549.1296514405948
334	76.02676378543158	26947.581326453932	3155.2783910073304	80.63022180099864	548.5221674377649
335	80.49975105575253	27028.081077509687	3165.123108740465	80.63943493779084	550.5741513170384
336	81.77828470775782	27109.859362217434	3175.7425068276243	80.66498358960327	554.4403029544819
337	79.68736431084486	27189.54672652829	3184.2500544187315	80.60221676587496	553.2643059609888
338	81.98291298544922	27271.52963951374	3195.6548097473865	80.61487698526939	557.1906779819508
339	81.4622522429995	27352.991891756737	3205.3956772959755	80.57813699677017	559.3317710957557
340	74.06841497187749	27427.060306728617	3207.891070750772	80.50624925228901	563.3711688668656
341	77.87593774085242	27504.936244469467	3215.431026481516	80.47871913202863	563.4155509576332
342	83.00160769974262	27587.93785216921	3226.2094525881375	80.4841395819532	560.700149605424
343	82.86700262852584	27670.804854797738	3238.2534662126523	80.57298463448971	562.0488402327939
344	78.95715504144019	27749.762009839174	3246.703922709299	80.61126436948408	562.6421150775576
345	77.19725567936592	27826.95926551854	3253.0367273562533	80.59517536851517	561.8192510197854
346	81.37756977323369	27908.336835291764	3263.284405043493	80.5143703711797	564.0835754378163
347	75.82374862612254	27984.1605839179	3268.261274755451	80.51966885539274	562.0776561898875
348	75.4245227411605	28059.58510665905	3272.316961572476	80.44255918061398	563.148401562107
349	76.98418499300479	28136.56929165206	3277.7969620366894	80.38049412276331	567.5513144018933
350	85.95679511582368	28222.526086767888	3292.7042980732303	80.36921373423843	561.3296729168591
351	84.66779528882923	28307.193882056716	3306.635669864929	80.4330349154332	563.4663685356995
352	77.38071868976695	28384.574600746484	3313.001755234755	80.34058623511443	566.9014948366171
353	80.51888345005595	28465.09348419653	3322.5928730083165	80.35541675332779	567.9401250779524
354	79.6912235224984	28544.78470771903	3330.578854931213	80.34885304633649	563.7914654399825
355	82.2751650138424	28627.05987273287	3342.0344903298515	80.35699203635185	566.8976713715263
356	79.95049996858889	28707.01037270146	3350.1903571741805	80.4193453470495	566.1607839988214
357	79.10213254805495	28786.112505249515	3357.000613011692	80.36525936647502	566.1357306393779
358	78.85151783642773	28864.964023085955	3364.297533980115	80.35946734530108	568.7472701804409
359	85.57436236398124	28950.53838544992	3379.3566183407834	80.39871779871696	572.1974676063804
360	85.6089439797022	29036.14732942963	3392.9571755011916	80.42726788256334	576.7194695698813
361	82.63264070306872	29118.779970132695	3403.8992296863266	80.4409713763315	575.6939427146065
362	83.26282953942263	29202.042799672123	3415.218414332141	80.47641172911398	578.0746256098236
363	83.05897537384999	29285.101775045958	3426.79073300048	80.5455809448474	576.7018586313288
364	77.93406986677026	29363.03584491275	3433.7725199733645	80.55011430799676	583.6760200160721
365	78.00140566249536	29441.03725057524	3440.476548732501	80.53028567987616	584.1388937422531
366	80.47541706317342	29521.512667638413	3449.295943791604	80.57430813223473	589.3890680888603
367	77.48153158219826	29598.99419922061	3454.5438168685123	80.51819197119966	592.1943764674223
368	77.99694621763781	29676.991145438238	3461.4586852674583	80.5148044200387	591.9210816648022
369	81.65993305203446	29758.65107849028	3472.474940613559	80.50112663798336	596.3634230501242
370	84.06505000764133	29842.716128497923	3485.104164053018	80.54384742555938	595.1732992258821
371	79.31306113552351	29922.029189633442	3493.628969971143	80.49476283024059	595.5153466359075
372	78.72409305805871	30000.753282691512	3501.524103705021	80.47818700744448	597.731093755741
373	79.94365458136475	30080.696937272864	3510.3440215808864	80.46353991916975	598.8241291542967
374	84.01772284072169	30164.714660113605	3522.412822371245	80.50167832819226	600.677015629671
375	78.4108619731247	30243.125522086713	3529.5457526351156	80.3821317524889	602.8327033025844
376	78.9036274508517	30322.02914953757	3538.1488569003614	80.39007775739077	603.3774807537964
377	80.25093788917677	30402.28008742675	3547.1637323035307	80.40272606597946	607.9774542636628
378	79.82445198039963	30482.104539407148	3555.559327026544	80.3954306925333	613.8902033285175
379	83.20072078899764	30565.305260196143	3568.7106389358914	80.44975850855224	614.9787426424115
380	77.54202722098707	30642.847287417113	3575.386008901972	80.41954801317688	617.794131523198
381	78.28166852887368	30721.128955946002	3581.8649701052736	80.4141750312072	617.0343422257292
382	78.80276774382965	30799.93172368983	3589.526915845096	80.35957548887524	628.1319014527777
383	81.10163889870172	30881.033362588525	3599.7729629541764	80.33410724829457	635.9537590868549
384	78.13560068659832	30959.168963275122	3606.260331351965	80.25463060242441	636.5452425635111
385	82.57907773196641	31041.74804100709	3618.430245474209	80.2210896207834	637.3407162846851
386	81.21292890893113	31122.960969916014	3628.6180912462128	80.2538566162613	641.2655838754877
387	80.69216365692687	31203.65313357295	3638.7562929235446	80.29279831932166	644.1234756982998
388	73.24700954578292	31276.900143118743	3640.0667297149275	80.2497410755323	642.7651037318865
389	83.74810647040518	31360.648249589136	3652.771759255253	80.30061200348699	644.4262686233589
390	77.72090393272049	31438.36915352187	3659.8170050170424	80.27197638750549	641.0823960233572
391	81.42933979293464	31519.798493314785	3669.9281761366374	80.28342701262183	639.9470119602175
392	82.75079840565631	31602.549291720465	3679.958524087733	80.35311666932998	645.1818907356113
393	86.70892933260488	31689.25822105305	3695.0069221294357	80.4406632635834	641.5605422213597
394	83.4582449551529	31772.71646600821	3707.3147403562907	80.45241371892446	644.1427409022792
395	77.13506477448938	31849.85153078271	3712.215633132541	80.4189670338929	644.8221642346531
396	78.82107243544756	31928.67260321815	3719.2696537646025	80.39748053693432	643.4431821635234
397	86.19901777704465	32014.871620995196	3732.861017757053	80.40448442834328	640.5155908097797
398	84.98793073992574	32099.859551735124	3746.2777725825554	80.4564427101956	638.674893058631
399	78.73700510784934	32178.596556842953	3753.0061472442358	80.37350183099419	638.3794833860858
400	83.49039842647275	32262.086955269435	3764.132483248241	80.3534908204547	636.2926102304033
401	82.12602921061871	32344.21298448005	3773.9780487168046	80.36010825772763	636.8048485224265
402	78.16065365160985	32422.373638131667	3780.870919738058	80.32691031419228	634.4915950793338
403	73.18549896594664	32495.55913709762	3783.853574474365	80.29598038345075	634.4938307597829
404	90.03400063952216	32585.59313773712	3802.3317650861068	80.3856926346753	627.9122830187414
405	81.40072935348854	32666.993867090627	3814.135282741969	80.42086133349935	627.7376821293965
406	77.75315664304453	32744.74702373367	3821.1249898292876	80.37056991074348	630.039755800927
407	76.7167179985475	32821.46374173222	3825.6742762326985	80.30693553146484	629.7942465278609
408	78.60351713006841	32900.067258862306	3832.872450718143	80.3242544516844	627.6184836825965
409	82.73572082886606	32982.80297969115	3843.813986865408	80.36575418198116	631.9352447568218
410	73.98529960212883	33056.78827929329	3846.036227609946	80.2488448269211	633.0391009328516
411	81.57794278810063	33138.36622208138	3857.2865229061485	80.24079554131099	636.6319988018643
412	81.18220666763537	33219.548428749025	3866.9011678136726	80.2664937358193	635.6593102877574
413	75.25980008340173	33294.80822883241	3871.075698527676	80.23746951396978	636.4184730559228
414	78.1296899903736	33372.9379188228	3877.3387382386745	80.21740924652632	638.6974062531998
415	86.10319535434945	33459.04111417716	3891.9059529758506	80.27377171222055	638.4454725407298
416	83.58166394654481	33542.62277812369	3904.0349007031846	80.3410607354353	640.257729562346
417	83.81171495672015	33626.4344930804	3916.495895172403	80.41262266009832	641.1011741938322
418	73.51580592649898	33699.950299006916	3918.6433391953055	80.30327809997746	640.6187221731683
419	77.92742739690965	33777.877726403814	3924.505985566535	80.29062832009798	646.17289484691
420	80.80203437485066	33858.679760778665	3935.8456058895144	80.32356143471034	647.6407708341931
421	75.24735069059855	33933.927111469275	3939.525549734653	80.28560322493519	646.5574748859214
422	81.61621758413722	34015.54332905343	3948.287639777505	80.30714171164954	646.6052894835615
423	82.66879942958492	34098.212128483	3959.751727148666	80.32710543093287	646.8034195046547
424	78.4372952351937	34176.64942371819	3968.342665950714	80.30815466349914	644.3480369843395
425	82.39249706674329	34259.04192078492	3978.9993028188915	80.36135334633583	642.569292017077
426	87.2052111403153	34346.24713192524	3994.336280825167	80.40645376200727	639.9894947542168
427	79.10785468914854	34425.35498661441	4003.4648480747965	80.3719551689662	641.8338283385697
428	75.7985398811831	34501.1535264956	4007.4608768178855	80.35354668099507	642.2692043632977
429	78.13756800825045	34579.29109450383	4015.063152466906	80.30015377120968	643.3983570998288
430	78.31713349481522	34657.60822799866	4023.0897882479057	80.2233268687594	648.3594947383781
431	79.47322083619001	34737.08144883484	4032.5889479225984	80.22271304670447	645.9552309390648
432	79.96672439447845	34817.04817322933	4041.821642642845	80.26469360815243	651.9402547273536
433	81.54056060311039	34898.58873383245	4053.0067048411092	80.27034171163923	649.9118863008686
434	80.38379812822029	34978.97253196064	4062.3913987903125	80.31391205506715	646.4900022353174
435	76.06949476449833	35055.04202672516	4067.8399099825538	80.26960949215457	646.1555865717262
436	80.37327222898347	35135.415298954125	4077.135072088043	80.2555593673668	643.1635522652416
437	85.35876407315234	35220.774063027304	4090.7641651146137	80.31227336498989	641.5369815988262
438	82.75011786258216	35303.52418088987	4103.449074509634	80.3199454137612	641.3952094597499
439	79.86954538989764	35383.39372627977	4112.607570470783	80.30401834523018	637.1420385017133
440	82.0111063683808	35465.40483264814	4122.50853871732	80.38344525919527	636.1766255475022
441	82.27454112522301	35547.67937377337	4133.801657153573	80.42743129303895	634.9596004419413
442	72.58845716874292	35620.267830942124	4132.920737782108	80.32329978772896	635.4233840300601
443	80.78437395547553	35701.05220489758	4142.10272769247	80.30247350099845	637.9467031142259
444	81.86404979844627	35782.916254696036	4152.669466825112	80.33154244856851	635.8748360871023
445	82.80805521074151	35865.72430990677	4164.182011899701	80.38765044388225	634.8995246160529
446	74.41940741326681	35940.143717320054	4168.259976375852	80.31806882028262	635.0311957806551
447	78.50971148387893	36018.653428803926	4175.7798974724565	80.34492844886013	632.7117029881623
448	81.65273643008263	36100.306165234026	4187.444689456364	80.40721058574935	634.2318665761217
449	81.97716603674763	36182.28333127076	4198.048828313799	80.45714039618679	637.8261273165596
450	82.15315028813575	36264.43648155889	4209.045163235522	80.41910394790992	637.2714996304329
451	82.83417967868681	36347.27066123758	4220.51287265565	80.40076779180852	638.9674865618906
452	78.83119770637758	36426.10185894396	4227.275053990352	80.41527258197462	637.6149900851143
453	80.73220641596893	36506.834065359915	4236.555938100068	80.41740581163373	636.5246588756312
454	84.86607902636268	36591.7001443863	4250.674454559149	80.4691543666724	635.1401771805076
455	82.50782940187452	36674.20797378815	4260.716966465065	80.47148101055271	639.6721167250408
456	81.46177820505544	36755.669751993235	4271.418792684475	80.48659379291736	644.5464610283016
457	78.33465573452669	36834.00440772775	4278.7268656590195	80.47891902478212	644.8431094380286
458	72.87777791524	36906.882185643	4280.943066794206	80.41918162557019	646.2314082026995
459	74.26339717523274	36981.14558281824	4284.332883259639	80.30607197368275	650.2815666671261
460	80.550086961261	37061.695669779496	4294.105678089611	80.25548340349832	651.5758569844259
461	82.16857626040655	37143.86424603989	4306.208602452608	80.25084275907172	656.773205703695
462	77.17348527346554	37221.03773131335	4312.332445327262	80.1899493164121	655.4684595497279
463	79.18717261027204	37300.224903923634	4320.426569218206	80.15123128877633	656.7964501815514
464	73.90221054544777	37374.12711446909	4324.513177376907	80.11091269556312	659.5588355226357
465	80.41344059044073	37454.54055505953	4334.561403804417	80.13503304484254	658.8902672391747
466	81.82895842137084	37536.3695134809	4345.604398533437	80.14856845842453	655.7770671549839
467	78.15163725900833	37614.521150739914	4352.362645977491	80.15526951519263	652.0607313063207
468	80.53661923552913	37695.05776997543	4361.785789644026	80.1806662453716	656.3639585190759
469	79.55094923931738	37774.608719214746	4370.046363480728	80.15957640724437	652.8104416329519
470	77.40181130566697	37852.01053052042	4376.41793374765	80.09294402022462	655.0368432965474
471	88.88716232849185	37940.89769284892	4393.646060398143	80.18868503215431	652.323923337644
472	80.9185577815464	38021.81625063045	4403.050018229916	80.21062967938923	653.7197927505714
473	79.04662072026841	38100.86287135072	4410.8584844952475	80.20165934077826	656.2586025185283
474	81.85216350069679	38182.715034851426	4422.786379256115	80.18000374737801	658.2139204827112
475	84.61619679181189	38267.33123164325	4434.687089627081	80.24205709556482	658.724770983359
476	80.3172022095414	38347.64843385278	4443.5542724148745	80.25619284315175	659.8296446957547
477	74.37072046734286	38422.01915432012	4445.813578083727	80.19739066893344	660.9660486868726
478	81.72893992418571	38503.74809424431	4456.13754086073	80.2164355483713	658.2204687373601
479	77.65618787264476	38581.40428211695	4463.11749874023	80.16099021920776	660.2030156593396
480	83.38673371755306	38664.791015834504	4475.838179958777	80.21943728417344	653.9846461829952
481	76.78201053253937	38741.573026367034	4480.827504102347	80.20444070421007	654.8889138003859
482	81.05301110635793	38822.62603747343	4490.859632418359	80.22694313783536	653.7239552063717
483	77.17200002921368	38899.79803750262	4495.715376614541	80.18764674914048	653.2774021634136
484	80.23478777032464	38980.03282527294	4505.592790365419	80.20863861997776	654.3471600804578
485	81.55156305032742	39061.584388323274	4518.236643903775	80.19836347316135	655.5507858550976
486	79.09235839265811	39140.67674671594	4526.671473874819	80.17715776799865	655.3255747940141
487	85.76733991330957	39226.444086629235	4542.97293422228	80.22790953056241	654.8744506290923
488	78.24974203906321	39304.69382866831	4550.135594468724	80.27793685549524	659.2265773461088
489	86.19486466208653	39390.88869333042	4565.0398958127225	80.30240443741206	662.9922866121351
490	75.63743034183636	39466.52612367223	4569.576334456216	80.28156970150323	664.451880947511
491	79.86272539035714	39546.38884906259	4577.917843656403	80.2659035574774	664.7118553512879
492	86.99918257686697	39633.388031639435	4593.513762432058	80.30838739918956	669.688406549979
493	83.23565935927441	39716.62369099873	4604.33351447911	80.27365469945624	670.848858864266
494	78.00746678847587	39794.63115778719	4612.112087964555	80.21914691778943	671.9444351635682
495	81.2185800377565	39875.849737824974	4621.40622729518	80.25998207042214	669.211511091552
496	82.07081794441925	39957.92055576937	4632.486058555468	80.29247952551188	675.8297014911903
497	80.99169121745082	40038.91224698682	4641.564134138795	80.24040625991593	677.2088690483141
498	76.27576463260165	40115.18801161944	4647.405002907603	80.15328459884269	675.2672944832508
499	84.5770475883342	40199.76505920776	4662.294075290451	80.21168502364752	674.9024986554892
500	79.6282936696532	40279.39335287741	4672.737047758259	80.17306397607933	676.98124819552
501	76.97525549275383	40356.36860837017	4678.75581140879	80.12155623890071	677.7470785715628
502	81.71569768243927	40438.084306052624	4688.362639146152	80.15710667920895	677.3173802964805
503	85.47603645318515	40523.56034250582	4703.279170925438	80.28001205408137	680.5211404898499
504	75.94191586856223	40599.50225837435	4703.279170925438	80.28001205408137	682.0659373604103
