task	reward	total_reward	total_regret	relative	total_reward_dev	joules
0	50.12762032690634	50.12762032690634	13.537898296339382	0.0	31.150721637182716	50.12762032690634
1	59.82575005392384	109.95337038083011	35.647346474135745	0.0	52.8715608122611	59.82575005392384
2	60.91530082029713	170.86867120112728	58.59392435626368	0.0	62.9606204936204	60.91530082029713
3	58.61790343280229	229.48657463392954	79.63633506757891	0.0	79.76840977412216	58.61790343280229
4	65.30843643532951	294.7950110692589	108.44399661230167	0.0	87.73815069105387	65.30843643532951
5	65.4119032470587	360.2069143163178	136.39301824886527	0.0	97.33440979219198	65.4119032470587
6	72.13123441323889	432.33814872955656	170.66747013835902	0.0	110.45252579075746	72.13123441323889
7	66.7845800260296	499.12272875558585	197.3284171911998	0.0	118.96742316755635	66.7845800260296
8	73.88055981701272	573.0032885725989	233.85067314550622	0.0	123.92584265486113	73.88055981701272
9	58.99334403919858	631.9966326117973	254.6784629724512	0.0	127.64371887434173	58.99334403919858
10	81.64221546139943	713.638848073197	300.3205293531315	0.0	129.8371750561985	81.64221546139943
11	78.5603674495149	792.199215522712	341.97768173863415	0.0	136.72746089675897	78.5603674495149
12	63.8518434168544	856.0510589395661	368.6733644368858	0.0	144.18675286324577	63.8518434168544
13	59.59397990428732	915.6450388438535	388.86398964844665	0.0	153.76910915449702	59.59397990428732
14	63.60380316006766	979.2488420039209	416.2312535148646	0.0	154.61690562237027	63.60380316006766
15	61.54881588062485	1040.7976578845455	439.2358656750244	0.0	157.60667976469793	61.54881588062485
16	63.191177334507245	1103.988835219053	464.6205878415183	0.0	164.15083339778354	63.191177334507245
17	58.45720429993894	1162.446039518992	484.1414023691899	0.0	167.18406373087888	58.45720429993894
18	57.958639316772626	1220.4046788357648	502.57265329519527	0.0	175.76610688508023	57.958639316772626
19	59.404755177185955	1279.8094340129503	523.8821417443863	0.0	182.65264596292047	59.404755177185955
20	65.58426555069713	1345.3936995636475	552.8011532044437	0.0	197.27598184225656	65.58426555069713
21	57.849955394044684	1403.2436549576921	573.8223029834126	0.0	205.35412100198556	57.849955394044684
22	59.445024707788946	1462.6886796654808	595.370881405531	0.0	202.5440792116245	59.445024707788946
23	58.60611060783965	1521.2947902733213	617.4392897198468	0.0	208.64237919312424	58.60611060783965
24	59.849645333899915	1581.14443560722	640.0039074974804	0.0	214.9911551906736	59.849645333899915
25	62.85555984360448	1643.9999954508248	664.9824322907228	0.0	219.9802106117256	62.85555984360448
26	63.13872315458903	1707.1387186054146	690.8351879301372	0.0	222.7862086201898	63.13872315458903
27	63.52562069902641	1770.66433930444	717.7407218096795	0.0	226.06802744439062	63.52562069902641
28	62.20171973758377	1832.866059042024	740.9173955837792	0.0	234.64298963615755	62.20171973758377
29	57.97066323041803	1890.8367222724428	759.6354704094853	0.0	240.1999318099425	57.97066323041803
30	62.56548435629257	1953.402206628735	784.6910819062342	0.0	244.20067316727014	62.56548435629257
31	57.98506470291626	2011.387271331651	805.378940290025	0.0	248.19679870617477	57.98506470291626
32	67.15010458006371	2078.537375911715	832.4158546060034	0.0	258.3873495314861	67.15010458006371
33	60.22778550274795	2138.765161414463	854.9700616291436	0.0	262.84472530291697	60.22778550274795
34	61.92434689306365	2200.689508307526	879.8264169586373	0.0	269.93198947669396	61.92434689306365
35	55.798832484727164	2256.4883407922534	897.2660411759875	0.0	267.73777446436134	55.798832484727164
36	56.06289334111476	2312.551234133369	917.8680547223132	0.0	269.37258468375506	56.06289334111476
37	56.23925997139224	2368.7904941047605	935.6257875623481	0.0	270.63518642242155	56.23925997139224
38	61.392348951052355	2430.1828430558126	961.0089040440643	0.0	272.99771349775773	61.392348951052355
39	69.34894261854646	2499.5317856743586	993.8532711535056	0.0	278.39091834563425	69.34894261854646
40	56.93865878298112	2556.4704444573404	1014.8230746533727	0.0	287.2549544431076	56.93865878298112
41	59.92482597221802	2616.395270429559	1036.245162717689	0.0	292.31584399832866	59.92482597221802
42	60.55623315842519	2676.951503587984	1059.6969996909277	0.0	290.5582110611344	60.55623315842519
43	64.30375659601191	2741.255260183994	1087.0358852174393	0.0	296.0670455668868	64.30375659601191
44	57.1923346912682	2798.447594875264	1105.850324205769	0.0	297.8334296539711	57.1923346912682
45	57.53931211885342	2855.9869069941155	1126.0892135876122	0.0	298.49237144462296	57.53931211885342
46	57.204587707734724	2913.1914947018518	1146.0857785879825	0.0	306.70197682705464	57.204587707734724
47	57.746863884237946	2970.9383585860887	1163.5653214932308	0.0	314.0489751950395	57.746863884237946
48	61.463516512823986	3032.401875098913	1186.9958741494465	0.0	308.90925568516	61.463516512823986
49	65.65771542087198	3098.059590519786	1213.388801072582	0.0	318.0689626098231	65.65771542087198
50	50.75076275353954	3148.810353273325	1227.1839143643817	0.0	323.23271695397204	50.75076275353954
51	64.95877824032623	3213.769131513651	1253.7213933756072	0.0	326.13996252028494	64.95877824032623
52	59.33753029224522	3273.106661805896	1275.275084430806	0.0	331.10407359898494	59.33753029224522
53	60.70919934314185	3333.815861149038	1298.1706923442716	0.0	333.78225111777687	60.70919934314185
54	61.87597614982701	3395.691837298863	1322.3516408335463	0.0	343.85537603441645	61.87597614982701
55	53.83220611890726	3449.524043417772	1339.724293369796	0.0	348.54770125448925	53.83220611890726
56	58.74187248420568	3508.265915901978	1361.1612943546504	0.0	360.3334366075425	58.74187248420568
57	57.49239081432153	3565.7583067162977	1380.3466382969405	0.0	365.78616393269965	57.49239081432153
58	57.79237176163773	3623.5506784779363	1401.0754241080283	0.0	370.70542914015414	57.79237176163773
59	59.45630904939912	3683.0069875273375	1422.2334643014794	0.0	371.7926526789893	59.45630904939912
60	49.42678437118725	3732.4337718985244	1433.407246997608	0.0	371.76264216906645	49.42678437118725
61	61.604154515423815	3794.037926413947	1459.3881665335998	0.0	373.98755913155065	61.604154515423815
62	58.26901266671604	3852.3069390806613	1480.857919025928	0.0	377.43774097478746	58.26901266671604
63	60.73804967838465	3913.0449887590476	1503.7636126503928	0.0	376.8052738715097	60.73804967838465
64	58.00229029605268	3971.0472790551016	1523.884699888654	0.0	383.35373360666944	58.00229029605268
65	57.81035816540559	4028.857637220505	1542.7348674262723	0.0	388.0004046288052	57.81035816540559
66	55.32665036566111	4084.1842875861685	1559.5607887597816	0.0	397.1265898301966	55.32665036566111
67	59.34836668078803	4143.532654266956	1580.4620967760548	0.0	392.6928731745613	59.34836668078803
68	59.695109415448606	4203.227763682404	1601.6122576122445	0.0	390.7015568442752	59.695109415448606
69	56.346085318217945	4259.573849000622	1618.5856573085778	0.0	402.5059111636287	56.346085318217945
70	55.295672183463495	4314.869521184085	1636.5242478735515	0.0	401.12935967156835	55.295672183463495
71	56.851980764403145	4371.7215019484875	1654.2822694494453	0.0	407.87226671733504	56.851980764403145
72	56.67476763423855	4428.396269582727	1673.9606228703508	0.0	408.8910657629306	56.67476763423855
73	60.186964411887104	4488.583233994612	1697.2339670839883	0.0	418.27163543608054	60.186964411887104
74	62.725438773249515	4551.308672767863	1721.9555412483935	0.0	421.22959043621375	62.725438773249515
75	54.188227819614504	4605.496900587477	1738.454231512365	0.0	426.88346142005855	54.188227819614504
76	58.80632799852804	4664.303228586006	1759.8976831475347	0.0	433.3732373283116	58.80632799852804
77	61.42817393853826	4725.731402524543	1784.1459349721897	0.0	440.5611259516295	61.42817393853826
78	50.44916187201007	4776.180564396553	1795.739806831889	0.0	449.5565272793603	50.44916187201007
79	53.57959273827678	4829.7601571348305	1810.17819885341	0.0	452.52844408603227	53.57959273827678
80	65.4883546421133	4895.2485117769465	1838.89423483567	0.0	453.5631677671928	65.4883546421133
81	52.990778547935676	4948.239290324881	1851.899975698676	0.0	459.743051383963	52.990778547935676
82	58.95932453013603	5007.198614855016	1873.4678933774876	0.0	468.45225089113563	58.95932453013603
83	58.88128474848503	5066.0798996035	1894.7852693593213	0.0	471.4276488581863	58.88128474848503
84	57.5015875679218	5123.581487171424	1913.894269231589	0.0	476.43196934142213	57.5015875679218
85	60.22236781346621	5183.80385498489	1937.0263396032904	0.0	481.51686562189417	60.22236781346621
86	57.577751833754235	5241.381606818644	1954.6091379824843	0.0	490.4511087811548	57.577751833754235
87	61.10196835264184	5302.483575171288	1976.88485691926	0.0	499.09644596391615	61.10196835264184
88	64.68903605086854	5367.172611222155	2003.551692204024	0.0	502.3538301044019	64.68903605086854
89	58.43897440125947	5425.611585623415	2025.3924725364	0.0	508.5381075806442	58.43897440125947
90	57.297203432780286	5482.908789056192	2045.5649556888384	0.0	507.41964772627676	57.297203432780286
91	57.682722008836684	5540.591511065031	2065.8657943995067	0.0	516.5144201731086	57.682722008836684
92	59.75419906068484	5600.3457101257145	2088.013853340031	0.0	513.506833256583	59.75419906068484
93	54.961953993011875	5655.307664118729	2105.054974890454	0.0	517.1769776641281	54.961953993011875
94	63.76595841398118	5719.073622532712	2131.210150260975	0.0	526.6454128883933	63.76595841398118
95	58.1194444377239	5777.193066970434	2149.9456144419805	0.0	531.5880301564725	58.1194444377239
96	62.402695348895904	5839.595762319326	2175.777673260671	0.0	534.0207852953918	62.402695348895904
97	55.40731538383624	5895.0030777031625	2194.0657913470727	0.0	542.6456985656603	55.40731538383624
98	62.53113927452513	5957.534216977689	2219.9879633148284	0.0	540.0715741213373	62.53113927452513
99	56.12012724390592	6013.654344221597	2239.151161040961	0.0	542.5831919334855	56.12012724390592
100	56.721349929580256	6070.375694151177	2255.718545264415	0.0	538.0474872836631	56.721349929580256
101	60.61997108126334	6130.995665232443	2278.167083448393	0.0	540.7538408633247	60.61997108126334
102	63.91674415112309	6194.912409383565	2303.816556901211	0.0	546.8870602040131	63.91674415112309
103	63.97389525694221	6258.886304640506	2330.02807042791	0.0	552.5029010133757	63.97389525694221
104	64.79556716075388	6323.68187180126	2356.8067343886482	0.0	563.6502051995877	64.79556716075388
105	60.407316993390516	6384.08918879465	2378.2779556905757	0.0	569.201869869545	60.407316993390516
106	58.953678390298734	6443.0428671849495	2399.9983392645136	0.0	580.3044988780933	58.953678390298734
107	53.66592627735408	6496.708793462304	2416.244261826116	0.0	584.4497587047932	53.66592627735408
108	54.22111127576307	6550.929904738066	2432.1997697696042	0.0	589.5068770511218	54.22111127576307
109	56.998491772925284	6607.928396510991	2451.4540838966723	0.0	591.9358774650211	56.998491772925284
110	55.837682393582384	6663.766078904574	2468.4662884466793	0.0	596.42418663096	55.837682393582384
111	56.25113494381663	6720.017213848393	2488.621782303116	0.0	595.3093762891206	56.25113494381663
112	59.91849353583357	6779.935707384225	2513.2854965695465	0.0	600.8199745140826	59.91849353583357
113	63.30035903722398	6843.236066421448	2539.627349855967	0.0	605.1234268559491	63.30035903722398
114	57.35132352456878	6900.587389946017	2560.465937630337	0.0	612.0164065688592	57.35132352456878
115	73.38588292515412	6973.973272871172	2596.789463623986	0.0	614.1428437266084	73.38588292515412
116	60.85095887807436	7034.824231749248	2622.1704151524054	0.0	613.3075039991336	60.85095887807436
117	58.629265663238684	7093.453497412486	2642.7238364691234	0.0	611.9043922967808	58.629265663238684
118	63.11729595382972	7156.570793366314	2669.762837122021	0.0	616.0003296753314	63.11729595382972
119	57.159246135515986	7213.730039501833	2687.8534490008383	0.0	624.458147639918	57.159246135515986
120	62.457999585425696	7276.188039087253	2712.5335081655685	0.0	627.2852425298618	62.457999585425696
121	55.60585261710142	7331.793891704358	2730.5410494351145	0.0	633.474669885787	55.60585261710142
122	54.66950994368764	7386.463401648046	2747.8218015383445	0.0	637.5998496743128	54.66950994368764
123	58.79853200932462	7445.261933657371	2770.446886853575	0.0	645.2290690745297	58.79853200932462
124	61.65914734759469	7506.9210810049635	2794.595099581904	0.0	648.8470112265333	61.65914734759469
125	56.014737712879025	7562.935818717847	2812.0405356419533	0.0	644.8651755445767	56.014737712879025
126	62.58822937726329	7625.524048095109	2835.965468234422	0.0	650.2391117575137	62.58822937726329
127	62.51256287105276	7688.036610966161	2860.6425305991474	0.0	661.6790994973077	62.51256287105276
128	71.27215253049194	7759.30876349665	2893.444481985629	0.0	675.7972045422624	71.27215253049194
129	54.941633169896114	7814.250396666546	2910.086817568657	0.0	677.1292393627439	54.941633169896114
130	66.12368844601718	7880.374085112565	2938.542807010443	0.0	675.468614204426	66.12368844601718
131	63.44290738030735	7943.81699249287	2964.012825004688	0.0	677.4559721332412	63.44290738030735
132	58.94480979928483	8002.761802292158	2986.8203496742503	0.0	686.6987092110636	58.94480979928483
133	60.23151347701341	8062.993315769172	3011.578972370461	0.0	692.7854448182762	60.23151347701341
134	60.37240801405735	8123.3657237832285	3034.219916403587	0.0	692.6481350349472	60.37240801405735
135	60.68494211294625	8184.050665896174	3057.1582508006327	0.0	696.9347586790427	60.68494211294625
136	60.120836929477655	8244.171502825651	3080.0111339209307	0.0	702.3646072544868	60.120836929477655
137	67.64575505184229	8311.817257877492	3112.060547612212	0.0	698.7736076637495	67.64575505184229
138	53.89634375901305	8365.713601636504	3129.862323973041	0.0	695.9088422936838	53.89634375901305
139	56.07986652919235	8421.7934681657	3147.3923404091092	0.0	698.8049756194845	56.07986652919235
140	59.37050323605461	8481.163971401753	3167.8445760738623	0.0	699.2777199657556	59.37050323605461
141	56.16797280277527	8537.33194420453	3184.305938209324	0.0	694.9658573115754	56.16797280277527
142	63.510805912079114	8600.842750116606	3210.916032525509	0.0	700.841594760877	63.510805912079114
143	55.72338208659537	8656.566132203205	3227.726698208173	0.0	701.6777827314254	55.72338208659537
144	58.32345785395699	8714.88959005716	3248.71362265003	0.0	713.1346114450167	58.32345785395699
145	50.530460128303346	8765.420050185467	3261.9744462771196	0.0	717.9899729781478	50.530460128303346
146	61.53365022237201	8826.95370040784	3285.2331053869216	0.0	723.3585680129349	61.53365022237201
147	60.46502467831091	8887.418725086145	3309.4456850226934	0.0	723.9439601624069	60.46502467831091
148	63.4765580047484	8950.895283090897	3333.7517563055626	0.0	733.9863160362861	63.4765580047484
149	66.12433378227033	9017.019616873167	3364.428055284383	0.0	743.0232500462437	66.12433378227033
150	57.50098367711215	9074.520600550279	3383.8293271429307	0.0	747.5340553593545	57.50098367711215
151	55.817202543554885	9130.337803093831	3403.156161802899	0.0	749.159130619678	55.817202543554885
152	58.57271338738389	9188.910516481217	3423.476302294264	0.0	747.3751945647899	58.57271338738389
153	62.86392463642113	9251.774441117635	3448.8019332384165	0.0	750.968124239019	62.86392463642113
154	59.64744012626207	9311.421881243901	3472.78474052024	0.0	752.9361198020923	59.64744012626207
155	53.84210837649923	9365.2639896204	3490.068343870804	0.0	751.5330742339684	53.84210837649923
156	54.767236850028404	9420.03122647043	3507.5393924684704	0.0	757.7705824232147	54.767236850028404
157	63.147533080222345	9483.178759550647	3533.953360925819	0.0	756.0938839787076	63.147533080222345
158	56.53693093925692	9539.715690489908	3553.590856147233	0.0	751.9218201484939	56.53693093925692
159	58.344487978431765	9598.060178468339	3574.1234437100975	0.0	759.6065872286632	58.344487978431765
160	55.315517001280924	9653.375695469622	3592.1141606400556	0.0	766.9619062309414	55.315517001280924
161	66.61932706963513	9719.995022539255	3622.209003285499	0.0	769.4918990045483	66.61932706963513
162	59.70994067413836	9779.704963213395	3644.4569718647163	0.0	772.5071897262897	59.70994067413836
163	60.84781079815802	9840.55277401155	3667.5246308164055	0.0	775.7551996255029	60.84781079815802
164	59.544689506263964	9900.097463517812	3690.103104361103	0.0	770.9243727556234	59.544689506263964
165	63.28484209242554	9963.382305610236	3714.77660420495	0.0	773.1790430457256	63.28484209242554
166	54.61983338064455	10018.002138990882	3731.19405120594	0.0	781.4325363267889	54.61983338064455
167	57.7492577346403	10075.751396725522	3749.2768798376374	0.0	787.0632829367734	57.7492577346403
168	59.40340952470443	10135.15480625023	3770.571052733724	0.0	784.0327654842349	59.40340952470443
169	64.8228337837196	10199.977640033947	3796.7665337239832	0.0	787.5405910085564	64.8228337837196
170	60.874386912766724	10260.852026946714	3820.8194236033864	0.0	789.6615984518993	60.874386912766724
171	50.95667636011769	10311.808703306831	3834.2190341299383	0.0	795.1273009849502	50.95667636011769
172	63.69700560269009	10375.505708909519	3859.448653004808	0.0	794.0834470785585	63.69700560269009
173	65.23048743665358	10440.736196346175	3886.8403793027564	0.0	795.9275112303899	65.23048743665358
174	61.44804966682095	10502.184246012994	3910.20661934561	0.0	803.9678382744925	61.44804966682095
175	64.23277546567199	10566.417021478668	3937.1591009743856	0.0	804.3335778903911	64.23277546567199
176	54.67361788429765	10621.09063936296	3954.5838811689177	0.0	807.4870754728545	54.67361788429765
177	60.318283151630084	10681.408922514594	3978.744806025983	0.0	809.0155789684638	60.318283151630084
178	59.13439906040623	10740.543321575002	4001.218202204179	0.0	811.054519800509	59.13439906040623
179	60.73316191475928	10801.276483489764	4023.6013197557686	0.0	819.8723304668501	60.73316191475928
180	62.32092368982256	10863.597407179588	4047.2912727472167	0.0	821.6450038178182	62.32092368982256
181	66.06222381760627	10929.659630997188	4075.8366563560426	0.0	825.9262774329857	66.06222381760627
182	55.99537833047289	10985.655009327658	4093.005694865511	0.0	830.8510835061209	55.99537833047289
183	51.30577353587604	11036.960782863533	4107.268691883672	0.0	832.0422027669431	51.30577353587604
184	57.74146294534149	11094.702245808881	4127.791414297759	0.0	827.0879457696836	57.74146294534149
185	58.14687850461064	11152.849124313485	4148.542239447203	0.0	827.2492001835401	58.14687850461064
186	58.176676478495345	11211.025800791984	4170.154480207992	0.0	827.3899702694594	58.176676478495345
187	50.404126348320546	11261.429927140298	4181.587813546739	0.0	826.0988063619255	50.404126348320546
188	61.226977703282344	11322.656904843585	4206.279806993144	0.0	831.0595800060953	61.226977703282344
189	58.64079244614855	11381.297697289732	4227.023282468814	0.0	839.9255445660247	58.64079244614855
190	52.90021895797437	11434.1979162477	4240.771299730314	0.0	838.3989271969571	52.90021895797437
191	58.334323671391964	11492.532239919097	4262.225043300533	0.0	846.8574057947616	58.334323671391964
192	57.63650245970761	11550.168742378813	4282.360676693928	0.0	844.3825826120885	57.63650245970761
193	58.79199938999542	11608.9607417688	4304.467581604601	0.0	855.1461341383665	58.79199938999542
194	58.923364413011214	11667.884106181813	4325.242472038079	0.0	867.2651599061974	58.923364413011214
195	62.93790140295272	11730.822007584768	4351.372526890905	0.0	857.4859628566875	62.93790140295272
196	58.13857561705126	11788.960583201815	4372.791541862998	0.0	866.9960184256327	58.13857561705126
197	58.03206470242995	11846.992647904246	4390.363482313135	0.0	876.6253268885893	58.03206470242995
198	61.36150053161495	11908.354148435863	4414.222076326346	0.0	881.6438925818923	61.36150053161495
199	59.26390206585841	11967.618050501722	4433.25778549184	0.0	880.862865990741	59.26390206585841
200	61.17203820837442	12028.790088710095	4455.609998212958	0.0	887.0941710871284	61.17203820837442
201	56.40819406025286	12085.198282770349	4474.223714285167	0.0	888.4533255255461	56.40819406025286
202	64.84075248997401	12150.039035260323	4501.119400311889	0.0	891.2656453438883	64.84075248997401
203	55.05246006953046	12205.091495329854	4518.358304283836	0.0	893.4259787112082	55.05246006953046
204	53.8539626018157	12258.945457931673	4535.0123380067	0.0	897.1789639375946	53.8539626018157
205	61.18480422304255	12320.130262154718	4558.275479511303	0.0	905.7490784700196	61.18480422304255
206	59.160537953524035	12379.290800108234	4580.3161396320975	0.0	912.9868369429214	59.160537953524035
207	70.09244280433795	12449.383242912569	4611.846358629737	0.0	909.7478096281042	70.09244280433795
208	53.936049712575375	12503.319292625149	4629.146209001896	0.0	909.0702143319729	53.936049712575375
209	58.510874651048425	12561.830167276195	4648.768047753241	0.0	912.9063605304359	58.510874651048425
210	57.86026251099526	12619.690429787188	4668.610259345541	0.0	913.4914173201155	57.86026251099526
211	64.26129650027653	12683.95172628746	4693.915819293093	0.0	913.3530794974156	64.26129650027653
212	63.79639363835269	12747.748119925822	4718.377266845491	0.0	912.8784807425329	63.79639363835269
213	60.68729309742088	12808.435413023246	4741.61334903909	0.0	915.1570939633341	60.68729309742088
214	58.97732651918776	12867.412739542431	4764.976082790893	0.0	919.3125523915638	58.97732651918776
215	57.355543376051976	12924.768282918478	4783.909632798479	0.0	921.9709931243872	57.355543376051976
216	51.910931211401646	12976.679214129872	4797.203870220611	0.0	928.2588348201234	51.910931211401646
217	60.759376194281025	13037.438590324167	4818.459237458938	0.0	921.6578859071656	60.759376194281025
218	57.662979911291046	13095.101570235456	4839.270866264191	0.0	926.9185844958068	57.662979911291046
219	53.13748408059721	13148.239054316045	4853.385122829516	0.0	929.4537418325285	53.13748408059721
220	59.405030045856144	13207.644084361913	4875.827334464131	0.0	927.1842041074295	59.405030045856144
221	57.46950415320247	13265.113588515114	4897.21350757248	0.0	933.5981238885454	57.46950415320247
222	58.263208417479575	13323.376796932593	4916.146178155574	0.0	941.6049233209268	58.263208417479575
223	62.385527456240716	13385.762324388828	4941.121590482022	0.0	941.4865109906431	62.385527456240716
224	62.07740569786827	13447.839730086704	4967.713647100493	0.0	944.4973342625312	62.07740569786827
225	59.79025498358917	13507.629985070285	4989.967022420553	0.0	946.3372912387209	59.79025498358917
226	64.57158808941199	13572.201573159698	5016.894847999361	0.0	946.2472138729448	64.57158808941199
227	52.85314334050331	13625.054716500199	5031.89848511155	0.0	951.3058144395267	52.85314334050331
228	66.13807590511605	13691.192792405318	5059.81514245065	0.0	952.8278215321246	66.13807590511605
229	62.592437027166945	13753.785229432486	5084.590178807524	0.0	957.2567499246952	62.592437027166945
230	60.23158368265925	13814.016813115142	5106.191049168282	0.0	960.9068339195504	60.23158368265925
231	60.56779419801565	13874.584607313149	5130.003342804028	0.0	964.209785006566	60.56779419801565
232	53.321603230583044	13927.906210543739	5147.062450821469	0.0	971.6562723969568	53.321603230583044
233	57.19980990462822	13985.106020448371	5165.620480354586	0.0	968.9107889114075	57.19980990462822
234	53.819643558809574	14038.925664007184	5183.26118556985	0.0	965.1020889423518	53.819643558809574
235	63.972029297199725	14102.897693304381	5209.458022264131	0.0	966.0399802393855	63.972029297199725
236	65.54188741947229	14168.43958072385	5237.260164359899	0.0	963.11569684527	65.54188741947229
237	59.16837922337471	14227.607959947221	5259.181388356392	0.0	969.1573393507086	59.16837922337471
238	58.37245418969337	14285.980414136917	5281.405702336973	0.0	974.2391239220775	58.37245418969337
239	60.22205198259954	14346.202466119525	5304.172680752714	0.0	978.4644030645935	60.22205198259954
240	58.16307266816508	14404.365538787686	5324.20772898601	0.0	978.311012857167	58.16307266816508
241	61.657254008460335	14466.022792796144	5348.513791659041	0.0	983.2561075571671	61.657254008460335
242	55.80020297831912	14521.822995774462	5367.371245882715	0.0	983.6989603268097	55.80020297831912
243	61.46475406597749	14583.287749840436	5391.901960152866	0.0	990.1472507690376	61.46475406597749
244	57.234290274557445	14640.522040114995	5410.1958258082905	0.0	991.82160674217	57.234290274557445
245	59.70867629906974	14700.230716414077	5433.862661083733	0.0	998.1807697723859	59.70867629906974
246	56.9338707235583	14757.164587137622	5452.931089905059	0.0	999.5025173267832	56.9338707235583
247	55.06322380855502	14812.227810946182	5468.993634318216	0.0	1001.1934522651314	55.06322380855502
248	59.825904969863004	14872.053715916045	5492.061438305918	0.0	1003.711876086103	59.825904969863004
249	57.640581837566025	14929.694297753615	5511.495054309312	0.0	1006.2025043491367	57.640581837566025
250	55.773634114770914	14985.467931868383	5530.691176884954	0.0	1009.6594238648789	55.773634114770914
251	59.48306235828855	15044.95099422666	5552.719715409733	0.0	1017.6247198216636	59.48306235828855
252	55.62079155716819	15100.571785783834	5571.024878101606	0.0	1024.3302329184303	55.62079155716819
253	58.09359533639037	15158.665381120225	5592.085159373769	0.0	1024.796319846575	58.09359533639037
254	57.1672144816272	15215.832595601853	5611.302461993196	0.0	1026.9387709806322	57.1672144816272
255	64.93775583304233	15280.770351434892	5639.494454124993	0.0	1027.0405626254255	64.93775583304233
256	58.68012255842303	15339.450473993318	5661.556186790079	0.0	1032.3726164016546	58.68012255842303
257	51.15937968848292	15390.6098536818	5675.57643986791	0.0	1036.6590862077808	51.15937968848292
258	55.9399128237803	15446.549766505586	5695.260301413593	0.0	1038.8610289584303	55.9399128237803
259	59.68822347966582	15506.23798998525	5716.677246884918	0.0	1041.9209365427687	59.68822347966582
260	57.73007164060928	15563.96806162586	5736.382927827853	0.0	1044.7184775598503	57.73007164060928
261	51.549405009077375	15615.517466634945	5750.572064152178	0.0	1051.239807221264	51.549405009077375
262	62.81871045211601	15678.336177087042	5775.201016111338	0.0	1057.981406816847	62.81871045211601
263	59.74591984211863	15738.082096929169	5797.081453233544	0.0	1061.7860176279653	59.74591984211863
264	56.833066274100574	15794.915163203277	5817.339631573579	0.0	1070.4951448701195	56.833066274100574
265	62.248946969992474	15857.164110173255	5842.175878512004	0.0	1068.0698563080696	62.248946969992474
266	65.19433849168827	15922.358448664949	5868.64664812606	0.0	1065.826654488255	65.19433849168827
267	56.39935142613238	15978.757800091085	5887.652196125291	0.0	1071.8391478115511	56.39935142613238
268	60.78407257715805	16039.541872668244	5911.3056820653555	0.0	1067.6519900116098	60.78407257715805
269	53.30862267304153	16092.850495341283	5923.909043517586	0.0	1071.5957175461022	53.30862267304153
270	57.18164496687626	16150.032140308154	5943.59042225539	0.0	1072.4854729025928	57.18164496687626
271	61.318098295044045	16211.3502386032	5964.530863686811	0.0	1078.5681141464122	61.318098295044045
272	62.434613984768085	16273.784852587974	5988.485132094036	0.0	1078.151118876815	62.434613984768085
273	59.336211738263394	16333.121064326233	6010.864738662984	0.0	1082.1487663641117	59.336211738263394
274	55.369051701547875	16388.49011602778	6030.1252908539955	0.0	1088.2125739541652	55.369051701547875
275	63.89648387170882	16452.386599899495	6057.837782930815	0.0	1080.567308114642	63.89648387170882
276	52.48671693465538	16504.873316834146	6072.519171701107	0.0	1082.3616805099205	52.48671693465538
277	55.44660054257436	16560.31991737672	6089.353004293131	0.0	1081.5365437024743	55.44660054257436
278	58.64356981821986	16618.96348719494	6109.914349516938	0.0	1090.2891251731348	58.64356981821986
279	51.75217194871954	16670.715659143647	6123.550419519526	0.0	1093.954077525784	51.75217194871954
280	56.70486396029514	16727.42052310395	6141.407621181641	0.0	1099.2576403629062	56.70486396029514
281	62.74428073833608	16790.16480384229	6166.47943575516	0.0	1104.3197303701622	62.74428073833608
282	53.63694980752941	16843.80175364982	6182.523162895972	0.0	1110.7233274281475	53.63694980752941
283	55.58639795753171	16899.388151607356	6199.182076805615	0.0	1111.1948943254508	55.58639795753171
284	53.80129095641297	16953.189442563766	6215.352526956736	0.0	1121.5127662841176	53.80129095641297
285	60.585838484064205	17013.775281047834	6237.009037015861	0.0	1122.6793912461571	60.585838484064205
286	64.36848297058428	17078.14376401841	6261.193178886424	0.0	1122.1547951033742	64.36848297058428
287	60.068873252226375	17138.212637270626	6284.250504502722	0.0	1129.2911698355497	60.068873252226375
288	55.74001448964642	17193.952651760283	6302.71238322038	0.0	1134.612928518161	55.74001448964642
289	63.235917503253134	17257.188569263537	6326.403170779892	0.0	1137.3064667867666	63.235917503253134
290	57.67483828672627	17314.863407550263	6346.910392386621	0.0	1136.0220616998681	57.67483828672627
291	63.02228331227969	17377.885690862557	6373.391613972942	0.0	1144.0413806383349	63.02228331227969
292	56.40284325629023	17434.28853411884	6393.460497848938	0.0	1145.4072488657746	56.40284325629023
293	51.22232342205092	17485.510857540892	6406.035356608534	0.0	1143.1995867929552	51.22232342205092
294	55.19606088149319	17540.706918422376	6425.292192915541	0.0	1140.5345649510577	55.19606088149319
295	49.96790270933045	17590.674821131717	6436.192407052294	0.0	1143.0175854524164	49.96790270933045
296	59.9114561585691	17650.586277290276	6455.443294678385	0.0	1146.482920558688	59.9114561585691
297	57.102757455988154	17707.68903474626	6474.887100921723	0.0	1142.3418925516619	57.102757455988154
298	55.43030912209852	17763.119343868362	6492.506262838728	0.0	1149.7893025542205	55.43030912209852
299	60.2894780319101	17823.40882190028	6515.222936242888	0.0	1153.2088870403993	60.2894780319101
300	54.85665391541436	17878.26547581569	6531.930820906626	0.0	1156.9835144820568	54.85665391541436
301	58.65342805188801	17936.918903867572	6551.020365874274	0.0	1155.3276264652225	58.65342805188801
302	61.52794289731973	17998.446846764895	6574.075284551843	0.0	1156.0679846790472	61.52794289731973
303	59.57289600126068	18058.019742766155	6596.3551169470775	0.0	1158.263058651008	59.57289600126068
304	58.64977690939927	18116.669519675557	6615.940731099918	0.0	1152.6110901382256	58.64977690939927
305	56.61715080599389	18173.286670481542	6636.593595566174	0.0	1151.9139327719001	56.61715080599389
306	59.11443887691306	18232.40110935846	6659.730077129635	0.0	1161.8283842271103	59.11443887691306
307	61.306100769200945	18293.707210127668	6684.548257794536	0.0	1168.6798998441284	61.306100769200945
308	63.31239983001066	18357.019609957664	6710.525679234972	0.0	1173.2709842707718	63.31239983001066
309	52.99371424577721	18410.013324203443	6726.688232784861	0.0	1176.8739803064313	52.99371424577721
310	53.94356855951447	18463.95689276297	6742.85415795581	0.0	1175.7399923890368	53.94356855951447
311	64.37411099331345	18528.331003756284	6772.066667249546	0.0	1178.163357335849	64.37411099331345
312	54.79523182951883	18583.126235585805	6788.664189475461	0.0	1181.6978060916947	54.79523182951883
313	59.40228806762001	18642.52852365342	6810.404031187119	0.0	1183.019574698713	59.40228806762001
314	59.22830598489914	18701.75682963832	6832.010586857389	0.0	1184.71051988311	59.22830598489914
315	52.670563328624375	18754.42739296694	6847.9454426544535	0.0	1180.837301106146	52.670563328624375
316	57.10472522471919	18811.532118191655	6868.147683179228	0.0	1181.5434705845105	57.10472522471919
317	63.79523565041879	18875.32735384207	6893.636564579128	0.0	1180.1217553482068	63.79523565041879
318	55.13424336797299	18930.461597210047	6910.948953734619	0.0	1180.2894377872076	55.13424336797299
319	47.34636483414357	18977.807962044193	6920.098872532152	0.0	1184.047472851538	47.34636483414357
320	56.29166740605998	19034.09962945026	6938.433531067148	0.0	1192.8400800754087	56.29166740605998
321	58.68445955145981	19092.784089001714	6958.645031620752	0.0	1194.101887191336	58.68445955145981
322	53.93519136036213	19146.719280362075	6974.115526604765	0.0	1197.5330613181732	53.93519136036213
323	59.807601671384504	19206.52688203346	6997.637923389137	0.0	1203.8801917223366	59.807601671384504
324	58.23208035425565	19264.758962387714	7018.432617370687	0.0	1213.419094336519	58.23208035425565
325	56.75227012081553	19321.511232508536	7037.683325329509	0.0	1212.000891770652	56.75227012081553
326	61.55123911802325	19383.06247162655	7062.059338748808	0.0	1221.8202439832241	61.55123911802325
327	60.9975334648397	19444.060005091396	7086.5647114200865	0.0	1220.796422659038	60.9975334648397
328	63.55678147615833	19507.616786567556	7112.830492298947	0.0	1222.713816679749	63.55678147615833
329	58.868930460315106	19566.485717027866	7134.342034677368	0.0	1223.838185646462	58.868930460315106
330	59.56683318135719	19626.052550209224	7156.452004261455	0.0	1223.2522011021508	59.56683318135719
331	61.476885446794725	19687.52943565602	7180.928921490558	0.0	1232.2078931251795	61.476885446794725
332	60.727873205207196	19748.257308861226	7203.9150947680055	0.0	1235.127494656033	60.727873205207196
333	60.303271214728994	19808.560580075962	7226.198963316103	0.0	1236.4591653863795	60.303271214728994
334	52.61171941606426	19861.172299492016	7241.702329398855	0.0	1242.190870466504	52.61171941606426
335	55.96987616834748	19917.142175660352	7259.114957777638	0.0	1251.09760098564	55.96987616834748
336	53.5396347534517	19970.681810413822	7275.18902365563	0.0	1251.9916176077309	53.5396347534517
337	72.98542591366349	20043.667236327485	7313.046030421168	0.0	1253.414350791554	72.98542591366349
338	53.84432250156136	20097.51155882904	7328.297486562769	0.0	1254.8426547266015	53.84432250156136
339	62.6241183730829	20160.135677202117	7353.974099904331	0.0	1265.8177266672074	62.6241183730829
340	54.78497965089599	20214.920656853006	7369.347538316316	0.0	1270.2669014594908	54.78497965089599
341	58.823286072137904	20273.743942925154	7390.198326199625	0.0	1270.6649896659096	58.823286072137904
342	60.53315669225642	20334.277099617404	7413.815481341569	0.0	1267.4151975987445	60.53315669225642
343	59.90121072007463	20394.1783103375	7436.703169315932	0.0	1264.0268167848883	59.90121072007463
344	53.122259285473895	20447.300569622967	7450.447012590459	0.0	1268.8166726342643	53.122259285473895
345	58.15393924225395	20505.454508865216	7469.991425015336	0.0	1268.0215067446493	58.15393924225395
346	55.90670294102392	20561.361211806234	7489.827082766985	0.0	1273.8671029181612	55.90670294102392
347	51.24342544952984	20612.604637255772	7502.10093122941	0.0	1278.1279451532143	51.24342544952984
348	58.5008338178871	20671.105471073653	7524.559277665721	0.0	1281.1861283702503	58.5008338178871
349	52.85683007662627	20723.962301150277	7539.547946230188	0.0	1281.3582249087701	52.85683007662627
350	63.5782989033372	20787.540600053617	7565.043754319968	0.0	1287.2007057193418	63.5782989033372
351	59.03175279448115	20846.5723528481	7585.547401550932	0.0	1289.559382964736	59.03175279448115
352	60.57665813012276	20907.14901097822	7608.593806264875	0.0	1288.0832376788671	60.57665813012276
353	59.35908821400897	20966.508099192233	7629.610122456094	0.0	1290.175691228817	59.35908821400897
354	54.003434673046506	21020.511533865272	7646.696321027097	0.0	1292.1349256926255	54.003434673046506
355	64.05828701461196	21084.569820879893	7673.354777776737	0.0	1296.5877055550316	64.05828701461196
356	60.04898707299395	21144.618807952887	7695.818763940971	0.0	1299.3090464866864	60.04898707299395
357	55.535160707173006	21200.15396866006	7713.829446636911	0.0	1304.024089903681	55.535160707173006
358	56.876940101166426	21257.03090876122	7734.1060363716815	0.0	1301.902291639176	56.876940101166426
359	57.90006992555053	21314.93097868677	7753.686059451889	0.0	1310.173744746941	57.90006992555053
360	55.94773595013842	21370.87871463691	7773.574553784731	0.0	1314.788043548861	55.94773595013842
361	50.94300792446837	21421.82172256138	7786.822483775655	0.0	1318.3383729526454	50.94300792446837
362	61.33960404335556	21483.161326604735	7811.322551241671	0.0	1317.9127393920674	61.33960404335556
363	51.11980432305794	21534.281130927797	7824.240681455305	0.0	1320.878857973901	51.11980432305794
364	54.3915030708911	21588.67263399868	7840.646036478365	0.0	1326.6280793282913	54.3915030708911
365	53.42058587872221	21642.093219877417	7855.383017725693	0.0	1331.5982813972928	53.42058587872221
366	65.20795398562448	21707.30117386303	7881.862992901498	0.0	1339.216071359533	65.20795398562448
367	51.8457439117059	21759.14691777474	7893.371278786322	0.0	1341.962315211873	51.8457439117059
368	56.44530987147073	21815.592227646204	7912.467128381716	0.0	1341.933673483078	56.44530987147073
369	53.40276189370723	21868.994989539915	7929.1038191993985	0.0	1343.561706404483	53.40276189370723
370	58.74829572890563	21927.743285268814	7950.10477899807	0.0	1342.0844964757812	58.74829572890563
371	62.92222763892294	21990.66551290774	7975.811385191413	0.0	1342.6189090001117	62.92222763892294
372	53.18946234418335	22043.85497525193	7989.876622464725	0.0	1347.977600608475	53.18946234418335
373	50.19367502650057	22094.048650278415	8001.615480902404	0.0	1351.062623419132	50.19367502650057
374	61.018870493306224	22155.06752077173	8025.715916098694	0.0	1348.2179801689622	61.018870493306224
375	56.6543441911298	22211.721864962852	8044.593737818492	0.0	1342.775682784647	56.6543441911298
376	58.780844777126546	22270.50270973998	8066.200172723236	0.0	1337.7269102465461	58.780844777126546
377	58.821372741373516	22329.32408248136	8087.6006335765005	0.0	1343.0320441537565	58.821372741373516
378	54.366773227716024	22383.690855709072	8103.7961850945885	0.0	1348.0250694714528	54.366773227716024
379	61.06680299694924	22444.757658706018	8125.815704334364	0.0	1351.443951938714	61.06680299694924
380	61.629380817439575	22506.38703952347	8150.141042824726	0.0	1353.8767775876806	61.629380817439575
381	61.01066501924034	22567.397704542713	8174.113878042784	0.0	1359.5108115414257	61.01066501924034
382	56.63554613493797	22624.033250677654	8192.74542976622	0.0	1364.9732328389177	56.63554613493797
383	66.8300276366367	22690.863278314275	8221.867770018152	0.0	1373.2884828989027	66.8300276366367
384	63.275292785417975	22754.13857109969	8248.298795139433	0.0	1374.3586715031718	63.275292785417975
385	53.31928064265393	22807.45785174235	8265.055378788835	0.0	1375.388112092983	53.31928064265393
386	58.465875393991254	22865.92372713634	8284.639486166234	0.0	1384.7546997978181	58.465875393991254
387	60.30697492642057	22926.230702062774	8306.673729934662	0.0	1391.3550256098563	60.30697492642057
388	56.2334566667927	22982.46415872955	8324.66364804625	0.0	1392.0163375146635	56.2334566667927
389	60.248000856886165	23042.712159586445	8347.982543408261	0.0	1396.594850222386	60.248000856886165
390	58.16758526821643	23100.879744854654	8367.255590689329	0.0	1395.2394879565454	58.16758526821643
391	58.160175973065414	23159.039920827723	8389.192389456895	0.0	1398.4512671621528	58.160175973065414
392	55.91980563619337	23214.959726463923	8406.65463291355	0.0	1403.3563842172566	55.91980563619337
393	61.22737413493835	23276.187100598858	8430.600011949782	0.0	1411.5056510976337	61.22737413493835
394	56.159891855455236	23332.346992454306	8447.827007142507	0.0	1409.02154178501	56.159891855455236
395	58.917972799292556	23391.264965253602	8469.626577491561	0.0	1402.8024912292374	58.917972799292556
396	58.072917616147635	23449.337882869757	8490.315799387905	0.0	1399.5396069742137	58.072917616147635
397	57.12149970172533	23506.45938257147	8509.552701266315	0.0	1411.0831251577522	57.12149970172533
398	64.39735620693297	23570.856738778402	8537.7351487688	0.0	1417.430798657472	64.39735620693297
399	63.01802156956664	23633.87476034797	8562.729126636083	0.0	1421.501526743376	63.01802156956664
400	60.21288009493563	23694.087640442907	8585.87007144502	0.0	1424.228457665106	60.21288009493563
401	63.224809617185535	23757.3124500601	8611.4908898459	0.0	1423.8302212559379	63.224809617185535
402	57.28987127685292	23814.602321336944	8630.92375735657	0.0	1433.6562614949503	57.28987127685292
403	65.74157165708613	23880.343892994024	8660.762848407137	0.0	1428.2965691467518	65.74157165708613
404	53.132229552072694	23933.476122546097	8675.574356619089	0.0	1430.3925507700512	53.132229552072694
405	60.018822223900635	23993.49494477002	8697.701443186763	0.0	1432.863060787334	60.018822223900635
406	54.77536829539547	24048.270313065404	8716.470302569322	0.0	1434.373472844578	54.77536829539547
407	52.12859013556419	24100.398903200952	8729.17300342303	0.0	1439.7891094737884	52.12859013556419
408	55.516319877811696	24155.91522307878	8746.701833287825	0.0	1442.6250487237564	55.516319877811696
409	59.06322557280159	24214.978448651593	8768.653604307554	0.0	1443.6502623259285	59.06322557280159
410	54.23789497220505	24269.216343623786	8785.767420356804	0.0	1443.9116284983268	54.23789497220505
411	59.60967843672494	24328.826022060504	8808.593385663966	0.0	1439.2560006249241	59.60967843672494
412	55.47267293297818	24384.298694993486	8827.21397054125	0.0	1440.2816816604977	55.47267293297818
413	57.70157739261938	24442.000272386114	8847.080110564757	0.0	1436.2859908765834	57.70157739261938
414	62.65370493521592	24504.653977321315	8872.005653771083	0.0	1436.943483016318	62.65370493521592
415	56.61439629565287	24561.26837361697	8890.792168949323	0.0	1438.2076344642733	56.61439629565287
416	60.59466684313939	24621.86304046012	8914.013160989824	0.0	1439.8587316224127	60.59466684313939
417	61.1064313647431	24682.969471824857	8938.232603870501	0.0	1447.7961062353188	61.1064313647431
418	67.57129221312506	24750.54076403799	8967.536295309183	0.0	1450.3711646068991	67.57129221312506
419	57.03582773639408	24807.576591774374	8988.73823482784	0.0	1452.5665355829155	57.03582773639408
420	60.712052150760115	24868.288643925134	9010.114850813925	0.0	1447.456601851237	60.712052150760115
421	68.66665083491797	24936.955294760057	9041.826038993295	0.0	1453.9192696785924	68.66665083491797
422	56.173068546980595	24993.128363307038	9060.688566633908	0.0	1453.5154229777374	56.173068546980595
423	54.434945830817234	25047.56330913786	9077.111349052688	0.0	1457.7211039697863	54.434945830817234
424	51.4593071277785	25099.022616265644	9090.015199808082	0.0	1464.007862264716	51.4593071277785
425	63.438790227055115	25162.46140649269	9117.508621789271	0.0	1470.4286545415953	63.438790227055115
426	54.262333143663746	25216.72373963635	9134.394819836109	0.0	1475.7253481533846	54.262333143663746
427	55.86420913002157	25272.587948766373	9153.65235263803	0.0	1481.4791463735546	55.86420913002157
428	60.248379905926974	25332.836328672307	9177.233383465658	0.0	1480.1899896473128	60.248379905926974
429	63.47095911102471	25396.30728778332	9204.501692114716	0.0	1484.5154705152988	63.47095911102471
430	53.724074203939644	25450.03136198726	9218.659307860975	0.0	1489.831827011897	53.724074203939644
431	54.710450838397136	25504.741812825665	9237.87497053679	0.0	1495.2850584711864	54.710450838397136
432	59.938832268273565	25564.680645093933	9259.807894907577	0.0	1504.4728616973798	59.938832268273565
433	53.7462971772208	25618.42694227115	9277.013061919437	0.0	1508.16326226357	53.7462971772208
434	53.94555341311369	25672.372495684256	9293.316733243328	0.0	1507.3473970595012	53.94555341311369
435	48.54454217359098	25720.91703785785	9302.439091438659	0.0	1508.5782204759569	48.54454217359098
436	58.8633864896262	25779.780424347482	9322.459951143584	0.0	1513.2133930386003	58.8633864896262
437	61.560305572571636	25841.340729920055	9345.697266390973	0.0	1522.2605146104484	61.560305572571636
438	51.25247173643626	25892.593201656506	9360.264159167979	0.0	1527.322858600383	51.25247173643626
439	63.64648326036814	25956.23968491687	9387.030829755291	0.0	1530.3842116695562	63.64648326036814
440	54.3706661936497	26010.610351110514	9403.241155462083	0.0	1528.772580852666	54.3706661936497
441	58.31957012515864	26068.92992123566	9425.446049314663	0.0	1526.1903151180923	58.31957012515864
442	58.720641838592464	26127.650563074258	9445.585234562937	0.0	1522.558470780758	58.720641838592464
443	57.689951189547436	26185.340514263808	9464.127286926334	0.0	1523.4910683177663	57.689951189547436
444	54.71996438542711	26240.060478649233	9482.51190573659	0.0	1529.895977215688	54.71996438542711
445	56.21791079875674	26296.278389448	9499.27204942717	0.0	1531.7083127653511	56.21791079875674
446	55.77996996725383	26352.058359415252	9517.183280401083	0.0	1533.85069824686	55.77996996725383
447	53.93377237719509	26405.992131792456	9533.080123621787	0.0	1537.9024204445807	53.93377237719509
448	50.65027917563953	26456.64241096808	9546.966558247354	0.0	1542.065300008104	50.65027917563953
449	59.043237032857014	26515.685648000937	9567.193294398498	0.0	1539.5203352694089	59.043237032857014
450	53.87493092220463	26569.560578923134	9583.62712954374	0.0	1542.296880552648	53.87493092220463
451	58.84293567282568	26628.403514595968	9604.046360288801	0.0	1545.9278822344156	58.84293567282568
452	62.44020430187992	26690.84371889784	9628.955475065399	0.0	1553.6274784343761	62.44020430187992
453	48.67437864023883	26739.51809753808	9639.851681506538	0.0	1558.3847329201074	48.67437864023883
454	60.84121130032954	26800.359308838415	9664.622139815998	0.0	1560.4517661154798	60.84121130032954
455	59.40708919603282	26859.76639803444	9686.162850929404	0.0	1561.7114655152884	59.40708919603282
456	54.52539478784592	26914.29179282229	9703.193319755099	0.0	1561.4324329130661	54.52539478784592
457	57.06027910101355	26971.352071923306	9722.226553181534	0.0	1565.8497802666348	57.06027910101355
458	59.368251621593366	27030.72032354489	9744.125078556743	0.0	1572.0834176797962	59.368251621593366
459	58.775991448593786	27089.49631499348	9763.64747430746	0.0	1572.1435791102683	58.775991448593786
460	62.825820377720255	27152.322135371218	9788.29071712063	0.0	1575.107199176047	62.825820377720255
461	58.83888983398499	27211.161025205198	9810.348881941627	0.0	1574.162169786191	58.83888983398499
462	52.30847057496694	27263.46949578017	9824.26732141882	0.0	1581.005411693821	52.30847057496694
463	59.85913333831168	27323.328629118478	9846.300321778679	0.0	1590.64401509437	59.85913333831168
464	54.79980852948951	27378.128437647963	9862.216468268884	0.0	1594.781874647705	54.79980852948951
465	56.843288638779875	27434.971726286763	9883.1912118724	0.0	1596.1380007524583	56.843288638779875
466	57.34385204062671	27492.31557832736	9902.5780081322	0.0	1599.6724775411226	57.34385204062671
467	53.875378593703665	27546.190956921062	9918.914747631661	0.0	1597.4154579791611	53.875378593703665
468	53.68448017301761	27599.875437094095	9934.949598071953	0.0	1599.5193479113705	53.68448017301761
469	63.61147770291096	27663.48691479701	9961.08014506126	0.0	1592.4392364609346	63.61147770291096
470	52.72313015544727	27716.210044952455	9978.839726500535	0.0	1594.3799880670103	52.72313015544727
471	59.19092093331168	27775.40096588576	10001.221979916785	0.0	1593.8818193298034	59.19092093331168
472	54.751703485790586	27830.152669371553	10018.767466020212	0.0	1595.4112739154532	54.751703485790586
473	53.94643012769767	27884.09909949926	10034.044877728724	0.0	1601.2238452937115	53.94643012769767
474	60.8338097767988	27944.932909276053	10056.754447792833	0.0	1605.4580901186232	60.8338097767988
475	56.57786722059889	28001.510776496652	10076.198451706094	0.0	1603.7864518073384	56.57786722059889
476	57.47697990642675	28058.987756403083	10097.159786519767	0.0	1613.3761303982062	57.47697990642675
477	60.849585572268516	28119.837341975337	10121.302422372068	0.0	1620.2242128819028	60.849585572268516
478	53.91821130522476	28173.755553280564	10139.864889596844	0.0	1625.6975240317402	53.91821130522476
479	55.6233771592884	28229.378930439856	10156.19492975939	0.0	1637.3699852913442	55.6233771592884
480	57.345004758464974	28286.72393519832	10176.716806667584	0.0	1638.267483762389	57.345004758464974
481	54.30940987592575	28341.033345074247	10193.842485800724	0.0	1637.005830869292	54.30940987592575
482	55.03770662781338	28396.071051702067	10211.310183507365	0.0	1641.179732617545	55.03770662781338
483	53.345368170615814	28449.416419872676	10227.740103620803	0.0	1644.500038909905	53.345368170615814
484	57.496037798325254	28506.912457671002	10247.615845161217	0.0	1641.0228526735382	57.496037798325254
485	55.851861864903164	28562.764319535898	10263.734530871203	0.0	1645.6604586867243	55.851861864903164
486	56.36915608297667	28619.133475618884	10282.394634469709	0.0	1645.1589548952911	56.36915608297667
487	56.93595786001557	28676.0694334789	10302.3328650068	0.0	1650.5192647858055	56.93595786001557
488	58.853855601982715	28734.923289080867	10323.171178431223	0.0	1647.8021268755338	58.853855601982715
489	56.16586558332084	28791.089154664198	10340.831093018494	0.0	1643.6950360158553	56.16586558332084
490	50.62166474295529	28841.710819407148	10353.491990740751	0.0	1644.2731949976996	50.62166474295529
491	63.94211507588777	28905.652934483052	10379.199545312384	0.0	1636.481045422767	63.94211507588777
492	60.57634569446974	28966.229280177504	10400.879136898142	0.0	1632.8457794303802	60.57634569446974
493	55.60549637396687	29021.83477655149	10418.097339108102	0.0	1637.0234431819747	55.60549637396687
494	60.453554274095225	29082.288330825577	10439.376151981824	0.0	1636.6416612159935	60.453554274095225
495	51.234617605566754	29133.52294843115	10453.876377645101	0.0	1642.5621833042305	51.234617605566754
496	65.14659829476123	29198.669546725898	10482.982449810343	0.0	1642.5731352662024	65.14659829476123
497	57.212584745383595	29255.882131471284	10501.909546657751	0.0	1646.535400685126	57.212584745383595
498	57.24187239472547	29313.124003866003	10521.782433951275	0.0	1651.8551918031108	57.24187239472547
499	52.878830043405394	29366.002833909424	10537.481207982784	0.0	1657.8606469616432	52.878830043405394
500	51.599550168685965	29417.602384078098	10551.358983567938	0.0	1665.360463432472	51.599550168685965
501	62.78712839822291	29480.389512476315	10576.531686677125	0.0	1668.6514021932712	62.78712839822291
502	69.7970655024838	29550.18657797882	10609.125593852395	0.0	1671.607334007799	69.7970655024838
503	53.68376937135269	29603.87034735016	10625.007431291475	0.0	1674.041351182533	53.68376937135269
504	55.67062820364089	29659.540975553784	10643.965851351788	0.0	1685.310582477049	55.67062820364089
505	57.750565338503584	29717.291540892293	10665.396452933252	0.0	1684.1131437082422	57.750565338503584
506	53.43610841323279	29770.727649305554	10680.149114025791	0.0	1685.806693554982	53.43610841323279
507	62.84294412787644	29833.570593433404	10705.575634706482	0.0	1687.43015495287	62.84294412787644
508	57.008052568528775	29890.57864600195	10723.564132860663	0.0	1685.6545672024365	57.008052568528775
509	55.26756271878357	29945.84620872073	10740.62584055698	0.0	1694.6471163189003	55.26756271878357
510	61.81948932717337	30007.665698047895	10764.937173074071	0.0	1704.552845627026	61.81948932717337
511	53.12651002251908	30060.792208070405	10780.679361601933	0.0	1702.548504551826	53.12651002251908
512	57.30952703394316	30118.101735104356	10780.679361601933	0.0	1709.6959551107898	57.30952703394316
