task	reward	total_reward	total_regret	relative	total_reward_dev	joules
0	53.7737614248402	53.7737614248402	6.713352461621163	0.0	21.58773497110709	53.7737614248402
1	74.97074967331626	128.74451109815647	32.44539641682956	0.0	35.23560568179324	74.97074967331626
2	53.136443633455656	181.88095473161212	35.079297052383474	0.0	41.1739348249914	53.136443633455656
3	70.77098112380192	252.65193585541417	56.80582284289787	0.0	44.703345384291005	70.77098112380192
4	51.86096324205846	304.5128990974725	62.42434595937863	0.0	51.715705868768	51.86096324205846
5	71.08663140070878	375.5995304981812	87.11385129756326	0.0	50.04969980960659	71.08663140070878
6	53.232254223583986	428.83178472176513	91.09122628339681	0.0	56.51608201975089	53.232254223583986
7	65.90720007756731	494.7389847993326	106.45985037919645	0.0	55.035723682181484	65.90720007756731
8	56.081258516555415	550.820243315888	111.9940505495352	0.0	58.22942993724742	56.081258516555415
9	64.0440052688762	614.864248584764	127.62071106740594	0.0	63.40761735531297	64.0440052688762
10	64.42418111175402	679.2884296965183	143.89942661271505	0.0	66.19932914416967	64.42418111175402
11	56.80862043682803	736.0970501333464	149.87457290824398	0.0	70.90407173169382	56.80862043682803
12	68.93130948253943	805.028359615886	170.315897707603	0.0	72.83830745822863	68.93130948253943
13	57.81074881047932	862.8391084263649	180.5183627729632	0.0	78.11606486916536	57.81074881047932
14	62.043574165353284	924.8826825917182	192.71786262309044	0.0	80.09839879970099	62.043574165353284
15	61.61464350869703	986.4973261004155	206.18173761484647	0.0	84.43594983565417	61.61464350869703
16	61.80368208935945	1048.3010081897746	218.3898685387547	0.0	94.92133007450262	61.80368208935945
17	61.11346694873044	1109.4144751385056	233.1458205948959	0.0	95.35544429460167	61.11346694873044
18	60.25693819210661	1169.6714133306114	244.74840000246667	0.0	101.89316373983293	60.25693819210661
19	61.69076937937007	1231.3621827099817	258.5831611234964	0.0	99.44292111639935	61.69076937937007
20	62.03748844473496	1293.3996711547168	270.7136460001877	0.0	103.26713515739667	62.03748844473496
21	66.32704583550799	1359.7267169902248	287.8279439840087	0.0	111.19247273869568	66.32704583550799
22	62.84150269789315	1422.5682196881173	301.4362931155809	0.0	115.70296587660255	62.84150269789315
23	59.89538266929405	1482.4636023574121	311.7695107963441	0.0	117.31318381634559	59.89538266929405
24	59.22606024840092	1541.6896626058128	322.84175785452555	0.0	118.0642403287312	59.22606024840092
25	59.087081002918325	1600.7767436087313	333.2025159908501	0.0	119.57678628340625	59.087081002918325
26	65.57428264052702	1666.3510262492578	348.64521413081223	0.0	124.24222907752997	65.57428264052702
27	62.311330604604954	1728.6623568538632	363.8496032311232	0.0	128.89805147806808	62.311330604604954
28	59.951013271765184	1788.6133701256288	375.52237630890136	0.0	135.81887729040696	59.951013271765184
29	62.05559341300416	1850.6689635386324	389.35850129312394	0.0	136.04408199875235	62.05559341300416
30	58.28105809550295	1908.950021634135	400.1552276141199	0.0	139.20163521294538	58.28105809550295
31	57.465249270823776	1966.4152709049602	409.19725177515966	0.0	143.35772873874643	57.465249270823776
32	61.69873207929859	2028.1140029842575	421.88422476471004	0.0	143.89743074087252	61.69873207929859
33	59.7997316862193	2087.913734670477	433.6386493883414	0.0	149.0372818035668	59.7997316862193
34	61.84121133837376	2149.7549460088508	448.65270415876046	0.0	149.80948622104128	61.84121133837376
35	63.94107467897299	2213.696020687824	465.66278699458815	0.0	150.0553562105707	63.94107467897299
36	62.62958913953077	2276.3256098273546	479.97277005530924	0.0	146.81914034112512	62.62958913953077
37	57.170297979522665	2333.4959078068773	488.34412866246925	0.0	148.19987362146458	57.170297979522665
38	57.95707490589902	2391.4529827127762	496.42559736699593	0.0	149.96516991838206	57.95707490589902
39	57.34547059167951	2448.7984533044564	503.48960094607355	0.0	150.8186633673838	57.34547059167951
40	60.23041375010098	2509.028867054556	514.1104265868072	0.0	152.30694155384342	60.23041375010098
41	61.499161400483096	2570.5280284550404	528.0931118561092	0.0	159.06134510825086	61.499161400483096
42	63.924046129697444	2634.4520745847367	544.0237888674503	0.0	160.34300063062958	63.924046129697444
43	63.75255988090871	2698.204634465647	558.0026385451839	0.0	163.9592583732113	63.75255988090871
44	60.4045914184105	2758.6092258840563	570.623742628871	0.0	168.00617746468166	60.4045914184105
45	59.43141944491705	2818.0406453289734	580.3739998181844	0.0	168.92732093394397	59.43141944491705
46	55.99565290472503	2874.0362982336983	589.1714578817247	0.0	172.06426395706748	55.99565290472503
47	59.40422323508693	2933.440521468785	601.4904898044255	0.0	172.35117957159085	59.40422323508693
48	61.15336901123302	2994.5938904800196	611.2223331744111	0.0	171.1180106815972	61.15336901123302
49	59.00211187808292	3053.5960023581015	619.5582817989641	0.0	173.64677464804473	59.00211187808292
50	64.30803058801288	3117.9040329461154	633.3486866524265	0.0	172.4619450061454	64.30803058801288
51	58.310904423026514	3176.214937369141	641.9352207119204	0.0	174.52808204910926	58.310904423026514
52	63.28629171898002	3239.5012290881214	658.0433266525873	0.0	174.49673088660288	63.28629171898002
53	60.10502761643552	3299.6062567045565	668.7103692415291	0.0	175.85812040968395	60.10502761643552
54	60.09004998159046	3359.696306686147	678.9736912142497	0.0	179.85555957363192	60.09004998159046
55	59.429222322407085	3419.1255290085523	688.482494644674	0.0	179.97787465188972	59.429222322407085
56	59.37247096537103	3478.4979999739244	700.9180898062286	0.0	179.09970052543008	59.37247096537103
57	61.13701639247142	3539.6350163663965	715.5209359084995	0.0	179.71339048147487	61.13701639247142
58	61.528784810631144	3601.163801177027	727.5542313420219	0.0	180.7784818593738	61.528784810631144
59	67.03531254035742	3668.199113717386	746.2893005105166	0.0	184.18335108375913	67.03531254035742
60	63.929881615871096	3732.1289953332544	759.9165114702757	0.0	184.56178836063614	63.929881615871096
61	61.597639305271834	3793.7266346385272	772.5269263179001	0.0	183.05336726915493	61.597639305271834
62	56.030044553211425	3849.756679191739	781.2912788352958	0.0	186.7623309315602	56.030044553211425
63	61.778204243748306	3911.534883435487	793.7805544022729	0.0	188.80991473358023	61.778204243748306
64	59.80500696605931	3971.3398904015467	802.6419589897253	0.0	187.7799457585797	59.80500696605931
65	56.270870242371274	4027.6107606439186	810.7785462374445	0.0	186.68676898766046	56.270870242371274
66	61.38489834318969	4088.995658987106	822.7954004670308	0.0	190.24903539685678	61.38489834318969
67	57.68355564421394	4146.679214631323	828.1525130518762	0.0	194.5276098055449	57.68355564421394
68	60.763708451704304	4207.442923083025	838.7386541417443	0.0	195.88252509909924	60.763708451704304
69	60.67803485743779	4268.120957940467	852.1058794269915	0.0	191.9398921756316	60.67803485743779
70	59.69469482582073	4327.815652766285	864.9652281627777	0.0	194.99024053699827	59.69469482582073
71	59.11069013226841	4386.926342898553	875.5907399728422	0.0	197.55735513850917	59.11069013226841
72	57.67054765222325	4444.596890550776	884.5718317757553	0.0	198.06244689193164	57.67054765222325
73	60.54062653884372	4505.13751708962	897.077324366372	0.0	200.68593353183823	60.54062653884372
74	56.84962166210527	4561.987138751725	906.0439983003926	0.0	204.90881654780554	56.84962166210527
75	58.95929131892669	4620.946430070654	914.9964862180063	0.0	204.95452753722086	58.95929131892669
76	59.41668057741139	4680.363110648063	924.8262734714851	0.0	205.67728619905424	59.41668057741139
77	55.074793304239805	4735.437903952302	929.2494496381821	0.0	207.39076869304444	55.074793304239805
78	61.00907561583885	4796.446979568142	940.8572953254971	0.0	207.53069217060772	61.00907561583885
79	60.83824416902462	4857.285223737166	951.753146752022	0.0	209.36478909599893	60.83824416902462
80	57.82296027584873	4915.108184013018	961.4293229753341	0.0	211.36667448715855	57.82296027584873
81	62.497827864515244	4977.606011877529	976.605519459785	0.0	214.93705338436192	62.497827864515244
82	57.88471426331256	5035.490726140843	983.9337484487716	0.0	215.87156285638378	57.88471426331256
83	54.85330816431335	5090.344034305157	989.510880260937	0.0	216.59094596546782	54.85330816431335
84	60.500212898305755	5150.844247203461	1002.8878172099626	0.0	220.3867639105943	60.500212898305755
85	62.19821287106651	5213.042460074529	1015.1228221807389	0.0	226.36402601704	62.19821287106651
86	55.92742912370064	5268.969889198231	1022.5148549693239	0.0	229.45285648146486	55.92742912370064
87	60.86238228566717	5329.832271483894	1036.0692011345482	0.0	232.09708487256097	60.86238228566717
88	58.38640292896862	5388.218674412865	1045.2749057599299	0.0	233.55223297382932	58.38640292896862
89	59.65492321540548	5447.873597628275	1053.945015770545	0.0	239.6017654036239	59.65492321540548
90	58.561108877678144	5506.434706505949	1063.4077371705284	0.0	240.31091584910348	58.561108877678144
91	58.292169764129014	5564.72687627008	1070.2912504498079	0.0	245.1930278307925	58.292169764129014
92	60.77265905319959	5625.49953532328	1081.719276725889	0.0	245.8875992810987	60.77265905319959
93	60.72226997966411	5686.221805302945	1095.712118662953	0.0	246.57035647156363	60.72226997966411
94	59.1124835997738	5745.334288902719	1103.2306076460634	0.0	245.6286372812751	59.1124835997738
95	66.3583724591861	5811.6926613619025	1119.2731595508894	0.0	252.849465766554	66.3583724591861
96	60.17403443945429	5871.866695801357	1127.1856903550888	0.0	254.7771514699821	60.17403443945429
97	56.601829419617076	5928.468525220972	1133.6968731448933	0.0	256.65416961364275	56.601829419617076
98	57.34102700077121	5985.809552221745	1142.5025113776055	0.0	255.31971769181936	57.34102700077121
99	62.883936189034685	6048.693488410779	1157.4214451555426	0.0	254.48479199206162	62.883936189034685
100	57.96037704154523	6106.653865452325	1165.051590700752	0.0	253.9584582400266	57.96037704154523
101	61.849670791490965	6168.503536243815	1176.0660903817625	0.0	259.9311249655636	61.849670791490965
102	61.012994904109284	6229.516531147924	1187.4083023347519	0.0	263.05146090552523	61.012994904109284
103	54.66137145437428	6284.1779026023	1192.7091639026385	0.0	266.5006335214386	54.66137145437428
104	58.183891726774654	6342.361794329074	1202.5253216484662	0.0	271.17413053919313	58.183891726774654
105	60.751428782282375	6403.11322311136	1214.1424261319034	0.0	268.288274085215	60.751428782282375
106	61.65832960742688	6464.771552718784	1227.2120294999277	0.0	271.9074119505683	61.65832960742688
107	60.695645351416424	6525.467198070197	1237.1115157665486	0.0	272.88716275086495	60.695645351416424
108	57.49590209962753	6582.963100169825	1245.3014844548197	0.0	273.4774062777386	57.49590209962753
109	57.17953201484212	6640.142632184669	1255.7864121829161	0.0	273.9535051254774	57.17953201484212
110	60.455475073087264	6700.598107257755	1267.163746918861	0.0	274.86191679403527	60.455475073087264
111	59.27765143604978	6759.875758693804	1278.868821960794	0.0	276.2638644992153	59.27765143604978
112	60.88969434492444	6820.765453038728	1291.8958870133947	0.0	272.8137464312085	60.88969434492444
113	62.30441896014102	6883.0698719988695	1303.556890230946	0.0	275.6680001690448	62.30441896014102
114	62.736176962146146	6945.806048961016	1316.2693239737525	0.0	276.712664592571	62.736176962146146
115	55.084739363178784	7000.890788324199	1323.2627616612053	0.0	275.5999368240868	55.084739363178784
116	59.75827873844657	7060.649067062644	1333.9688502802105	0.0	274.1528263973828	59.75827873844657
117	63.35469030864883	7124.0037573712925	1347.2488457159604	0.0	277.4296498487767	63.35469030864883
118	55.47459928914399	7179.478356660434	1353.4428251325098	0.0	275.9900564219135	55.47459928914399
119	60.0128607917542	7239.49121745219	1366.1813872592281	0.0	278.40215095439487	60.0128607917542
120	58.81014217268821	7298.3013596248775	1374.5631157964922	0.0	283.0705819809983	58.81014217268821
121	56.87676138453058	7355.178121009406	1383.6317923297236	0.0	287.2491622898317	56.87676138453058
122	59.72666635351312	7414.904787362922	1393.8176033387804	0.0	287.3486621740713	59.72666635351312
123	59.68410427648405	7474.588891639404	1406.2167253592356	0.0	286.8095923691467	59.68410427648405
124	57.3419729162655	7531.930864555674	1416.170522762888	0.0	285.421891259699	57.3419729162655
125	62.080558993914636	7594.011423549587	1430.7962277496774	0.0	286.2937907136556	62.080558993914636
126	57.61491193024959	7651.626335479836	1439.834842436006	0.0	285.1094324321504	57.61491193024959
127	55.454598756869224	7707.080934236704	1446.2410696814027	0.0	287.7101936944759	55.454598756869224
128	59.022781621852175	7766.103715858559	1456.0769737568457	0.0	289.9317832599746	59.022781621852175
129	59.34491094097373	7825.448626799526	1465.4719464435775	0.0	291.1532242527811	59.34491094097373
130	59.090149634478266	7884.538776434007	1476.371634103947	0.0	292.67696450169944	59.090149634478266
131	65.96753040412983	7950.5063068381405	1492.9411174485958	0.0	295.6638589834157	65.96753040412983
132	60.43725533377783	8010.943562171919	1505.85464202848	0.0	297.20716324833404	60.43725533377783
133	58.51679019389778	8069.460352365816	1515.3757887507945	0.0	298.2798411107573	58.51679019389778
134	59.860110315570246	8129.320462681383	1527.7499595536501	0.0	298.87779170654323	59.860110315570246
135	59.85606596355191	8189.176528644936	1539.9066727235916	0.0	298.6452972943617	59.85606596355191
136	60.25665480826478	8249.433183453202	1551.2598461367224	0.0	302.45741339128114	60.25665480826478
137	56.94472975121623	8306.377913204416	1558.4909283462712	0.0	302.39723365728554	56.94472975121623
138	61.031892351789274	8367.409805556206	1573.2568978371366	0.0	301.16048664069723	61.031892351789274
139	60.15162795546436	8427.56143351167	1586.6616004433686	0.0	304.4065911079435	60.15162795546436
140	59.57688096120937	8487.138314472882	1597.8863019949938	0.0	305.55272166892155	59.57688096120937
141	60.61938523770824	8547.757699710592	1609.397001090184	0.0	306.3204571962957	60.61938523770824
142	55.737054284325716	8603.494753994919	1616.92269013551	0.0	307.90857077958424	55.737054284325716
143	62.04323528084654	8665.53798927576	1630.4444682401456	0.0	312.73951131258565	62.04323528084654
144	59.6738280366473	8725.211817312405	1641.806121229066	0.0	309.74057888832215	59.6738280366473
145	58.68281049685665	8783.894627809266	1652.1868794565942	0.0	310.2253359292913	58.68281049685665
146	58.914778841938286	8842.809406651206	1663.4032066844911	0.0	312.4667476666072	58.914778841938286
147	55.416867429921105	8898.226274081126	1667.782687947819	0.0	313.4417124471548	55.416867429921105
148	58.33743641641436	8956.56371049754	1678.543170294645	0.0	311.48459120193417	58.33743641641436
149	61.66761491117797	9018.231325408713	1689.7698849664612	0.0	319.1078006879798	61.66761491117797
150	54.647757516610596	9072.879082925325	1695.4081601016949	0.0	316.07679188162825	54.647757516610596
151	59.93206985236361	9132.811152777687	1706.613959987738	0.0	315.8436712147837	59.93206985236361
152	59.47217173518074	9192.283324512871	1718.2942287853366	0.0	317.1759353976682	59.47217173518074
153	60.09862174448049	9252.381946257352	1730.7306138438598	0.0	322.6616661280942	60.09862174448049
154	63.275315002544374	9315.657261259894	1745.0712079536459	0.0	322.4759911001862	63.275315002544374
155	58.20278042785673	9373.860041687754	1754.8215324042917	0.0	322.753067570409	58.20278042785673
156	55.844048118228464	9429.70408980598	1763.7604388364357	0.0	326.2421801834363	55.844048118228464
157	60.634797400413746	9490.338887206393	1777.4025220916167	0.0	325.1544990544212	60.634797400413746
158	57.59955674435895	9547.938443950752	1786.8220692496639	0.0	329.2869852813608	57.59955674435895
159	62.61121525034503	9610.549659201097	1800.3653358630054	0.0	332.2684163930526	62.61121525034503
160	60.42320523924126	9670.972864440342	1814.845815764124	0.0	335.99573811851064	60.42320523924126
161	60.113812864978264	9731.086677305319	1826.1773817425174	0.0	339.2539451249149	60.113812864978264
162	56.31393178195204	9787.400609087268	1831.076030809351	0.0	336.80241225335243	56.31393178195204
163	55.689153624979724	9843.089762712252	1836.576533489105	0.0	334.034074635297	55.689153624979724
164	62.12523416318023	9905.214996875435	1852.3361816700826	0.0	330.690542909853	62.12523416318023
165	59.017287687142634	9964.23228456257	1861.7738445255275	0.0	332.2084790230122	59.017287687142634
166	57.86709359537593	10022.09937815795	1871.9475069424304	0.0	334.4037118825053	57.86709359537593
167	59.722014479169204	10081.821392637117	1881.9346256582585	0.0	333.1015523708463	59.722014479169204
168	59.25763604022453	10141.079028677343	1891.202816294344	0.0	331.77220625519254	59.25763604022453
169	59.30706336215814	10200.386092039502	1901.3840599409002	0.0	331.4726223439594	59.30706336215814
170	58.765324772266446	10259.151416811765	1910.8408735030232	0.0	333.59552474213774	58.765324772266446
171	52.88788715290443	10312.039303964671	1911.9505692128307	0.0	332.3827571755113	52.88788715290443
172	55.37670747333401	10367.416011438005	1916.6062073709522	0.0	332.9255062319747	55.37670747333401
173	60.41473009068516	10427.830741528696	1928.2677228687871	0.0	336.09922166431716	60.41473009068516
174	62.350042361332626	10490.180783890022	1942.4606790395953	0.0	335.5927826084325	62.350042361332626
175	59.84924656458004	10550.030030454598	1951.9979236875608	0.0	338.3082232505722	59.84924656458004
176	57.861609113405194	10607.891639568006	1961.4997292093456	0.0	341.82140743815637	57.861609113405194
177	56.12735039599618	10664.018989964006	1970.8322895840208	0.0	343.66327279963843	56.12735039599618
178	57.90034201513709	10721.91933197914	1980.1808327582276	0.0	341.2015602586339	57.90034201513709
179	57.76021732690329	10779.679549306044	1988.7611230461303	0.0	343.86365324665206	57.76021732690329
180	57.233397455581155	10836.912946761622	1998.9090232162218	0.0	340.76459999038934	57.233397455581155
181	55.48777829638376	10892.400725058005	2004.6624502592656	0.0	338.030140653224	55.48777829638376
182	57.779008090497726	10950.179733148507	2010.6466913089116	0.0	337.8762342577647	57.779008090497726
183	59.352346428921535	11009.53207957743	2018.5244286820018	0.0	341.4862743598563	59.352346428921535
184	64.74338042028656	11074.275459997714	2033.899557797512	0.0	344.1042621833609	64.74338042028656
185	57.4816798611972	11131.757139858915	2042.0894464601356	0.0	342.8755964009334	57.4816798611972
186	56.01231117905665	11187.76945103797	2047.7990769552653	0.0	343.7636194853551	56.01231117905665
187	60.6734421507136	11248.442893188685	2060.3859038287487	0.0	348.4118195804145	60.6734421507136
188	54.82154059709767	11303.26443378578	2064.6972077688383	0.0	349.0165837861771	54.82154059709767
189	57.02279358352152	11360.287227369303	2072.434609825208	0.0	348.4163437220992	57.02279358352152
190	58.64973162526809	11418.936958994567	2084.1775872756943	0.0	355.646578292531	58.64973162526809
191	57.26067655285542	11476.19763554743	2091.0370465902915	0.0	358.8432768806566	57.26067655285542
192	54.556052885409706	11530.753688432833	2096.9947532928354	0.0	361.27735317672085	54.556052885409706
193	55.94587753152212	11586.699565964354	2104.4749500660314	0.0	359.57521436951197	55.94587753152212
194	56.12983143822777	11642.829397402586	2108.9480748312953	0.0	358.3433148471128	56.12983143822777
195	56.95666488809648	11699.786062290683	2115.0915546366073	0.0	358.62864807733473	56.95666488809648
196	54.77046487402332	11754.556527164701	2121.6346834644714	0.0	358.7316736968393	54.77046487402332
197	56.260389138280054	11810.816916302987	2129.581157077647	0.0	357.50393367041534	56.260389138280054
198	54.68703660195597	11865.503952904943	2134.911056361572	0.0	358.98463173165436	54.68703660195597
199	61.501766219177064	11927.005719124123	2146.398698175987	0.0	358.7563585365253	61.501766219177064
200	62.599010212941224	11989.60472933706	2157.8832318447717	0.0	358.6295804211043	62.599010212941224
201	62.07320834380678	12051.677937680864	2170.6231910156666	0.0	360.2057170896518	62.07320834380678
202	56.15155874437113	12107.829496425235	2178.4101904180743	0.0	363.54697248388715	56.15155874437113
203	55.30416328215554	12163.133659707393	2186.1060148263114	0.0	361.5367555633518	55.30416328215554
204	55.67350513246105	12218.807164839858	2191.5700450490185	0.0	364.0047713830484	55.67350513246105
205	63.44725527700537	12282.254420116857	2208.3295168721543	0.0	366.9998811983612	63.44725527700537
206	59.86820498158989	12342.12262509845	2218.0667465859797	0.0	367.6982540833994	59.86820498158989
207	63.56642389158717	12405.68904899004	2232.511224938661	0.0	364.60731921982995	63.56642389158717
208	59.89007147908268	12465.579120469127	2241.203243037093	0.0	368.2849551859396	59.89007147908268
209	60.499001677247776	12526.078122146362	2252.5030230380753	0.0	371.1962491705191	60.499001677247776
210	62.74417134893954	12588.822293495305	2266.898577356886	0.0	377.37929989623564	62.74417134893954
211	57.643645901701156	12646.465939397009	2274.9773453765815	0.0	374.752094523766	57.643645901701156
212	55.060150200527815	12701.526089597528	2283.1727796083987	0.0	373.2432583498998	55.060150200527815
213	59.627633521639474	12761.153723119178	2293.5429383972473	0.0	374.740782305243	59.627633521639474
214	61.692287877591355	12822.846010996764	2308.0635574518137	0.0	380.83115831696307	61.692287877591355
215	61.61421292514719	12884.460223921913	2320.93119534737	0.0	380.7124687161579	61.61421292514719
216	59.721258777956564	12944.181482699867	2330.5379115265796	0.0	384.1583816785856	59.721258777956564
217	58.42479235827565	13002.606275058146	2340.4058881112983	0.0	384.8410398226725	58.42479235827565
218	55.3290284794584	13057.935303537606	2347.0180187698925	0.0	389.30118336617255	55.3290284794584
219	61.79590191205186	13119.731205449649	2361.1120631888525	0.0	391.5181773816796	61.79590191205186
220	57.970212861243574	13177.701418310902	2371.2510509471117	0.0	388.4270363106594	57.970212861243574
221	59.47556939158205	13237.176987702482	2381.4976142558094	0.0	386.19216789134157	59.47556939158205
222	62.46337976358626	13299.64036746606	2394.1915178765103	0.0	392.2726759722424	62.46337976358626
223	58.45611429568428	13358.096481761746	2404.180722870696	0.0	395.37999660229787	58.45611429568428
224	58.56801254183457	13416.664494303584	2412.901481613177	0.0	393.3439319193007	58.56801254183457
225	57.776074253735906	13474.440568557324	2421.4646765462526	0.0	395.0432994700233	57.776074253735906
226	59.620520193922445	13534.061088751247	2430.5340393154565	0.0	396.977874836291	59.620520193922445
227	58.49311601983294	13592.554204771079	2438.604476874252	0.0	397.73699865628987	58.49311601983294
228	57.37512670707758	13649.92933147815	2447.211448069577	0.0	398.07232438930816	57.37512670707758
229	60.56343817622492	13710.492769654382	2459.144808550686	0.0	393.0301466023319	60.56343817622492
230	57.025139419565996	13767.517909073944	2468.0859241383287	0.0	394.4643091929569	57.025139419565996
231	61.09813131365917	13828.616040387607	2479.419628348255	0.0	396.3300459344921	61.09813131365917
232	60.36340307915343	13888.979443466762	2490.2002008447885	0.0	395.8608569780222	60.36340307915343
233	55.58454938174262	13944.563992848505	2499.286763346707	0.0	397.49996709568626	55.58454938174262
234	57.894518795281925	14002.458511643785	2506.7305232814415	0.0	398.5460066891907	57.894518795281925
235	55.99950098597683	14058.458012629766	2516.474126470093	0.0	399.1986001975796	55.99950098597683
236	60.824889292931196	14119.282901922688	2525.470227617073	0.0	403.39728103575743	60.824889292931196
237	61.004520262295244	14180.287422184989	2537.324375050619	0.0	404.9809246650215	61.004520262295244
238	59.791240848085465	14240.078663033073	2548.3955554579243	0.0	404.7838680999861	59.791240848085465
239	58.05858205700955	14298.137245090078	2557.5593016523317	0.0	408.27782206331256	58.05858205700955
240	55.126239502995425	14353.263484593079	2564.0347167554537	0.0	409.47378325464615	55.126239502995425
241	55.77785568469583	14409.04134027777	2571.3124272103432	0.0	409.4351203756048	55.77785568469583
242	58.72776291778616	14467.769103195562	2582.647201414677	0.0	415.4425872479297	58.72776291778616
243	59.77211357218855	14527.541216767748	2593.354768446675	0.0	421.4259967167705	59.77211357218855
244	55.91133176803496	14583.452548535783	2598.5043773018297	0.0	422.6552920236862	55.91133176803496
245	59.760844260912634	14643.213392796686	2606.58561088055	0.0	422.1499356202358	59.760844260912634
246	56.78844477570302	14700.001837572392	2613.805359790881	0.0	425.3728001032175	56.78844477570302
247	58.65511664445262	14758.656954216847	2626.216705792519	0.0	424.9333725143134	58.65511664445262
248	59.32974949254399	14817.98670370939	2637.889066208116	0.0	425.8609870943722	59.32974949254399
249	63.36895120009325	14881.355654909485	2650.5172917737195	0.0	429.07073588574696	63.36895120009325
250	58.29886850283399	14939.654523412315	2660.4650513577626	0.0	428.6013799581463	58.29886850283399
251	57.012990283488534	14996.66751369581	2668.690352199959	0.0	429.0562591071065	57.012990283488534
252	57.20940617442962	15053.876919870238	2676.408650412627	0.0	432.5735182091361	57.20940617442962
253	61.37402015275743	15115.250940022997	2686.949571680155	0.0	434.11061519292286	61.37402015275743
254	60.4487296033421	15175.69966962634	2700.7780806129663	0.0	435.3735034328876	60.4487296033421
255	59.25170519570442	15234.95137482204	2712.1331618374243	0.0	435.72360002152607	59.25170519570442
256	60.7892717537849	15295.740646575827	2723.7661524502514	0.0	434.6125279903221	60.7892717537849
257	60.97853558051445	15356.719182156348	2735.4213395524403	0.0	436.30372935085813	60.97853558051445
258	55.94641334432618	15412.665595500666	2741.1363134447492	0.0	435.0705884500902	55.94641334432618
259	56.9558837468948	15469.621479247566	2748.2149170482467	0.0	435.4250171925215	56.9558837468948
260	57.45368607317769	15527.075165320743	2756.838209308864	0.0	435.8303988572814	57.45368607317769
261	58.94730348913777	15586.022468809875	2767.027433209304	0.0	432.73574212378423	58.94730348913777
262	60.22261294292363	15646.245081752799	2777.649698635133	0.0	434.67489581514036	60.22261294292363
263	59.92310526113215	15706.168187013935	2789.256243420706	0.0	437.1787994702001	59.92310526113215
264	56.08935284191186	15762.257539855847	2796.3230495303346	0.0	434.46142015577266	56.08935284191186
265	57.76723990871524	15820.024779764555	2804.4271800808287	0.0	434.06576079430266	57.76723990871524
266	60.220392561155506	15880.24517232572	2816.2237455650716	0.0	435.6749834649961	60.220392561155506
267	55.88854063347893	15936.133712959201	2823.7019609981794	0.0	436.1740303984456	55.88854063347893
268	59.58813200888376	15995.721844968084	2836.7216262757415	0.0	437.87738904639656	59.58813200888376
269	57.751111569137535	16053.472956537213	2844.5765490519757	0.0	437.9937265868883	57.751111569137535
270	55.63840102555982	16109.111357562779	2849.397649083606	0.0	438.3582632973005	55.63840102555982
271	55.97030575916519	16165.081663321938	2856.6640342350183	0.0	438.87009351046584	55.97030575916519
272	57.83027161432084	16222.911934936259	2867.0691241177938	0.0	442.1696505615107	57.83027161432084
273	58.859853453015376	16281.771788389275	2876.3815338627546	0.0	440.6938527308226	58.859853453015376
274	59.383295562724996	16341.155083952	2886.4458123559994	0.0	439.08157589370916	59.383295562724996
275	61.96816512168477	16403.123249073673	2900.4624303939136	0.0	441.0854711979504	61.96816512168477
276	54.91145315522135	16458.034702228906	2906.576634497425	0.0	438.36721179383744	54.91145315522135
277	58.30568565800345	16516.340387886903	2916.0680476842904	0.0	441.946998585531	58.30568565800345
278	54.51846581849275	16570.858853705406	2921.6560639126574	0.0	441.55139878619303	54.51846581849275
279	58.476041450800885	16629.33489515621	2932.884322266169	0.0	437.88320327031875	58.476041450800885
280	55.21437626607285	16684.54927142228	2940.0446076926787	0.0	438.267380360727	55.21437626607285
281	55.40460983306627	16739.95388125534	2948.974826842103	0.0	440.3381264806562	55.40460983306627
282	54.588692548577576	16794.542573803923	2954.1663868454234	0.0	440.7275301038139	54.588692548577576
283	57.63806663043651	16852.18064043436	2960.772520963179	0.0	439.6423327067432	57.63806663043651
284	55.739920102415525	16907.92056053678	2967.6218533655046	0.0	439.79914300439054	55.739920102415525
285	51.62805389432047	16959.548614431093	2970.9260738703156	0.0	439.3400226314562	51.62805389432047
286	57.548994919468896	17017.09760935056	2981.5840475102555	0.0	437.01510274239837	57.548994919468896
287	60.97462659810621	17078.072235948675	2993.754720090857	0.0	437.33800947418814	60.97462659810621
288	56.22501469161602	17134.297250640273	3001.980817116863	0.0	434.81586174827237	56.22501469161602
289	54.840610307070094	17189.137860947358	3009.6596195399884	0.0	435.02279555857245	54.840610307070094
290	55.07402585566872	17244.211886803027	3016.137030659294	0.0	436.6735875686938	55.07402585566872
291	64.42409018581002	17308.635976988833	3033.4072125914263	0.0	436.53150308371255	64.42409018581002
292	60.21183503760914	17368.84781202644	3046.514482570219	0.0	440.3971024796848	60.21183503760914
293	54.43787212921621	17423.285684155668	3054.9930319004984	0.0	440.4928447066947	54.43787212921621
294	56.5241018266455	17479.809785982303	3061.7143414917264	0.0	439.0547568805215	56.5241018266455
295	56.03146808926321	17535.841254071576	3070.5498761859753	0.0	439.13623204448254	56.03146808926321
296	58.00912612397372	17593.85038019554	3079.809316322967	0.0	440.1023367408496	58.00912612397372
297	57.12112253101796	17650.971502726563	3085.523779641346	0.0	436.72696705929127	57.12112253101796
298	56.33146824000726	17707.30297096656	3093.156359917295	0.0	438.1692288389722	56.33146824000726
299	60.5629277258091	17767.865898692384	3106.977830397605	0.0	438.2237431213585	60.5629277258091
300	56.06170048859514	17823.927599180966	3111.8677409135835	0.0	439.01864440176155	56.06170048859514
301	55.05766856931151	17878.98526775028	3120.1654293386778	0.0	439.10365574203803	55.05766856931151
302	55.31472533276289	17934.29999308304	3127.9950712262275	0.0	439.7314516600663	55.31472533276289
303	58.664071868019185	17992.964064951066	3138.756004978064	0.0	439.73535385482575	58.664071868019185
304	58.48208331359369	18051.446148264662	3147.532324962725	0.0	441.1871113970461	58.48208331359369
305	58.15959463841386	18109.60574290308	3158.1252605294	0.0	439.2228608750948	58.15959463841386
306	61.28810143836674	18170.89384434144	3169.712076318064	0.0	444.45682472380525	61.28810143836674
307	56.37513607467693	18227.268980416116	3177.0055688776797	0.0	448.9060787965891	56.37513607467693
308	55.419464786899525	18282.68844520302	3182.507515770834	0.0	449.9577343185355	55.419464786899525
309	56.840665011999434	18339.52911021501	3191.547256880572	0.0	448.71955542638295	56.840665011999434
310	55.912153807505916	18395.44126402252	3199.830999728689	0.0	445.9732135311456	55.912153807505916
311	55.56652922819801	18451.007793250716	3207.655909518327	0.0	447.32917229754014	55.56652922819801
312	59.29305780188337	18510.30085105261	3217.853186411199	0.0	450.32562090056604	59.29305780188337
313	58.18205678772034	18568.482907840327	3228.6242387554153	0.0	453.10352445823395	58.18205678772034
314	56.92243683111584	18625.40534467143	3237.1553179660905	0.0	457.6379683346859	56.92243683111584
315	59.160807767859026	18684.566152439296	3247.230556780389	0.0	460.29337179056154	59.160807767859026
316	54.38961303057542	18738.955765469876	3251.7283042946515	0.0	459.24464156741874	54.38961303057542
317	59.11048934499392	18798.066254814865	3262.5549460847733	0.0	464.3415218553257	59.11048934499392
318	56.42262334281909	18854.48887815769	3270.6742463332694	0.0	463.77811981271986	56.42262334281909
319	59.970708669427495	18914.459586827106	3280.3911903454073	0.0	464.43617527410635	59.970708669427495
320	58.040087650832405	18972.499674477935	3289.0221504609963	0.0	466.5435616858209	58.040087650832405
321	56.0164960262788	19028.516170504226	3295.239900460471	0.0	467.9576734006555	56.0164960262788
322	58.04957827826674	19086.565748782494	3305.7336201309054	0.0	469.29666612618763	58.04957827826674
323	59.28541461481775	19145.851163397314	3315.7474031790293	0.0	469.3010514993252	59.28541461481775
324	53.6592689733252	19199.510432370633	3322.760713553977	0.0	467.44545973960624	53.6592689733252
325	58.697161292047184	19258.20759366269	3334.643100136193	0.0	468.1000711454703	58.697161292047184
326	58.949470334056286	19317.157063996747	3344.642964410073	0.0	468.33694660592573	58.949470334056286
327	63.79397395396054	19380.951037950686	3357.992663896803	0.0	473.5263356461551	63.79397395396054
328	55.67237567594388	19436.623413626636	3364.131186488684	0.0	473.28390139348494	55.67237567594388
329	54.89060683268163	19491.51402045932	3371.1152303203003	0.0	475.07012909927937	54.89060683268163
330	55.49035043674393	19547.004370896066	3378.2625896369736	0.0	474.3673125508361	55.49035043674393
331	63.92458759107701	19610.928958487144	3392.0236572547815	0.0	471.63559730172796	63.92458759107701
332	53.68880117307233	19664.617759660214	3399.1432887604046	0.0	472.1305023867677	53.68880117307233
333	55.842420445121995	19720.46018010534	3407.262527143232	0.0	474.64399671064626	55.842420445121995
334	55.82386962730012	19776.284049732636	3412.7112168997196	0.0	472.1499786039387	55.82386962730012
335	53.66884397828505	19829.952893710917	3418.861607494839	0.0	469.95282712306073	53.66884397828505
336	55.11464624062799	19885.067539951546	3423.1140574038855	0.0	468.5815102106476	55.11464624062799
337	55.88699597938596	19940.954535930938	3431.735768437963	0.0	469.2705944966222	55.88699597938596
338	55.8902123269021	19996.844748257845	3439.656793475269	0.0	467.9357203809224	55.8902123269021
339	56.83390887575726	20053.678657133598	3447.9793981734906	0.0	468.9099608265212	56.83390887575726
340	55.25050683401078	20108.929163967612	3454.278391935024	0.0	470.39678409933555	55.25050683401078
341	57.33767230387344	20166.266836271483	3462.3184909038605	0.0	472.5567045289443	57.33767230387344
342	61.87860305020584	20228.145439321688	3477.1425782437527	0.0	469.20071029808344	61.87860305020584
343	54.51744055291375	20282.662879874602	3481.34111966186	0.0	469.8326906774546	54.51744055291375
344	58.144770316872155	20340.807650191466	3492.0084123222055	0.0	472.8237041943315	58.144770316872155
345	57.191036622751966	20397.998686814222	3502.7248578471103	0.0	471.96388656314224	57.191036622751966
346	59.1304498577919	20457.12913667201	3515.119015389551	0.0	474.39410044215373	59.1304498577919
347	54.856169906241156	20511.98530657826	3520.748549339441	0.0	473.82565449926346	54.856169906241156
348	58.43483780801083	20570.420144386262	3531.737952366546	0.0	476.6156906227557	58.43483780801083
349	57.33989851336047	20627.760042899634	3540.434985466111	0.0	475.3940325016963	57.33989851336047
350	58.09372834341901	20685.853771243048	3550.5203379646723	0.0	475.2923819349362	58.09372834341901
351	58.38422184463947	20744.237993087678	3562.10216261318	0.0	475.9893628341344	58.38422184463947
352	57.52095993512818	20801.758953022814	3569.6693275456696	0.0	475.86084515110053	57.52095993512818
353	57.7474328200871	20859.5063858429	3579.3343185086146	0.0	475.14757456590206	57.7474328200871
354	54.68786473355255	20914.194250576453	3584.776559799618	0.0	476.1720097862157	54.68786473355255
355	62.210148701122435	20976.404399277573	3596.623456205338	0.0	475.09115161977417	62.210148701122435
356	58.69382347168678	21035.09822274926	3605.867935689948	0.0	468.73307284056597	58.69382347168678
357	57.32361259456294	21092.42183534383	3613.178364361084	0.0	468.79704458489925	57.32361259456294
358	54.79774387623534	21147.219579220062	3618.9641322319612	0.0	469.97571108012176	54.79774387623534
359	55.157634863354694	21202.377214083415	3624.9508800015847	0.0	472.79109305071523	55.157634863354694
360	60.23985508739868	21262.617069170825	3636.1459559876325	0.0	470.5683124154511	60.23985508739868
361	56.634170379395634	21319.251239550213	3646.0525032117566	0.0	470.86215713065366	56.634170379395634
362	56.44304120350381	21375.694280753716	3653.962713230933	0.0	475.5241924106919	56.44304120350381
363	63.10606663238625	21438.800347386095	3669.0675950542714	0.0	477.07364811918427	63.10606663238625
364	58.58988367637511	21497.39023106247	3681.02889413201	0.0	480.57496097003786	58.58988367637511
365	58.203448964144584	21555.593680026614	3691.8075042875485	0.0	476.65495848761043	58.203448964144584
366	55.097075415286916	21610.690755441912	3699.233017705433	0.0	475.6165249399549	55.097075415286916
367	55.40776387081129	21666.098519312716	3704.0724535383815	0.0	473.8377007098522	55.40776387081129
368	59.022861800526314	21725.12138111324	3712.177600670126	0.0	472.31985975551413	59.022861800526314
369	54.27482920688707	21779.396210320134	3717.0924353269365	0.0	470.03913481412724	54.27482920688707
370	57.84683939996173	21837.2430497201	3726.7904740868094	0.0	469.12716629577005	57.84683939996173
371	54.20834699729269	21891.451396717384	3731.5455537473717	0.0	467.7371066072004	54.20834699729269
372	56.573975495864296	21948.025372213247	3737.448810022705	0.0	466.38001543046823	56.573975495864296
373	55.33839311053612	22003.363765323786	3744.1460353775583	0.0	465.93291302116785	55.33839311053612
374	54.110889233758506	22057.474654557554	3749.2263126306602	0.0	465.0811574938251	54.110889233758506
375	57.728461364676896	22115.203115922217	3760.266547968334	0.0	466.65992939755336	57.728461364676896
376	56.22046385186322	22171.42357977408	3769.4183212033786	0.0	466.15433092459904	56.22046385186322
377	57.01937788898775	22228.442957663076	3776.282157196043	0.0	466.07171946960835	57.01937788898775
378	56.711431962089456	22285.15438962517	3783.183810295599	0.0	465.1815639822666	56.711431962089456
379	56.15230354366502	22341.306693168837	3789.170308817174	0.0	467.8802102653638	56.15230354366502
380	53.915727203191885	22395.22242037202	3793.8299925669558	0.0	470.7910604499142	53.915727203191885
381	57.56584117820121	22452.788261550213	3802.9027224367865	0.0	469.25242097128626	57.56584117820121
382	58.49618896879829	22511.284450519015	3811.4809306099005	0.0	471.37802481508913	58.49618896879829
383	55.235474181138315	22566.51992470016	3817.4338973339236	0.0	470.5090360610326	55.235474181138315
384	55.37327991436706	22621.893204614535	3826.538958175948	0.0	467.51327161820853	55.37327991436706
385	59.21731256458692	22681.11051717911	3836.0631549349027	0.0	468.10517235086184	59.21731256458692
386	55.428163462786436	22736.538680641897	3841.037369388293	0.0	462.8034678106965	55.428163462786436
387	60.39318273681874	22796.931863378715	3851.9044516041627	0.0	460.17316853187714	60.39318273681874
388	58.990785680404585	22855.922649059125	3861.8736832473137	0.0	460.9905755419293	58.990785680404585
389	54.96953743664462	22910.89218649576	3867.5000752015117	0.0	460.5808310906761	54.96953743664462
390	57.193433901249364	22968.08562039702	3877.325987601141	0.0	460.25697682591266	57.193433901249364
391	58.52887303021038	23026.61449342722	3887.013117686119	0.0	463.4179275548277	58.52887303021038
392	55.86235177549977	23082.47684520273	3894.6710871031614	0.0	462.885731849729	55.86235177549977
393	54.78667443484493	23137.263519637567	3900.6618487784895	0.0	461.2813513677174	54.78667443484493
394	55.8029535230999	23193.06647316067	3907.1610403119203	0.0	461.75005920658657	55.8029535230999
395	55.35171389440309	23248.41818705507	3913.3636299812047	0.0	457.4116864041962	55.35171389440309
396	58.019348533738246	23306.43753558882	3924.1721017371733	0.0	454.7559217078958	58.019348533738246
397	56.29592402476353	23362.73345961357	3930.927657441061	0.0	454.5331904893836	56.29592402476353
398	59.63742789284396	23422.370887506422	3942.667179187215	0.0	458.1233786113874	59.63742789284396
399	56.69118939516018	23479.062076901588	3950.986779580677	0.0	456.9900791834719	56.69118939516018
400	59.70839515890942	23538.770472060478	3962.432253857598	0.0	460.8261870636333	59.70839515890942
401	56.10072323253481	23594.87119529302	3969.1581455531264	0.0	462.4220739595779	56.10072323253481
402	58.09906704265034	23652.970262335664	3976.5542881271563	0.0	462.16573648119993	58.09906704265034
403	61.96589507540677	23714.93615741107	3990.60403246813	0.0	464.57726376032997	61.96589507540677
404	57.912506643433936	23772.848664054516	3999.279254953417	0.0	462.9919570349887	57.912506643433936
405	51.78078199794344	23824.62944605245	4001.7107172034775	0.0	464.42238869869175	51.78078199794344
406	53.04877951026645	23877.67822556273	4004.587043292506	0.0	467.65987365631696	53.04877951026645
407	56.28193593589344	23933.96016149861	4011.682002010599	0.0	469.029852975261	56.28193593589344
408	60.258054420593936	23994.218215919187	4025.3425948048944	0.0	464.8986715118142	60.258054420593936
409	59.258318240066075	24053.476534159283	4034.5990884138014	0.0	465.79253286036965	59.258318240066075
410	57.42338976947363	24110.899923928744	4042.0338763930736	0.0	470.7349663290884	57.42338976947363
411	57.72111928073114	24168.62104320948	4049.0506483701447	0.0	471.7894559863258	57.72111928073114
412	54.89332665631391	24223.5143698658	4056.815849407068	0.0	472.8794827346522	54.89332665631391
413	54.2115389748187	24277.725908840624	4062.0399352388285	0.0	472.5529982053987	54.2115389748187
414	56.07552328792793	24333.80143212855	4069.4113561996983	0.0	469.70701515820673	56.07552328792793
415	56.16383004732627	24389.965262175872	4077.502564595519	0.0	469.2102949326107	56.16383004732627
416	54.95999000716991	24444.925252183053	4084.828682547451	0.0	467.2482624699026	54.95999000716991
417	56.58156076229806	24501.506812945343	4091.3973340810494	0.0	465.8584359397145	56.58156076229806
418	53.99699908127766	24555.50381202661	4094.412315574197	0.0	466.83940939306956	53.99699908127766
419	53.723850275094826	24609.22766230172	4099.573893459413	0.0	466.9804066397577	53.723850275094826
420	53.67414898512192	24662.90181128683	4104.099437780436	0.0	466.8030465995111	53.67414898512192
421	58.361253456026354	24721.26306474286	4112.835281591462	0.0	465.0390711604173	58.361253456026354
422	58.420332772082645	24779.68339751495	4123.572188940882	0.0	464.7485527576537	58.420332772082645
423	57.578073750386814	24837.261471265327	4133.433860315817	0.0	465.53473740645313	57.578073750386814
424	54.98779968766209	24892.24927095299	4139.798355674101	0.0	462.82250521014265	54.98779968766209
425	56.274385373523664	24948.523656326506	4145.371019690844	0.0	460.4161360368041	56.274385373523664
426	57.74897565505704	25006.27263198156	4156.51874457215	0.0	458.3711664424409	57.74897565505704
427	56.63368646175937	25062.906318443333	4164.899357762826	0.0	460.05718141781915	56.63368646175937
428	57.48587344159938	25120.39219188492	4172.684882303915	0.0	459.1313006351335	57.48587344159938
429	61.43533032123319	25181.827522206157	4187.681298826119	0.0	464.9509648333884	61.43533032123319
430	59.04879746620887	25240.876319672367	4198.47424611918	0.0	466.4344396413447	59.04879746620887
431	58.02704414650609	25298.90336381889	4207.386032869221	0.0	466.05558244640815	58.02704414650609
432	55.75603105686524	25354.659394875755	4213.668543788061	0.0	466.73157626842925	55.75603105686524
433	56.15294167954866	25410.81233655527	4220.759461455284	0.0	466.8086183932949	56.15294167954866
434	58.26033065296458	25469.07266720825	4229.405254077491	0.0	470.18446450475574	58.26033065296458
435	57.79040418632987	25526.863071394586	4239.331202738981	0.0	470.7449692876243	57.79040418632987
436	55.85390713518038	25582.71697852977	4247.8263057391505	0.0	469.97436417056895	55.85390713518038
437	55.8291516314677	25638.546130161245	4256.585313240861	0.0	469.1148685023806	55.8291516314677
438	59.529841514151215	25698.07597167539	4265.604031436321	0.0	465.53698876691425	59.529841514151215
439	58.80938870521059	25756.8853603806	4275.885022423656	0.0	469.22279791776697	58.80938870521059
440	54.55614285150548	25811.4415032321	4281.816780561179	0.0	468.20769464711736	54.55614285150548
441	56.356773421931806	25867.798276654034	4286.84499616378	0.0	470.3667843550994	56.356773421931806
442	56.53579717117038	25924.334073825208	4295.50028800324	0.0	473.55822057657014	56.53579717117038
443	57.05076931538847	25981.384843140575	4302.395889717762	0.0	471.8088756711995	57.05076931538847
444	55.71643337746836	26037.101276518064	4309.907576260654	0.0	472.05947846616016	55.71643337746836
445	53.6239064358208	26090.725182953887	4316.450707229046	0.0	471.4179836692675	53.6239064358208
446	54.11263764757734	26144.837820601453	4322.369238294832	0.0	469.9542836410874	54.11263764757734
447	58.37186201816764	26203.209682619636	4330.974655146558	0.0	471.3477007935101	58.37186201816764
448	54.343033816999075	26257.552716436614	4337.708208805676	0.0	472.9386761311125	54.343033816999075
449	57.86235726920133	26315.41507370582	4347.266347121233	0.0	477.4564768097279	57.86235726920133
450	60.57439211171188	26375.989465817544	4358.429794970617	0.0	476.2773014738869	60.57439211171188
451	56.34879664748609	26432.338262465	4364.341829973434	0.0	474.4079534092298	56.34879664748609
452	57.54228402199339	26489.88054648703	4374.477882459369	0.0	472.6626593244038	57.54228402199339
453	56.92174665866654	26546.802293145665	4382.283433031743	0.0	473.1321666609572	56.92174665866654
454	57.80764818813431	26604.609941333816	4390.828859659147	0.0	474.63058817594424	57.80764818813431
455	57.52043708508151	26662.130378418897	4399.890165426081	0.0	481.462639613205	57.52043708508151
456	59.82087332478263	26721.95125174368	4408.281409717715	0.0	478.8772096255205	59.82087332478263
457	59.7956624011907	26781.746914144875	4419.87454101474	0.0	480.5359785394216	59.7956624011907
458	61.62717380920355	26843.37408795408	4433.628260547036	0.0	482.97213593876796	61.62717380920355
459	57.91374880955988	26901.287836763622	4442.615376853647	0.0	485.6072926131633	57.91374880955988
460	58.29674504986152	26959.584581813495	4453.309576623485	0.0	491.04382856125795	58.29674504986152
461	55.7129667352086	27015.29754854871	4461.63891838416	0.0	491.22824082967463	55.7129667352086
462	56.087287170799165	27071.3848357195	4470.720077032793	0.0	493.33892974503	56.087287170799165
463	55.77551880172099	27127.160354521227	4475.366499157674	0.0	495.0087939230337	55.77551880172099
464	55.70217618195325	27182.862530703173	4482.1878520031705	0.0	498.62634811284425	55.70217618195325
465	56.296113076968204	27239.15864378014	4489.934526096629	0.0	500.4764168949604	56.296113076968204
466	58.113446092306894	27297.272089872447	4501.37942261036	0.0	503.61220593350635	58.113446092306894
467	53.207122827574636	27350.479212700026	4507.543551359521	0.0	505.13978996076474	53.207122827574636
468	59.03129042221356	27409.510503122245	4518.049556216015	0.0	507.96209050354236	59.03129042221356
469	57.82587769074508	27467.33638081299	4527.428577232726	0.0	509.38834111471596	57.82587769074508
470	57.93413181551231	27525.270512628507	4535.251882874697	0.0	509.3939985559772	57.93413181551231
471	60.251334525765415	27585.52184715426	4546.829671930299	0.0	509.38522162458077	60.251334525765415
472	55.82006431764001	27641.341911471896	4553.735372793045	0.0	507.27301790080276	55.82006431764001
473	53.26291175082657	27694.604823222737	4558.601791883676	0.0	504.8985511773681	53.26291175082657
474	55.59137983019123	27750.196203052936	4567.506234972465	0.0	502.75758267516073	55.59137983019123
475	59.77203494963938	27809.968238002566	4579.624195392677	0.0	502.5699463137592	59.77203494963938
476	55.58819191191917	27865.556429914483	4585.637146327613	0.0	500.39426559873505	55.58819191191917
477	62.4357775989683	27927.992207513445	4602.129253773863	0.0	494.8806767876887	62.4357775989683
478	60.67403928487705	27988.666246798326	4613.943911804191	0.0	499.3459229733225	60.67403928487705
479	55.678818650177625	28044.3450654485	4620.417676419555	0.0	500.7047342402865	55.678818650177625
480	57.048215080146086	28101.393280528653	4627.73445435471	0.0	498.6062246612601	57.048215080146086
481	61.65694510811173	28163.05022563676	4642.080866316961	0.0	503.1455126042399	61.65694510811173
482	58.19208282668556	28221.242308463436	4649.88113275395	0.0	506.51447934102686	58.19208282668556
483	56.52607908768587	28277.768387551132	4658.762536284284	0.0	508.8416512445872	56.52607908768587
484	58.692870103829634	28336.46125765496	4669.869700949896	0.0	509.1136177089106	58.692870103829634
485	55.41235283402033	28391.87361048897	4675.90445437576	0.0	509.17896448414115	55.41235283402033
486	57.40171663537951	28449.275327124364	4686.342400450192	0.0	511.8119046375592	57.40171663537951
487	54.30254768416025	28503.577874808518	4690.658995813117	0.0	511.0888408590338	54.30254768416025
488	57.146396598649545	28560.724271407165	4700.7313769832435	0.0	509.72023055602824	57.146396598649545
489	60.844765232792916	28621.569036639958	4711.01508056118	0.0	505.63425322146446	60.844765232792916
490	52.76775550512908	28674.336792145095	4715.719766358955	0.0	505.1068872478337	52.76775550512908
491	54.71220279141132	28729.04899493651	4722.035667252501	0.0	505.80389628534044	54.71220279141132
492	58.309741269122895	28787.358736205613	4731.255133367883	0.0	501.3203307024742	58.309741269122895
493	61.1353440099708	28848.494080215598	4745.235903496864	0.0	495.8692654565005	61.1353440099708
494	55.99182322088017	28904.48590343648	4753.062503164068	0.0	493.0294476814691	55.99182322088017
495	58.913386451437475	28963.3992898879	4764.042729194414	0.0	490.8585546901073	58.913386451437475
496	56.60428853641497	29020.003578424323	4772.24032485823	0.0	491.49608210844366	56.60428853641497
497	55.163276138752174	29075.16685456307	4778.737334275479	0.0	491.43382079154986	55.163276138752174
498	54.68705247983293	29129.853907042918	4784.087280305907	0.0	492.5780332828171	54.68705247983293
499	55.84297625290088	29185.69688329581	4791.693633307899	0.0	489.669564721563	55.84297625290088
500	56.41303124697904	29242.109914542787	4800.730904157927	0.0	486.53880529074485	56.41303124697904
501	56.71945607694745	29298.82937061973	4808.911556959689	0.0	486.2921343196646	56.71945607694745
502	58.68581192352826	29357.515182543266	4808.911556959689	0.0	488.4310181000713	58.68581192352826
