task	reward	total_reward	total_regret	relative	total_reward_dev	joules
0	47.901729451315894	47.901729451315894	1.5452825907138918	0.0	12.006220171800773	47.901729451315894
1	72.31357819373328	120.21530764504917	23.90002357706593	0.0	14.078553188271568	72.31357819373328
2	50.29598133989968	170.5112889849489	23.794417304692853	0.0	21.901127031039724	50.29598133989968
3	50.50824269289885	221.01953167784757	26.73049863088618	0.0	28.273798017572133	50.50824269289885
4	51.97037311527191	272.9899047931197	27.881172865887883	0.0	32.65189991193625	51.97037311527191
5	50.285720139243466	323.27562493236314	29.142709651477727	0.0	35.99231993402089	50.285720139243466
6	48.882430742337576	372.15805567470073	30.35368029225142	0.0	40.997174002133974	48.882430742337576
7	49.8543235125555	422.01237918725633	32.973606354163365	0.0	43.452159862007186	49.8543235125555
8	51.05268940557525	473.06506859283144	32.4053947989627	0.0	47.89490228463705	51.05268940557525
9	51.772432744751214	524.8375013375826	36.26504244394211	0.0	50.055433376786546	51.772432744751214
10	50.11712904182429	574.954630379407	38.77484188049881	0.0	50.97603550992941	50.11712904182429
11	49.27494490792664	624.2295752873335	38.029894928515425	0.0	54.88640974699351	49.27494490792664
12	49.60361025379669	673.8331855411302	39.1120465848623	0.0	56.68560489037784	49.60361025379669
13	52.47100219576814	726.3041877368981	44.60144688341799	0.0	59.15944406008998	52.47100219576814
14	50.05176290730248	776.3559506442012	46.30334131031246	0.0	61.48575770488984	50.05176290730248
15	49.87124553394994	826.2271961781507	48.538483677736146	0.0	64.20620749346403	49.87124553394994
16	48.51772361172834	874.7449197898791	50.15718091918389	0.0	66.13799578617808	48.51772361172834
17	48.741097701974375	923.4860174918535	50.34557742787208	0.0	67.31104837643322	48.741097701974375
18	48.77444277362824	972.2604602654814	51.04392999728084	0.0	66.53199871544996	48.77444277362824
19	50.33872959876763	1022.5991898642491	55.09529526591878	0.0	68.09885917224497	50.33872959876763
20	48.51122940830931	1071.1104192725588	56.512830546161524	0.0	68.8260528635077	48.51122940830931
21	51.75485166973157	1122.8652709422904	58.44366244149282	0.0	70.40773778769466	51.75485166973157
22	51.25792181015098	1174.1231927524416	60.81749811306428	0.0	70.06692493189115	51.25792181015098
23	49.437062624604486	1223.5602553770457	62.065551707730755	0.0	73.20282159944513	49.437062624604486
24	51.2672742978726	1274.8275296749189	62.408021741536025	0.0	74.08187636516043	51.2672742978726
25	52.16113944759592	1326.9886691225145	63.14942773409342	0.0	75.85252924031279	52.16113944759592
26	50.1688668840868	1377.157536006601	64.6804304877972	0.0	76.9682133651125	50.1688668840868
27	50.42700006227209	1427.584536068873	66.70332166027907	0.0	78.12908951347114	50.42700006227209
28	50.029711509783944	1477.6142475786576	68.00916100164608	0.0	79.5066922218877	50.029711509783944
29	50.83145810550449	1528.445705684161	71.32869617046516	0.0	81.54150118866049	50.83145810550449
30	49.991824712252935	1578.437530396415	71.93546403133637	0.0	82.71507974799206	49.991824712252935
31	50.8202695189197	1629.257799915334	75.1865678454754	0.0	82.14992664420502	50.8202695189197
32	47.96987912101923	1677.2276790363526	75.12303105488284	0.0	84.34646332120958	47.96987912101923
33	48.315648762197625	1725.5433277985512	72.13425172291929	0.0	82.75325452426355	48.315648762197625
34	48.80473241274915	1774.3480602113004	73.67960280971482	0.0	83.83774343163759	48.80473241274915
35	48.711242864151785	1823.0593030754524	71.2476164631702	0.0	86.75201305248878	48.711242864151785
36	48.62622221210095	1871.6855252875532	71.64283931283026	0.0	86.7789264574594	48.62622221210095
37	49.626868989202364	1921.3123942767547	72.46275175324848	0.0	87.89027429358657	49.626868989202364
38	51.14947229383071	1972.4618665705864	77.18884844005993	0.0	90.00277410766209	51.14947229383071
39	49.018595682691	2021.480462253277	78.904277874565	0.0	92.22350242641633	49.018595682691
40	49.959569381164016	2071.4400316344404	81.16875751788679	0.0	93.52945251016325	49.959569381164016
41	49.75234293133583	2121.1923745657764	83.83806369943945	0.0	93.39116400253847	49.75234293133583
42	51.07700959756049	2172.2693841633377	84.01606105160059	0.0	93.86697300134112	51.07700959756049
43	50.17890841739243	2222.448292580729	84.07885261464092	0.0	96.12644691791284	50.17890841739243
44	50.67865060891194	2273.1269431896417	86.35904935505681	0.0	97.67777720984844	50.67865060891194
45	48.777495154075496	2321.9044383437176	87.43026832252116	0.0	97.64025324736784	48.777495154075496
46	50.78925632821038	2372.6936946719275	90.104572035239	0.0	98.15426333191681	50.78925632821038
47	51.340574771286875	2424.0342694432156	92.6150843162768	0.0	98.00077908387377	51.340574771286875
48	53.039227649280285	2477.073497092495	97.11742137551482	0.0	96.57318024274768	53.039227649280285
49	48.87784529706459	2525.9513423895596	97.30779137138052	0.0	98.41647827627227	48.87784529706459
50	49.72380484920502	2575.6751472387646	99.6244939165003	0.0	97.45027301710849	49.72380484920502
51	49.38064766294938	2625.0557949017134	101.92017010197144	0.0	96.67509492231011	49.38064766294938
52	50.819810294341345	2675.8756051960545	103.3544953719397	0.0	99.97496323872745	50.819810294341345
53	52.02677857243059	2727.902383768486	107.0254551519463	0.0	99.02369828920787	52.02677857243059
54	50.72651227362245	2778.6288960421084	109.90671170389083	0.0	100.37255300503908	50.72651227362245
55	49.810527162542776	2828.4394232046525	110.50433059167281	0.0	100.609740538975	49.810527162542776
56	49.9663031792125	2878.4057263838636	111.74425722043514	0.0	100.33615512516882	49.9663031792125
57	51.35905811627245	2929.7647845001343	113.53046114462173	0.0	100.7149537280429	51.35905811627245
58	50.47381627418982	2980.2386007743276	114.51044409485544	0.0	104.13010192484845	50.47381627418982
59	49.176932716652075	3029.4155334909783	114.89939447413308	0.0	105.4198192821081	49.176932716652075
60	48.55487368470443	3077.970407175682	115.15099839628627	0.0	106.37540698366682	48.55487368470443
61	49.76459701808932	3127.7350041937707	113.2086950824943	0.0	107.55642273066617	49.76459701808932
62	49.67278417618105	3177.407788369954	113.80661297914293	0.0	106.19554149270003	49.67278417618105
63	51.23988279966275	3228.647671169614	116.15074915223762	0.0	106.46501174303806	51.23988279966275
64	49.50195590758952	3278.1496270772054	114.50635073942955	0.0	106.76720821353017	49.50195590758952
65	52.345673069312305	3330.495300146517	118.42431625078702	0.0	108.82370663560818	52.345673069312305
66	52.11530513849587	3382.6106052850146	122.00606445850417	0.0	108.93120799817652	52.11530513849587
67	49.877410536760216	3432.4880158217734	123.38908058286826	0.0	109.75059157767089	49.877410536760216
68	50.068023735968744	3482.556039557742	125.28587210062017	0.0	110.25945249097205	50.068023735968744
69	50.59867146743184	3533.154711025175	124.73933778549456	0.0	110.63469618745941	50.59867146743184
70	50.37995851640969	3583.534669541583	125.04208913528228	0.0	112.34286662691406	50.37995851640969
71	52.68875692419016	3636.223426465773	128.36994578035447	0.0	113.26711109839317	52.68875692419016
72	49.8615464919689	3686.084972957742	130.04355995073388	0.0	114.6467337772424	49.8615464919689
73	50.316112365580885	3736.4010853233253	131.89779583898246	0.0	113.29965647183643	50.316112365580885
74	51.17822974909243	3787.5793150724166	136.64748436064102	0.0	116.47308527931989	51.17822974909243
75	48.923361574514736	3836.5026766469296	136.36001787119835	0.0	120.01916422095358	48.923361574514736
76	51.302667664156424	3887.805344311086	141.09814322671144	0.0	121.62147900420656	51.302667664156424
77	51.253943972566184	3939.0592882836527	146.51776682647375	0.0	120.8635999001699	51.253943972566184
78	51.44385572507861	3990.5031440087337	151.64965847737736	0.0	124.03856322196262	51.44385572507861
79	47.356731034365765	4037.859875043099	151.82267662793095	0.0	125.81772022267548	47.356731034365765
80	51.88211640709665	4089.7419914501916	154.97014732572106	0.0	128.51611660057458	51.88211640709665
81	50.97798805546017	4140.719979505655	157.54513284320856	0.0	131.58197794438763	50.97798805546017
82	50.73627914722506	4191.456258652878	159.86431450500027	0.0	132.42372925538695	50.73627914722506
83	48.81320754044346	4240.269466193322	160.25052182996342	0.0	132.74932684980803	48.81320754044346
84	47.96760627541233	4288.237072468736	160.3520028863889	0.0	134.64717727552465	47.96760627541233
85	50.52298331984197	4338.760055788578	160.6363352228132	0.0	133.55630519793667	50.52298331984197
86	51.28134375024491	4390.0413995388235	163.23497170552722	0.0	135.67181157101538	51.28134375024491
87	50.152353352706896	4440.1937528915305	164.98158564181009	0.0	134.93383916094604	50.152353352706896
88	49.883632467062874	4490.077385358592	166.6479531053291	0.0	133.3160918947466	49.883632467062874
89	49.221630388759365	4539.2990157473505	166.53828893894604	0.0	134.49008192823788	49.221630388759365
90	49.830073479559516	4589.1290892269135	165.8014041822015	0.0	133.29995858291218	49.830073479559516
91	47.60259896232634	4636.731688189237	165.2704236841859	0.0	132.81734272681607	47.60259896232634
92	50.677407591723075	4687.40909578096	168.60664985869482	0.0	135.07714849601413	50.677407591723075
93	48.2459285365674	4735.65502431753	168.6824931910423	0.0	134.37256233382132	48.2459285365674
94	52.952015253857596	4788.607039571385	174.9495119571641	0.0	134.53871107563975	52.952015253857596
95	48.90886154854932	4837.515901119936	174.17506723588755	0.0	135.34277658505812	48.90886154854932
96	50.60617403719042	4888.122075157126	174.3335741717535	0.0	134.20373839410595	50.60617403719042
97	50.30656571081639	4938.428640867942	176.8882919204997	0.0	134.79987216817864	50.30656571081639
98	48.944397388005825	4987.373038255946	179.68996434715572	0.0	134.34382912343332	48.944397388005825
99	49.861253071088214	5037.234291327037	180.36469772169542	0.0	135.4478170149539	49.861253071088214
100	52.0066193447125	5089.24091067175	183.1542254789498	0.0	135.3285843639015	52.0066193447125
101	47.328365759294186	5136.569276431042	181.83728428832222	0.0	134.91184832673315	47.328365759294186
102	49.07095640546023	5185.640232836505	183.52351004488636	0.0	136.21079835332873	49.07095640546023
103	48.070061526132534	5233.710294362636	184.2418190906736	0.0	137.88329928094424	48.070061526132534
104	51.62671226430803	5285.337006626942	187.57180465631345	0.0	138.30253902593788	51.62671226430803
105	48.209201865651536	5333.546208492594	189.82101344309157	0.0	138.80684579127987	48.209201865651536
106	51.3086371980789	5384.854845690675	190.8498326315643	0.0	136.55194410837822	51.3086371980789
107	50.441553773076656	5435.29639946375	190.5833694433262	0.0	139.49848823491553	50.441553773076656
108	49.01493177478099	5484.311331238531	191.6389654990137	0.0	140.01901785417743	49.01493177478099
109	49.21863601352251	5533.529967252053	194.86561242763207	0.0	140.16085773802604	49.21863601352251
110	50.77900309984732	5584.308970351899	195.56850921842025	0.0	140.55692257854858	50.77900309984732
111	48.106928263544	5632.415898615444	195.76434582341915	0.0	138.82465459166502	48.106928263544
112	50.394896242838705	5682.8107948582865	197.3568105838305	0.0	141.6695284537469	50.394896242838705
113	50.03255920776721	5732.843354066048	198.1850183452003	0.0	140.698733123603	50.03255920776721
114	48.93866222698158	5781.782016293032	199.00288781178554	0.0	141.25769991790898	48.93866222698158
115	48.65917486993894	5830.441191162972	197.41478567900324	0.0	143.42660171883924	48.65917486993894
116	51.713812840831615	5882.1550040038	200.78925398441245	0.0	145.9651630803283	51.713812840831615
117	49.33308813196426	5931.488092135767	200.770119605643	0.0	145.0508421258005	49.33308813196426
118	50.58259286753121	5982.070685003302	202.50118937202163	0.0	147.96532283313672	50.58259286753121
119	50.60441881571878	6032.675103819021	203.10978092379625	0.0	147.05247177149747	50.60441881571878
120	48.93889092046047	6081.613994739477	202.57104256828686	0.0	146.2138917563313	48.93889092046047
121	50.80869237250084	6132.422687111978	203.22411353375645	0.0	148.0190049795919	50.80869237250084
122	50.28517700456177	6182.70786411654	204.57620965446964	0.0	147.73079946346448	50.28517700456177
123	50.01277834890688	6232.72064246545	206.41831968678684	0.0	149.30124449135386	50.01277834890688
124	51.5128941824609	6284.233536647912	210.0210589615874	0.0	151.77104942954242	51.5128941824609
125	51.08470013287641	6335.318236780786	210.96907981065164	0.0	155.18921848539003	51.08470013287641
126	50.56102423637311	6385.879261017159	213.60905792047447	0.0	155.7980934197762	50.56102423637311
127	50.14628998561089	6436.025551002771	216.60175496812477	0.0	158.22815307399168	50.14628998561089
128	50.393184799892104	6486.41873580266	216.63593983401725	0.0	155.1077025301472	50.393184799892104
129	50.45774255037651	6536.876478353034	216.06556606725783	0.0	154.94345098936176	50.45774255037651
130	52.59808290172415	6589.47456125476	219.09724802099558	0.0	156.00592951776213	52.59808290172415
131	49.55892312484656	6639.033484379607	220.22636822278963	0.0	157.27607909204553	49.55892312484656
132	50.32454870372525	6689.358033083334	223.96233941572535	0.0	159.44809519324755	50.32454870372525
133	48.77388392904034	6738.131917012372	225.79594013467576	0.0	158.10973493518483	48.77388392904034
134	49.476547626244226	6787.608464638619	226.8471014068335	0.0	158.60893967570627	49.476547626244226
135	50.12250214184851	6837.730966780468	228.42563432130177	0.0	158.67746458582718	50.12250214184851
136	50.870984082404775	6888.601950862871	230.1301486259424	0.0	157.50073419792167	50.870984082404775
137	49.44682396950611	6938.048774832376	230.10913572169062	0.0	159.722918455975	49.44682396950611
138	50.97531774259318	6989.02409257497	232.36287860101686	0.0	160.51209941315676	50.97531774259318
139	53.28434452133374	7042.308437096303	238.87343316478052	0.0	162.47202385287292	53.28434452133374
140	49.15896025884928	7091.467397355157	239.96578454078	0.0	163.1826742347069	49.15896025884928
141	50.821846684101985	7142.289244039258	240.66879720759889	0.0	164.97397463578974	50.821846684101985
142	50.52838840416081	7192.817632443416	243.88991606791635	0.0	168.19042074138451	50.52838840416081
143	49.32541106328741	7242.143043506705	244.88130316021554	0.0	169.95729777977473	49.32541106328741
144	48.3129419919652	7290.455985498665	245.6196664751802	0.0	170.31694346768225	48.3129419919652
145	48.91693456360271	7339.372920062269	246.31145975475943	0.0	169.06132241710083	48.91693456360271
146	49.57643920896684	7388.949359271239	246.68123006851292	0.0	168.233107183178	49.57643920896684
147	48.117057926259704	7437.066417197502	248.62286922673903	0.0	170.415461610918	48.117057926259704
148	49.16827886126218	7486.234696058757	249.02123946718072	0.0	170.69128985000938	49.16827886126218
149	50.86928856177861	7537.1039846205385	251.58044842208767	0.0	171.4898175025744	50.86928856177861
150	50.15071252906409	7587.254697149602	251.00049898966543	0.0	169.13337074723918	50.15071252906409
151	50.905013821963045	7638.159710971569	251.77073813664344	0.0	169.27506847135987	50.905013821963045
152	48.26389678511203	7686.4236077566775	250.57485639010164	0.0	170.24881015339597	48.26389678511203
153	49.099285973912664	7735.522893730596	248.93599573890776	0.0	172.2078795307781	49.099285973912664
154	47.77735493028953	7783.300248660878	248.40801649628347	0.0	172.12268695525736	47.77735493028953
155	48.59026287378515	7831.890511534667	246.70233527517067	0.0	172.74944731271654	48.59026287378515
156	49.20910036124268	7881.09961189591	245.1384101198867	0.0	172.8957428043566	49.20910036124268
157	50.44559340773063	7931.545205303638	244.80696728327894	0.0	175.32441295942306	50.44559340773063
158	51.346788126936104	7982.891993430575	248.4065688297143	0.0	176.2967158018372	51.346788126936104
159	52.39858488587737	8035.2905783164515	250.41755859405296	0.0	178.48499695198603	52.39858488587737
160	49.41811830876489	8084.708696625215	250.80216046894174	0.0	181.14355439546907	49.41811830876489
161	48.046154260616774	8132.754850885832	250.72895143341455	0.0	181.68586236427817	48.046154260616774
162	48.5479644517691	8181.302815337602	250.8058782008863	0.0	182.94576016295292	48.5479644517691
163	50.191597606242404	8231.494412943846	253.39862939219137	0.0	185.06706154578777	50.191597606242404
164	49.64523774177823	8281.139650685622	252.40157719144463	0.0	185.46728406776168	49.64523774177823
165	50.871168079198995	8332.010818764824	254.55578995195708	0.0	184.07923889083332	50.871168079198995
166	51.18463459378677	8383.19545335861	257.35307296709254	0.0	183.16560840773695	51.18463459378677
167	50.1287591986011	8433.32421255721	258.67404365613277	0.0	184.6297546906716	50.1287591986011
168	48.437060034487956	8481.761272591699	255.91327732541163	0.0	185.9431368413362	48.437060034487956
169	50.32298035205122	8532.084252943747	257.7776372809858	0.0	186.39433914532606	50.32298035205122
170	48.10228290423447	8580.186535847986	258.67872600253025	0.0	186.30680328858725	48.10228290423447
171	49.778397350668364	8629.964933198653	259.274382318995	0.0	187.41982268951298	49.778397350668364
172	50.47415767863129	8680.439090877288	261.6583812826704	0.0	187.74592568552927	50.47415767863129
173	50.448593890813406	8730.887684768093	262.34038058665465	0.0	190.4515859757652	50.448593890813406
174	49.03209830244067	8779.919783070538	262.0899295122412	0.0	190.4152523758328	49.03209830244067
175	47.097003626517	8827.016786697057	259.2637906236242	0.0	190.46715527383694	47.097003626517
176	48.40061901617273	8875.417405713228	258.9037662365499	0.0	191.70268163810888	48.40061901617273
177	49.87062537973102	8925.288031092956	260.0098938930704	0.0	190.08160979864573	49.87062537973102
178	50.56772422018133	8975.855755313138	261.8406128284662	0.0	191.92206412695447	50.56772422018133
179	49.982571363777026	9025.838326676916	262.9916037121002	0.0	192.3657555621634	49.982571363777026
180	48.90301167788919	9074.741338354805	261.6409946938968	0.0	192.7759176477171	48.90301167788919
181	51.60696399889368	9126.348302353705	265.74304637843267	0.0	193.7983827195572	51.60696399889368
182	53.29545798052426	9179.643760334224	271.86848362649727	0.0	193.62354104207478	53.29545798052426
183	50.86016197797862	9230.503922312204	271.7933212617491	0.0	193.71513673263735	50.86016197797862
184	52.112700079094914	9282.616622391299	273.1724171333896	0.0	196.2973824682057	52.112700079094914
185	49.01061222785398	9331.627234619149	273.42496969558067	0.0	196.01654645162355	49.01061222785398
186	51.72525360563245	9383.352488224786	278.06132074851763	0.0	196.87801860877232	51.72525360563245
187	50.50641981834635	9433.858908043128	278.2805390121237	0.0	194.68577446629936	50.50641981834635
188	51.07599656360744	9484.93490460674	280.90069339631026	0.0	195.1105480030768	51.07599656360744
189	49.98031779041358	9534.91522239715	282.15573057621606	0.0	196.8244351756279	49.98031779041358
190	47.07722957422347	9581.992451971379	280.57482544340587	0.0	197.99800008900993	47.07722957422347
191	51.23597258710246	9633.228424558483	282.47220704162874	0.0	197.8571913189043	51.23597258710246
192	50.914902406577156	9684.143326965055	286.8639029412276	0.0	199.68054406676876	50.914902406577156
193	47.46704648685405	9731.610373451913	286.7016681257043	0.0	198.36922010445286	47.46704648685405
194	51.90770765767579	9783.518081109587	289.1428670294793	0.0	197.48558322624152	51.90770765767579
195	50.28413789501079	9833.802219004598	290.5599023790171	0.0	198.4391484713266	50.28413789501079
196	51.79635354321329	9885.598572547808	293.3423984504673	0.0	201.4438490563317	51.79635354321329
197	50.6163074240265	9936.214879971834	294.48851460531785	0.0	200.67984501876435	50.6163074240265
198	48.743208656384425	9984.958088628217	293.21635216843765	0.0	202.54891929350444	48.743208656384425
199	50.76178961748158	10035.7198782457	295.1487914867656	0.0	201.15964689135487	50.76178961748158
200	49.02879883387447	10084.748677079577	297.45944630168367	0.0	202.3454529690961	49.02879883387447
201	48.92976641854709	10133.678443498124	298.6589891758451	0.0	202.57473913779182	48.92976641854709
202	48.650743522852665	10182.329187020976	297.07794525845657	0.0	203.61428381724545	48.650743522852665
203	49.97244884830369	10232.30163586928	297.86553991465286	0.0	204.21357093712098	49.97244884830369
204	51.079917270248025	10283.381553139528	301.04575910259416	0.0	204.46175926090416	51.079917270248025
205	47.8359678293195	10331.217520968845	299.89243764310083	0.0	205.3080005347872	47.8359678293195
206	52.00953911177469	10383.22706008062	302.9916014735988	0.0	204.63524587055062	52.00953911177469
207	49.79009692448487	10433.017157005102	306.0308432971504	0.0	206.2484676223227	49.79009692448487
208	47.60869902322215	10480.625856028328	306.0188095365635	0.0	208.48023745070304	47.60869902322215
209	47.39725874305942	10528.023114771384	306.79152308937427	0.0	208.67318358262747	47.39725874305942
210	50.801915950557415	10578.825030721946	308.76291054443703	0.0	210.08102830130113	50.801915950557415
211	49.01160875657055	10627.836639478513	308.50060551005413	0.0	210.90027017877958	49.01160875657055
212	49.394235912089925	10677.230875390605	310.98698162128693	0.0	211.6216307152025	49.394235912089925
213	50.24147726620062	10727.472352656805	312.6219790016319	0.0	210.10635415855103	50.24147726620062
214	51.64407395669839	10779.116426613506	316.8936446820501	0.0	209.6482990656066	51.64407395669839
215	47.95929256298014	10827.075719176484	317.4070760840508	0.0	209.4843951720902	47.95929256298014
216	48.13874126601244	10875.214460442501	317.23670232839027	0.0	211.5759312841537	48.13874126601244
217	51.89520570956296	10927.10966615206	321.0919981044184	0.0	212.74459862861565	51.89520570956296
218	49.29657890075262	10976.406245052814	322.09741768326427	0.0	214.62546858000402	49.29657890075262
219	49.3590997298582	11025.765344782667	322.8007601996193	0.0	214.00021694685165	49.3590997298582
220	49.13466552000002	11074.90001030267	320.9696641431134	0.0	215.36283633260157	49.13466552000002
221	49.97918414665953	11124.879194449328	319.1801947280167	0.0	214.07330370132186	49.97918414665953
222	51.209140285922885	11176.088334735257	321.42231663228426	0.0	214.8369489105318	51.209140285922885
223	48.69288678389199	11224.78122151914	321.54442275377465	0.0	214.0667815353618	48.69288678389199
224	50.59602677722806	11275.377248296367	322.50291796541404	0.0	213.83770908527745	50.59602677722806
225	50.174980509040985	11325.552228805418	322.0175014462746	0.0	216.4134774677766	50.174980509040985
226	49.96849410312923	11375.52072290854	322.7132217974062	0.0	214.74664210806216	49.96849410312923
227	48.09457233791173	11423.61529524645	323.2979503183383	0.0	216.73729405654936	48.09457233791173
228	50.75563646757937	11474.370931714035	325.5758806461487	0.0	216.3574834008922	50.75563646757937
229	51.00439165576151	11525.375323369793	329.5554997261159	0.0	215.99182325807053	51.00439165576151
230	49.42185134303785	11574.797174712834	331.6976177518931	0.0	216.8701516446473	49.42185134303785
231	48.852169162413404	11623.649343875248	330.8222178383709	0.0	216.99397912073914	48.852169162413404
232	50.720025625986324	11674.369369501237	334.38043214424556	0.0	215.48355095371917	50.720025625986324
233	50.097996735029234	11724.467366236262	335.13461515682343	0.0	215.2050856587106	50.097996735029234
234	49.74276755900801	11774.210133795272	336.9404401668912	0.0	213.37921099146516	49.74276755900801
235	49.159530687211216	11823.36966448248	335.5818313440409	0.0	217.26076054567136	49.159530687211216
236	48.98119837309113	11872.350862855568	336.1813149860968	0.0	218.5299320658359	48.98119837309113
237	52.57735570564464	11924.928218561214	339.655056211561	0.0	217.571737164746	52.57735570564464
238	50.12603441342237	11975.054252974642	342.2884604570613	0.0	216.12456697943068	50.12603441342237
239	52.43692119713728	12027.49117417178	347.42559112345	0.0	219.75447379025522	52.43692119713728
240	49.36900108609957	12076.86017525788	349.27966030600766	0.0	222.2922062613089	49.36900108609957
241	49.51681738938171	12126.376992647263	350.54899234722876	0.0	220.94466288138563	49.51681738938171
242	52.506839989445865	12178.883832636706	353.29999311577063	0.0	218.57279458832005	52.506839989445865
243	52.75562313675394	12231.639455773458	357.5208881039286	0.0	218.95185391213226	52.75562313675394
244	48.423330879373296	12280.06278665283	356.6437499568661	0.0	220.4100015939503	48.423330879373296
245	51.61919152144449	12331.681978174276	359.1414220596387	0.0	219.69257464142075	51.61919152144449
246	54.51721159378895	12386.199189768056	366.24699674200895	0.0	217.6681744712152	54.51721159378895
247	51.51257710027894	12437.711766868348	369.4076959215419	0.0	219.35693018348277	51.51257710027894
248	49.18908624435513	12486.9008531127	368.2454731814061	0.0	220.42186050937153	49.18908624435513
249	51.46117173591062	12538.362024848606	369.7648185423986	0.0	220.0104739176104	51.46117173591062
250	49.51728498666105	12587.879309835267	370.0385168921819	0.0	220.30042592287694	49.51728498666105
251	49.760276813360534	12637.639586648627	371.2933978600787	0.0	218.56778927108073	49.760276813360534
252	47.52602185462401	12685.16560850325	370.9566777612571	0.0	217.6841218451646	47.52602185462401
253	49.08892545955326	12734.254533962803	371.0563305954061	0.0	220.07828748214916	49.08892545955326
254	50.896176530615946	12785.150710493424	374.4950926868699	0.0	218.98202070564938	50.896176530615946
255	51.91722016376545	12837.067930657191	377.38110005481826	0.0	220.2436983045212	51.91722016376545
256	49.314431806298956	12886.382362463495	378.3617596332978	0.0	218.55445391133483	49.314431806298956
257	50.7805443442898	12937.162906807782	380.8503593008968	0.0	218.6868635601652	50.7805443442898
258	49.90387854995713	12987.06678535774	380.4476138766532	0.0	218.8603449225522	49.90387854995713
259	48.571143512801264	13035.637928870538	379.6773353619686	0.0	218.00893925514725	48.571143512801264
260	51.13292488557065	13086.77085375611	382.642728762471	0.0	218.72665856852828	51.13292488557065
261	50.21846864485663	13136.989322400968	384.52011705793456	0.0	221.24762090293044	50.21846864485663
262	48.156042268942905	13185.145364669906	383.74853101506125	0.0	220.49373701000567	48.156042268942905
263	50.93957238597468	13236.084937055879	386.7509865355052	0.0	220.12657533923434	50.93957238597468
264	49.803536230161605	13285.888473286042	388.7323624271783	0.0	222.99028905907562	49.803536230161605
265	49.07476492912467	13334.963238215165	387.95655481487154	0.0	222.79940661727844	49.07476492912467
266	49.82322963439427	13384.786467849566	387.5335559300309	0.0	223.15322517245525	49.82322963439427
267	48.61967363726151	13433.406141486828	387.15431654169595	0.0	222.4178394899538	48.61967363726151
268	50.16212021107097	13483.568261697894	391.4164554336042	0.0	222.0255769330758	50.16212021107097
269	49.91383818282089	13533.482099880719	393.1469302259182	0.0	219.45445924312628	49.91383818282089
270	50.4854605906156	13583.967560471337	394.5702414636685	0.0	219.43138815211526	50.4854605906156
271	51.35059970600304	13635.318160177327	397.27856402962783	0.0	222.65835889005663	51.35059970600304
272	49.03928263793214	13684.357442815275	397.28698146933147	0.0	223.6862806418369	49.03928263793214
273	49.75012580770933	13734.107568622972	398.9993391109549	0.0	223.52252531097218	49.75012580770933
274	51.99133350426263	13786.098902127242	405.5401736596417	0.0	224.05849387493535	51.99133350426263
275	47.03769093325666	13833.136593060502	404.31245204820897	0.0	224.88544897111845	47.03769093325666
276	49.3059873201839	13882.442580380683	406.96883669421527	0.0	225.72912524199944	49.3059873201839
277	50.36840013192278	13932.810980512597	409.46446505741267	0.0	224.33076545848053	50.36840013192278
278	51.70683914521766	13984.517819657816	412.14973465922515	0.0	226.516712210848	51.70683914521766
279	50.66550699972316	14035.183326657543	414.40557742861586	0.0	225.17196393639517	50.66550699972316
280	51.170554279207444	14086.353880936751	419.50981428229716	0.0	222.9383759529639	51.170554279207444
281	50.45218370537496	14136.806064642118	421.381419887482	0.0	224.0571826584091	50.45218370537496
282	48.701266471719045	14185.507331113846	420.53227283144247	0.0	225.29804028294726	48.701266471719045
283	50.54431050907846	14236.051641622926	422.83019279796673	0.0	225.22053646232663	50.54431050907846
284	48.645211340769755	14284.69685296369	420.3914456043605	0.0	225.95230775449417	48.645211340769755
285	48.52572741735933	14333.222580381056	420.27032113227955	0.0	226.42131705845458	48.52572741735933
286	49.3410933502844	14382.563673731336	421.8863669622338	0.0	226.1649647440545	49.3410933502844
287	47.58662853699766	14430.15030226833	420.77211775673567	0.0	226.53423787332667	47.58662853699766
288	49.25653958805015	14479.406841856384	420.4070232767119	0.0	227.6045308654987	49.25653958805015
289	49.30817438568868	14528.715016242077	419.2049222916027	0.0	226.86246156340403	49.30817438568868
290	49.879655792918555	14578.594672034991	420.2282110776419	0.0	227.0490756329088	49.879655792918555
291	47.43164772607605	14626.026319761064	416.8523426337769	0.0	227.87280026309745	47.43164772607605
292	50.04472675964751	14676.071046520716	418.04389563187084	0.0	227.06070101289643	50.04472675964751
293	49.46945778193586	14725.540504302648	418.9871543417703	0.0	228.13280810990616	49.46945778193586
294	49.19782947340441	14774.738333776051	420.69572859621746	0.0	227.04952661047878	49.19782947340441
295	50.23864404639276	14824.976977822445	422.6279731282614	0.0	225.49220985176206	50.23864404639276
296	50.211136143179445	14875.188113965627	423.0235885712545	0.0	224.8154816180108	50.211136143179445
297	51.78971958578617	14926.977833551418	427.7241280828691	0.0	224.16289182752402	51.78971958578617
298	48.70558123034041	14975.683414781757	425.88135670336095	0.0	225.97291598711848	48.70558123034041
299	48.273681347123436	15023.957096128877	427.0536888110559	0.0	228.05065036600098	48.273681347123436
300	51.57431280637923	15075.531408935247	431.20813823813575	0.0	228.8887981622589	51.57431280637923
301	49.2083890654044	15124.739798000659	432.06622852723694	0.0	230.53678540852005	49.2083890654044
302	50.95049887966073	15175.690296880326	437.8299443720986	0.0	232.9087780021324	50.95049887966073
303	50.05609578591656	15225.746392666239	439.1795359499907	0.0	234.61756020590195	50.05609578591656
304	50.948718012617185	15276.69511067885	441.39771566302915	0.0	235.14190454677154	50.948718012617185
305	49.18274812705836	15325.877858805909	442.18243493976377	0.0	233.13262788414804	49.18274812705836
306	46.35958031577879	15372.23743912169	440.54796658883134	0.0	233.1810354294587	46.35958031577879
307	53.20230487922901	15425.43974400092	444.03670864979364	0.0	235.33697188479883	53.20230487922901
308	48.46278746131436	15473.902531462232	446.7711658203848	0.0	236.30914879599484	48.46278746131436
309	48.688004465372195	15522.590535927604	447.15149588461804	0.0	238.30438485781832	48.688004465372195
310	50.759662679685746	15573.350198607302	449.5178495239527	0.0	240.513404094185	50.759662679685746
311	48.690786732075004	15622.040985339372	448.28396198089496	0.0	240.62954633130707	48.690786732075004
312	47.93573545335527	15669.976720792722	446.4510385238454	0.0	240.17616151169932	47.93573545335527
313	50.24128019283749	15720.218000985564	447.45480136849585	0.0	237.58804477445943	50.24128019283749
314	51.64695628442857	15771.86495726999	451.4136093253507	0.0	238.63991613879764	51.64695628442857
315	48.990920925493725	15820.855878195482	450.90652597438697	0.0	238.9593962395817	48.990920925493725
316	49.57509070437592	15870.430968899856	451.17601949486925	0.0	240.1519176917531	49.57509070437592
317	49.12943933979911	15919.560408239668	450.6313126900371	0.0	239.8301137037682	49.12943933979911
318	49.69368271982935	15969.254090959492	449.0611960529399	0.0	242.50458719002145	49.69368271982935
319	52.04376883818025	16021.297859797667	452.8209879132171	0.0	241.58820113830456	52.04376883818025
320	49.20852482137261	16070.506384619044	453.4674949008306	0.0	241.8183611670179	49.20852482137261
321	52.904409356492145	16123.410793975534	458.4526933154378	0.0	244.44366793812654	52.904409356492145
322	50.85067053025247	16174.261464505784	461.6467592379091	0.0	244.0223701090061	50.85067053025247
323	49.301546421432434	16223.563010927215	460.13169699280775	0.0	241.46147561166657	49.301546421432434
324	49.67629730231712	16273.239308229538	459.87803666850886	0.0	242.41319139893537	49.67629730231712
325	48.2566722074017	16321.495980436946	459.04589718655103	0.0	243.04252724567604	48.2566722074017
326	51.12722083800182	16372.623201274937	460.1608846031597	0.0	242.50748052219225	51.12722083800182
327	50.538957214043755	16423.162158488987	462.4387392427814	0.0	243.29260366266595	50.538957214043755
328	53.14403332922462	16476.306191818214	462.92642531451355	0.0	242.58100082621476	53.14403332922462
329	49.06152073750391	16525.367712555708	463.1159746824508	0.0	242.9523295352313	49.06152073750391
330	47.98367912667826	16573.351391682398	463.2142725072883	0.0	242.712938126534	47.98367912667826
331	50.937616274542776	16624.28900795693	463.70836011643985	0.0	242.5435379566282	50.937616274542776
332	48.19741675186891	16672.486424708797	463.4860957420881	0.0	241.3621618834111	48.19741675186891
333	52.016157532428224	16724.50258224122	467.6216109670422	0.0	242.6821287338889	52.016157532428224
334	50.64347689151593	16775.146059132752	468.28586219210257	0.0	243.23516703968446	50.64347689151593
335	45.93549346871906	16821.081552601463	466.6895781399967	0.0	243.24226462866343	45.93549346871906
336	48.08169884211354	16869.163251443577	465.4728950236081	0.0	243.43781181630146	48.08169884211354
337	49.69964324387257	16918.862894687456	467.58136910460763	0.0	247.24977519722097	49.69964324387257
338	52.1668683466386	16971.02976303409	469.8155628091149	0.0	249.8635524050072	52.1668683466386
339	48.698540897888705	17019.728303931985	471.501165818243	0.0	248.11708740094426	48.698540897888705
340	50.64249852034797	17070.370802452326	472.50377422630146	0.0	247.76123340563473	50.64249852034797
341	50.21754637897759	17120.588348831297	473.41977410734427	0.0	247.95674582538612	50.21754637897759
342	48.629263878700755	17169.217612710007	474.1563728731095	0.0	249.31201743285334	48.629263878700755
343	48.55258059951149	17217.770193309512	472.75663122081096	0.0	250.3062598323556	48.55258059951149
344	48.84034957233832	17266.610542881856	471.7467941396682	0.0	251.27701942003787	48.84034957233832
345	46.66976213288789	17313.280305014738	467.763281508253	0.0	250.71674954690945	46.66976213288789
346	49.910455111630306	17363.190760126374	470.62840536664606	0.0	251.22271384754947	49.910455111630306
347	50.956490832244356	17414.14725095861	471.71244098062334	0.0	251.00974206342678	50.956490832244356
348	48.5076810186621	17462.654931977275	470.76932998399667	0.0	251.63712072139606	48.5076810186621
349	48.56720630832154	17511.222138285597	470.5572070423279	0.0	253.46795899116754	48.56720630832154
350	46.80556351540533	17558.027701801006	467.56736654122574	0.0	254.61794811747808	46.80556351540533
351	48.916357046251626	17606.944058847257	467.9153317409262	0.0	255.02215021535957	48.916357046251626
352	50.683628281745875	17657.627687129003	470.8306726439953	0.0	254.42992346558322	50.683628281745875
353	51.65074332647664	17709.278430455477	473.3293406022294	0.0	254.24296510815742	51.65074332647664
354	49.7502547508458	17759.02868520633	474.0084456865668	0.0	254.47840857107073	49.7502547508458
355	49.00055221006347	17808.029237416387	473.2778625337338	0.0	254.83481342373554	49.00055221006347
356	48.9476614759917	17856.976898892375	474.27893709082423	0.0	255.7662899445624	48.9476614759917
357	52.078756469514076	17909.055655361895	476.71565577264346	0.0	257.2719262185972	52.078756469514076
358	49.374642336599216	17958.430297698495	478.53586323164205	0.0	257.13527338106536	49.374642336599216
359	49.07064451503373	18007.500942213523	481.2022912291395	0.0	260.504480668348	49.07064451503373
360	49.20045558457728	18056.70139779811	482.2582857941496	0.0	262.34513283571044	49.20045558457728
361	50.439327241726374	18107.140725039826	484.64367696689806	0.0	263.5798533870579	50.439327241726374
362	50.04044681788307	18157.181171857712	486.1926526109053	0.0	264.5919503905392	50.04044681788307
363	49.67266581441017	18206.853837672123	487.9018175561201	0.0	269.34547799948655	49.67266581441017
364	49.031562838185074	18255.885400510313	486.80356287434574	0.0	269.8819789846633	49.031562838185074
365	48.609446839511726	18304.49484734983	485.233974370231	0.0	272.06946933741045	48.609446839511726
366	50.64716156027066	18355.142008910087	488.3921357049683	0.0	271.08943083731106	50.64716156027066
367	49.90011463817915	18405.042123548268	487.2436356205557	0.0	268.4499868633803	49.90011463817915
368	51.312330783829815	18456.354454332104	490.42657319387666	0.0	269.9909405973006	51.312330783829815
369	48.37489049814475	18504.729344830237	491.1768612658494	0.0	269.6094792053247	48.37489049814475
370	52.439934749498114	18557.169279579735	492.38406268319807	0.0	269.10680572545954	52.439934749498114
371	47.937311202466425	18605.10659078221	491.05334213808567	0.0	268.6892353600469	47.937311202466425
372	48.613240252727685	18653.719831034934	492.29457974544437	0.0	268.54695004836896	48.613240252727685
373	49.19034638266028	18702.9101774176	495.89796870266713	0.0	268.81501235095055	49.19034638266028
374	47.70353697346246	18750.613714391064	494.1715169027136	0.0	267.6870091954474	47.70353697346246
375	49.22865463485562	18799.84236902592	494.7959959088228	0.0	267.33901514007107	49.22865463485562
376	49.02056113618371	18848.8629301621	495.37996447763874	0.0	264.4518135893059	49.02056113618371
377	48.87487570743116	18897.737805869532	494.7989139524105	0.0	265.2526157232388	48.87487570743116
378	51.61368331136934	18949.35148918089	495.55722997246374	0.0	266.45644807418876	51.61368331136934
379	50.47722697198473	18999.82871615288	497.12718514309216	0.0	267.7747587512627	50.47722697198473
380	50.2230391777552	19050.051755330653	499.52373947295825	0.0	268.4114299965542	50.2230391777552
381	50.596670118613844	19100.648425449257	499.50109829032823	0.0	269.4321741958306	50.596670118613844
382	48.84173371823051	19149.49015916749	500.7536840740124	0.0	271.36481041916795	48.84173371823051
383	51.01740146904333	19200.507560636524	506.4361864848164	0.0	271.5795843539032	51.01740146904333
384	46.404766540309474	19246.912327176833	504.84200129342645	0.0	270.1398886437455	46.404766540309474
385	49.661047509996635	19296.57337468683	506.7415808076423	0.0	268.8500904999561	49.661047509996635
386	49.26302876966153	19345.8364034565	507.2500404102686	0.0	270.7691346614461	49.26302876966153
387	50.451095821713245	19396.28749927821	508.0338502479702	0.0	270.20222207550665	50.451095821713245
388	50.494298442403405	19446.781797720607	508.3589198209977	0.0	271.71335357758903	50.494298442403405
389	50.30610183413232	19497.087899554743	510.3763185592572	0.0	270.8098502008225	50.30610183413232
390	49.62686066280152	19546.714760217546	511.40103152653603	0.0	271.9966507452973	49.62686066280152
391	51.29165914856436	19598.006419366113	512.671935421751	0.0	275.37012413478266	51.29165914856436
392	50.60483553867305	19648.61125490478	513.2951859596454	0.0	273.4844619876148	50.60483553867305
393	50.23389921428233	19698.845154119077	514.0448506822374	0.0	271.77094012725894	50.23389921428233
394	46.912289239349256	19745.757443358423	510.3756979359947	0.0	271.30916570550687	46.912289239349256
395	48.450465710767595	19794.20790906919	511.1555274117909	0.0	270.39396521958696	48.450465710767595
396	54.22563539663166	19848.433544465806	515.3370494637705	0.0	271.5972599041311	54.22563539663166
397	47.55507761648946	19895.988622082303	516.7512232499025	0.0	272.3085763615346	47.55507761648946
398	50.11128929910472	19946.099911381403	518.4146956918371	0.0	274.3525154091682	50.11128929910472
399	48.22475352128884	19994.324664902695	516.4201164091943	0.0	275.4754630066539	48.22475352128884
400	49.489442093159504	20043.814106995855	518.4127167766262	0.0	279.1277779266378	49.489442093159504
401	47.93599039683308	20091.750097392694	516.9661822538519	0.0	277.5453328259935	47.93599039683308
402	51.830297622643414	20143.580395015328	520.8094845094035	0.0	278.6414954262363	51.830297622643414
403	51.13467662265387	20194.715071637984	521.7751868630789	0.0	279.98076230203094	51.13467662265387
404	50.70528990764036	20245.420361545624	524.8173135681831	0.0	280.7842591885204	50.70528990764036
405	50.57035415693798	20295.990715702566	526.1695849284556	0.0	279.02770799866465	50.57035415693798
406	51.68799707232999	20347.678712774894	527.687271142457	0.0	278.74088415723156	51.68799707232999
407	49.791212060051095	20397.46992483495	529.9363171400371	0.0	279.5043194915449	49.791212060051095
408	49.508637236007296	20446.978562070948	530.9429410072283	0.0	280.81900387996455	49.508637236007296
409	51.56202150798954	20498.54058357894	535.627806890954	0.0	280.37523002295825	51.56202150798954
410	48.518980317261814	20547.059563896204	535.8172094643946	0.0	280.9553257853648	48.518980317261814
411	51.164024630526775	20598.22358852673	536.9550796820977	0.0	280.0167468759078	51.164024630526775
412	49.92246275968676	20648.146051286414	536.8314371176426	0.0	279.7206806004883	49.92246275968676
413	51.03299637771374	20699.17904766414	537.9476546938924	0.0	280.5694223209275	51.03299637771374
414	49.60242230153904	20748.781469965674	538.9608737741004	0.0	280.97245483113574	49.60242230153904
415	52.34755947525055	20801.129029440923	542.8216155878026	0.0	283.12703152718757	52.34755947525055
416	49.66249861578517	20850.791528056714	544.5780617616203	0.0	283.4818435760982	49.66249861578517
417	50.7354708868632	20901.52699894357	547.6178971376116	0.0	286.0811013722178	50.7354708868632
418	51.085581765752835	20952.61258070932	552.1822890256987	0.0	286.7605717139483	51.085581765752835
419	51.04126577830947	21003.653846487636	556.0276517984216	0.0	287.6760800209021	51.04126577830947
420	48.55707986033712	21052.210926347965	556.2868078188942	0.0	286.93191042332404	48.55707986033712
421	48.15474541337116	21100.36567176133	557.1203371967217	0.0	285.11014678443325	48.15474541337116
422	49.33604344413229	21149.70171520548	555.9699212132103	0.0	286.7236096256132	49.33604344413229
423	49.730632811415624	21199.43234801688	555.7160769234043	0.0	286.49818008631166	49.730632811415624
424	49.665115514866415	21249.097463531758	556.6178921938745	0.0	287.7573157455232	49.665115514866415
425	51.56918716976017	21300.66665070151	557.3200615628427	0.0	287.21822556270354	51.56918716976017
426	49.60421049398568	21350.270861195495	559.2397433379408	0.0	289.21948131569326	49.60421049398568
427	51.56463656706596	21401.835497762564	560.1763423237004	0.0	289.00935471976896	51.56463656706596
428	49.437319020384585	21451.27281678295	558.722935752187	0.0	291.3653752396833	49.437319020384585
429	49.267250405557235	21500.540067188507	561.1722658624228	0.0	293.0736892821503	49.267250405557235
430	49.096270563371846	21549.63633775187	563.9086221651326	0.0	292.7415774197503	49.096270563371846
431	48.30470244572729	21597.941040197617	562.2532981128732	0.0	292.32302240282155	48.30470244572729
432	49.97596384995983	21647.917004047573	564.4148333285241	0.0	291.6895161159017	49.97596384995983
433	49.97324765549717	21697.890251703066	567.553681273547	0.0	294.0590347922537	49.97324765549717
434	49.4847482957162	21747.374999998785	567.7650441358008	0.0	294.0938226104044	49.4847482957162
435	50.69312394073089	21798.06812393951	570.0723288407072	0.0	294.64765904118053	50.69312394073089
436	49.62651608590716	21847.694640025413	570.8536364046013	0.0	296.959332439985	49.62651608590716
437	50.40037687984035	21898.095016905267	571.4395057868373	0.0	296.8407404917062	50.40037687984035
438	52.55474823438375	21950.649765139642	575.1054221481427	0.0	297.1693647255464	52.55474823438375
439	48.19062452050123	21998.84038966015	574.8058141521551	0.0	296.7125305011872	48.19062452050123
440	49.117954271367495	22047.958343931517	573.7828972405524	0.0	297.12558402671425	49.117954271367495
441	50.417924274204694	22098.376268205717	575.3424339566748	0.0	297.7587175379848	50.417924274204694
442	50.62885213129276	22149.005120337	577.882208126834	0.0	296.3408773622999	50.62885213129276
443	51.961971013811635	22200.967091350827	581.7804406994039	0.0	298.44179925582756	51.961971013811635
444	50.929729019937795	22251.896820370755	583.6626180891012	0.0	300.48334568815255	50.929729019937795
445	49.44860075792247	22301.345421128684	585.4768324191494	0.0	302.3991118123772	49.44860075792247
446	49.04890753999703	22350.39432866867	585.5224714688222	0.0	304.13764896709097	49.04890753999703
447	49.088062945400964	22399.48239161409	587.5355385444908	0.0	302.62940661578466	49.088062945400964
448	50.77913789770535	22450.261529511776	589.0231768355234	0.0	303.14522637022253	50.77913789770535
449	49.17692343219229	22499.438452943992	589.9800745052888	0.0	302.7683846832388	49.17692343219229
450	48.326274147562486	22547.764727091533	588.0623417776263	0.0	302.9039320311741	48.326274147562486
451	47.22067258171367	22594.98539967325	586.8587607633411	0.0	303.157529677913	47.22067258171367
452	49.839462870003764	22644.82486254326	587.4295164380554	0.0	302.8560381911882	49.839462870003764
453	53.542975034860845	22698.367837578113	592.877104507487	0.0	303.25517381785534	53.542975034860845
454	51.54095264300324	22749.908790221132	593.8589137675193	0.0	303.2142159885972	51.54095264300324
455	51.61203039866053	22801.52082061977	597.498983087909	0.0	303.71502223227515	51.61203039866053
456	51.10005585056852	22852.620876470337	600.2018177123624	0.0	301.62606547187744	51.10005585056852
457	50.39741676689048	22903.018293237245	600.0828245094249	0.0	303.0047125290292	50.39741676689048
458	50.96561172898379	22953.983904966248	601.34566490293	0.0	307.3356264507032	50.96561172898379
459	49.941403819002105	23003.92530878523	603.637451190608	0.0	307.96601956266625	49.941403819002105
460	49.24811725248689	23053.17342603771	602.081506148533	0.0	307.859458902585	49.24811725248689
461	51.163983669504624	23104.33740970722	604.8510257993366	0.0	307.50272362646507	51.163983669504624
462	49.57709144494797	23153.914501152165	607.1554027696494	0.0	308.15857005615726	49.57709144494797
463	49.072739554054536	23202.98724070621	609.2552129560329	0.0	307.4847547205888	49.072739554054536
464	49.51721565450732	23252.504456360726	611.7028732051016	0.0	308.8649401335896	49.51721565450732
465	51.20371619561367	23303.70817255635	616.7357635805398	0.0	308.79738612484397	51.20371619561367
466	47.87993543526925	23351.58810799161	615.7517252540686	0.0	309.5818794319401	47.87993543526925
467	51.219173102037594	23402.807281093657	617.5812881491322	0.0	309.84732044640367	51.219173102037594
468	52.03613685016343	23454.843417943808	622.7274990043943	0.0	313.49688580204236	52.03613685016343
469	49.668390939079664	23504.51180888289	626.6750579932908	0.0	310.5966203520198	49.668390939079664
470	52.23500392658204	23556.74681280947	630.9463831355142	0.0	310.6991689293064	52.23500392658204
471	50.113265112976435	23606.86007792246	632.3166922387053	0.0	311.9580926133648	50.113265112976435
472	52.49182522490297	23659.351903147333	635.5278602030216	0.0	309.58907914885987	52.49182522490297
473	50.585143529601666	23709.937046676958	636.6705202253511	0.0	310.86804393755256	50.585143529601666
474	50.07557709091073	23760.012623767863	639.2552496892995	0.0	310.36514980928325	50.07557709091073
475	48.6627069411208	23808.675330708982	638.9405390479043	0.0	311.29505988825247	48.6627069411208
476	49.48036534391033	23858.155696052894	639.3387189992919	0.0	311.7186517191251	49.48036534391033
477	51.50823390521211	23909.66392995811	642.1500789929137	0.0	311.2208920820522	51.50823390521211
478	47.85478239800968	23957.518712356108	641.9624626203106	0.0	310.215832302426	47.85478239800968
479	49.25855690752908	24006.777269263654	642.6715472614944	0.0	311.6696269826702	49.25855690752908
480	47.77717586505742	24054.554445128706	640.8577246002568	0.0	313.7693559766472	47.77717586505742
481	50.825435405815426	24105.379880534532	641.6954447299312	0.0	313.64127619349654	50.825435405815426
482	50.01300272269263	24155.392883257224	641.7555765989987	0.0	314.7828361016575	50.01300272269263
483	49.88197518928369	24205.274858446504	642.1846810195848	0.0	315.6748426909716	49.88197518928369
484	48.49307029406249	24253.76792874057	641.8031008214721	0.0	314.2694450656797	48.49307029406249
485	50.018008178581155	24303.785936919136	642.1754113251397	0.0	312.83240131475304	50.018008178581155
486	50.717837506604	24354.503774425746	642.3246286115448	0.0	313.9793861346025	50.717837506604
487	48.09106599550453	24402.594840421258	640.9027223247442	0.0	315.4187023015816	48.09106599550453
488	49.358911349976154	24451.95375177123	640.8433916544759	0.0	314.3491051710342	49.358911349976154
489	51.21978203528893	24503.173533806515	643.6756115259615	0.0	312.4461775565171	51.21978203528893
490	50.26273343633764	24553.43626724285	646.1965651763309	0.0	314.142515254359	50.26273343633764
491	50.63327069574629	24604.069537938605	648.1265035604943	0.0	314.03789508758655	50.63327069574629
492	49.379025612806345	24653.448563551385	647.8858718361507	0.0	311.80699229799177	49.379025612806345
493	50.80650438702803	24704.255067938426	649.7720169935392	0.0	311.05976161624284	50.80650438702803
494	48.86257217277799	24753.117640111224	647.697045309119	0.0	309.56936449754863	48.86257217277799
495	52.82033039830808	24805.937970509505	650.8080672996464	0.0	307.39137720212113	52.82033039830808
496	48.287757625554434	24854.225728135076	648.9335650913317	0.0	306.1566554991452	48.287757625554434
497	48.961125571888935	24903.186853706964	650.0917005646392	0.0	306.4638654875806	48.961125571888935
498	49.725549889535614	24952.912403596503	650.4279810657389	0.0	309.1568211061904	49.725549889535614
499	50.6299694445696	25003.542373041062	650.2762745401894	0.0	311.5463261931352	50.6299694445696
500	52.93650913093124	25056.478882172007	652.0534213860448	0.0	310.708606037455	52.93650913093124
501	48.924635574343796	25105.403517746334	653.1552755326693	0.0	311.3563415625013	48.924635574343796
502	49.732503993055076	25155.1360217394	653.1552755326693	0.0	314.02400223269774	49.732503993055076
