task	reward	total_reward	total_regret	relative	total_reward_dev	joules
0	77.7152603332316	77.7152603332316	6.405961491498716	0.0	28.44831667262846	77.7152603332316
1	83.65537143174424	161.3706317649758	19.709581926804066	0.0	44.198367090220664	83.65537143174424
2	85.4548088607507	246.8254406257266	32.927500962196206	0.0	53.96855674332621	85.4548088607507
3	74.0896938527688	320.91513447849525	35.81366041951891	0.0	62.63509695083559	74.0896938527688
4	75.78609829633011	396.7012327748252	39.5803667844346	0.0	65.473570230577	75.78609829633011
5	85.46893914019427	482.17017191501947	53.91083014297951	0.0	75.8239299496188	85.46893914019427
6	81.10604665979302	563.2762185748126	63.54936922620404	0.0	81.38532974835026	81.10604665979302
7	86.41861678299443	649.6948353578068	78.27768627107304	0.0	90.38817827156282	86.41861678299443
8	77.53787444496975	727.2327098027764	84.15891674879205	0.0	94.02711879687774	77.53787444496975
9	79.10377253533339	806.3364823381099	91.78068381655179	0.0	96.54765131778942	79.10377253533339
10	79.08846337645232	885.4249457145627	99.81625786981854	0.0	97.10060407489341	79.08846337645232
11	80.05956343601578	965.4845091505782	108.36577631035003	0.0	99.65443537788462	80.05956343601578
12	79.24111421474164	1044.7256233653195	116.06766036103538	0.0	100.96488305102635	79.24111421474164
13	78.82010053975533	1123.545723905075	124.01327277779501	0.0	103.6718723399265	78.82010053975533
14	77.86559705931143	1201.4113209643865	132.62147904782614	0.0	107.6172236905398	77.86559705931143
15	77.61818438151339	1279.0295053458995	139.63133810712995	0.0	107.03000324042935	77.61818438151339
16	82.54777003206071	1361.5772753779604	151.44719359177856	0.0	117.49891734394603	82.54777003206071
17	80.5534706898573	1442.1307460678177	161.4797652581572	0.0	115.9567128667231	80.5534706898573
18	81.63290321538776	1523.7636492832055	173.30340161551504	0.0	120.70749317161906	81.63290321538776
19	77.65585825478192	1601.4195075379869	180.47530048681875	0.0	123.5573237716264	77.65585825478192
20	77.02453352199305	1678.44404105998	185.66185286261396	0.0	126.26633057997276	77.02453352199305
21	75.91718350176924	1754.3612245617496	190.92514303708595	0.0	124.69797712272218	75.91718350176924
22	81.79888730803232	1836.1601118697813	201.75732189661238	0.0	125.31632300782134	81.79888730803232
23	83.90249651029855	1920.0626083800796	216.8108494273564	0.0	133.35981840656274	83.90249651029855
24	82.76315491016236	2002.8257632902432	227.6622101409579	0.0	135.79073475502904	82.76315491016236
25	80.4739925506086	2083.2997558408506	238.02740933362668	0.0	141.00090427036295	80.4739925506086
26	84.84755142538877	2168.1473072662397	251.5573518521627	0.0	145.79404432552485	84.84755142538877
27	80.41618755665732	2248.5634948228976	261.23292971113887	0.0	149.11687449197868	80.41618755665732
28	85.1866632220848	2333.7501580449816	275.8413263879448	0.0	152.18549572185955	85.1866632220848
29	84.28440059629287	2418.034558641275	288.4585339314524	0.0	154.78456218272655	84.28440059629287
30	84.69252531365444	2502.72708395493	301.61697285615776	0.0	153.27537104204933	84.69252531365444
31	78.41959361097483	2581.1466775659037	309.33531589416066	0.0	156.6125113922677	78.41959361097483
32	82.63854112287821	2663.785218688782	321.35526014172484	0.0	154.74476595670814	82.63854112287821
33	75.74093303551689	2739.5261517242975	326.05309487745393	0.0	155.26483448982327	75.74093303551689
34	85.21642178972141	2824.7425735140214	340.3525620872361	0.0	153.66233321760032	85.21642178972141
35	80.72352562555413	2905.4660991395735	350.06827724428416	0.0	155.86510454654993	80.72352562555413
36	79.3358743120556	2984.8019734516292	357.28955401361293	0.0	157.76609581626158	79.3358743120556
37	83.57495482360152	3068.376928275233	369.3306097927987	0.0	162.78051802560148	83.57495482360152
38	78.90837917747656	3147.2853074527084	377.45916343790054	0.0	164.891325439058	78.90837917747656
39	77.48164009309995	3224.766947545809	384.67606502262066	0.0	169.30217085986152	77.48164009309995
40	79.00865951888849	3303.7756070646988	391.2604118694841	0.0	175.71738608451088	79.00865951888849
41	81.22513536148494	3385.0007424261803	400.65664822620676	0.0	177.7220756176226	81.22513536148494
42	76.30560999837238	3461.306352424553	406.31180788533743	0.0	181.81537500087606	76.30560999837238
43	79.20944524220455	3540.5157976667583	415.4949853964147	0.0	189.8562118729045	79.20944524220455
44	82.88030810687945	3623.3961057736383	426.4260594817489	0.0	192.38873611018144	82.88030810687945
45	79.00044757176175	3702.3965533454007	434.6368080555612	0.0	191.1555430456231	79.00044757176175
46	84.1144845310194	3786.5110378764175	447.52229855121385	0.0	192.1007338056799	84.1144845310194
47	80.50073901431088	3867.0117768907303	456.0757398985677	0.0	199.58166769352596	80.50073901431088
48	75.92623682452012	3942.9380137152493	461.51272086171883	0.0	203.0497696604445	75.92623682452012
49	79.12746786424954	4022.065481579499	469.3987925181902	0.0	206.9735457492973	79.12746786424954
50	79.2410597956906	4101.306541375191	478.0697594371309	0.0	213.2258550120919	79.2410597956906
51	77.33739510688332	4178.643936482073	484.9011156586305	0.0	218.38651944796453	77.33739510688332
52	80.7946838896147	4259.438620371689	495.82060819061206	0.0	221.4687281939547	80.7946838896147
53	84.06086675014767	4343.499487121834	508.5358976907661	0.0	223.18198728574012	84.06086675014767
54	79.88651742114072	4423.386004542976	515.9152777433065	0.0	221.7839193193893	79.88651742114072
55	79.770190238273	4503.156194781248	523.7653536312523	0.0	228.68115048830427	79.770190238273
56	78.13528457827096	4581.291479359523	532.037562470145	0.0	231.59326653350274	78.13528457827096
57	80.19278217510005	4661.484261534621	541.3795360966644	0.0	235.22335373062387	80.19278217510005
58	82.87509451384089	4744.3593560484605	554.0265599627346	0.0	240.96377567033164	82.87509451384089
59	85.69284995238668	4830.052206000847	568.233732569922	0.0	245.1844418720784	85.69284995238668
60	84.07822979302033	4914.130435793868	581.6469258361636	0.0	248.27587859027577	84.07822979302033
61	80.8951155515578	4995.025551345427	592.3881518945064	0.0	249.66506460338047	80.8951155515578
62	78.08103004006668	5073.106581385493	599.3839211669213	0.0	251.8831392210634	78.08103004006668
63	78.22868702379614	5151.335268409291	607.9472863321083	0.0	255.4660521891707	78.22868702379614
64	77.52082806193316	5228.8560964712215	614.7858698962831	0.0	259.30330018216904	77.52082806193316
65	76.69350118773914	5305.549597658962	620.0786857622451	0.0	262.4203436432693	76.69350118773914
66	81.61180797057108	5387.161405629533	630.6655258339418	0.0	261.60798119017636	81.61180797057108
67	75.42842192486921	5462.589827554404	634.2445799661746	0.0	260.5665017198121	75.42842192486921
68	77.77726307428944	5540.367090628693	640.0152916674216	0.0	261.1498590781596	77.77726307428944
69	79.95890383974245	5620.325994468435	649.1636603012773	0.0	265.46836417221965	79.95890383974245
70	83.1833484758629	5703.509342944296	661.0214204660591	0.0	265.27647631027725	83.1833484758629
71	78.47271445301084	5781.982057397309	668.7211112846205	0.0	264.1004204279449	78.47271445301084
72	77.22108242599069	5859.203139823297	675.2020180745044	0.0	262.53444380345564	77.22108242599069
73	79.2622061310826	5938.465345954382	681.567824510266	0.0	262.61195990120905	79.2622061310826
74	81.25808911617449	6019.723435070554	691.4780758593502	0.0	258.0955289586322	81.25808911617449
75	79.63144586604075	6099.354880936595	699.4968129706712	0.0	262.05247129436776	79.63144586604075
76	77.18281265103518	6176.53769358763	706.3341315491233	0.0	262.14448381056036	77.18281265103518
77	82.03485401489388	6258.572547602528	717.8870599381464	0.0	258.60860199754507	82.03485401489388
78	81.23998503979442	6339.812532642323	728.2522696502042	0.0	264.0385694591109	81.23998503979442
79	78.31649617533316	6418.129028817655	734.9829524103782	0.0	264.61594528622675	78.31649617533316
80	79.98381726727564	6498.112846084933	743.4884235748704	0.0	263.1100411062211	79.98381726727564
81	80.34249007459795	6578.455336159528	753.0302921805455	0.0	266.37248416143603	80.34249007459795
82	81.84601027987347	6660.301346439398	764.2775956869068	0.0	269.9089135870064	81.84601027987347
83	78.79222656415908	6739.09357300356	772.1545411182252	0.0	271.50840836799676	78.79222656415908
84	79.00873906470112	6818.10231206826	780.1922966185514	0.0	274.5543558697849	79.00873906470112
85	80.67209237662047	6898.774404444882	788.7153379246186	0.0	274.4775287143434	80.67209237662047
86	79.07891627831955	6977.853320723199	795.7714612790675	0.0	274.9229181742156	79.07891627831955
87	79.90959373006552	7057.762914453267	805.5229073683657	0.0	271.5538541660208	79.90959373006552
88	80.21312471149324	7137.976039164759	814.1668768870476	0.0	276.34129090975756	80.21312471149324
89	78.75141674064358	7216.727455905401	823.1379595190807	0.0	279.61712329362143	78.75141674064358
90	72.75068414979046	7289.4781400551965	825.4453194279683	0.0	278.7631006524371	72.75068414979046
91	85.54428900637939	7375.0224290615715	839.4800347010661	0.0	282.07149159271313	85.54428900637939
92	80.99895951320576	7456.0213885747835	848.7103138604613	0.0	285.9211622802994	80.99895951320576
93	80.32869989645864	7536.35008847124	859.3782135793897	0.0	292.1024382749697	80.32869989645864
94	77.29878553621975	7613.648874007456	865.5162428439921	0.0	295.7112862457957	77.29878553621975
95	79.8577211493367	7693.506595156796	874.4635961046017	0.0	298.4460509603462	79.8577211493367
96	82.45944643534365	7775.966041592135	886.3707986384329	0.0	292.1925595037684	82.45944643534365
97	78.1218935252945	7854.087935117436	892.7918888560163	0.0	291.08109812511066	78.1218935252945
98	80.94858208706597	7935.0365172045	903.0451266488408	0.0	289.51931704173717	80.94858208706597
99	77.9895153379135	8013.026032542411	909.5913515475745	0.0	290.9703967386116	77.9895153379135
100	80.07046220905774	8093.096494751472	919.5553882941286	0.0	295.6174761915326	80.07046220905774
101	82.32262606911885	8175.419120820588	931.2248018071483	0.0	298.3309513830011	82.32262606911885
102	85.97803829185403	8261.397159112445	947.1258213605449	0.0	305.84028329333574	85.97803829185403
103	79.31281031221312	8340.709969424657	954.4800682361291	0.0	307.31696517393465	79.31281031221312
104	81.12401230829109	8421.833981732947	964.2078706197836	0.0	312.83766121794895	81.12401230829109
105	79.37591288000303	8501.20989461295	972.1292349858095	0.0	321.5490285630705	79.37591288000303
106	85.92027980781332	8587.130174420767	987.1107854280043	0.0	323.63954167446167	85.92027980781332
107	80.05159835691698	8667.181772777678	997.3029008894016	0.0	323.6629308837651	80.05159835691698
108	76.40581362271088	8743.58758640039	1002.2239742830345	0.0	325.0253314294271	76.40581362271088
109	81.363077063317	8824.950663463705	1012.3665847230333	0.0	326.79794935315465	81.363077063317
110	84.75150389521096	8909.702167358915	1026.3456784620746	0.0	327.8623972979609	84.75150389521096
111	82.37427525581161	8992.076442614733	1036.7699188982886	0.0	328.9746938965402	82.37427525581161
112	81.08117664285297	9073.157619257581	1047.6122405328504	0.0	329.7783557215029	81.08117664285297
113	86.33349219959774	9159.49111145718	1064.0616372714546	0.0	329.13563717340264	86.33349219959774
114	81.76534371597523	9241.256455173158	1074.2952335329435	0.0	335.45166095362544	81.76534371597523
115	78.90135349722568	9320.157808670383	1082.3889523927573	0.0	335.8894910839246	78.90135349722568
116	78.51180899664917	9398.669617667027	1090.3989168650428	0.0	335.2705977643407	78.51180899664917
117	76.30934382445415	9474.97896149148	1096.5149680691932	0.0	338.975879532281	76.30934382445415
118	79.87457344464462	9554.853534936128	1104.9172405705096	0.0	344.4175852255651	79.87457344464462
119	78.84577413818273	9633.699309074307	1113.6127377679395	0.0	344.85661808508866	78.84577413818273
120	82.42048592615643	9716.119795000466	1125.9863968012903	0.0	347.086777784311	82.42048592615643
121	77.6325399066091	9793.752334907076	1132.4336848808064	0.0	345.1395403897172	77.6325399066091
122	78.74288627650105	9872.495221183577	1139.4178599924396	0.0	349.93600005422024	78.74288627650105
123	80.08677761427732	9952.581998797852	1148.6125695734481	0.0	350.95279294417634	80.08677761427732
124	82.10816216016858	10034.69016095802	1159.9111947611368	0.0	354.6445658921776	82.10816216016858
125	82.81108323397827	10117.501244192	1171.2482909305709	0.0	360.7577756124849	82.81108323397827
126	78.70491545777291	10196.206159649773	1178.800675898936	0.0	354.4604948342257	78.70491545777291
127	76.46266859524023	10272.66882824502	1183.3653963245235	0.0	352.36771336399556	76.46266859524023
128	78.71295802836481	10351.381786273376	1190.3012354919142	0.0	350.10371041164416	78.71295802836481
129	81.4011213502407	10432.782907623618	1199.868338229252	0.0	352.19356568551314	81.4011213502407
130	83.756069859941	10516.538977483557	1212.5094641008918	0.0	356.27090648537313	83.756069859941
131	83.79202997046285	10600.33100745402	1224.8087603272377	0.0	356.7639225478911	83.79202997046285
132	81.02248920986493	10681.353496663887	1234.5363724937645	0.0	366.4998581430534	81.02248920986493
133	79.9163041049527	10761.26980076884	1242.817172599079	0.0	367.8753686101111	79.9163041049527
134	80.73955715209227	10842.009357920932	1252.593307921949	0.0	370.21278088460423	80.73955715209227
135	75.21451287555402	10917.223870796486	1257.4020334471907	0.0	372.17108768335476	75.21451287555402
136	79.4799343695609	10996.703805166047	1265.171721807763	0.0	373.1367012887251	79.4799343695609
137	80.06100614405335	11076.764811310097	1274.6585739430227	0.0	377.7742366167559	80.06100614405335
138	78.73722628835503	11155.502037598453	1281.204167281417	0.0	379.47264347148945	78.73722628835503
139	82.25916153108177	11237.761199129534	1292.0488314421068	0.0	378.7391987639149	82.25916153108177
140	77.50618618432357	11315.26738531386	1298.651548738548	0.0	378.76736252734497	77.50618618432357
141	76.29080762266928	11391.558192936529	1304.1013309636107	0.0	384.32939195882534	76.29080762266928
142	81.02981369491582	11472.588006631446	1314.0355776840038	0.0	384.50341792316556	81.02981369491582
143	75.12360688174813	11547.71161351319	1318.9733421253475	0.0	383.2870451028148	75.12360688174813
144	78.03413330323993	11625.745746816428	1325.1979103821027	0.0	383.5859485006688	78.03413330323993
145	80.78617891070891	11706.531925727142	1334.51861146306	0.0	385.4652338653367	80.78617891070891
146	76.09398503923182	11782.625910766372	1340.2024680709092	0.0	386.4257856175173	76.09398503923182
147	82.62910999270213	11865.255020759078	1351.5241623127151	0.0	387.0843921417586	82.62910999270213
148	80.83214744446164	11946.08716820354	1362.420061215326	0.0	389.4541638683919	80.83214744446164
149	79.41621729526636	12025.503385498798	1371.1292071673515	0.0	389.22261249849873	79.41621729526636
150	81.14694515132885	12106.650330650127	1380.3066193994457	0.0	388.0087946121995	81.14694515132885
151	80.19126676082827	12186.84159741096	1389.9197193076232	0.0	384.18014514698564	80.19126676082827
152	79.09303740067895	12265.934634811636	1397.686610188162	0.0	383.2226699797056	79.09303740067895
153	79.36105593532845	12345.29569074697	1404.8578939222875	0.0	385.782118112256	79.36105593532845
154	81.608351132476	12426.904041879445	1414.2199348494787	0.0	387.896334638058	81.608351132476
155	83.56474985378354	12510.468791733227	1426.9479673096953	0.0	389.31457606826933	83.56474985378354
156	77.89644815524287	12588.365239888464	1433.0873778586254	0.0	388.94546194499543	77.89644815524287
157	79.03506229021042	12667.40030217867	1439.698883451646	0.0	386.64688796578787	79.03506229021042
158	80.15365225042453	12747.55395442911	1449.1376638982263	0.0	389.61042207688587	80.15365225042453
159	76.47086622811008	12824.024820657216	1454.3131844156655	0.0	386.30059910917805	76.47086622811008
160	83.49339078474422	12907.518211441955	1466.0154257837378	0.0	384.09865260223086	83.49339078474422
161	79.04438128870638	12986.562592730665	1473.874575152953	0.0	385.0346057545399	79.04438128870638
162	80.09066585956884	13066.653258590235	1482.0266200421156	0.0	381.35099130211967	80.09066585956884
163	80.7138682845097	13147.367126874737	1492.773320240538	0.0	384.47959803633483	80.7138682845097
164	78.11902380255127	13225.48615067729	1500.1357407952796	0.0	387.38842134731414	78.11902380255127
165	78.54480704562705	13304.030957722918	1508.218206091496	0.0	391.1155450447796	78.54480704562705
166	81.35029598451436	13385.381253707434	1518.2792690998258	0.0	391.4803979430215	81.35029598451436
167	80.88291506663577	13466.264168774069	1528.0057336506302	0.0	397.1562183773373	80.88291506663577
168	84.05319968147315	13550.31736845554	1541.6423515877489	0.0	399.4730375105218	84.05319968147315
169	77.80857504664282	13628.125943502188	1547.1114143553805	0.0	402.0787203102054	77.80857504664282
170	83.47206414113181	13711.598007643315	1559.7384168645308	0.0	399.69900536280664	83.47206414113181
171	81.298949779972	13792.896957423281	1569.220687817058	0.0	397.90851575008327	81.298949779972
172	78.11535129668403	13871.01230871997	1577.4797583844368	0.0	399.32649441519516	78.11535129668403
173	84.59157965698354	13955.603888376956	1591.2111289802185	0.0	406.276867083137	84.59157965698354
174	78.75192307305652	14034.355811450014	1598.1168001606243	0.0	408.07802619991884	78.75192307305652
175	80.57076334761237	14114.926574797626	1608.1443501297856	0.0	413.96783730017955	80.57076334761237
176	79.15088274971772	14194.077457547348	1617.0914004536273	0.0	418.25046249715905	79.15088274971772
177	76.53261533956578	14270.61007288691	1622.4556974534582	0.0	411.52352791206215	76.53261533956578
178	80.15364761657735	14350.763720503483	1632.549023584918	0.0	411.233022169131	80.15364761657735
179	79.45313682607846	14430.216857329568	1640.1008411603973	0.0	413.2704621360517	79.45313682607846
180	78.26067784101458	14508.47753517058	1649.0149337713729	0.0	415.6902211329141	78.26067784101458
181	80.8847439006974	14589.362279071272	1658.5923157466625	0.0	417.4943710140381	80.8847439006974
182	75.02028946362024	14664.382568534897	1662.229005079787	0.0	417.38068182455044	75.02028946362024
183	79.42180417535494	14743.804372710249	1671.2464200107195	0.0	420.1674114922439	79.42180417535494
184	78.89603786755887	14822.700410577809	1680.023488803693	0.0	417.2485839247376	78.89603786755887
185	84.62661691160812	14907.327027489413	1693.2629978877399	0.0	421.0148474757685	84.62661691160812
186	77.63211493008929	14984.959142419508	1701.0557299703466	0.0	425.65719346407377	77.63211493008929
187	77.84998788670146	15062.809130306205	1707.9229188898369	0.0	428.56944647629274	77.84998788670146
188	83.41874980043458	15146.227880106646	1720.419128032498	0.0	423.58584204578875	83.41874980043458
189	79.99440497294914	15226.222285079597	1728.1958115534258	0.0	420.77530360328757	79.99440497294914
190	80.8750560224427	15307.097341102035	1738.34264350248	0.0	419.8373889187602	80.8750560224427
191	82.08221336499207	15389.17955446703	1748.914999926119	0.0	424.6594190182737	82.08221336499207
192	82.09152252873861	15471.271076995758	1760.490656662109	0.0	422.8465864762293	82.09152252873861
193	76.96887309744105	15548.2399500932	1767.692425457051	0.0	423.32984877975116	76.96887309744105
194	82.71510767226945	15630.955057765474	1779.3452935725884	0.0	424.87227516960917	82.71510767226945
195	82.65694098837999	15713.61199875386	1790.3524981484827	0.0	426.3382283146764	82.65694098837999
196	76.83933979749743	15790.451338551356	1796.199161238742	0.0	427.2480870075278	76.83933979749743
197	76.88056590119143	15867.331904452543	1802.8736050715668	0.0	425.2611788056987	76.88056590119143
198	80.52355271684229	15947.85545716939	1811.3132329903951	0.0	422.18299252872725	80.52355271684229
199	78.11230162769692	16025.967758797078	1819.8756902910548	0.0	424.4769181300071	78.11230162769692
200	76.06695125184768	16102.03471004893	1824.908560393607	0.0	425.0241728668932	76.06695125184768
201	76.41832730712143	16178.45303735605	1831.0283835141008	0.0	430.7878073630319	76.41832730712143
202	78.51785328497263	16256.97089064102	1837.9818871681664	0.0	428.81851835957343	78.51785328497263
203	84.10763946099632	16341.07853010202	1851.5043232885876	0.0	431.57374983587056	84.10763946099632
204	80.77981371949936	16421.858343821517	1861.2210279281412	0.0	430.6810935429481	80.77981371949936
205	83.47928754706142	16505.337631368573	1873.4055537847698	0.0	433.5090816522601	83.47928754706142
206	77.31575546281822	16582.653386831396	1879.5455197452002	0.0	432.9063528124578	77.31575546281822
207	80.08491932938067	16662.73830616078	1888.6519490747244	0.0	433.3784974426172	80.08491932938067
208	78.68898269333432	16741.427288854105	1895.782212365049	0.0	430.8167662918223	78.68898269333432
209	79.20829468497367	16820.635583539086	1904.422402132679	0.0	428.15806975008667	79.20829468497367
210	82.90663898212871	16903.54222252121	1916.1045301322683	0.0	430.3801984794644	82.90663898212871
211	78.19789597205717	16981.74011849327	1924.1537179652016	0.0	430.8747536010637	78.19789597205717
212	77.42210805638828	17059.16222654966	1930.5105577618444	0.0	431.76064014514424	77.42210805638828
213	77.48197137267766	17136.64419792234	1935.950998975827	0.0	433.14957994360066	77.48197137267766
214	75.84769330593961	17212.491891228274	1941.4244750462194	0.0	433.99654417110423	75.84769330593961
215	83.64797428895322	17296.139865517223	1952.7810134095635	0.0	432.4831461090614	83.64797428895322
216	79.0832177379498	17375.22308325518	1960.4564016244453	0.0	429.8870104927612	79.0832177379498
217	80.52782308986511	17455.750906345052	1969.5764185963778	0.0	430.96847531759863	80.52782308986511
218	78.3664561822356	17534.11736252728	1975.3788996805827	0.0	428.9189761202628	78.3664561822356
219	79.51304547273836	17613.630408000015	1984.0459263238854	0.0	432.8723641545707	79.51304547273836
220	77.41977767652756	17691.050185676544	1990.8907104883804	0.0	435.8565086567791	77.41977767652756
221	81.97991061742024	17773.03009629397	2002.7110002486331	0.0	439.00016777928545	81.97991061742024
222	79.70963526425338	17852.739731558228	2012.1101033778477	0.0	440.1030244451179	79.70963526425338
223	83.28074322409678	17936.020474782323	2024.1584309109749	0.0	444.9891114790906	83.28074322409678
224	78.55639240827385	18014.576867190593	2032.8294268314169	0.0	451.65309104257517	78.55639240827385
225	81.86294373462155	18096.439810925214	2042.9174046635621	0.0	448.8306004618388	81.86294373462155
226	78.29734540158775	18174.7371563268	2049.9307888011085	0.0	449.84573996048505	78.29734540158775
227	81.53703210722297	18256.27418843402	2061.1343577527946	0.0	449.3521219682532	81.53703210722297
228	76.83481169431289	18333.10900012833	2067.3711129091853	0.0	451.8041406994804	76.83481169431289
229	83.35532050481726	18416.464320633157	2078.182975807545	0.0	455.64718019535775	83.35532050481726
230	77.97965626006676	18494.44397689322	2084.4572355693103	0.0	456.43962525173134	77.97965626006676
231	81.94461286408361	18576.38858975731	2095.0526064346896	0.0	455.4612448842064	81.94461286408361
232	78.95221096620072	18655.340800723505	2102.706009867301	0.0	459.04881625934195	78.95221096620072
233	82.82589980852391	18738.166700532034	2113.8414614479134	0.0	464.5677976482419	82.82589980852391
234	80.85227173016463	18819.01897226219	2124.535548515049	0.0	468.34450166470316	80.85227173016463
235	79.48295329131304	18898.501925553497	2132.3801472832984	0.0	468.0973978644791	79.48295329131304
236	82.11884606154224	18980.620771615042	2143.028883016862	0.0	472.2133043583039	82.11884606154224
237	84.65726362401048	19065.278035239047	2157.0851391023175	0.0	475.28031714553936	84.65726362401048
238	80.14443647517463	19145.422471714228	2167.0196546366337	0.0	479.83123057469	80.14443647517463
239	79.69945538979448	19225.121927104028	2176.275521014651	0.0	480.7442234712179	79.69945538979448
240	82.53323361760711	19307.655160721635	2188.415248613777	0.0	485.28782276550425	82.53323361760711
241	76.32847028728129	19383.98363100891	2193.306151166327	0.0	483.4780941145484	76.32847028728129
242	81.99835958654481	19465.98199059546	2204.3063997461813	0.0	484.0708951992946	81.99835958654481
243	87.51054376664715	19553.4925343621	2219.819525454619	0.0	479.40508108844193	87.51054376664715
244	79.4048626992558	19632.897397061362	2227.1730719831994	0.0	479.81118759200217	79.4048626992558
245	80.62074062490922	19713.51813768627	2236.2171580026497	0.0	487.84634360451787	80.62074062490922
246	77.23160865454697	19790.74974634081	2241.7987407770374	0.0	487.8696800621381	77.23160865454697
247	77.02595488566692	19867.77570122648	2247.612531011415	0.0	487.14257513635584	77.02595488566692
248	77.5781590695398	19945.35386029602	2253.4976618208048	0.0	486.8020287374903	77.5781590695398
249	85.02542153500507	20030.37928183102	2266.627678344404	0.0	488.8528950236182	85.02542153500507
250	80.59555426804604	20110.974836099067	2276.4494656204197	0.0	486.3194179806312	80.59555426804604
251	75.14568886831452	20186.120524967395	2281.1101565558	0.0	486.1342796933209	75.14568886831452
252	76.77501843080302	20262.895543398186	2287.927536015143	0.0	488.2169016197147	76.77501843080302
253	76.82987000311257	20339.725413401302	2293.3342010074807	0.0	485.1968582277732	76.82987000311257
254	72.6674272058217	20412.392840607128	2294.343164434668	0.0	484.97803399479636	72.6674272058217
255	78.66089342954236	20491.053734036665	2301.893991827424	0.0	485.3446822200238	78.66089342954236
256	76.30918304151197	20567.36291707818	2306.5831843547808	0.0	489.23885489965994	76.30918304151197
257	78.575150177268	20645.938067255454	2314.4392373747596	0.0	487.5408061850079	78.575150177268
258	80.56230109947293	20726.500368354926	2322.642697740412	0.0	487.2295757608269	80.56230109947293
259	78.73266727638538	20805.2330356313	2329.7349961589034	0.0	488.35039785881776	78.73266727638538
260	76.65531343365018	20881.88834906496	2336.137362471147	0.0	491.37064043402825	76.65531343365018
261	77.39948115066727	20959.287830215624	2342.4188632563873	0.0	495.0975057774674	77.39948115066727
262	73.9691680159393	21033.256998231554	2345.7190651196356	0.0	493.5645633587039	73.9691680159393
263	81.10527097062716	21114.36226920218	2356.4792364920904	0.0	496.7598757220339	81.10527097062716
264	82.95801381639423	21197.320283018584	2367.4094072352855	0.0	492.22178745481955	82.95801381639423
265	87.70316758919944	21285.023450607765	2385.0001568082585	0.0	487.2964652985692	87.70316758919944
266	82.13515814690655	21367.158608754682	2395.5828515910853	0.0	488.25952433520763	82.13515814690655
267	82.17187208120271	21449.330480835895	2406.4098827021603	0.0	490.98009459072387	82.17187208120271
268	80.66367683811325	21529.99415767401	2417.616375427391	0.0	491.86294583985466	80.66367683811325
269	79.12026649642276	21609.11442417043	2425.865272006746	0.0	495.0847957509515	79.12026649642276
270	76.19041882808337	21685.30484299852	2430.642133695017	0.0	498.27149257307155	76.19041882808337
271	79.2340263402502	21764.538869338758	2439.6346883441797	0.0	499.3171823959479	79.2340263402502
272	78.08099028220862	21842.61985962096	2446.0251492256625	0.0	498.54239843576886	78.08099028220862
273	79.74556467535231	21922.365424296317	2454.433225803933	0.0	496.60122459710175	79.74556467535231
274	77.32903131731636	21999.69445561363	2461.452988917524	0.0	495.07668752105315	77.32903131731636
275	74.2131043682231	22073.907559981857	2464.0960995806377	0.0	500.1301317667605	74.2131043682231
276	84.31466226195356	22158.222222243814	2478.8265685016	0.0	500.38311303018423	84.31466226195356
277	79.62791675745252	22237.850139001253	2488.534133766311	0.0	500.07041380324335	79.62791675745252
278	75.50170881107876	22313.35184781235	2493.2815109290605	0.0	500.58128464964267	75.50170881107876
279	83.05477935080276	22396.406627163127	2506.201166346934	0.0	499.23697788121945	83.05477935080276
280	78.54204852373572	22474.948675686886	2512.9571786915844	0.0	501.282252880217	78.54204852373572
281	80.88156947774844	22555.830245164638	2522.2797224788965	0.0	505.8052920480719	80.88156947774844
282	80.89859719162634	22636.728842356253	2531.4900813588565	0.0	510.46875782793325	80.89859719162634
283	77.29007157687019	22714.018913933138	2536.0973435524897	0.0	510.7484524257983	77.29007157687019
284	82.69782567580522	22796.716739608924	2548.1487973454987	0.0	507.3626403038175	82.69782567580522
285	85.21997191000327	22881.936711518923	2562.708565130719	0.0	505.3554548206891	85.21997191000327
286	80.46700107412659	22962.403712593066	2571.395182074834	0.0	502.9992536028862	80.46700107412659
287	78.24908110737493	23040.652793700443	2578.869448207153	0.0	498.1819423846389	78.24908110737493
288	78.73659428825667	23119.389387988685	2586.45538645399	0.0	499.9026484552449	78.73659428825667
289	84.56449052892904	23203.95387851763	2599.840312826888	0.0	514.3149821678068	84.56449052892904
290	74.19320837766873	23278.147086895275	2602.407251104787	0.0	516.0158335032825	74.19320837766873
291	77.96781143945232	23356.114898334738	2608.815713338699	0.0	517.2224299847578	77.96781143945232
292	80.56776353092621	23436.682661865667	2617.81675037915	0.0	520.7706656093592	80.56776353092621
293	81.14204222232635	23517.82470408799	2627.3823692465858	0.0	522.0093018678746	81.14204222232635
294	78.05668011070559	23595.881384198714	2635.301777357697	0.0	518.9623054952376	78.05668011070559
295	82.77045802765855	23678.651842226358	2647.6129280532045	0.0	521.2767852653924	82.77045802765855
296	82.22769763114431	23760.87953985749	2659.5807280003232	0.0	524.1859159207067	82.22769763114431
297	82.9192551206271	23843.79879497813	2671.721667289379	0.0	525.8633139899854	82.9192551206271
298	81.31133917336803	23925.1101341515	2682.183648169047	0.0	524.9306544757968	81.31133917336803
299	81.0356994045395	24006.145833556042	2693.5517406533368	0.0	523.5531255542261	81.0356994045395
300	84.96308364512392	24091.108917201167	2707.9012785485293	0.0	521.4469160318988	84.96308364512392
301	81.94122573317608	24173.050142934335	2718.3363038583075	0.0	520.340017842624	81.94122573317608
302	82.01562898366915	24255.065771918	2729.715669627816	0.0	522.245096120675	82.01562898366915
303	81.548573430069	24336.614345348058	2740.731163392181	0.0	520.3809945459593	81.548573430069
304	75.7671407342429	24412.38148608233	2746.0752299959813	0.0	521.9195055481177	75.7671407342429
305	81.07149900287557	24493.45298508521	2755.756754983096	0.0	523.9958989031858	81.07149900287557
306	77.76749812692044	24571.220483212106	2763.3285982081043	0.0	524.2232273954245	77.76749812692044
307	81.59869746555663	24652.819180677663	2773.028551920677	0.0	520.4215683362283	81.59869746555663
308	79.57751149094375	24732.39669216861	2782.0307632736262	0.0	520.6859502913238	79.57751149094375
309	78.50006262272524	24810.896754791327	2789.991163770363	0.0	521.596515991606	78.50006262272524
310	75.39979238503037	24886.29654717637	2794.7540247307797	0.0	520.4950485448402	75.39979238503037
311	80.58180337533547	24966.878350551702	2804.4979245245117	0.0	522.0139469225093	80.58180337533547
312	86.98503148839329	25053.86338204008	2820.787939322834	0.0	525.7260912184206	86.98503148839329
313	82.60932457495153	25136.472706615044	2831.6644959612167	0.0	526.5929293973908	82.60932457495153
314	81.9961458713078	25218.46885248636	2842.5555967761866	0.0	522.1544917136671	81.9961458713078
315	80.38346762486289	25298.85232011122	2852.0687440309716	0.0	520.6766903870983	80.38346762486289
316	81.713349044169	25380.56566915538	2863.7357110293337	0.0	516.289192225907	81.713349044169
317	85.67563920854901	25466.241308363933	2878.0165272502545	0.0	516.8640660800206	85.67563920854901
318	77.46492942482305	25543.706237788767	2883.522609625506	0.0	518.9077777086558	77.46492942482305
319	85.51721325465583	25629.223451043417	2896.207675746648	0.0	523.5003780813813	85.51721325465583
320	76.91404667059322	25706.137497714008	2901.8347660997783	0.0	520.4392632156727	76.91404667059322
321	83.68540713435726	25789.822904848363	2913.902940388079	0.0	521.0159411254641	83.68540713435726
322	83.89609625235393	25873.719001100726	2926.365133847168	0.0	525.0722544338496	83.89609625235393
323	76.53293205827606	25950.251933158994	2932.238230990742	0.0	525.5550751906386	76.53293205827606
324	81.72003653141672	26031.97196969041	2943.853105957065	0.0	524.9554076144035	81.72003653141672
325	77.7855038673527	26109.75747355776	2950.3146780059137	0.0	529.4703587869831	77.7855038673527
326	81.85554244672082	26191.613016004485	2960.2260869186775	0.0	530.8532213638576	81.85554244672082
327	80.13109738977103	26271.74411339425	2969.35415802667	0.0	529.2429391646365	80.13109738977103
328	77.6073172469482	26349.351430641203	2975.3563846709353	0.0	528.1326672321287	77.6073172469482
329	75.35464816010335	26424.706078801308	2978.3306253663804	0.0	526.8019905837913	75.35464816010335
330	80.85687221159831	26505.5629510129	2988.1295623578494	0.0	523.4658351987358	80.85687221159831
331	81.81855089268906	26587.3815019056	3000.1949979191936	0.0	520.8044894336155	81.81855089268906
332	83.42467317184058	26670.80617507745	3011.3630095219	0.0	518.521798811416	83.42467317184058
333	77.97005558262669	26748.77623066007	3018.1829725428042	0.0	517.3120198006395	77.97005558262669
334	76.11428224723332	26824.890512907295	3022.8854555175044	0.0	517.696333140839	76.11428224723332
335	78.98930369513948	26903.87981660244	3030.843131036622	0.0	515.919114126947	78.98930369513948
336	71.9703155085868	26975.850132111023	3031.556043093677	0.0	517.1452420574268	71.9703155085868
337	77.46165833372972	27053.31179044475	3038.1813137970776	0.0	514.1762262787598	77.46165833372972
338	75.98131831307873	27129.293108757818	3042.369300728005	0.0	514.4045719985503	75.98131831307873
339	79.66413832178014	27208.957247079612	3050.610597018828	0.0	519.6119401480626	79.66413832178014
340	82.76587105722864	27291.72311813684	3063.1366011747386	0.0	519.3734880980842	82.76587105722864
341	79.65971265540412	27371.382830792245	3072.1809156775394	0.0	517.5401951439824	79.65971265540412
342	78.92929439826716	27450.312125190507	3080.167890136174	0.0	515.8551279117879	78.92929439826716
343	80.1692618450531	27530.48138703556	3090.1394450466005	0.0	516.0927740638455	80.1692618450531
344	87.91112846699914	27618.392515502554	3107.1133727452648	0.0	518.1312590003515	87.91112846699914
345	77.03707252099886	27695.42958802357	3112.7899723755127	0.0	522.0149646584478	77.03707252099886
346	79.39023469094266	27774.819822714504	3121.592715225817	0.0	521.7505596788213	79.39023469094266
347	79.41104452124512	27854.230867235732	3130.8553134766134	0.0	518.7319994580486	79.41104452124512
348	77.88848554265019	27932.119352778398	3136.364663324469	0.0	521.5567994011145	77.88848554265019
349	83.38006278275148	28015.499415561142	3148.5376688614647	0.0	521.6821594958794	83.38006278275148
350	77.83399980922468	28093.333415370384	3156.191925458055	0.0	524.1098128895026	77.83399980922468
351	82.96362129518769	28176.29703666556	3167.6825186504575	0.0	526.8049300300335	82.96362129518769
352	78.74134143960465	28255.03837810517	3175.952879796484	0.0	526.5789162813174	78.74134143960465
353	79.88045133410321	28334.918829439255	3186.2090358158484	0.0	528.6874615282024	79.88045133410321
354	81.47917698999483	28416.398006429263	3196.4486081146338	0.0	535.8979295034566	81.47917698999483
355	78.19380567631151	28494.591812105566	3203.269083252318	0.0	538.0663011963852	78.19380567631151
356	84.60302096036395	28579.194833065936	3217.126913815149	0.0	532.2997072531688	84.60302096036395
357	77.97323557882099	28657.16806864476	3224.342030017541	0.0	532.2269002551981	77.97323557882099
358	77.71096890380173	28734.87903754856	3231.2704403946245	0.0	537.4161997286816	77.71096890380173
359	84.65141016220961	28819.530447710767	3245.338726470928	0.0	532.3763084779162	84.65141016220961
360	86.02510732451003	28905.555555035273	3260.5544195024186	0.0	533.870966119051	86.02510732451003
361	79.23276653470246	28984.788321569984	3268.923508216292	0.0	532.0840196056416	79.23276653470246
362	81.98229426896795	29066.770615838937	3279.6899306655037	0.0	530.3149245143755	81.98229426896795
363	79.63885072735332	29146.40946656632	3288.0066126565384	0.0	535.0208040309976	79.63885072735332
364	77.60799685362548	29224.017463419925	3293.978781569038	0.0	537.3325775940044	77.60799685362548
365	85.782174232112	29309.799637652053	3308.9745614282274	0.0	538.4363136588122	85.782174232112
366	77.07004947492476	29386.86968712696	3314.8148398177213	0.0	533.879838780249	77.07004947492476
367	80.08661295403321	29466.956300081005	3323.5760404802636	0.0	534.1287480112436	80.08661295403321
368	76.61406327978983	29543.570363360785	3330.8275447172373	0.0	534.0121408361256	76.61406327978983
369	80.24147552815103	29623.811838888934	3339.651129712033	0.0	542.7314704715385	80.24147552815103
370	81.1352125352396	29704.947051424173	3349.877409801477	0.0	539.737317352661	81.1352125352396
371	79.4376127932676	29784.384664217443	3358.5395374657173	0.0	533.623054123704	79.4376127932676
372	78.29008775495171	29862.674751972383	3365.166552801532	0.0	535.9669680857172	78.29008775495171
373	77.01860311138961	29939.693355083786	3371.204486261319	0.0	533.2672123696029	77.01860311138961
374	77.88918137337868	30017.58253645716	3378.3917554051795	0.0	536.0734376944779	77.88918137337868
375	82.87827702458654	30100.460813481757	3390.6673648404158	0.0	539.4109795277485	82.87827702458654
376	76.46231334411199	30176.923126825866	3396.7776586611685	0.0	540.1405452460706	76.46231334411199
377	77.081562517899	30254.00468934377	3403.866285488178	0.0	535.522121857779	77.081562517899
378	82.41561438826444	30336.420303732026	3416.143197339367	0.0	534.7688983963831	82.41561438826444
379	77.57557573242556	30413.995879464437	3422.29025133969	0.0	541.387886058431	77.57557573242556
380	78.76553053949368	30492.761410003928	3428.1066767019056	0.0	540.0317343179964	78.76553053949368
381	79.84019397481573	30572.601603978765	3437.3504170960864	0.0	540.0322915896136	79.84019397481573
382	83.16938406632369	30655.77098804509	3449.0112702829797	0.0	546.3987686472974	83.16938406632369
383	85.46731007397472	30741.238298119057	3462.946356611349	0.0	547.3362779025294	85.46731007397472
384	83.54882258797774	30824.78712070704	3477.107039484844	0.0	548.3512851774141	83.54882258797774
385	81.50700888994552	30906.29412959696	3487.4439116098474	0.0	553.7877621575825	81.50700888994552
386	80.41816411364935	30986.71229371062	3498.1663443728876	0.0	557.5540666379329	80.41816411364935
387	85.04189799223403	31071.75419170286	3511.9189162365274	0.0	557.5836313177147	85.04189799223403
388	78.61471813587332	31150.368909838755	3518.878806634442	0.0	555.9048587409148	78.61471813587332
389	83.4637627162967	31233.83267255503	3531.4586740832888	0.0	556.9520160720838	83.4637627162967
390	80.30779554867385	31314.140468103695	3539.518496421062	0.0	556.8761292431562	80.30779554867385
391	83.61611536183314	31397.756583465518	3552.120475209789	0.0	560.8410011374518	83.61611536183314
392	76.58774411847584	31474.344327584025	3556.8690091999124	0.0	560.2970957759774	76.58774411847584
393	78.05659845112513	31552.40092603516	3565.015192392197	0.0	556.0660727720673	78.05659845112513
394	80.1349081995408	31632.535834234688	3574.356307074596	0.0	559.8763223565392	80.1349081995408
395	76.94849239601226	31709.484326630693	3579.8767072404694	0.0	561.5375924003304	76.94849239601226
396	84.80371963299666	31794.288046263697	3594.7604456728745	0.0	563.1077065687974	84.80371963299666
397	76.68367454664866	31870.971720810347	3600.6626391643767	0.0	561.5160095641223	76.68367454664866
398	75.98060845160975	31946.95232926195	3604.4381026669953	0.0	560.2392122009524	75.98060845160975
399	78.58414818474743	32025.536477446694	3612.4060737084496	0.0	562.1397998611685	78.58414818474743
400	83.6571756682859	32109.19365311497	3625.0061125210095	0.0	564.4795147712658	83.6571756682859
401	79.6397029274662	32188.833356042443	3634.416163419592	0.0	567.9997837170346	79.6397029274662
402	79.49720099007864	32268.330557032525	3641.9168674616226	0.0	568.7658836514985	79.49720099007864
403	76.17408225213173	32344.504639284653	3646.1980724692417	0.0	570.5965566810398	76.17408225213173
404	81.27621087627033	32425.78085016093	3657.2086880313877	0.0	569.4936739277566	81.27621087627033
405	75.41989086663601	32501.200741027566	3661.9995629177733	0.0	569.6244019483391	75.41989086663601
406	85.78520032786265	32586.985941355433	3677.9727073335553	0.0	574.1884419668718	85.78520032786265
407	78.62085561808868	32665.606796973516	3685.4608404835553	0.0	572.7344504021715	78.62085561808868
408	80.06742262201101	32745.674219595545	3695.1618846945585	0.0	576.1932980880462	80.06742262201101
409	82.11124232691913	32827.785461922445	3704.4330403380563	0.0	575.9070613961926	82.11124232691913
410	78.680821299225	32906.46628322168	3711.8094393339998	0.0	581.2394828054847	78.680821299225
411	77.06691395120501	32983.533197172874	3717.9548923798434	0.0	577.7238117047516	77.06691395120501
412	84.57612518426347	33068.109322357144	3731.0774899061284	0.0	575.1087283171923	84.57612518426347
413	78.75377475843446	33146.86309711558	3738.1977390509837	0.0	573.3016537857424	78.75377475843446
414	79.9601996996225	33226.8232968152	3744.984228529241	0.0	573.7630834975886	79.9601996996225
415	81.25490533874623	33308.07820215395	3756.1859707097615	0.0	580.1475807363692	81.25490533874623
416	82.6267898976908	33390.70499205163	3768.3409839752967	0.0	581.4475977508845	82.6267898976908
417	77.0992952908544	33467.8042873425	3774.7314952736638	0.0	579.5581871584116	77.0992952908544
418	81.33357855012822	33549.13786589262	3783.275817748765	0.0	581.8409177531263	81.33357855012822
419	78.53680483177553	33627.674670724395	3791.201605951608	0.0	581.669624981062	78.53680483177553
420	81.3135877529698	33708.988258477366	3801.987483708572	0.0	582.5778239382614	81.3135877529698
421	81.49798229644172	33790.48624077382	3812.3444313263117	0.0	578.1240454500437	81.49798229644172
422	85.36357504469049	33875.8498158185	3827.158628650606	0.0	584.0716721780707	85.36357504469049
423	83.01243629075418	33958.862252109255	3839.4489578023845	0.0	584.8170097597239	83.01243629075418
424	78.87433904025838	34037.73659114952	3848.3190787000717	0.0	586.1904722457981	78.87433904025838
425	79.63991890473037	34117.37651005425	3857.603945253726	0.0	587.8120909242858	79.63991890473037
426	81.14948936151521	34198.52599941576	3868.551393443733	0.0	588.8620129274611	81.14948936151521
427	79.90074323075552	34278.42674264651	3875.435675787758	0.0	581.925989839823	79.90074323075552
428	75.7600611953493	34354.18680384187	3878.81206114216	0.0	579.4929152172972	75.7600611953493
429	81.2980162436461	34435.48482008552	3888.3540244659603	0.0	578.0416090176315	81.2980162436461
430	80.92707883944215	34516.41189892496	3898.3885952779938	0.0	575.9708042480464	80.92707883944215
431	79.21081122173048	34595.6227101467	3907.3411081684135	0.0	573.9255517529167	79.21081122173048
432	86.11274615117645	34681.73545629785	3921.962645854572	0.0	573.2433137528709	86.11274615117645
433	77.58797770792341	34759.3234340058	3929.712220863387	0.0	574.1588030623045	77.58797770792341
434	75.12436647749217	34834.44780048328	3934.3335369719816	0.0	572.0235910939492	75.12436647749217
435	79.38613025156806	34913.83393073484	3942.5544076503656	0.0	573.5151580111493	79.38613025156806
436	87.46312915674474	35001.29705989161	3958.4782912503474	0.0	578.2957138077712	87.46312915674474
437	83.3349705206113	35084.63203041221	3971.4860382526967	0.0	575.3295850964109	83.3349705206113
438	81.39423693420613	35166.02626734643	3981.885532505773	0.0	571.1275573172584	81.39423693420613
439	82.90499095265672	35248.931258299075	3993.3177298161436	0.0	567.1661892525683	82.90499095265672
440	81.67706949802528	35330.608327797105	4005.4969193552747	0.0	567.842742982456	81.67706949802528
441	78.52179982496523	35409.13012762207	4013.6192995050446	0.0	570.8809295682823	78.52179982496523
442	77.67215901689956	35486.80228663895	4020.851031299009	0.0	573.3438814788311	77.67215901689956
443	79.21927858077994	35566.02156521976	4028.902887871897	0.0	568.0629099749204	79.21927858077994
444	85.23085903360612	35651.25242425335	4041.6151916795316	0.0	577.4750321242053	85.23085903360612
445	82.57711782445736	35733.829542077816	4054.503270448054	0.0	579.6487228903386	82.57711782445736
446	78.64068921079559	35812.47023128861	4060.5883948493893	0.0	585.4501258030677	78.64068921079559
447	81.14551409458325	35893.61574538318	4070.339557630139	0.0	585.6041832230254	81.14551409458325
448	78.05794944630081	35971.67369482949	4076.8169279641415	0.0	588.4964303189345	78.05794944630081
449	87.14528915572832	36058.81898398522	4093.8930931291275	0.0	583.3161180728739	87.14528915572832
450	81.34808366842398	36140.16706765364	4104.788562930691	0.0	577.4902673090107	81.34808366842398
451	80.1779772678513	36220.34504492149	4114.137041490519	0.0	577.354630960022	80.1779772678513
452	77.58413483720682	36297.92917975869	4121.301872520933	0.0	582.7685929021853	77.58413483720682
453	80.4665927644592	36378.39577252316	4130.669049085512	0.0	578.7080144316504	80.4665927644592
454	77.44571506431245	36455.84148758746	4136.1291400475375	0.0	580.454762828715	77.44571506431245
455	78.2215161946926	36534.063003782176	4143.583021841612	0.0	583.1730076434221	78.2215161946926
456	73.7221472038722	36607.78515098604	4146.264162355091	0.0	584.6354729435511	73.7221472038722
457	78.75919507546034	36686.544346061484	4154.333013753418	0.0	586.1075177053555	78.75919507546034
458	79.30213984382769	36765.846485905335	4163.052871812136	0.0	587.9868132643973	79.30213984382769
459	81.20789206930718	36847.05437797463	4173.997201674672	0.0	589.9808864324855	81.20789206930718
460	82.29286904334731	36929.347247017984	4185.427564079652	0.0	593.2210215937957	82.29286904334731
461	79.80938950809531	37009.156636526095	4195.01659106255	0.0	595.2259980628763	79.80938950809531
462	78.40462789120494	37087.56126441728	4202.835862810889	0.0	597.5974795295926	78.40462789120494
463	78.26624759299698	37165.827512010284	4210.934091678716	0.0	595.2090272981162	78.26624759299698
464	80.04525296997878	37245.87276498027	4221.093707202637	0.0	595.9846900427215	80.04525296997878
465	75.72772589422972	37321.60049087449	4225.9896605706135	0.0	598.0119208750028	75.72772589422972
466	78.60819204249574	37400.208682916986	4234.572574976349	0.0	602.6728393267634	78.60819204249574
467	80.26806314523634	37480.47674606222	4243.980590011683	0.0	600.6423221358267	80.26806314523634
468	78.2225081079571	37558.699254170184	4251.5661263129705	0.0	600.3227863483004	78.2225081079571
469	79.5213997940383	37638.2206539642	4259.810378977656	0.0	600.8200629592433	79.5213997940383
470	77.62247161854512	37715.84312558277	4264.832947931241	0.0	601.5091491288366	77.62247161854512
471	85.8402141553161	37801.68333973808	4279.683536733625	0.0	606.1353700835175	85.8402141553161
472	78.11048457502818	37879.79382431312	4286.867746134686	0.0	610.5309558714287	78.11048457502818
473	83.5811614880119	37963.374985801114	4300.167960735481	0.0	614.3901392963344	83.5811614880119
474	85.7153074020294	38049.09029320315	4315.319776033407	0.0	618.2872707462849	85.7153074020294
475	78.94159559797953	38128.03188880114	4322.864725088471	0.0	622.075866801247	78.94159559797953
476	80.67663293281018	38208.70852173394	4332.946993685393	0.0	622.7710065390788	80.67663293281018
477	80.58578883577779	38289.294310569734	4342.949623421519	0.0	625.5075015166344	80.58578883577779
478	85.5082909217664	38374.802601491494	4356.800052771698	0.0	619.4339153637609	85.5082909217664
479	83.37648680313701	38458.179088294644	4367.983638840281	0.0	620.257741583984	83.37648680313701
480	77.09099349231377	38535.27008178693	4372.2290425710025	0.0	621.881511128041	77.09099349231377
481	83.39995067164318	38618.67003245859	4383.9417286234375	0.0	623.8667477054903	83.39995067164318
482	81.78746407821295	38700.45749653681	4394.197605365253	0.0	626.1603543249429	81.78746407821295
483	87.14605071892461	38787.60354725575	4409.987653106259	0.0	635.0656359699728	87.14605071892461
484	83.16318034229826	38870.76672759803	4421.801757984152	0.0	636.9287155726437	83.16318034229826
485	81.04216168264593	38951.80888928066	4432.391408463052	0.0	638.3380862085547	81.04216168264593
486	79.44453164252445	39031.25342092322	4441.145366890645	0.0	643.5867678825714	79.44453164252445
487	75.63874245463083	39106.89216337783	4446.373096675453	0.0	641.6994411045442	75.63874245463083
488	74.61969026269112	39181.51185364052	4449.652388603891	0.0	643.892469816686	74.61969026269112
489	78.05238127632516	39259.56423491684	4456.682619119646	0.0	646.135250645674	78.05238127632516
490	82.28786725534556	39341.8521021722	4467.643844064835	0.0	645.5971528319282	82.28786725534556
491	77.19760818419303	39419.04971035639	4474.498898532831	0.0	647.9333381544748	77.19760818419303
492	77.93939840042962	39496.98910875682	4480.674331772855	0.0	646.6664075929672	77.93939840042962
493	77.73422671670971	39574.72333547352	4486.811167587119	0.0	648.2362548674957	77.73422671670971
494	80.87081219267183	39655.5941476662	4497.1188669498	0.0	650.6165163004366	80.87081219267183
495	81.35789498486858	39736.95204265107	4507.512922488164	0.0	650.5215720389017	81.35789498486858
496	82.01787536694863	39818.96991801802	4518.787044384469	0.0	652.9236248617522	82.01787536694863
497	85.30169571401134	39904.27161373203	4533.132583408255	0.0	656.979485269135	85.30169571401134
498	79.47627641316103	39983.7478901452	4542.508329691287	0.0	662.0771612926462	79.47627641316103
499	78.50473584789285	40062.252625993075	4549.441352586041	0.0	660.2114863592609	78.50473584789285
500	83.69537127205604	40145.94799726515	4561.232329869613	0.0	660.8933748245664	83.69537127205604
501	81.43440302130863	40227.382400286464	4571.102601765217	0.0	657.7546848099315	81.43440302130863
502	76.6790574674909	40304.06145775394	4571.102601765217	0.0	661.5973511242615	76.6790574674909
