task	reward	total_reward	total_regret	relative	total_reward_dev
0	75.6446276735894	75.6446276735894	5.040280706944372	0.0	23.15981535488139
1	79.97164318936183	155.6162708629512	13.977406395664792	0.0	36.21655827460443
2	79.54516333841502	235.16143420136603	22.529260230615918	0.0	41.95183766042963
3	79.79551145870273	314.9569456600689	30.198128006512693	0.0	44.495962024513155
4	75.1632817912643	390.12022745133334	33.451508023071895	0.0	47.852341026409015
5	75.39189783375002	465.51212528508324	38.32702184276061	0.0	50.83715142468955
6	75.3554015348761	540.8675268199593	43.09116367441019	0.0	55.71513015548879
7	75.00685133974267	615.8743781597022	46.562692682294674	0.0	58.24836732442023
8	73.21858408879783	689.0929622484997	49.09112659731198	0.0	61.442447677937565
9	74.10133404279962	763.1942962912992	52.146926687643564	0.0	65.23852232556597
10	76.17964137571124	839.3739376670105	57.228864419182834	0.0	68.45428925301759
11	75.29014009765687	914.6640777646671	60.542652915237575	0.0	73.74925739727773
12	76.68801679196734	991.3520945566348	64.75567871921119	0.0	82.02282441853632
13	76.03448517293775	1067.386579729573	71.8060913583267	0.0	84.30615742147226
14	75.19753396858363	1142.5841136981562	74.95302233533563	0.0	84.52564136909156
15	78.80702326577536	1221.391136963931	82.9781320689591	0.0	89.67560914877599
16	75.54421048054778	1296.935347444479	86.94797015706808	0.0	91.2775653741964
17	73.79477761719565	1370.7301250616752	89.7363978825782	0.0	94.32000668551999
18	74.8188473123255	1445.5489723740006	93.23505220473173	0.0	100.29463689313997
19	74.56984823298598	1520.1188206069862	95.68714962140984	0.0	103.20120434894345
20	78.23453843628192	1598.3533590432687	102.47261954246956	0.0	103.94674596172779
21	77.38195834621678	1675.7353173894842	108.61274450054236	0.0	108.4856048012039
22	77.79270913992816	1753.528026529413	115.95158842753472	0.0	111.00647418317331
23	75.86370086248435	1829.3917273918973	121.22107517260034	0.0	112.91269096501603
24	75.59597077851876	1904.9876981704158	125.52216348565175	0.0	117.12592633931202
25	73.82536272011276	1978.8130608905296	129.3222937560618	0.0	117.97883946221718
26	79.55470561104008	2058.367766501569	138.4714920865808	0.0	122.43141901166582
27	78.51480325757758	2136.882569759146	145.5440034114849	0.0	128.82086086673365
28	72.56085091053409	2209.4434206696797	146.93209996327676	0.0	129.9816217951876
29	73.5985662883536	2283.0419869580337	149.16593922876393	0.0	130.96258650994582
30	72.8869328352527	2355.9289197932862	152.64731491045163	0.0	132.66092348607887
31	75.91814571884643	2431.8470655121337	157.9873110960842	0.0	134.37829811241326
32	78.01055174417937	2509.8576172563126	165.90965220562038	0.0	135.4477619102209
33	76.53355828968492	2586.3911755459976	171.7342617936814	0.0	135.4100250453401
34	72.14876204703685	2658.539937593036	173.11469164972328	0.0	137.71845463012644
35	78.68136405391168	2737.2213016469454	180.33323583531217	0.0	139.05962833493027
36	79.26723523603043	2816.4885368829764	187.5795000759576	0.0	141.31272631007892
37	80.17189358316564	2896.6604304661428	197.95221276159555	0.0	139.89434412284527
38	77.60290145331079	2974.263331919452	203.05474638781752	0.0	144.88737730563705
39	73.97082155235297	3048.2341534718053	205.8720287389313	0.0	146.56657620477938
40	73.97715955869339	3122.2113130305	209.01729324216012	0.0	145.95228515192278
41	73.80138173941685	3196.012694769916	212.31092734452884	0.0	149.76404853683565
42	73.96133469464877	3269.9740294645653	215.2390074257108	0.0	155.81570100471728
43	75.80050139894769	3345.7745308635126	219.6616047963185	0.0	157.0266864112135
44	80.4856431891229	3426.2601740526356	228.22139455869564	0.0	159.13530818705206
45	74.75825057719835	3501.018424629834	232.0652339087451	0.0	160.6408654958273
46	73.64821333257436	3574.6666379624094	233.8002285797512	0.0	160.81047920900966
47	76.02731604038676	3650.6939540027956	238.54191707128658	0.0	160.29202359372394
48	75.59066309877535	3726.2846171015717	242.7321781977857	0.0	163.06655525427678
49	74.16130486502855	3800.4459219665987	245.28436954813887	0.0	163.6463006922685
50	76.69387529129953	3877.1397972579	249.50567332198824	0.0	166.84307734943621
51	75.98371325792493	3953.123510515821	254.47398776436913	0.0	164.27995224555093
52	76.88870052171679	4030.0122110375364	261.0515302746325	0.0	163.35237530735301
53	76.07075721794654	4106.082968255487	266.1764494495452	0.0	164.93206164857554
54	74.22008232713618	4180.303050582621	267.98958329031575	0.0	166.46113649682545
55	75.53432104997411	4255.837371632598	273.59129372352584	0.0	166.08054415696932
56	77.64903888363537	4333.486410516232	280.62092305366696	0.0	170.27842309943304
57	78.16036291183987	4411.646773428072	287.2287665233466	0.0	174.97677432431902
58	75.11952009636624	4486.766293524438	290.75858017362845	0.0	175.20815921493644
59	79.18977772440677	4565.956071248845	299.7021716951621	0.0	180.42954015220423
60	75.07724918294683	4641.033320431789	303.8065868819399	0.0	180.80387569152788
61	77.32437984220596	4718.3577002739985	308.5828252711535	0.0	182.75404868704118
62	75.1372504029872	4793.4949506769835	313.36012397613337	0.0	181.947395408453
63	73.0002565121131	4866.4952071890975	315.2629636993799	0.0	183.23724588397653
64	80.73261353647837	4947.227820725575	325.71992175287954	0.0	189.6802904378822
65	73.82010817054052	5021.047928896116	328.53721031677566	0.0	190.12586216360438
66	75.51087577865735	5096.5588046747735	333.6276463444241	0.0	191.9642451128126
67	78.5225800276948	5175.081384702468	341.36286237912157	0.0	192.49917158412072
68	77.2794559105314	5252.360840612998	347.2811439528101	0.0	195.6834419884074
69	77.6714451253167	5330.032285738318	354.67239493138675	0.0	193.08789654981604
70	73.27118207637028	5403.303467814687	358.1862144890866	0.0	195.63213465957156
71	73.82351806179791	5477.126985876488	360.4416441196045	0.0	194.95111138067742
72	75.70045825043009	5552.8274441269195	366.3574379522776	0.0	194.33738924537064
73	76.6363616526911	5629.463805779606	371.9985672893436	0.0	197.28710306254897
74	80.24081500192115	5709.704620781528	379.964436222676	0.0	195.68776913524832
75	76.59472826872165	5786.299349050252	385.33658711828025	0.0	193.5670232513933
76	72.67222970813134	5858.971578758384	386.8187091895037	0.0	196.05313216508017
77	77.56083791746153	5936.53241667584	393.4115146453714	0.0	199.11858873096648
78	75.41370855482029	6011.946125230664	397.5823235743776	0.0	202.13266951287935
79	72.13889098891168	6084.085016219575	399.06131759860864	0.0	202.34820393732804
80	78.82690036935865	6162.911916588935	407.5454288549391	0.0	205.3159749181744
81	74.44753333544517	6237.35944992438	412.18500823210076	0.0	206.35144881033347
82	75.86636214465197	6313.225812069031	416.96930629285606	0.0	209.07042515691214
83	72.99780042131978	6386.223612490348	419.19483794814107	0.0	208.6116065745571
84	73.87028400847319	6460.093896498821	421.16233132010643	0.0	212.31142487038414
85	73.921231622788	6534.015128121612	423.4231859254403	0.0	214.2951258978846
86	75.68268883898503	6609.6978169606	428.4973809565389	0.0	215.396615082935
87	73.17222659611643	6682.870043556713	430.4346089291403	0.0	213.26947192172696
88	73.3681688602386	6756.238212416952	431.96514126646883	0.0	213.55161302983356
89	80.46896915464622	6836.707181571601	440.24936092660965	0.0	214.96811439730283
90	72.41929073944011	6909.126472311041	441.7211024520357	0.0	214.79414536693926
91	76.69416867893489	6985.820640989974	447.61626741211796	0.0	215.87210266605328
92	80.11806286906746	7065.938703859039	455.3386939309918	0.0	210.86731724105948
93	77.2768662518188	7143.215570110856	461.151006210114	0.0	209.61388469637
94	74.58172755150686	7217.797297662368	464.62122280868675	0.0	209.32095652140617
95	75.32694270501138	7293.124240367375	468.9160071033576	0.0	211.6552581082303
96	79.11242138034775	7372.236661747726	476.5708440021101	0.0	211.73488489781224
97	72.39592589044159	7444.632587638167	478.85810684494	0.0	214.6261042658583
98	74.06808650300631	7518.700674141172	481.7371279797223	0.0	215.00238799423272
99	75.08477460312791	7593.785448744303	486.5625885637673	0.0	213.3274028335973
100	75.98729954554649	7669.772748289847	491.0403343616043	75.94128120616257	214.4840629184114
101	76.77993433341096	7746.552682623258	497.16427793281196	75.9093641176031	217.81276703237762
102	72.85183450025343	7819.404517123512	499.4086401734471	75.84243082922144	219.16403402709437
103	75.34333293828507	7894.747850061797	503.10947503681507	75.7979090440173	218.91679209250515
104	75.03150469683344	7969.779354758628	506.31278734354817	75.796591273073	218.09189486956504
105	73.26876745012258	8043.048122208756	508.5231301804465	75.77535996923672	218.8864003267757
106	74.82812357990483	8117.87624578866	511.5036031255572	75.77008718968699	218.00545350385136
107	76.10031343710375	8193.976559225763	517.3974037180914	75.78102181066062	220.27967161201647
108	77.47518256675342	8271.451741792516	523.4342140769171	75.8235877954401	220.2025419881984
109	80.75385569093365	8352.205597483447	534.4229320028569	75.8901130119215	217.54902782448616
110	75.08007425476663	8427.285671738215	538.7566706587975	75.87911734071209	217.12336600644403
111	74.17441776749028	8501.460089505708	540.6762238804849	75.86796011741039	219.06364121552707
112	76.22802906509645	8577.688118570799	545.4246102704299	75.86336024014169	218.2998523260696
113	79.10355175222344	8656.79167032303	553.0102044542335	75.89405090593453	218.98014722177885
114	74.24305033945578	8731.034720662485	556.5329723504542	75.88450606964324	222.79175352942005
115	78.72425637419151	8809.758977036672	565.3798739147172	75.88367840072742	227.24068470956453
116	75.37609568841005	8885.135072725083	568.8177331673527	75.88199725280602	226.06723542969746
117	74.20341458008414	8959.338487305165	571.2172472856082	75.88608362243491	228.45413436728742
118	73.94362145645091	9033.282108761618	572.9771595005047	75.87733136387615	231.37326574062803
119	73.95558476171158	9107.237693523333	575.9150790173945	75.87118872916345	232.43113086493724
120	72.4657643747203	9179.703457898047	576.6409983686328	75.81350098854779	233.4928395069109
121	78.96428071557293	9258.667738613625	584.1504677535332	75.82932421224137	235.45879238617917
122	76.90397467672562	9335.571713290348	590.225767610042	75.82043686760932	237.50285365810475
123	74.84037539935673	9410.412088689705	593.5188053478179	75.81020361297811	238.67456641794024
124	76.02886428693189	9486.440952976634	598.1299128638339	75.81453254806219	236.496537649871
125	76.13786146642875	9562.578814443063	603.0905110671326	75.83765753552535	238.34037396645002
126	73.38113551306706	9635.959949956134	605.643031688167	75.77592183454563	238.24913601719044
127	74.7982653922688	9710.7582153484	609.1012714952813	75.73875645589254	238.90219272411306
128	73.58901011334733	9784.347225461748	611.736625659268	75.7490380479207	241.63480701567735
129	77.24730481172577	9861.594530273476	616.8046703265883	75.78552543315439	243.65195587522538
130	72.99228971303006	9934.586819986502	620.7147156216201	75.78657900193215	239.96781988437658
131	74.34119677704126	10008.928016763537	623.4452769392983	75.77080951251416	238.7758440100778
132	73.95032076874367	10082.878337532287	626.8327871511599	75.73020720275977	238.30913541682696
133	80.5639417270995	10163.442279259385	635.8139750245809	75.77051103713389	238.5615062430415
134	77.98934689852696	10241.431626157917	641.4688171270857	75.82891688564881	240.11358379157554
135	75.45931857510992	10316.890944733028	646.3455157053667	75.79669643086082	241.7531807466177
136	78.29827046080796	10395.18921519383	652.3824856461863	75.78700678310857	242.54945872890886
137	76.5282675834067	10471.717482777236	657.0265352692642	75.750570523111	245.8322391109179
138	74.22759844181346	10545.945081219053	660.4551993121837	75.716817492996	247.78232353741862
139	72.38200967350635	10618.327090892559	662.236785222472	75.70092937420755	253.15870136892053
140	77.56168220100392	10695.888773093558	668.4552152479486	75.73677460063067	259.38193899437414
141	75.57537595093197	10771.464149044492	673.2326214540855	75.75451454274577	261.52284349723453
142	76.31723037012733	10847.781379414622	678.9579297508102	75.77807349950056	260.3856295477179
143	78.80370809983188	10926.585087514455	686.2419587771676	75.80810556650944	261.5540368184863
144	74.54858741242214	11001.133674926874	689.4680222628476	75.74873500874239	262.2308871632828
145	75.55753227445477	11076.691207201326	694.9348922447107	75.756727825715	265.9040679905451
146	73.88921793914282	11150.580425140473	698.0823564681201	75.75913787178067	264.9042749927099
147	77.55595457310129	11228.136379713575	704.2146469581447	75.77442425710781	267.88874932014164
148	76.26046331519827	11304.396843028773	710.2470342294976	75.78112225927202	269.0820680669338
149	76.99333606547219	11381.39017909425	716.1868156303551	75.80944257127649	270.0032776725859
150	74.6985350160389	11456.088714110283	719.9591144713423	75.78948916852386	267.98764603257064
151	73.66154791575218	11529.75026202604	721.5237106810257	75.76626751510216	270.37182582048086
152	77.81299396748814	11607.563255993522	728.435470342446	75.77551044955985	269.2627921204091
153	76.25487857198453	11683.81813456551	734.4305260088029	75.77735166310022	269.00235593729866
154	73.71974927766351	11757.537883843173	737.6795130341209	75.77234833260553	268.6144698218301
155	81.35551258155522	11838.893396424728	747.6813997549269	75.83056024792134	266.25208064744925
156	72.42148726573481	11911.314883690453	748.8532125021782	75.77828473174229	265.31137421193847
157	74.30636316191061	11985.621246852372	752.7523049967407	75.73974473424303	263.49519663650017
158	76.58193541384021	12062.203182266208	758.6090186414465	75.75436888741775	264.42050573598425
159	73.33261498428479	12135.535797250493	759.7983285568266	75.69579726001653	267.09408749677954
160	77.9069475551423	12213.442744805638	767.2578154635738	75.72409424373852	266.2360383537375
161	74.13039813897433	12287.573142944611	770.8121931599358	75.6921544267062	266.7004396985699
162	74.67762025841554	12362.250763203028	775.5804879657716	75.68755812526045	267.5620788036235
163	75.16906389138319	12437.419827094403	780.7810041274965	75.70924619905318	265.7307008845749
164	75.68316831624024	12513.10299541065	787.2319575964054	75.65875174685077	268.99350985354874
165	75.6103109763365	12588.713306386982	791.7213584485179	75.6766537749088	268.30664308026644
166	77.56928351921194	12666.282589906203	798.659270139195	75.69723785231427	268.38956305689317
167	74.91904191890274	12741.201631825095	802.7878390340068	75.66120247122639	268.8727346792549
168	72.71672665449957	12813.918358479601	803.5917401684951	75.61557517866605	271.7067086909994
169	74.8344658559748	12888.752824335574	807.9480265803219	75.58720538597261	270.66063461067836
170	75.1437711150146	12963.896595450586	812.3869801726502	75.60593127635909	272.9913082590029
171	71.08984751418043	13034.986442964771	812.4005621556819	75.57859457088296	276.99142234025214
172	75.38599946744498	13110.372442432219	817.3041749339347	75.57544998305303	280.3363196380675
173	76.9524890617713	13187.324931493993	824.8142686294793	75.57861125714383	280.9058693355488
174	78.91357601834407	13266.238507512333	831.543421540836	75.56533886730807	281.40233910678734
175	76.62553812323873	13342.864045635566	838.5616445603902	75.56564696585329	286.59124619546657
176	76.74378192547691	13419.60782756105	843.9733934672649	75.60636248802675	289.3234176709774
177	76.1884650831925	13495.796292644238	849.8615223670918	75.59263875968401	292.07543443590544
178	76.31993600637895	13572.116228650615	853.4080957330075	75.60170103419959	295.11955264633804
179	74.78218992372445	13646.89841857434	857.3132046946905	75.62813402354774	293.13202789645294
180	75.67718528752923	13722.57560386187	862.6716946682634	75.59663687272943	297.08594572048474
181	78.11813593549027	13800.693739797362	870.501925152565	75.63334289872991	301.69523154315823
182	76.49024059390206	13877.183980391268	875.7223835328564	75.63958168322239	301.820853473151
183	75.53017499037591	13952.714155381644	880.9091440138297	75.66490542891296	307.7529960117872
184	76.87138849207439	14029.585543873714	886.8780884612924	75.69491647374898	308.3321004508064
185	75.51464944194836	14105.10019331566	891.7356614056001	75.7108506519406	307.6043259675168
186	79.03569789578565	14184.13589121145	899.1113566965483	75.74438074250857	314.1070766411198
187	74.20958007082203	14258.345471282273	901.4602897677706	75.75475427725563	316.1250122052929
188	76.36551748386368	14334.710988766134	907.6361119368521	75.78472776349189	312.54264191270113
189	75.16178368683981	14409.87277245298	912.1981021496326	75.73165590881385	310.0903866815397
190	77.63077906318944	14487.503551516163	918.3338064329121	75.78377079205129	312.37182154107626
191	78.02843947685709	14565.531990993019	925.1623538870667	75.79711350003049	310.4832904717657
192	74.8211822188338	14640.353173211857	929.2905357306191	75.74414469352817	311.2188141631958
193	79.62445770602508	14719.977630917878	937.9200297990047	75.76762060807023	310.5574378534431
194	75.65284011476324	14795.630471032644	942.7203920524844	75.77833173370281	312.7887682460558
195	73.92225647511636	14869.552727507766	946.919745922958	75.76428487140389	313.6831160700155
196	75.73586130791637	14945.288588815676	950.7353547732549	75.73051927067957	315.6708435994984
197	78.48426751728707	15023.772856332966	960.400118299276	75.791402686948	312.287830166549
198	76.88965026700296	15100.662506599963	966.8614417267017	75.81961832458798	313.52903709487265
199	75.66816404977529	15176.330670649733	972.1252128112726	75.82545221905444	315.5527830870583
200	76.59966201238029	15252.930332662128	978.3194701948538	75.8315758437228	312.23498394068594
201	75.82991557853586	15328.76024824066	983.2773273462808	75.82207565617402	317.8663270925337
202	78.01604221258093	15406.776290453241	988.6578598224794	75.87371773329734	317.22719601507157
203	75.83249321983726	15482.60878367307	993.0717922675991	75.87860933611282	315.57282120524155
204	75.32504892486476	15557.93383259794	997.1579655370787	75.88154477839312	317.5999377976218
205	82.54317155799598	15640.477004155931	1008.1644923951144	75.97428881947188	314.55750280091104
206	76.21943732209778	15716.696441478029	1012.2566775933586	75.98820195689377	314.1560338692864
207	76.16393256559982	15792.860374043623	1017.1066589303846	75.98883814817874	314.18714031481545
208	73.89617883888724	15866.756552882516	1019.5772679809795	75.9530481109001	315.80463378723107
209	74.25119004718816	15941.00774292971	1022.6481902379074	75.88802145446262	318.0187624595783
210	77.7217661516446	16018.729509081344	1027.6883958485032	75.91443837343141	320.79251524803044
211	74.40854133529774	16093.138050416657	1030.2741289728172	75.91677960910951	319.8992598439665
212	75.60958213704318	16168.747632553685	1035.6138337206587	75.91059513982897	321.11027765986256
213	78.2083838006027	16246.956016354303	1043.0306564164969	75.90164346031275	319.1173949460332
214	76.89181212034894	16323.847828474645	1049.662048856315	75.92813107812171	322.6741482055961
215	76.50756046562935	16400.35538894027	1055.2253635115276	75.90596411903608	322.3428219296072
216	76.40101457973763	16476.75640352002	1061.0881933273463	75.91621330794936	326.10594416720215
217	72.552297201933	16549.308700721947	1062.9879253597328	75.89970213416782	322.70702332548905
218	74.50076651124542	16623.809467233183	1066.6777433383882	75.90527358471579	321.0946534658935
219	74.73511955990995	16698.54458679311	1069.7803062395355	75.91306893269778	319.3047237726837
220	75.92981298687756	16774.474399779978	1074.759649004671	75.94770941881934	321.4402307839888
221	80.9591024960472	16855.43350227602	1084.4108841555687	75.96765763662408	320.1217952940378
222	79.34792555444463	16934.781427830472	1094.346196544118	75.99209714540127	325.33523922721764
223	80.45628915030541	17015.237716980766	1104.9534841426644	76.04825628291076	326.8644527855576
224	77.00181734713924	17092.23953432791	1111.479592620607	76.05798581351284	328.8644371061586
225	77.38378821144181	17169.62332253936	1119.5103383990347	76.070445080963	327.6959005056198
226	72.87188744542435	17242.495209984776	1121.6234864999067	76.06535260028654	327.3426030399674
227	74.57520692548673	17317.070416910265	1125.815831792058	76.06312201561876	329.24307034785005
228	75.61456139077906	17392.684978301044	1131.94537609148	76.08337752839302	330.4371055524489
229	78.1012783699684	17470.786256671014	1138.9066161857547	76.09191726397549	328.2386006167936
230	79.68682490424601	17550.473081575252	1148.6187314136087	76.1588626158876	329.20754801781317
231	76.49159784946013	17626.964679424716	1153.6626791697358	76.18036662661184	328.86273887471026
232	74.38888683540826	17701.353566260124	1157.084969378559	76.18475228727843	329.22502919541745
233	74.71888555290508	17776.072451813026	1162.4182666548957	76.12630172553649	328.7728298953372
234	73.68651295010405	17849.758964763132	1164.0845266246665	76.08327338605231	328.5663544708642
235	76.6928728854902	17926.45183764862	1169.6965817001446	76.09560892915607	330.9487646411025
236	78.06770606962127	18004.519543718245	1175.2964477082774	76.0933032852442	333.028427362444
237	76.76116118420641	18081.280704902452	1180.6019242208024	76.0956322212522	334.06701992626097
238	74.37170634615832	18155.652411248608	1184.412745503059	76.09707330029565	336.4187934931073
239	74.02127899769005	18229.673690246313	1187.6730585322005	76.11346599353749	336.0013484901586
240	75.20081693003146	18304.87450717633	1192.047389754328	76.08985734082779	339.06326687001194
241	73.87217243236788	18378.746679608696	1194.2937982590315	76.07282530564213	336.51081533202597
242	75.43422966077783	18454.18090926948	1199.0251171670943	76.06399529854865	337.83919640393844
243	74.30333372457564	18528.484242994058	1200.3784147211177	76.01899155479606	338.89068853866445
244	76.96487786588044	18605.449120859936	1205.6150331572978	76.04315445933067	341.87747099309166
245	76.99280067906234	18682.441921539	1212.2382417758229	76.05750714337677	345.1292728701766
246	74.29796451746424	18756.739886056464	1216.3973091043183	76.06159460915995	349.8410054952098
247	77.09521841894195	18833.835104475398	1222.196830327867	76.05698724761838	352.0794334598292
248	74.51947820526573	18908.354582680666	1225.8462721294584	76.03957739651902	352.01748520288646
249	80.69053522831133	18989.045117908987	1235.895315484963	76.0765493881474	362.05146276988137
250	79.87306798405142	19068.91818589304	1244.7392309479526	76.12829471782756	368.1461639127434
251	73.03591862547478	19141.954104518507	1246.34318496854	76.12203842492474	369.7768904100318
252	78.3564578899838	19220.310562408493	1252.447467767968	76.12747306414968	372.3610567104177
253	76.13350866842052	19296.444071076912	1256.829869692408	76.12625936511408	377.0035558978103
254	78.39535599467908	19374.839427071587	1264.0586973915224	76.17301543228429	380.89163727314144
255	75.11671220051478	19449.9561392721	1269.1061359043338	76.11062742847388	381.68412376162485
256	78.29312472809598	19528.249264000195	1276.0441089730832	76.16934380309745	383.97636417833974
257	75.78691391131821	19604.03617791152	1281.0815714846144	76.18414931059155	383.5613953192569
258	72.48360852634102	19676.519786437864	1281.5739660709626	76.14316604171651	385.1316137506671
259	75.86838356722899	19752.388170005088	1286.8160242480446	76.168523727546	383.35621284489775
260	75.38881171751933	19827.776981722607	1292.5157944479406	76.14334236916974	384.65074972528805
261	76.60140438736194	19904.378386109966	1297.9802380457377	76.16805243165363	385.06571619011856
262	74.91785410977795	19979.296240219745	1301.5222755245888	76.17045477016727	384.4758642305992
263	76.91716240768322	20056.21340262743	1308.300982258471	76.18793575533026	382.2363297727109
264	73.26123700816748	20129.474639635595	1311.036951519121	76.16371644224954	380.03806870287474
265	74.42471161142998	20203.899351247026	1314.3758805466687	76.15186044860049	380.7706468594162
266	76.17009722394204	20280.069448470967	1320.7362586009162	76.13786858564777	378.767768930077
267	74.45196963194341	20354.52141810291	1322.7262773065665	76.13319786277815	379.5361540790227
268	77.714582043333	20432.236000146255	1330.0965838827417	76.18317641666653	378.29343035808006
269	77.97714559425232	20510.21314574051	1336.4451363037358	76.2146032140493	379.8782136888804
270	74.27206078715722	20584.485206527657	1339.9130377962936	76.20588611077072	379.963448043909
271	73.66968362347045	20658.154890151123	1343.1072195044594	76.23168447186362	379.1038901436577
272	77.04930875201886	20735.204198903146	1349.1993644032555	76.24831756470932	378.8579824146155
273	76.73766809218354	20811.94186699533	1354.4323591938735	76.24616935501345	380.93478749251597
274	78.5071270510782	20890.448994046412	1362.6627022033783	76.2421048653408	383.5137856227894
275	75.09039064095185	20965.53938468735	1367.9161853612343	76.22675339051793	382.60923215031465
276	73.83252924850417	21039.371913935858	1370.0872155846364	76.19764086374822	385.63146154184085
277	74.86566722092977	21114.237581156794	1373.9959882965613	76.18441288512558	386.3512159591035
278	80.4710199508539	21194.708601107643	1383.5088720328051	76.22592372457036	387.4492814151294
279	74.89490838503872	21269.60350949269	1387.6313155882358	76.22705090918346	383.9235102556262
280	78.87981579766111	21348.483325290348	1396.497799733877	76.25907721428479	382.44235785827664
281	71.18585420946913	21419.669179499804	1396.417820300364	76.18975439702457	383.10408941485156
282	77.98161783420748	21497.65079733402	1403.7938179724013	76.2046681694276	385.5142215440261
283	74.61983744414246	21572.27063477817	1407.2234862107819	76.19556479396529	383.33312546341995
284	74.54045446563437	21646.811089243794	1411.139347290594	76.17225545370091	383.22488739869425
285	73.51376670858369	21720.324855952378	1413.5822557701333	76.15224662636727	379.2313164604824
286	78.79091755608039	21799.115773508463	1421.055196375536	76.14979882297018	382.5052990049021
287	72.94345955041943	21872.05923305888	1423.068009444254	76.13713761776619	380.38164152343734
288	74.61212656208404	21946.67135962096	1427.5261736289033	76.11960370854837	378.23163902009185
289	74.38104975788279	22021.052409378855	1430.6186426245158	76.11179636925881	373.05747446607774
290	73.96584972841913	22095.018259107266	1434.3990897351343	76.0751470759111	376.24835616402476
291	75.06865611806904	22170.086915225325	1437.40624191652	76.04554924232325	379.0714042120281
292	73.98362068341703	22244.07053590875	1441.0526997948773	76.03717362696906	381.591183655842
293	74.43253138437716	22318.503067293143	1445.6730577208177	75.98525436375262	381.95727178619126
294	76.42978237893253	22394.93284967207	1451.349938315071	75.99302378639428	383.2321617833421
295	77.71506093271893	22472.647910604785	1457.3845959351256	76.0309518309703	378.54084062590204
296	80.86500706677154	22553.51291767154	1467.9487196948144	76.08224328855884	383.7346108722502
297	77.77875435763032	22631.291672029183	1473.8222150846177	76.0751881569623	386.74035610241856
298	77.84244597570331	22709.134118004884	1480.4796623105522	76.08471611404929	391.0642695883451
299	75.17913230773377	22784.313250312625	1484.1768672044457	76.07982579662888	393.9844549086215
300	76.01472897859645	22860.327979291218	1489.6977119976464	76.07397646629107	393.56515730295627
301	75.91908909966372	22936.24706839088	1493.5104703097008	76.07486820150233	397.0109293137037
302	79.72031653470971	23015.96738492559	1501.9795678387343	76.0919109447236	396.2834572701727
303	73.78484437802081	23089.75222930362	1505.8604818765266	76.07143445630544	396.4320153883263
304	79.3899830565817	23169.142212360188	1513.6425055608465	76.11208379762257	397.51985268997186
305	79.06544038105731	23248.207652741257	1521.1007976041365	76.07730648585321	396.0211526240504
306	70.90939702742828	23319.117049768673	1520.1010323216717	76.02420608290649	396.57041226306785
307	73.93125800822415	23393.0483077769	1524.1157631100878	76.00187933733278	394.4805364147461
308	73.72156192836391	23466.76986970526	1526.549445321139	76.00013316822753	394.93498918401013
309	76.58377217237773	23543.35364187764	1532.528990590465	76.02345898947941	395.0382998736362
310	77.09908802453974	23620.452729902183	1538.3916271311862	76.01723220820838	397.19972464517934
311	76.38663243418264	23696.839362336366	1545.2119497288745	76.03701311919724	398.0801289469371
312	75.56262854863071	23772.401990885002	1550.2254402608169	76.0365435833131	399.9257236319
313	77.36059157328673	23849.76258245828	1556.5876811187309	76.02806566103989	397.5733443482114
314	79.7771663273854	23929.539748785664	1565.564718479513	76.05691920311033	406.8493458581641
315	79.00192743244396	24008.541676218112	1573.250210471846	76.08186287277847	404.89596585185797
316	74.94576793148427	24083.4874441496	1576.0519043593415	76.06731040629592	402.9798829116846
317	76.74326566567571	24160.230709815263	1580.4711307488742	76.10922009093338	404.72454394856453
318	79.99084961288419	24240.221559428162	1589.0044785686052	76.16412092194973	407.5331389026627
319	74.91432650511507	24315.135885933265	1591.6333494918958	76.1659129914018	405.7135424058017
320	74.51870727403842	24389.654593207306	1595.471170460563	76.1518019342734	406.2355624513897
321	76.54514747231592	24466.19974067963	1600.072978569211	76.10766238403609	408.0866592641866
322	76.69397711206331	24542.89371779169	1605.009436354826	76.0811228996123	410.03754138691403
323	76.53199995514532	24619.42571774682	1610.4469603958078	76.04188000766064	411.38786296690876
324	78.21976717292787	24697.645484919747	1618.2464945612162	76.05405950591854	413.70622975064913
325	79.01921009944942	24776.664695019215	1625.6731716839736	76.0704137247986	415.3502068348432
326	74.07224535202215	24850.736940371233	1629.0932894666473	76.08241730386459	413.20943811497665
327	73.66180758737042	24924.398747958603	1630.8538030549473	76.07328331048343	414.2076582267973
328	73.62232347136047	24998.021071429957	1633.4977485135053	76.05336093128926	415.1298531679505
329	73.21896843721117	25071.240039867178	1635.5460576896842	76.0045378319617	419.40788902579754
330	77.40072292350224	25148.640762790677	1641.6415853623298	75.98167681215425	419.1153839244931
331	77.8865108975178	25226.527273688185	1647.4068103888444	75.99562594263487	420.8044092315954
332	73.90790922860208	25300.435182916797	1649.7930711342485	75.99081616656679	426.8529825885006
333	81.40485466407837	25381.840037580863	1659.7471278393853	76.05767585767849	425.69153989615063
334	74.58300714301953	25456.423044723888	1663.4385587490635	76.06664079960765	424.6636836664485
335	74.64375940676578	25531.06680413065	1666.6947115703338	76.04614966482045	427.97055349160865
336	77.05664311784244	25608.12344724851	1670.903255829091	76.03603903530261	425.5956737820773
337	75.89115569530428	25684.01460294381	1675.1523198875072	76.0273389804136	425.5929812543067
338	77.7319482234018	25761.746551167205	1682.4940735258895	76.06094139918599	425.4968093397286
339	78.98041256111576	25840.72696372833	1691.4296930218943	76.1105327348203	429.40589637981674
340	76.36870148055068	25917.095665208875	1696.5066770603457	76.12221158032551	433.15674046410516
341	71.85962141912859	25988.955286628014	1696.986664818967	76.1020860701931	431.20261015693075
342	75.1037767395186	26064.059063367524	1702.080016913096	76.09878154098047	430.94304157083127
343	75.7145199254779	26139.773583292998	1707.4553945875525	76.11289340298954	434.04898422839364
344	79.38332408835542	26219.15690738135	1715.6449825650966	76.1370778652143	436.06625766822737
345	74.4863658159647	26293.643273197325	1718.5974049151089	76.11201351658332	436.2258090991879
346	75.44728082041419	26369.090554017734	1723.742712798445	76.1235066796128	434.62773521695834
347	81.44026838453908	26450.530822402266	1734.8886598474542	76.16695717926878	433.9640376429321
348	77.71413130731236	26528.244953709593	1742.1871208383373	76.19890371028922	434.4201568602502
349	77.9222148682875	26606.167168577857	1748.3934770831977	76.17122050668904	436.13170371001416
350	73.25045464396345	26679.417623221827	1750.9088291172106	76.10499437328815	441.5564699739259
351	73.39333448086404	26752.81095770269	1755.0258446261373	76.108568531842	443.1305272662267
352	75.08111642369148	26827.89207412639	1759.2232106556912	76.07581511717906	444.13565290825653
353	74.30517772147415	26902.19725184786	1761.9902260876136	76.05753180770958	447.4221098278242
354	75.22475969807905	26977.422011545958	1764.0762156830326	76.02582584474366	444.3087694127517
355	74.80902649699797	27052.231038042944	1767.602906342808	76.02274898770843	445.28427849338215
356	78.16405804193347	27130.39509608488	1774.618877769144	76.02145832084688	444.61870536877376
357	74.52853239777211	27204.923628482662	1777.2838599744618	76.00887450571133	446.01747478452603
358	72.52376666524258	27277.447395147883	1778.1715554747423	76.00927608710039	446.11563336528087
359	76.37295330844489	27353.820348456335	1783.8811302908275	76.01432178451255	446.8474059783808
360	74.60888516103132	27428.429233617364	1787.2732958475078	76.00652251894766	447.59387898542354
361	75.09263057501852	27503.521864192393	1792.3027244402174	75.9914347808242	444.39289078515304
362	73.3276182302148	27576.849482422593	1794.2582503084718	75.97553242202862	444.01837876505687
363	79.14312035351321	27655.992602776107	1803.2298009728738	75.99779200148687	440.8410185992634
364	75.66987785979828	27731.662480635918	1807.7285543194025	76.0218784100032	444.13326289798806
365	74.04951095916387	27805.71199159507	1810.3633111822724	76.01812640348055	442.6558858640363
366	78.16708694670625	27883.87907854177	1816.956252104424	76.03809630070819	443.899699823436
367	77.76996016456994	27961.649038706353	1823.542715676661	76.0712762060344	444.93955503575967
368	76.37112502823933	28038.020163734578	1828.402958997277	76.05784163588349	441.9838245198307
369	74.54490263880902	28112.56506637338	1832.8249892572537	76.02351920632907	441.09086250135255
370	74.75056201157727	28187.315628384986	1837.7402816145616	76.0283042185733	442.41694592629125
371	73.82119504828891	28261.13682343324	1841.2050577160924	76.02981933282145	442.2786573035674
372	74.42033323221061	28335.557156665487	1843.8685100312232	76.00352957762337	443.3628233794885
373	75.74257439654127	28411.29973106201	1850.0075195684203	75.993578640667	440.9782135726557
374	75.01480742176776	28486.314538483777	1854.6880686474933	75.95865544437385	440.29237526565055
375	76.2452838210177	28562.55982230481	1860.2727369645172	75.97020437617452	443.5625451305869
376	71.87828804077873	28634.43811034558	1861.4940528823302	75.95066196409726	443.47672621093915
377	77.73528595880754	28712.173396304395	1867.8507881708115	75.97935815147602	443.6361871887881
378	79.39643731017303	28791.569833614558	1876.4505708479132	75.96861232506926	445.1973794328725
379	75.2952221771983	28866.865055791754	1881.1621181121495	75.97261546299085	445.33188098080785
380	72.42044688926025	28939.28550268102	1883.886754799765	75.90802177390682	444.41947320369286
381	74.52876482128167	29013.814267502294	1888.7211312427276	75.94145088002493	443.593654288341
382	76.88035388775737	29090.694621390066	1895.579086948849	75.93043824056042	438.6615930502765
383	80.05334650145605	29170.74796789151	1904.2780722778248	75.98477333113357	439.0024111685213
384	71.87481917175614	29242.622787063276	1903.7995167456136	75.9581169781948	440.9952530802668
385	73.06788402526519	29315.690671088534	1906.5287711705323	75.95365815136164	439.73268748168397
386	76.53965461529029	29392.230325703815	1911.4388499373704	75.93114552195375	440.88104588267623
387	77.32283618286112	29469.553161886688	1916.1113882401673	75.97493928827811	443.5236997690505
388	71.61014536357942	29541.163307250263	1916.6314439157723	75.94491947629307	443.48432809951646
389	81.47924073427174	29622.642547984527	1926.763868683699	76.01590138605695	443.52261823570336
390	76.11089198412874	29698.753439968663	1931.8570230679532	76.03735180861403	442.23411970083475
391	76.11038981853983	29774.863829787202	1937.2206099205325	76.04776914561879	446.43802735859856
392	77.96035154248452	29852.824181329677	1943.5206281987473	76.08753645420943	445.9343491014805
393	76.94060780292051	29929.764789132612	1950.9102456829642	76.11261721839489	446.0399900959452
394	75.6414198997523	30005.406209032364	1955.7077736115023	76.10473359360309	446.61411334624916
395	76.297755401864	30081.70396443423	1960.7216800800277	76.09056053829455	447.20064597901444
396	76.42104070638055	30158.125005140617	1964.6880955935476	76.0461208746906	447.20546015983086
397	78.29805863823223	30236.42306377883	1971.0068996171426	76.05131391749664	450.871804718871
398	73.47777786189654	30309.900841640745	1973.5738490224367	76.00766723635857	448.38124696469157
399	73.55080478153175	30383.451646422272	1975.4700573299938	75.99138396109653	448.66618606595483
400	74.7793673446815	30458.231013766937	1978.5663915578814	75.9790303447574	450.7786759480533
401	75.93955840965859	30534.170572176612	1983.0512932573954	75.97923503785738	451.35424389365426
402	71.35532634705193	30605.525898523643	1984.160037314916	75.89558513598077	451.23513608895655
403	75.9091558766141	30681.43505440027	1988.3681259365121	75.91682825096667	448.5812124556091
404	74.08308718371507	30755.518141583994	1991.6895528055713	75.86375929223804	449.18831760433216
405	74.37925906151723	30829.89740064551	1995.2634046138307	75.81689747904265	449.644665799373
406	72.07826362944589	30901.97566427495	1997.3826961458894	75.82858614506281	450.3738354534862
407	76.19402968558408	30978.16969396053	2002.153123002246	75.8512138618364	452.5786094578324
408	78.4611306507626	31056.630824611304	2008.818261079662	75.8986095490604	450.50557502801803
409	75.71506223659645	31132.34588684788	2013.4924968893133	75.88992244970258	450.84089124155133
410	78.3618612327045	31210.707748080586	2020.8836890588739	75.9025501817842	450.0830202415346
411	77.08827791637373	31287.79602599699	2026.4620552674087	75.90956663660613	450.09818401393534
412	76.98789177615139	31364.783917773115	2031.6166527746595	75.92381926888136	453.76757966259584
413	74.3301289867598	31439.114046759885	2034.3805039697108	75.89351464301612	450.41784456031286
414	77.7354784360918	31516.849525195998	2041.3349540772854	75.87309776410315	449.9939981628597
415	74.76485110607618	31591.61437630205	2045.6671560907046	75.83072700083946	448.8737105400646
416	77.68856004918707	31669.302936351232	2052.2717956498577	75.8581549220165	453.00108908531814
417	78.65987659554285	31747.96281294679	2059.6821864469453	75.87732103131516	453.6986048603155
418	78.69312156187897	31826.65593450866	2067.26973548158	75.8643437508051	449.577322040262
419	77.32671432955792	31903.982648838217	2073.718830207852	75.88846762904954	446.23867359365516
420	76.78262450210671	31980.765273340327	2080.08503664609	75.91110680133022	445.4362115752797
421	75.9484260254451	32056.71369936578	2085.270534603877	75.90513958686151	447.6215078464556
422	73.94734205026312	32130.66104141604	2086.789020980512	75.8776732362435	449.5330490311532
423	76.75695064383108	32207.41799205986	2092.428561660994	75.87992274313036	450.34906434775456
424	76.64544062793458	32284.0634326878	2099.2213315977706	75.86417947768044	446.9981408483864
425	76.19612646120743	32360.259559148995	2105.176191405166	75.835948641298	446.9668959727492
426	73.32574441368327	32433.585303562682	2106.1471167122845	75.82848363191464	445.99286843081205
427	75.00807803098367	32508.59338159367	2111.391153435225	75.84194633635076	447.5270536412485
428	72.12119919560081	32580.714580789274	2112.7097878278832	75.82693509359315	447.2765478522037
429	75.90576115945449	32656.620341948717	2117.5079050729037	75.85380302081556	446.21389930796056
430	82.73661891888159	32739.35696086761	2129.4512173752464	75.90716198076937	448.1653106195027
431	78.91792882941262	32818.27488969703	2138.1412580596307	75.91747616008836	447.2268167454182
432	72.06932307848223	32890.3442127755	2139.9616183660955	75.89909029858713	445.82931260283937
433	72.69143204020952	32963.035644815725	2140.193365263071	75.81195607234842	447.43128722110913
434	77.70134329041554	33040.73698810614	2147.3560788829113	75.84313943382243	448.8113872527675
435	75.7618833834789	33116.49887148962	2152.2218311653387	75.85432067358958	449.2766122103255
436	77.896734666382	33194.39560615598	2159.3687606182234	75.86272158907495	449.55115787800474
437	73.4857113432261	33267.88131749922	2162.9200947211034	75.83866714555414	448.1715777851496
438	73.56340558521345	33341.44472308444	2166.300021903096	75.79698171917225	447.70492044537133
439	73.5017117606021	33414.94643484501	2167.8786979258316	75.74219471116714	446.4963339690113
440	74.99024668053204	33489.93668152558	2172.1927192978806	75.72841016316694	442.93079814775905
441	76.89825031303481	33566.8349318386	2179.05761208164	75.77879645210598	440.79068375990056
442	77.39841434718282	33644.2333461858	2184.250106770139	75.80174282818267	443.10139825656745
443	72.6507062539153	33716.8840524397	2186.7402377391277	75.77110469146704	445.34360757116565
444	79.28245322910603	33796.16650566882	2195.0648697628144	75.77009598287452	445.40163607226253
445	76.97474844132121	33873.14125411012	2200.673542158723	75.79497980912812	444.7995361709917
446	75.92974686104353	33949.07100097118	2204.750144462801	75.79980446953437	446.2179468322041
447	71.66635053878157	34020.737351509946	2204.884427673499	75.70206529107682	444.5415192511458
448	77.76841153023975	34098.505763040186	2211.2430588824514	75.70260809330607	443.660194695771
449	71.80405155331472	34170.309814593515	2212.497751194688	75.64142646015638	444.10316897715813
450	73.91489335427154	34244.224707947775	2216.5419052499396	75.64807084725942	442.5150369134555
451	78.12087320431263	34322.3455811521	2222.699023062385	75.69534623449394	442.5546667099683
452	79.9527076462277	34402.298288798316	2231.455873901071	75.74406214671929	445.1718386466616
453	75.51642217969602	34477.81471097801	2235.9570788799588	75.75617459130153	447.049163771097
454	77.05282702413393	34554.86753800216	2243.5299198483617	75.7744552645621	452.03506582393
455	76.81992702789225	34631.68746503004	2248.956307460446	75.794564269871	455.12397135466273
456	74.68124784201913	34706.36871287208	2251.1101455731355	75.75973616787186	456.4270648887714
457	76.3116055940522	34782.680318466126	2257.0916533951213	75.77756689983464	456.3473484375456
458	73.98181273633713	34856.66213120245	2260.6883766255924	75.79214736054563	455.0127412671307
459	77.54856128507635	34934.21069248753	2268.6504552149745	75.80390344031193	456.328849939017
460	74.20997821502051	35008.420670702544	2270.9626144715403	75.79991437085181	459.6438410958131
461	77.41438007767077	35085.835050780224	2276.3189616874934	75.82313186587834	462.0525495822993
462	78.15356475781341	35163.98861553803	2283.488264886418	75.87139133115433	463.9927218514702
463	74.34773943623097	35238.336354974264	2286.635209023015	75.82343752198152	463.5576993890894
464	75.43491613140374	35313.77127110567	2290.3625331781996	75.82108790469755	463.607006234099
465	76.67720735343428	35390.44847845912	2295.718194522892	75.84736486864026	462.31671105150696
466	76.53251535849974	35466.98099381762	2300.919527949905	75.8310191527582	464.64232068942226
467	83.32474615252823	35550.305739970136	2313.8070176551582	75.88656701263777	462.15099968742123
468	78.56684957681725	35628.87258954696	2323.425741907351	75.90852425812353	458.2118881214764
469	76.29334564006412	35705.16593518701	2328.094681307856	75.92600868813606	458.61013129237256
470	76.58523485779787	35781.75117004481	2333.3434181245907	75.94435541659831	461.94716258338815
471	76.906353417953	35858.65752346276	2338.38439784308	75.97520700029497	464.77067285261353
472	74.78621017577656	35933.443733638545	2341.7995342308795	75.9788657697306	463.02494331861993
473	79.80713918658502	36013.25087282513	2350.0227506361352	76.01951141763105	463.9156315255022
474	74.59123483358758	36087.84210765872	2353.7782684555823	76.01527569174925	466.761546897888
475	77.6479938564222	36165.49010151517	2361.609456973542	76.0293027921033	468.05206778635477
476	74.63175115750485	36240.12185267264	2365.436480238738	76.05683742327057	469.4573744078997
477	74.85063879695068	36314.97249146959	2369.662378111515	76.02799095165199	472.16702181884745
478	75.46231899589756	36390.43481046549	2372.9428815847737	75.9886497685092	471.7532672941528
479	75.53811308542129	36465.972923550915	2377.528674342151	75.99107867759147	476.61823785510416
480	76.02351194519996	36541.99643549612	2382.6088966715083	76.02710932815089	474.9982189196288
481	74.60545353799911	36616.60188903412	2385.7494359937464	76.02787621531803	474.3937334538412
482	72.26080645680459	36688.86269549091	2387.08441309089	75.9816807410085	472.9995760119498
483	77.23342637200278	36766.09612186291	2392.0466956885953	75.95348153971399	475.1241195533138
484	76.26132537901748	36842.35744724193	2397.788567097516	75.99734660178659	476.1330113917968
485	72.9041047108018	36915.26155195273	2399.255961788344	75.99570880864198	473.9042132037419
486	76.14096686835937	36991.402518821116	2404.3745069583056	75.99172193117265	476.6717133012074
487	76.50750198829053	37067.910020809395	2410.925283053426	75.98356858922695	478.92177337273296
488	72.7668288611373	37140.676849670526	2412.2756873247563	75.99513542420253	477.45543038075306
489	74.93318389852585	37215.61003356907	2417.615353641184	75.92967485584506	475.5810352642088
490	76.73505673411891	37292.345090303184	2423.1378953420476	75.93591650334498	475.59813307700534
491	81.6277937775424	37373.972884080715	2433.261572921945	75.99109054293497	479.0352314058927
492	79.5272856790778	37453.500169759805	2442.6846932854237	76.0067598843009	482.4386530923188
493	74.81181637214482	37528.31198613195	2446.7149233979876	75.98547196999316	484.3270580400434
494	77.26969532863694	37605.58168146058	2453.9028228231914	76.00175472428202	484.9827277906187
495	72.72784590938151	37678.30952736997	2456.138402385674	75.96605562935719	484.33304660272216
496	74.8263927388358	37753.135920108805	2459.8737340069206	75.95010914968174	485.0263587460561
497	78.8287635422363	37831.96468365104	2467.587870889272	75.95541619872176	486.9466584310036
498	74.91368471917961	37906.878368370206	2471.875448356833	75.96977526729465	490.27743333986956
499	76.60184005234943	37983.48020842257	2477.301413439227	76.00028562000278	487.9938233503652
500	75.5298824194153	38059.01009084197	2481.891882761165	76.00779077075009	488.0844226445659
501	75.11199282800571	38134.12208366997	2486.085631589286	75.99951511493363	487.45619829199745
502	76.425669335885	38210.54775300586	2490.9367722229726	76.0502185448219	488.7397452009198
503	74.17051068391542	38284.718263689785	2493.253721293693	76.03283209289492	488.30335949299797
504	74.7122447055685	38359.430508395366	2493.253721293693	76.03283209289492	492.0588945195241
