task	reward	total_reward	total_regret	relative	total_reward_dev	joules
0	78.19416912075006	78.19416912075006	6.545188997944449	0.0	23.35431358535532	78.19416912075006
1	81.59916463763216	159.79333375838215	16.047368752673382	0.0	39.760600151202055	81.59916463763216
2	80.9291648113182	240.72249856970038	25.008095415688054	0.0	49.275549420530346	80.9291648113182
3	82.66889503002012	323.3913935997204	36.40209061560815	0.0	58.245953805785234	82.66889503002012
4	80.28688446472162	403.67827806444205	46.27290755421613	0.0	66.45734602132107	80.28688446472162
5	77.59840064349633	481.27667870793834	52.13386664150194	0.0	71.9757805383569	77.59840064349633
6	80.94311094417247	562.2197896521106	62.02676493680416	0.0	78.34267055279254	80.94311094417247
7	81.77049309613503	643.9902827482457	71.68386738764208	0.0	88.91855051261885	81.77049309613503
8	81.70196569867089	725.6922484469163	81.60842388952034	0.0	92.43577706613715	81.70196569867089
9	83.60790410548847	809.3001525524047	94.0574447976256	0.0	98.77776350818748	83.60790410548847
10	76.11236350096807	885.4125160533735	100.0174167922642	0.0	103.50523197036496	76.11236350096807
11	79.50594274384052	964.9184587972136	107.32904692821947	0.0	111.15532172786894	79.50594274384052
12	77.07032099206232	1041.9887797892757	112.19219290974428	0.0	109.70197898979296	77.07032099206232
13	80.0295562839031	1122.0183360731787	120.70867169617664	0.0	111.79217108501453	80.0295562839031
14	79.96521357424608	1201.9835496474248	129.21281062040308	0.0	116.04273664866577	79.96521357424608
15	80.96318422519137	1282.946733872616	138.1306985316405	0.0	128.14030874401234	80.96318422519137
16	82.33258156962836	1365.2793154422443	149.51382279482718	0.0	132.6214889285737	82.33258156962836
17	81.97379638659265	1447.2531118288368	160.35468276835604	0.0	132.59545993933287	81.97379638659265
18	83.15829197663874	1530.411403805476	173.5199824025529	0.0	138.71178932994115	83.15829197663874
19	77.43537429754608	1607.8467781030217	179.67979703324957	0.0	139.90633331673212	77.43537429754608
20	79.36404894439902	1687.2108270474212	188.04200538927907	0.0	144.44247744019046	79.36404894439902
21	81.3245931271706	1768.5354201745913	198.09897434619677	0.0	147.34017447031974	81.3245931271706
22	84.59942460096876	1853.1348447755597	211.71276227735564	0.0	147.2702245520695	84.59942460096876
23	79.41016246778894	1932.5450072433493	220.5922667842386	0.0	151.79885874702288	79.41016246778894
24	77.35225885204565	2009.8972660953957	226.93673306247564	0.0	155.07390458539797	77.35225885204565
25	79.47146664533003	2089.368732740725	235.42003755161832	0.0	157.83665496017073	79.47146664533003
26	78.70595412941756	2168.0746868701426	242.05063974441066	0.0	161.48269334403335	78.70595412941756
27	79.900266498745	2247.974953368887	251.72776207404317	0.0	164.82189710488322	79.900266498745
28	75.66526052482463	2323.640213893713	255.0514929780598	0.0	164.72218466321002	75.66526052482463
29	79.60859347732826	2403.248807371039	264.5310129002192	0.0	166.8728510230296	79.60859347732826
30	83.74842037977537	2486.997227750815	277.35328144162753	0.0	167.20163982428596	83.74842037977537
31	83.95509427800482	2570.9523220288193	289.0853095522172	0.0	170.8200358833721	83.95509427800482
32	79.35070501538043	2650.3030270442	297.1483990902786	0.0	170.8431377670519	79.35070501538043
33	79.2783685075681	2729.5813955517674	305.7350268123611	0.0	171.92762732340043	79.2783685075681
34	82.40409815429874	2811.9854937060677	318.0806575124681	0.0	179.5598438579292	82.40409815429874
35	75.74997953756252	2887.7354732436297	323.49038507418095	0.0	181.78368477198566	75.74997953756252
36	78.88089259574524	2966.6163658393757	329.83761589865566	0.0	183.80768551444308	78.88089259574524
37	78.67963556057116	3045.2960013999477	337.1130441358922	0.0	186.88314865406292	78.67963556057116
38	78.93362991560394	3124.229631315549	344.64354574402785	0.0	184.8064865425257	78.93362991560394
39	79.11177468155219	3203.341405997101	354.07744450594816	0.0	187.3716094021887	79.11177468155219
40	80.53263857270494	3283.8740445698054	363.1626454431543	0.0	190.21609027116256	80.53263857270494
41	80.57571777179606	3364.449762341604	372.58077801132225	0.0	193.8638490754902	80.57571777179606
42	75.16079720863146	3439.6105595502345	377.52021792422755	0.0	194.29023171802487	75.16079720863146
43	81.30802799634286	3520.9185875465755	388.8132940445602	0.0	197.95189748197961	81.30802799634286
44	80.2490562718326	3601.167643818409	398.55715661813963	0.0	199.83225227305448	80.2490562718326
45	79.64513199367039	3680.81277581208	407.466265055238	0.0	206.5907749999064	79.64513199367039
46	78.60227979121042	3759.4150556032914	415.0369760641391	0.0	206.8293008871711	78.60227979121042
47	81.72295611571896	3841.1380117190115	426.51309590934744	0.0	209.94879211091506	81.72295611571896
48	81.94166337573982	3923.0796750947497	438.27453876078323	0.0	211.87449852904473	81.94166337573982
49	80.60632465995597	4003.6859997547062	447.8598205451927	0.0	216.2793563100523	80.60632465995597
50	78.03587212232426	4081.7218718770287	455.3525498836584	0.0	225.03006379772523	78.03587212232426
51	84.90226693473511	4166.624138811763	468.7695562368719	0.0	223.5637187618206	84.90226693473511
52	78.37428258744504	4244.998421399209	476.1271484995042	0.0	229.90381291953304	78.37428258744504
53	82.25709618872675	4327.255517587937	487.225538642629	0.0	230.07415649951975	82.25709618872675
54	74.25678485028575	4401.512302438221	490.07308018088685	0.0	231.24426742707365	74.25678485028575
55	77.03035934629895	4478.542661784523	496.5608027079927	0.0	235.48427443853888	77.03035934629895
56	79.36702458662464	4557.909686371147	505.78350454622955	0.0	240.2999435097688	79.36702458662464
57	76.70798771019328	4634.617674081339	510.9191460150548	0.0	237.72180421420677	76.70798771019328
58	81.1827850635039	4715.800459144844	521.3493325007606	0.0	244.9276005319099	81.1827850635039
59	81.93691134252508	4797.737370487369	531.5895221616133	0.0	248.65847849828208	81.93691134252508
60	78.75188314058175	4876.489253627952	538.9158241035165	0.0	252.65069505328304	78.75188314058175
61	85.0762485168696	4961.56550214482	551.7999104394194	0.0	251.21578390690576	85.0762485168696
62	76.30814983082252	5037.873651975643	556.9991039902051	0.0	253.17485295486847	76.30814983082252
63	85.30835053734987	5123.182002512992	571.1383202906126	0.0	256.1679972355565	85.30835053734987
64	80.2076569179781	5203.389659430974	580.4257878407707	0.0	254.20776257871057	80.2076569179781
65	77.82566310080095	5281.2153225317725	586.7789644638158	0.0	255.72051866065044	77.82566310080095
66	87.02577621217013	5368.24109874394	602.6524668814509	0.0	248.4375048811934	87.02577621217013
67	78.63422569482881	5446.875324438774	610.0172742229153	0.0	253.186545484731	78.63422569482881
68	86.38003270925721	5533.2553571480275	624.971373576044	0.0	259.29860745433416	86.38003270925721
69	84.16536950604781	5617.420726654078	637.9802765732661	0.0	263.0309346271363	84.16536950604781
70	78.15576132982342	5695.576487983898	643.2016020549376	0.0	264.985994769576	78.15576132982342
71	77.31975153629354	5772.896239520191	649.2754638421806	0.0	268.76198363777996	77.31975153629354
72	77.79811705809826	5850.694356578293	655.8174280583423	0.0	272.1861730055015	77.79811705809826
73	81.2805322807867	5931.974888859077	666.0591960385863	0.0	269.21550983923663	81.2805322807867
74	80.59292107005056	6012.567809929128	675.5194584140896	0.0	271.11570951014363	80.59292107005056
75	79.50187278689381	6092.069682716023	683.1260669991602	0.0	271.65720596819386	79.50187278689381
76	84.19640211869881	6176.266084834721	697.8305261301844	0.0	273.6800342958975	84.19640211869881
77	82.09218335461566	6258.358268189335	708.5249825784263	0.0	272.35816626866085	82.09218335461566
78	79.71407488849395	6338.072343077835	718.1966408692399	0.0	268.4808974767488	79.71407488849395
79	82.64289695335258	6420.715240031184	729.8312749001389	0.0	270.3529342618679	82.64289695335258
80	81.78528805863485	6502.5005280898185	740.5453721419998	0.0	274.7902777917384	81.78528805863485
81	74.42990066665674	6576.9304287564755	744.4107338375476	0.0	274.77603801954547	74.42990066665674
82	77.65586884508299	6654.586297601558	749.776409353545	0.0	276.08858650727376	77.65586884508299
83	78.53063037367902	6733.116927975237	758.8873484537336	0.0	276.2362725677398	78.53063037367902
84	78.80947610157479	6811.926404076816	766.7186324132094	0.0	273.25115443012703	78.80947610157479
85	77.68646501615548	6889.612869092967	773.165784926841	0.0	273.6073131855705	77.68646501615548
86	77.11599310675771	6966.728862199726	778.2523556728987	0.0	274.1634154611641	77.11599310675771
87	74.11266510753936	7040.841527307265	781.978017098207	0.0	277.85092636727705	74.11266510753936
88	82.3565095809077	7123.198036888172	794.0288718043835	0.0	276.09325622581133	82.3565095809077
89	86.8981555240062	7210.096192412178	808.3957782933587	0.0	272.18162935652595	86.8981555240062
90	82.99426411063983	7293.090456522819	820.0323712254037	0.0	272.4018243391478	82.99426411063983
91	84.6360182857432	7377.726474808561	833.7580858093509	0.0	280.4944976941302	84.6360182857432
92	82.81756103826427	7460.544035846824	846.0514715755922	0.0	283.6869005936483	82.81756103826427
93	77.067369688206	7537.611405535028	851.6285086593383	0.0	286.3872985110707	77.067369688206
94	82.18130490332611	7619.792710438358	862.4920238687228	0.0	287.1100916011587	82.18130490332611
95	77.29309415915628	7697.085804597512	867.9884574245668	0.0	289.8608154684532	77.29309415915628
96	80.56243587112789	7777.648240468642	877.7386830346151	0.0	294.0060792570132	80.56243587112789
97	82.19623160138872	7859.844472070032	889.2983016831374	0.0	294.0763026778975	82.19623160138872
98	79.93522774876223	7939.779699818792	897.7485307897801	0.0	293.0557715937237	79.93522774876223
99	81.99349678538661	8021.773196604179	909.1691368146879	0.0	295.8665970855915	81.99349678538661
100	87.54878934295024	8109.32198594713	924.8093791656141	0.0	298.85571320163757	87.54878934295024
101	84.39315833412735	8193.715144281256	937.9132412288383	0.0	295.6459375465494	84.39315833412735
102	81.64086832050936	8275.356012601767	949.2685413474422	0.0	296.8670418852262	81.64086832050936
103	75.74558770642402	8351.101600308195	953.2709481227851	0.0	296.43775861651994	75.74558770642402
104	77.25686339473194	8428.358463702922	959.3495671315875	0.0	303.8401905111917	77.25686339473194
105	77.58045677526214	8505.938920478186	964.7121854743725	0.0	304.87892098152713	77.58045677526214
106	77.70842786640334	8583.647348344588	971.5084353084962	0.0	307.8702127832025	77.70842786640334
107	84.51257042529038	8668.159918769876	984.136152819221	0.0	307.6247971618757	84.51257042529038
108	82.93483237870264	8751.09475114858	996.1562736259053	0.0	311.2961263682645	82.93483237870264
109	79.07333517531046	8830.16808632389	1004.2795291393838	0.0	308.314373993469	79.07333517531046
110	78.7847616568401	8908.95284798073	1011.8815166749806	0.0	311.24469491672164	78.7847616568401
111	76.69122971076885	8985.644077691499	1019.0072510961131	0.0	314.6429650712643	76.69122971076885
112	75.01872227829192	9060.66279996979	1023.6906763906072	0.0	316.31786405286726	75.01872227829192
113	77.89967170384315	9138.562471673637	1029.7363942706515	0.0	316.44994998590886	77.89967170384315
114	80.08744271044785	9218.649914384081	1038.6692306955274	0.0	319.8786387142833	80.08744271044785
115	78.64569650347002	9297.295610887551	1045.5257501232018	0.0	325.2474390784722	78.64569650347002
116	79.24300623398703	9376.538617121543	1053.8660422059218	0.0	323.6344650503931	79.24300623398703
117	83.30360595148599	9459.842223073021	1065.6063647780127	0.0	330.1964744577124	83.30360595148599
118	79.62907203941734	9539.471295112438	1074.0536947276705	0.0	331.0975364300979	79.62907203941734
119	77.75967525058077	9617.230970363025	1080.2168497995253	0.0	334.8629894495951	77.75967525058077
120	76.78893904448081	9694.019909407509	1085.9266405032176	0.0	336.66838320661026	76.78893904448081
121	85.6119828575081	9779.631892265013	1100.8348448205982	0.0	340.49882638014304	85.6119828575081
122	85.6445047334467	9865.276396998463	1116.1191764630898	0.0	350.1994216965263	85.6445047334467
123	78.44079205755344	9943.717189056008	1123.3650235937428	0.0	352.10764534175127	78.44079205755344
124	79.17779273257842	10022.89498178859	1131.2251701209507	0.0	352.2482865709576	79.17779273257842
125	84.53713424636719	10107.432116034961	1144.837268202492	0.0	351.92124123038695	84.53713424636719
126	76.27506102617758	10183.707177061135	1150.3629662214635	0.0	351.7129947469314	76.27506102617758
127	79.39424122294345	10263.101418284079	1158.905480897142	0.0	351.2927999261042	79.39424122294345
128	78.08545942454725	10341.186877708627	1166.2467487037184	0.0	350.62162695485637	78.08545942454725
129	83.30086012517967	10424.487737833806	1177.7973255393388	0.0	352.2081143853585	83.30086012517967
130	80.60954848900109	10505.097286322805	1186.686027069858	0.0	355.7946578334813	80.60954848900109
131	83.37304569973251	10588.470332022533	1199.1576937722793	0.0	362.45610262846355	83.37304569973251
132	78.40257193251583	10666.87290395505	1205.9166768056755	0.0	362.8555198759815	78.40257193251583
133	79.47236651017049	10746.345270465226	1215.0785860077387	0.0	365.57287485428685	79.47236651017049
134	75.12991658463629	10821.47518704986	1220.0726519060188	0.0	367.0469974704223	75.12991658463629
135	81.34661081675917	10902.821797866616	1230.8345719763677	0.0	367.5384623331457	81.34661081675917
136	84.83200603353575	10987.653803900153	1246.093017863544	0.0	364.8319689250388	84.83200603353575
137	79.82002471374658	11067.473828613902	1255.2542003267229	0.0	367.9704656648517	79.82002471374658
138	80.62064177701595	11148.094470390919	1265.373683954219	0.0	365.9452782973502	80.62064177701595
139	87.96324738258255	11236.057717773496	1280.5326759030402	0.0	369.3451272176141	87.96324738258255
140	77.2412008250794	11313.298918598573	1286.6754313909794	0.0	367.8128044858532	77.2412008250794
141	79.84930960498775	11393.148228203563	1296.9893588618947	0.0	369.0333393130394	79.84930960498775
142	85.97071481628161	11479.118943019846	1312.9462206362844	0.0	368.79235737859057	85.97071481628161
143	83.72774021385217	11562.846683233707	1326.1234516547922	0.0	370.78143326249636	83.72774021385217
144	77.24823425293931	11640.094917486633	1333.1629369840864	0.0	373.4771657908354	77.24823425293931
145	85.27296519980237	11725.367882686436	1347.8239427209558	0.0	375.561351998655	85.27296519980237
146	77.81960968830792	11803.187492374753	1354.3363985467397	0.0	375.63236214554877	77.81960968830792
147	87.39892357750908	11890.586415952257	1370.6082595518608	0.0	378.63080355988495	87.39892357750908
148	81.46038139429947	11972.046797346558	1381.5117207071644	0.0	374.9612570947787	81.46038139429947
149	76.71754429714996	12048.764341643697	1387.4415916273533	0.0	377.49607517271755	76.71754429714996
150	75.23191876907639	12123.99626041278	1389.5476179294578	0.0	379.0395845940016	75.23191876907639
151	79.60372760521658	12203.599988017997	1397.525839834868	0.0	381.0984786435664	79.60372760521658
152	84.44913166222543	12288.049119680216	1411.311350258789	0.0	384.9214683705231	84.44913166222543
153	79.00145988668929	12367.050579566914	1419.18051099053	0.0	387.8446782817874	79.00145988668929
154	78.03424343023268	12445.084822997145	1426.44211901642	0.0	393.56835258350424	78.03424343023268
155	80.66594456543974	12525.75076756258	1437.2808674072503	0.0	394.3170439611331	80.66594456543974
156	81.92021391116657	12607.67098147375	1448.017630286541	0.0	393.1619849535765	81.92021391116657
157	84.19278823520057	12691.863769708953	1461.2356926679577	0.0	390.5705646151176	84.19278823520057
158	75.43608524884431	12767.2998549578	1465.2007968965474	0.0	391.2175888183072	75.43608524884431
159	78.25145636453344	12845.55131132233	1471.3811446894374	0.0	392.29897829515573	78.25145636453344
160	81.89848130913542	12927.449792631469	1481.1996756858512	0.0	398.48766631227204	81.89848130913542
161	81.32644654704917	13008.77623917851	1492.1978437931111	0.0	403.0138819128875	81.32644654704917
162	80.90454232768552	13089.6807815062	1502.5329467245851	0.0	407.55240140290715	80.90454232768552
163	80.98367075528216	13170.66445226148	1513.150832072045	0.0	408.4340986135545	80.98367075528216
164	77.65962776761206	13248.324080029093	1519.7075309823879	0.0	406.2372543916438	77.65962776761206
165	80.44305285707023	13328.767132886162	1527.7552914782407	0.0	407.6599438795191	80.44305285707023
166	78.14138135191175	13406.908514238077	1535.2092987570381	0.0	407.57648272518276	78.14138135191175
167	86.91830234957035	13493.826816587645	1552.4739382255063	0.0	410.70481291875154	86.91830234957035
168	85.91608818351564	13579.74290477116	1567.5748240707003	0.0	409.1433342037157	85.91608818351564
169	84.6805392059411	13664.423443977097	1581.393613624839	0.0	407.9009894188798	84.6805392059411
170	85.0963326587574	13749.519776635854	1595.9111335708105	0.0	411.8680882894631	85.0963326587574
171	78.54307203796088	13828.062848673824	1603.8237558282462	0.0	410.7826878821438	78.54307203796088
172	76.9483119229396	13905.011160596765	1609.492826065395	0.0	415.3210166118139	76.9483119229396
173	77.66359707160458	13982.674757668374	1614.3722284726073	0.0	421.84194209910584	77.66359707160458
174	80.272768467263	14062.947526135626	1624.5536352407591	0.0	425.00218051667474	80.272768467263
175	83.9552537080054	14146.902779843625	1637.429770952334	0.0	424.48280623376695	83.9552537080054
176	81.09772665372628	14228.000506497361	1647.546286655428	0.0	427.3962088367294	81.09772665372628
177	75.76346313978208	14303.763969637139	1652.3947431780452	0.0	430.5258555403493	75.76346313978208
178	79.82588219343154	14383.58985183057	1661.0019650687195	0.0	428.99972469967116	79.82588219343154
179	78.92509902588134	14462.51495085645	1669.6212703891783	0.0	435.74905309510467	78.92509902588134
180	78.08936172238313	14540.60431257884	1676.7317434632516	0.0	437.093623933104	78.08936172238313
181	79.50744141289675	14620.111753991736	1685.6701808886332	0.0	437.7712553307269	79.50744141289675
182	80.11966053773472	14700.23141452947	1694.9787421647288	0.0	438.0908268865743	80.11966053773472
183	82.49546212981855	14782.726876659286	1706.021289797814	0.0	440.324928151185	82.49546212981855
184	79.52320092687502	14862.250077586157	1714.1946066662576	0.0	440.04791840243195	79.52320092687502
185	81.7286855386092	14943.978763124771	1724.5217018303792	0.0	443.8150898449246	81.7286855386092
186	79.39933252530408	15023.37809565008	1732.271356192832	0.0	438.84696533594683	79.39933252530408
187	77.71399549350559	15101.09209114358	1738.9217450914393	0.0	437.0413489857303	77.71399549350559
188	83.28494838740055	15184.377039530978	1751.34390415741	0.0	438.66964486645503	83.28494838740055
189	75.67525048484836	15260.052290015838	1756.1724303594592	0.0	441.8952850662786	75.67525048484836
190	81.54919923307958	15341.60148924891	1766.2354244327764	0.0	443.025064912243	81.54919923307958
191	80.49285529448822	15422.094344543391	1776.5602697046538	0.0	445.281347410132	80.49285529448822
192	83.01587239254638	15505.110216935944	1788.9530839856513	0.0	452.6791804083011	83.01587239254638
193	79.42989565571844	15584.540112591661	1798.1433812488083	0.0	455.2382851629339	79.42989565571844
194	76.67285167862883	15661.212964270278	1804.1257209143482	0.0	458.8269147773522	76.67285167862883
195	83.9108980535462	15745.123862323835	1817.3033824459155	0.0	460.8857534403107	83.9108980535462
196	79.45563781967948	15824.579500143516	1824.8910918219688	0.0	457.0650909700612	79.45563781967948
197	81.39573237568229	15905.975232519202	1834.5004651397924	0.0	460.79633474880484	81.39573237568229
198	82.69876166697335	15988.673994186167	1845.7432112282881	0.0	464.48253793522434	82.69876166697335
199	79.66615534563653	16068.340149531805	1854.1982335395026	0.0	462.90685827135377	79.66615534563653
200	78.65661826568554	16146.996767797491	1862.1293823012309	0.0	462.4400643004418	78.65661826568554
201	82.52522963744788	16229.521997434933	1873.4881325087272	0.0	463.2462544529315	82.52522963744788
202	82.53638003361058	16312.058377468542	1885.323670388935	0.0	464.45289419951735	82.53638003361058
203	76.30551810157557	16388.363895570117	1890.9740816631943	0.0	466.53008228853423	76.30551810157557
204	79.82511287466714	16468.18900844479	1900.1831888085662	0.0	470.167905752717	79.82511287466714
205	75.3459621589141	16543.534970603705	1903.964312228988	0.0	471.57369786222694	75.3459621589141
206	77.94944708600165	16621.484417689713	1910.7540264706563	0.0	473.39652853345416	77.94944708600165
207	80.2796843644274	16701.76410205413	1920.353575733788	0.0	467.54352047477823	80.2796843644274
208	74.77823498478868	16776.54233703892	1922.9676117446731	0.0	469.32785153103566	74.77823498478868
209	78.36892108048146	16854.911258119406	1929.0870019028878	0.0	464.1307289818004	78.36892108048146
210	83.83705047316806	16938.74830859257	1941.6470622495808	0.0	463.528782272732	83.83705047316806
211	83.21291085084134	17021.96121944342	1953.952694929813	0.0	461.73641821260424	83.21291085084134
212	81.15264411964249	17103.11386356306	1963.6886674820066	0.0	466.2808266853299	81.15264411964249
213	82.33906355711378	17185.452927120165	1975.608799854538	0.0	465.19397650878835	82.33906355711378
214	76.29375153677496	17261.746678656942	1980.0987396580313	0.0	466.39610510089153	76.29375153677496
215	78.62413455142254	17340.37081320837	1985.7361943475837	0.0	465.02455889057603	78.62413455142254
216	76.62434117210253	17416.99515438046	1992.4690426379573	0.0	466.50222165658903	76.62434117210253
217	78.54277309639397	17495.53792747686	1999.5848637971533	0.0	466.29104103905064	78.54277309639397
218	78.84905281001853	17574.38698028688	2007.0246617626551	0.0	466.3721804878734	78.84905281001853
219	84.34938426174314	17658.736364548626	2020.3481676576373	0.0	467.08087225195436	84.34938426174314
220	79.07245413881311	17737.80881868744	2028.2290254180846	0.0	470.2982522779787	79.07245413881311
221	81.58867921030874	17819.39749789775	2039.1257592773427	0.0	469.1965385503061	81.58867921030874
222	80.38406090225804	17899.7815588	2047.9540030449646	0.0	468.8521113915767	80.38406090225804
223	79.87718600051502	17979.65874480052	2057.5540714136364	0.0	469.93353017382304	79.87718600051502
224	81.95769357238187	18061.616438372897	2067.5401945008507	0.0	475.40225553323506	81.95769357238187
225	79.93151990825625	18141.54795828116	2076.269498880456	0.0	476.8438065253534	79.93151990825625
226	80.24766541193151	18221.79562369309	2085.05884547102	0.0	479.0152234165197	80.24766541193151
227	76.02529750890986	18297.820921201986	2090.306706887905	0.0	483.0965992565449	76.02529750890986
228	79.74124647197516	18377.56216767397	2098.5046427717793	0.0	481.7846161033641	79.74124647197516
229	79.29830709589922	18456.860474769877	2106.7149564087867	0.0	479.9238616778161	79.29830709589922
230	75.61220644787245	18532.472681217747	2111.7936758481083	0.0	480.6158535473762	75.61220644787245
231	78.26216977977847	18610.73485099752	2119.0251723001293	0.0	481.15501950382765	78.26216977977847
232	78.20826214823659	18688.94311314576	2126.9548926696316	0.0	482.7901966943752	78.20826214823659
233	80.96696785772166	18769.91008100347	2137.0194813898693	0.0	486.93839225678283	80.96696785772166
234	76.32858633420093	18846.238667337686	2142.3690286600304	0.0	484.6033788947034	76.32858633420093
235	83.03988491731799	18929.278552255	2154.7915269959576	0.0	481.52017726550764	83.03988491731799
236	84.64007383586716	19013.918626090865	2167.756479205969	0.0	483.3327514553336	84.64007383586716
237	77.43233670247709	19091.350962793334	2173.7320981266184	0.0	484.0747614361873	77.43233670247709
238	78.74056993633047	19170.09153272967	2182.080621569817	0.0	488.51996653203554	78.74056993633047
239	80.71075310361287	19250.802285833288	2190.4954310952053	0.0	489.3068942272585	80.71075310361287
240	78.87439940556469	19329.676685238854	2198.072708413024	0.0	490.485114551024	78.87439940556469
241	80.06270566277597	19409.739390901625	2207.4843926034187	0.0	489.2702926303037	80.06270566277597
242	77.16534311198548	19486.904734013606	2212.565224804904	0.0	491.96680576572453	77.16534311198548
243	84.54308311109014	19571.447817124714	2224.5686794058283	0.0	491.48728370797613	84.54308311109014
244	80.72849337162573	19652.176310496325	2233.3020522444904	0.0	495.28390428032543	80.72849337162573
245	79.32549300616286	19731.501803502484	2241.935232193562	0.0	500.77131156450287	79.32549300616286
246	84.31132144969428	19815.813124952187	2254.674745369678	0.0	506.5250925248382	84.31132144969428
247	80.67607412917857	19896.489199081356	2264.189341899624	0.0	511.1630429499472	80.67607412917857
248	75.60933352285579	19972.098532604214	2268.8288808928382	0.0	505.8753437741784	75.60933352285579
249	79.13703939277131	20051.235571996986	2277.484319580631	0.0	503.1946555727895	79.13703939277131
250	86.74829964186569	20137.983871638855	2293.948634996228	0.0	511.0200793794694	86.74829964186569
251	80.2596049940926	20218.243476632953	2303.522555720641	0.0	508.4139793432086	80.2596049940926
252	79.37302539164847	20297.616502024586	2312.527551489204	0.0	509.51944645301904	79.37302539164847
253	80.53362181994551	20378.15012384455	2321.4254038783793	0.0	509.3131292451734	80.53362181994551
254	81.8592406976212	20460.00936454216	2331.4972209752464	0.0	507.73376099630144	81.8592406976212
255	77.21824535399578	20537.22760989616	2338.0258696192404	0.0	510.81690793474604	77.21824535399578
256	76.72737033874606	20613.95498023491	2342.9986591154757	0.0	506.1926217725777	76.72737033874606
257	79.52455585355047	20693.479536088453	2349.5413872099116	0.0	505.67099731705406	79.52455585355047
258	82.08898930590009	20775.568525394356	2360.4383792313183	0.0	507.0130462353	82.08898930590009
259	81.35911357336425	20856.92763896771	2370.7173693878754	0.0	512.7113939965961	81.35911357336425
260	75.83527885576224	20932.76291782348	2374.7401197256504	0.0	515.9719334541029	75.83527885576224
261	77.13854874678958	21009.901466570267	2381.1984765808415	0.0	516.077216290289	77.13854874678958
262	78.922759771053	21088.824226341323	2389.4646744698543	0.0	513.8124582830367	78.922759771053
263	78.1365395774376	21166.960765918753	2398.3485410535936	0.0	517.5157220267425	78.1365395774376
264	72.35513935542126	21239.315905274176	2399.420227914549	0.0	515.8369041005095	72.35513935542126
265	83.54340874866975	21322.859314022848	2410.782281934263	0.0	513.0115768034478	83.54340874866975
266	78.21964407318443	21401.078958096034	2416.8960042080407	0.0	508.76753578388286	78.21964407318443
267	76.37747482615329	21477.45643292219	2422.1460905222684	0.0	510.2671345141677	76.37747482615329
268	78.07532438696934	21555.531757309152	2430.344348418759	0.0	510.773269606793	78.07532438696934
269	80.64183004176768	21636.173587350928	2440.830002024007	0.0	512.8623966280522	80.64183004176768
270	78.18205347958306	21714.355640830505	2446.7978022976977	0.0	513.0537409934174	78.18205347958306
271	76.95719678051061	21791.31283761102	2453.1988905290345	0.0	512.0029659682656	76.95719678051061
272	81.84427272217108	21873.15711033318	2463.8976683651285	0.0	510.42678765097514	81.84427272217108
273	82.16040269015288	21955.31751302334	2474.879488449515	0.0	513.4023364797243	82.16040269015288
274	82.37875824903188	22037.696271272373	2486.84012121904	0.0	518.2335152881808	82.37875824903188
275	80.91338089795767	22118.609652170333	2497.659925049193	0.0	520.3442553253423	80.91338089795767
276	79.82288139349762	22198.432533563824	2507.1735605161466	0.0	520.463030933084	79.82288139349762
277	84.21146902915709	22282.644002592977	2520.574113344472	0.0	522.2879697049674	84.21146902915709
278	81.73318323143513	22364.377185824425	2532.194898974651	0.0	527.2409348842477	81.73318323143513
279	79.41216423380587	22443.78935005823	2539.985097032407	0.0	526.3647610358983	79.41216423380587
280	83.1508186155614	22526.940168673776	2553.6411306306836	0.0	527.6315477179115	83.1508186155614
281	76.03038488465597	22602.97055355845	2557.593406575961	0.0	529.9787535333851	76.03038488465597
282	79.9525001483497	22682.923053706796	2567.414784442891	0.0	535.556567734697	79.9525001483497
283	77.83085875828627	22760.753912465076	2573.7932448590172	0.0	534.8397697384333	77.83085875828627
284	82.8196767445422	22843.573589209616	2584.316019635467	0.0	544.140974307084	82.8196767445422
285	78.30740946873811	22921.880998678345	2590.942626363968	0.0	541.2289874494559	78.30740946873811
286	79.36427861302579	23001.245277291386	2599.5648377166667	0.0	539.5282466725855	79.36427861302579
287	78.92837109556031	23080.17364838695	2607.572212385436	0.0	542.4455570241403	78.92837109556031
288	82.33316357424414	23162.50681196118	2618.42459018878	0.0	546.2774972222601	82.33316357424414
289	83.30777906526667	23245.814591026454	2630.8739342090125	0.0	543.1283159980702	83.30777906526667
290	81.52055229661978	23327.33514332307	2640.4598741867208	0.0	548.3464865211105	81.52055229661978
291	79.95138263902908	23407.28652596211	2649.155892657972	0.0	549.9273597643514	79.95138263902908
292	74.78221773160303	23482.068743693704	2652.2544547035313	0.0	548.1733462411711	74.78221773160303
293	78.42908270568155	23560.497826399394	2660.171934329509	0.0	548.2316799055292	78.42908270568155
294	86.23541982550014	23646.73324622488	2675.3906402754906	0.0	549.4780609073619	86.23541982550014
295	78.65821106259907	23725.39145728749	2681.2147284061557	0.0	548.03031064026	78.65821106259907
296	84.00854056533022	23809.399997852808	2694.8861438180365	0.0	550.7649755829342	84.00854056533022
297	79.60462756363574	23889.004625416444	2702.6865357023717	0.0	549.8793573143075	79.60462756363574
298	75.52978973813656	23964.534415154587	2706.839741248976	0.0	550.0669662032413	75.52978973813656
299	82.59990442489952	24047.13431957948	2717.80808900697	0.0	552.5025046357865	82.59990442489952
300	76.98064239240642	24124.11496197189	2723.6913835587156	0.0	554.7928893333793	76.98064239240642
301	77.87693556737229	24201.99189753927	2730.320469813951	0.0	557.4898260178569	77.87693556737229
302	73.15811532529092	24275.15001286455	2733.3535459863897	0.0	556.7635413905642	73.15811532529092
303	78.32308341515355	24353.473096279708	2740.4994157241345	0.0	557.7939941292555	78.32308341515355
304	88.19572780173993	24441.668824081455	2758.455389819083	0.0	566.2474692094377	88.19572780173993
305	79.2422604966319	24520.911084578078	2765.913189593397	0.0	571.4271073307956	79.2422604966319
306	76.77941220064696	24597.690496778727	2770.9213483285894	0.0	573.8003222003225	76.77941220064696
307	77.47458050101602	24675.16507727975	2777.090545506362	0.0	575.8761473138945	77.47458050101602
308	81.66772725448305	24756.83280453423	2787.099162475386	0.0	574.4298296950084	81.66772725448305
309	74.03439038772576	24830.867194921946	2791.6851905402705	0.0	574.1993626628414	74.03439038772576
310	79.52598251106662	24910.39317743302	2800.882565941907	0.0	575.0498228044517	79.52598251106662
311	90.66838059689931	25001.061558029916	2822.125157959237	0.0	579.2916290645418	90.66838059689931
312	83.43918428837274	25084.500742318294	2834.815916328562	0.0	583.4194080719633	83.43918428837274
313	78.53799354869159	25163.038735866994	2842.1893427994537	0.0	586.226003728874	78.53799354869159
314	78.5719361412422	25241.610672008228	2850.547735091865	0.0	589.5853096622059	78.5719361412422
315	77.40687091421027	25319.017542922433	2856.177692721372	0.0	590.7431493097279	77.40687091421027
316	79.34295515859388	25398.360498081023	2864.572186896342	0.0	593.8989776639038	79.34295515859388
317	81.62965389220967	25479.99015197324	2875.2710877820896	0.0	590.9121757619803	81.62965389220967
318	78.18705648777191	25558.17720846102	2882.743958022105	0.0	591.8853473367867	78.18705648777191
319	81.39051748143442	25639.56772594245	2893.2116108292275	0.0	588.6090650022403	81.39051748143442
320	78.51353820783362	25718.081264150267	2900.3529602995554	0.0	593.592389747847	78.51353820783362
321	79.48262818012309	25797.563892330396	2908.18338831861	0.0	596.7548619774343	79.48262818012309
322	83.13811248184567	25880.702004812254	2920.1112971529196	0.0	594.7392596481881	83.13811248184567
323	78.17270468979568	25958.874709502034	2927.8619420169352	0.0	596.3043458756043	78.17270468979568
324	78.23603457613294	26037.110744078163	2935.225337956859	0.0	592.870977074055	78.23603457613294
325	80.34005799413767	26117.45080207232	2945.765028163092	0.0	592.7557529059828	80.34005799413767
326	76.47287906652127	26193.923681138833	2950.7219062779122	0.0	596.1977733866755	76.47287906652127
327	79.20107468022299	26273.12475581905	2960.545334189781	0.0	591.9302259212964	79.20107468022299
328	79.50363955204128	26352.628395371088	2968.6074810464197	0.0	589.0506395696451	79.50363955204128
329	83.41472534972186	26436.043120720824	2982.3205525942244	0.0	589.7100854584153	83.41472534972186
330	83.75812716490137	26519.801247885713	2996.445313293582	0.0	589.3289577527387	83.75812716490137
331	76.98309603506726	26596.78434392078	3002.16522405286	0.0	594.7834973154535	76.98309603506726
332	76.94703965978326	26673.73138358057	3008.335527912847	0.0	592.6761824204866	76.94703965978326
333	78.75765552714935	26752.489039107706	3014.9732091410287	0.0	593.0817928509381	78.75765552714935
334	79.15278145861939	26831.641820566325	3022.7745140821144	0.0	594.3765434241086	79.15278145861939
335	79.95767053725447	26911.59949110358	3031.2779579210996	0.0	590.9251462174051	79.95767053725447
336	83.49991751507986	26995.099408618662	3043.5254506047204	0.0	594.0393681907082	83.49991751507986
337	76.92821268902262	27072.02762130771	3049.701719454371	0.0	593.3873845986545	76.92821268902262
338	81.47573104351765	27153.503352351217	3059.1704642600444	0.0	589.736390377999	81.47573104351765
339	75.5037858802169	27229.00713823143	3064.109841805569	0.0	587.60752597201	75.5037858802169
340	83.80355935163483	27312.810697583063	3076.696424116544	0.0	595.9810172986206	83.80355935163483
341	78.24708021104209	27391.0577777941	3083.409690323833	0.0	596.8944172833017	78.24708021104209
342	83.50187950315936	27474.559657297264	3096.7237897486248	0.0	596.5530692588436	83.50187950315936
343	80.67549329154161	27555.235150588815	3107.956271950983	0.0	591.5365558500897	80.67549329154161
344	82.8518994992083	27638.08705008803	3119.7792996372004	0.0	590.6167432630422	82.8518994992083
345	84.4956396906659	27722.582689778683	3133.0034066810017	0.0	592.255153365821	84.4956396906659
346	80.67726724375652	27803.259957022434	3142.303888212369	0.0	586.8587716875422	80.67726724375652
347	78.41973336512191	27881.67969038757	3148.606501674544	0.0	586.4074248264085	78.41973336512191
348	83.44825015436399	27965.127940541926	3159.919882622155	0.0	590.5799394506037	83.44825015436399
349	78.67307087486007	28043.801011416774	3167.430587690025	0.0	587.5217196331172	78.67307087486007
350	79.15453999647127	28122.95555141326	3174.583227286482	0.0	584.6916425828066	79.15453999647127
351	81.89816348409026	28204.85371489734	3185.114886902154	0.0	587.5853237136758	81.89816348409026
352	81.74360434789988	28286.59731924526	3195.272989132019	0.0	591.2835945828332	81.74360434789988
353	75.21753655739933	28361.81485580265	3200.128502959473	0.0	591.1267860192587	75.21753655739933
354	78.17094295274225	28439.98579875539	3206.3306867429883	0.0	593.2761203655024	78.17094295274225
355	79.15753425578556	28519.143333011172	3215.452016863196	0.0	596.0358001310938	79.15753425578556
356	79.42334190941122	28598.566674920585	3224.9645138052515	0.0	596.0730156479638	79.42334190941122
357	75.00008591454169	28673.566760835125	3229.6534594664954	0.0	597.9809250440738	75.00008591454169
358	78.1973828738175	28751.764143708948	3238.125670793445	0.0	599.0443152282596	78.1973828738175
359	79.59091801839838	28831.355061727343	3246.2036448355357	0.0	599.9089750069006	79.59091801839838
360	80.93698575268284	28912.29204748001	3256.8283701931628	0.0	601.6136829843298	80.93698575268284
361	82.05299245392635	28994.34503993395	3266.88073408856	0.0	599.477274560109	82.05299245392635
362	81.13307915533929	29075.47811908928	3277.902171618561	0.0	608.1673916979203	81.13307915533929
363	80.73972966571182	29156.217848755008	3286.7781899095094	0.0	606.1466408775345	80.73972966571182
364	78.05354298441834	29234.271391739418	3293.167596302347	0.0	602.7799700320187	78.05354298441834
365	80.29079083002757	29314.562182569454	3302.37124430014	0.0	608.2472681722842	80.29079083002757
366	79.86444496202735	29394.42662753148	3311.5774956731293	0.0	611.1509092044743	79.86444496202735
367	78.45345255038164	29472.88008008186	3318.911507633586	0.0	611.2889880297578	78.45345255038164
368	84.26101212208816	29557.14109220394	3333.4041098397824	0.0	610.9025649527651	84.26101212208816
369	78.55396168819186	29635.695053892137	3340.3542555607964	0.0	612.1374757591473	78.55396168819186
370	81.72152770623666	29717.41658159838	3350.311693685123	0.0	610.3310958822361	81.72152770623666
371	79.62796196403151	29797.044543562402	3358.1206114140355	0.0	608.5206494749496	79.62796196403151
372	81.5502548731602	29878.59479843557	3368.4502378831753	0.0	608.9996161932329	81.5502548731602
373	78.11832663232924	29956.71312506787	3376.1782424205862	0.0	609.0925580447882	78.11832663232924
374	77.07596842216522	30033.789093490053	3382.1083938385655	0.0	610.0468913434408	77.07596842216522
375	80.45700635267542	30114.24609984274	3391.729117704184	0.0	610.314595220846	80.45700635267542
376	78.13832511823189	30192.384424960957	3399.004139680239	0.0	609.749425117584	78.13832511823189
377	81.16754500033773	30273.551969961296	3409.4095775080377	0.0	611.3031146960202	81.16754500033773
378	77.85167555224336	30351.403645513517	3417.147462718353	0.0	615.886067140134	77.85167555224336
379	76.36737922965499	30427.771024743193	3422.266045528726	0.0	616.7500472976897	76.36737922965499
380	82.29768815295625	30510.06871289617	3434.100380899348	0.0	621.4094877211896	82.29768815295625
381	83.91305222692895	30593.98176512308	3447.3684441541327	0.0	624.5670827087756	83.91305222692895
382	78.67166463965349	30672.65342976273	3453.964792306011	0.0	625.2833260817473	78.67166463965349
383	79.91975145227373	30752.573181215008	3462.1369195245106	0.0	626.8870945628564	79.91975145227373
384	78.10774393363643	30830.68092514864	3467.847137941263	0.0	633.0627366740932	78.10774393363643
385	77.70698723415113	30908.387912382794	3475.530108130099	0.0	634.1060771750729	77.70698723415113
386	75.82161621277912	30984.209528595587	3479.744658014937	0.0	631.540773636905	75.82161621277912
387	77.96949708214046	31062.17902567771	3486.545211625336	0.0	632.9952371990174	77.96949708214046
388	77.96795732404843	31140.146983001763	3493.4357919757763	0.0	636.4785543975895	77.96795732404843
389	79.82962776922926	31219.976610771	3503.4589448754973	0.0	634.3397902831838	79.82962776922926
390	83.17425852930555	31303.150869300294	3515.6003941217336	0.0	632.0954026779822	83.17425852930555
391	81.27201501964187	31384.422884319927	3525.4125390374948	0.0	635.2904073457298	81.27201501964187
392	76.11669787309725	31460.539582193043	3530.5841536718467	0.0	635.49114159802	76.11669787309725
393	85.29667955468285	31545.83626174771	3545.1658170637056	0.0	637.2844339648101	85.29667955468285
394	77.91641576698342	31623.752677514705	3551.9550570305255	0.0	640.6395430588939	77.91641576698342
395	79.55145619966456	31703.304133714348	3560.573899752903	0.0	639.6971296364702	79.55145619966456
396	78.20449585442803	31781.508629568805	3567.398434215156	0.0	640.9740868691163	78.20449585442803
397	85.17299613209089	31866.681625700894	3581.7882608439327	0.0	644.8969761674002	85.17299613209089
398	81.98857401226718	31948.67019971315	3592.4925696726423	0.0	644.0058878273838	81.98857401226718
399	75.31117751399702	32023.98137722715	3597.2594962282956	0.0	641.6400492130857	75.31117751399702
400	81.04907161040018	32105.030448837555	3607.163772045138	0.0	642.5640090820525	81.04907161040018
401	82.12478576343406	32187.15523460098	3618.569925430806	0.0	645.5696989028189	82.12478576343406
402	76.75453917222325	32263.909773773215	3624.19587558796	0.0	643.5577095334849	76.75453917222325
403	75.34034679900276	32339.250120572207	3628.980773510131	0.0	642.2487972765334	75.34034679900276
404	82.54004978846685	32421.790170360673	3640.64417430318	0.0	647.249753052841	82.54004978846685
405	77.69021817113953	32499.48038853184	3648.145929411459	0.0	648.7367608467677	77.69021817113953
406	79.74532928686158	32579.22571781868	3657.649578397979	0.0	648.2842416088889	79.74532928686158
407	82.7383954716325	32661.96411329031	3668.837905946266	0.0	648.8390791455648	82.7383954716325
408	77.56404000729327	32739.52815329762	3675.658031546825	0.0	647.3218319549037	77.56404000729327
409	75.87843805051887	32815.40659134811	3680.678586662063	0.0	648.7959408761537	75.87843805051887
410	80.16155653581912	32895.56814788395	3690.2895312102214	0.0	646.6018105620508	80.16155653581912
411	76.31279501194622	32971.8809428959	3695.59971232986	0.0	649.2723406068782	76.31279501194622
412	82.83808388550943	33054.71902678139	3707.304859927385	0.0	649.6124796741115	82.83808388550943
413	82.676236331785	33137.39526311319	3718.61399193732	0.0	651.0880358069804	82.676236331785
414	83.20115142955427	33220.59641454275	3730.7146620957037	0.0	651.9242113656886	83.20115142955427
415	79.18650662358526	33299.782921166305	3739.1199363094033	0.0	653.2225343472142	79.18650662358526
416	79.89360652802851	33379.67652769438	3747.597295461923	0.0	651.1689303866642	79.89360652802851
417	83.68225522263339	33463.35878291697	3760.3363640103967	0.0	650.5706847548489	83.68225522263339
418	80.57614208630027	33543.9349250033	3770.661948759776	0.0	650.7535342225316	80.57614208630027
419	84.07330907060361	33628.008234073895	3784.335656613833	0.0	653.0717208948549	84.07330907060361
420	81.54490667178969	33709.55314074568	3795.693864307717	0.0	654.3896527968066	81.54490667178969
421	78.92754752306791	33788.48068826874	3803.335878068143	0.0	653.6598506468741	78.92754752306791
422	78.15224518199302	33866.63293345073	3810.2024852518666	0.0	649.6441399318112	78.15224518199302
423	83.1877610235661	33949.8206944743	3822.0348275961214	0.0	646.4682976351173	83.1877610235661
424	77.15959298990808	34026.98028746421	3827.903203814241	0.0	642.8904520025513	77.15959298990808
425	81.02444817897378	34108.0047356432	3838.5892785554697	0.0	649.5922396183612	81.02444817897378
426	78.91934191765178	34186.924077560856	3845.1343993490254	0.0	651.3798352594775	78.91934191765178
427	76.80503444303017	34263.72911200389	3851.7482327133885	0.0	647.3854693161313	76.80503444303017
428	85.38529386242537	34349.114405866305	3866.30315873992	0.0	641.5842257186333	85.38529386242537
429	81.59459983741277	34430.709005703706	3875.7193349156237	0.0	641.8951681064376	81.59459983741277
430	74.10747693354243	34504.81648263727	3879.4583646134397	0.0	641.4571984325717	74.10747693354243
431	78.34196850834444	34583.15845114558	3886.2578936775944	0.0	638.2579831070134	78.34196850834444
432	80.62069369771831	34663.779144843335	3895.1196753369145	0.0	636.0436151649459	80.62069369771831
433	80.89251568974265	34744.671660533066	3904.278767027664	0.0	633.6488342795677	80.89251568974265
434	75.24218456980059	34819.91384510286	3909.348730074218	0.0	631.0995562086904	75.24218456980059
435	81.37518221090892	34901.28902731379	3919.492348372714	0.0	631.4684420964242	81.37518221090892
436	79.80330973779787	34981.092337051574	3928.626342151966	0.0	633.9258717819399	79.80330973779787
437	77.92058658410487	35059.01292363569	3935.7826253506205	0.0	633.8209770919053	77.92058658410487
438	85.13267881902075	35144.14560245471	3950.653486119933	0.0	628.5876755990324	85.13267881902075
439	75.96371256699048	35220.109315021684	3956.8718565323875	0.0	627.496998397154	75.96371256699048
440	87.35531019756098	35307.46462521926	3973.198211924408	0.0	625.5134109142322	87.35531019756098
441	78.31363374347765	35385.77825896273	3979.7290917718883	0.0	626.2934791944765	78.31363374347765
442	75.5715474758453	35461.34980643858	3986.0304240769374	0.0	627.5344784417307	75.5715474758453
443	81.3090972489245	35542.658903687516	3997.914311304971	0.0	629.2737373512322	81.3090972489245
444	81.35696977540896	35624.01587346292	4007.640957775396	0.0	629.2494166339171	81.35696977540896
445	74.71514418966349	35698.73101765259	4012.5933005462352	0.0	628.285854176675	74.71514418966349
446	80.23523133808743	35778.966248990655	4022.059026877177	0.0	630.4819953236009	80.23523133808743
447	79.16322223600255	35858.12947122667	4030.995771548546	0.0	626.943946862311	79.16322223600255
448	81.24236530145652	35939.37183652814	4041.095340496511	0.0	630.8616658335887	81.24236530145652
449	80.60087631838567	36019.97271284652	4051.311074674226	0.0	636.7557932701392	80.60087631838567
450	76.39806340918639	36096.37077625571	4057.3500221932704	0.0	639.1913821980667	76.39806340918639
451	78.94175148720754	36175.31252774291	4064.6368952384196	0.0	641.8254813308863	78.94175148720754
452	73.81107992735781	36249.12360767027	4068.316417468169	0.0	641.2984073962507	73.81107992735781
453	75.38882272144728	36324.51243039171	4072.20360223253	0.0	642.4215606398934	75.38882272144728
454	78.31887645399081	36402.83130684571	4079.282521708775	0.0	642.0725341855834	78.31887645399081
455	84.65695047490212	36487.48825732061	4092.190654881097	0.0	640.7242387503865	84.65695047490212
456	79.37338385831866	36566.861641178926	4099.806393493082	0.0	646.9457164748179	79.37338385831866
457	77.42579510479887	36644.287436283725	4104.905113410542	0.0	648.5598921440678	77.42579510479887
458	84.01439317671785	36728.30182946045	4117.676011635342	0.0	651.0137270830537	84.01439317671785
459	80.71653028280451	36809.018359743255	4126.7184426199265	0.0	652.9558136712351	80.71653028280451
460	84.79283325012032	36893.81119299339	4140.097602659615	0.0	653.6511665223779	84.79283325012032
461	82.93051060587862	36976.74170359926	4152.173490753905	0.0	648.1654412136892	82.93051060587862
462	85.61943793301711	37062.36114153227	4166.530091258436	0.0	643.3674705735135	85.61943793301711
463	80.95953369791663	37143.32067523019	4176.303989000388	0.0	642.7424276574785	80.95953369791663
464	78.23535074390055	37221.55602597409	4183.2905128023085	0.0	639.7013632222323	78.23535074390055
465	75.47545102776327	37297.03147700186	4188.04294141645	0.0	639.7818373159912	75.47545102776327
466	76.23880204509119	37373.27027904695	4193.414060027117	0.0	639.2982115792612	76.23880204509119
467	78.79455886020318	37452.06483790715	4201.692303294463	0.0	639.3086494267446	78.79455886020318
468	79.01715977812682	37531.08199768528	4208.805826960341	0.0	635.1225001638734	79.01715977812682
469	78.22243252562639	37609.30443021089	4215.630576283156	0.0	632.6023121924683	78.22243252562639
470	81.0690354835672	37690.373465694465	4224.686602174337	0.0	633.5830654362436	81.0690354835672
471	82.51305320584792	37772.88651890031	4236.4173155706285	0.0	631.4996023463311	82.51305320584792
472	79.67037459829464	37852.55689349861	4244.505890965728	0.0	628.7174732476659	79.67037459829464
473	74.29811572048021	37926.8550092191	4248.805339819736	0.0	628.042909871446	74.29811572048021
474	81.3744249529314	38008.22943417204	4258.603263575725	0.0	631.1793909091454	81.3744249529314
475	77.56429110784534	38085.79372527986	4265.232090918044	0.0	632.104295124092	77.56429110784534
476	83.49682477841424	38169.2905500583	4278.618726138025	0.0	635.3942339903737	83.49682477841424
477	82.55350520646111	38251.844055264744	4289.894689453189	0.0	636.844116992672	82.55350520646111
478	77.05552696152586	38328.899582226266	4294.917913999327	0.0	636.4593445694893	77.05552696152586
479	80.2597002554473	38409.159282481705	4304.036090739231	0.0	635.8450195525262	80.2597002554473
480	80.82137673590285	38489.98065921764	4313.700390629085	0.0	635.5577247945563	80.82137673590285
481	79.69718002904058	38569.67783924665	4322.260690969816	0.0	632.6191586729856	79.69718002904058
482	81.06235319395718	38650.74019244062	4331.571972077668	0.0	633.312002339824	81.06235319395718
483	79.32988207204872	38730.07007451269	4339.444829081028	0.0	637.8604910870152	79.32988207204872
484	79.92058071003083	38809.990655222704	4348.087684764794	0.0	638.1787103217732	79.92058071003083
485	79.35972686486511	38889.35038208758	4356.157875350925	0.0	639.3153713997708	79.35972686486511
486	82.92542710995762	38972.27580919753	4368.76855555782	0.0	638.4544778904137	82.92542710995762
487	81.83936545833679	39054.11517465585	4379.376138665091	0.0	636.9978788584291	81.83936545833679
488	83.14998174498642	39137.265156400856	4391.229437962982	0.0	637.6975972336112	83.14998174498642
489	81.75225325027186	39219.01740965112	4401.855952086185	0.0	639.2070955688187	81.75225325027186
490	75.25162467726378	39294.269034328405	4405.700469482643	0.0	636.5207106071356	75.25162467726378
491	78.39363847660898	39372.66267280498	4412.796255944271	0.0	633.0586067492267	78.39363847660898
492	79.54091573350496	39452.20358853853	4421.430546767593	0.0	632.484167035833	79.54091573350496
493	85.93481541934976	39538.13840395786	4436.6375908662785	0.0	636.3542406156239	85.93481541934976
494	80.34749147777801	39618.485895435646	4446.875564489229	0.0	640.7742490791709	80.34749147777801
495	78.3203870057759	39696.80628244144	4453.635824331196	0.0	643.3768567169822	78.3203870057759
496	79.85248218411033	39776.65876462553	4462.397544803186	0.0	644.2797944755997	79.85248218411033
497	84.039148044791	39860.6979126703	4474.822001594548	0.0	644.6297604377863	84.039148044791
498	84.89606461035973	39945.59397728067	4490.381388430517	0.0	644.9995941875696	84.89606461035973
499	78.42303703115937	40024.01701431184	4498.041667678185	0.0	640.8914154224713	78.42303703115937
500	77.62761793310106	40101.64463224493	4504.976408393934	0.0	641.2765697120591	77.62761793310106
501	79.43592653191138	40181.080558776834	4513.854233260983	0.0	637.8920051508974	79.43592653191138
502	84.60868067708687	40265.689239453946	4526.947171221005	0.0	647.0105636594776	84.60868067708687
503	77.90498352046644	40343.59422297441	4533.533946769361	0.0	645.0229700945453	77.90498352046644
504	84.81001242061404	40428.40423539501	4547.239906634234	0.0	643.5400791564806	84.81001242061404
505	80.92281534703476	40509.327050742046	4556.499905570343	0.0	643.4504428422225	80.92281534703476
506	83.63568825648113	40592.96273899854	4569.359691898377	0.0	640.4036756574559	83.63568825648113
507	82.21482493972577	40675.17756393826	4581.475944821468	0.0	638.6328420903856	82.21482493972577
508	78.93517054604722	40754.11273448431	4588.343545086988	0.0	641.4385733980214	78.93517054604722
509	76.93095357130113	40831.043688055586	4593.960548809031	0.0	642.8410992915439	76.93095357130113
510	81.54584094737478	40912.58952900298	4603.713497420682	0.0	647.0579075733563	81.54584094737478
511	81.05007496219872	40993.63960396517	4613.780166016104	0.0	648.8118864932347	81.05007496219872
512	78.09697158127103	41071.73657554644	4620.676785274687	0.0	651.8956223915445	78.09697158127103
513	83.26502481543801	41155.0016003619	4632.760712057739	0.0	649.7630684883568	83.26502481543801
514	76.52102445434531	41231.52262481622	4636.706396952899	0.0	647.8550635169584	76.52102445434531
515	82.98939905175497	41314.51202386799	4649.22319861973	0.0	647.7868406731671	82.98939905175497
516	77.03681453095798	41391.548838398965	4655.314284277048	0.0	650.6002775121568	77.03681453095798
517	80.78248394450938	41472.33132234347	4665.321070059785	0.0	653.6364535728699	80.78248394450938
518	80.53846778463908	41552.86979012809	4674.205537700877	0.0	657.7157493193297	80.53846778463908
519	82.43743219474509	41635.30722232285	4685.699036497245	0.0	660.1418193933083	82.43743219474509
520	81.38946993977933	41716.69669226263	4685.699036497245	0.0	660.6699469179375	81.38946993977933
