task	reward	total_reward	total_regret	relative	total_reward_dev	joules
0	63.393197984242235	63.393197984242235	17.071403599552784	0.0	37.42858225128463	63.393197984242235
1	64.04828909729007	127.44148708153234	37.10729443755511	0.0	47.203161571761314	64.04828909729007
2	71.96864880756053	199.41013588909283	63.71850091983973	0.0	59.79534762315604	71.96864880756053
3	62.42775842586824	261.83789431496115	81.54544555051145	0.0	71.21906149980062	62.42775842586824
4	84.72490153954095	346.562795854502	117.95181150994763	0.0	82.21495335219976	84.72490153954095
5	82.56376818000037	429.1265640345022	153.73693464355156	0.0	86.33246072571359	82.56376818000037
6	66.40318723394553	495.52975126844814	172.95368255861592	0.0	91.43742143890184	66.40318723394553
7	61.13650534507673	556.6662566135244	188.4564934336131	0.0	100.81566464147033	61.13650534507673
8	58.63869194698228	615.3049485605068	203.55131900228753	0.0	101.55551607365497	58.63869194698228
9	59.31526635268123	674.6202149131881	217.60101991345138	0.0	108.10913518001512	59.31526635268123
10	65.25569879679121	739.8759137099792	239.0933099497468	0.0	119.97747484000546	65.25569879679121
11	66.54923099481421	806.4251447047932	258.9357424547422	0.0	130.34203057893356	66.54923099481421
12	64.98755635228937	871.412701057083	276.3301772607714	0.0	136.96917460744334	64.98755635228937
13	65.52114708930797	936.9338481463907	294.9589510811564	0.0	138.42203980368296	65.52114708930797
14	62.39940044350286	999.3332485898936	312.57814304363325	0.0	143.08067768808476	62.39940044350286
15	63.14427542670339	1062.4775240165973	330.6603725272123	0.0	150.7141499892138	63.14427542670339
16	62.213639844981174	1124.6911638615784	346.80184380923174	0.0	166.28370324014068	62.213639844981174
17	68.70489358415487	1193.3960574457328	367.9820613086851	0.0	169.8531925275971	68.70489358415487
18	65.59066364833731	1258.9867210940702	389.0967696607753	0.0	169.70780706320417	65.59066364833731
19	69.2103492406979	1328.197070334768	414.57917637130237	0.0	178.9548946601576	69.2103492406979
20	65.4030434706663	1393.6001138054346	433.56788939559584	0.0	191.63520277956943	65.4030434706663
21	60.833835039104684	1454.4339488445385	449.8395614685137	0.0	196.03017680211804	60.833835039104684
22	65.41069738339466	1519.8446462279335	469.55094511651345	0.0	199.8784920904676	65.41069738339466
23	69.56706548163305	1589.4117117095657	492.808125258702	0.0	208.83263821565475	69.56706548163305
24	66.95056191737459	1656.3622736269413	514.491431618226	0.0	218.1300244832429	66.95056191737459
25	65.34367094579174	1721.7059445727316	536.1021647000484	0.0	231.02304531357166	65.34367094579174
26	60.807855189556605	1782.5137997622892	551.3012383877535	0.0	232.50656007752988	60.807855189556605
27	62.547655484446935	1845.061455246737	569.1236097757821	0.0	241.56880370627113	62.547655484446935
28	60.27860665865475	1905.340061905391	586.1932440137182	0.0	247.83951683526777	60.27860665865475
29	70.84081139250318	1976.180873297894	611.6571299839655	0.0	249.76913144304172	70.84081139250318
30	62.98166280690866	2039.1625361048032	626.5073743375453	0.0	262.57927320657416	62.98166280690866
31	61.08954142511203	2100.2520775299154	640.0314917184804	0.0	259.5694063911548	61.08954142511203
32	62.757662839199014	2163.009740369114	657.7620244196171	0.0	254.9241305461927	62.757662839199014
33	58.2493555034131	2221.2590958725264	670.4445618913577	0.0	259.8301785350941	58.2493555034131
34	67.35915143884391	2288.618247311371	691.154667221727	0.0	265.52677192146564	67.35915143884391
35	63.03226586254475	2351.6505131739154	709.5421534120584	0.0	275.7319967861696	63.03226586254475
36	71.07966870100876	2422.7301818749243	732.2268841403302	0.0	283.5844071384735	71.07966870100876
37	68.26321754236287	2490.993399417287	756.1808131353787	0.0	290.2088703277924	68.26321754236287
38	60.417558258183625	2551.410957675471	772.4412495891613	0.0	288.8062462215443	60.417558258183625
39	60.202564691403175	2611.613522366874	786.1906675059798	0.0	293.57568677446113	60.202564691403175
40	63.85134026405182	2675.4648626309254	803.0047968073725	0.0	299.03404795954714	63.85134026405182
41	62.22416910812407	2737.6890317390485	820.2726033797724	0.0	297.8409074458184	62.22416910812407
42	62.419997074235006	2800.109028813285	835.2902948327032	0.0	301.5157397917119	62.419997074235006
43	64.79792923626125	2864.906958049547	856.0430187584091	0.0	307.05524625928166	64.79792923626125
44	68.23503637801647	2933.141994427563	879.1247984829149	0.0	314.66858882779746	68.23503637801647
45	62.56995312161105	2995.7119475491722	896.2236193506027	0.0	321.56149275728615	62.56995312161105
46	60.56674142558805	3056.2786889747617	910.1027775347455	0.0	325.7914155760768	60.56674142558805
47	66.12785997254758	3122.4065489473082	933.2827523624583	0.0	332.18126335436125	66.12785997254758
48	72.77854644734292	3195.185095394652	959.8290001198683	0.0	338.05167913358036	72.77854644734292
49	60.38403282777648	3255.569128222429	977.1646588013188	0.0	339.16090061986756	60.38403282777648
50	62.811146743916524	3318.3802749663446	996.6497452347907	0.0	333.4461293894409	62.811146743916524
51	64.84252555762447	3383.2228005239704	1015.6769297820782	0.0	341.2450320913297	64.84252555762447
52	64.06467123367648	3447.287471757645	1033.2474499749087	0.0	345.57476118374245	64.06467123367648
53	61.04372158906115	3508.331193346705	1047.0008276729236	0.0	351.8005344656844	61.04372158906115
54	64.89578823594562	3573.2269815826517	1067.5781040259521	0.0	352.90240045645965	64.89578823594562
55	64.31572260769013	3637.5427041903413	1086.9507686519962	0.0	357.6759386102943	64.31572260769013
56	62.71660124423979	3700.2593054345834	1104.8367066919907	0.0	359.94180536358107	62.71660124423979
57	61.226799998059306	3761.4861054326407	1122.971952660337	0.0	364.6323879407042	61.226799998059306
58	68.22125517582079	3829.7073606084637	1146.0662417042818	0.0	370.41716238649633	68.22125517582079
59	67.42779552274324	3897.135156131206	1171.075302813828	0.0	376.2545725094958	67.42779552274324
60	63.680854799118535	3960.816010930324	1189.0936903402123	0.0	383.2266346815838	63.680854799118535
61	66.14439441596652	4026.9604053462904	1209.104392572058	0.0	388.9325413381824	66.14439441596652
62	68.58784315497132	4095.5482485012594	1230.3471452029519	0.0	391.3876648469164	68.58784315497132
63	65.12565444497574	4160.673902946236	1248.9799821283364	0.0	393.45156090656707	65.12565444497574
64	64.27604074743634	4224.949943693673	1266.4186350836899	0.0	394.1564625482096	64.27604074743634
65	65.13419150597629	4290.084135199651	1287.4624409297905	0.0	401.14573193889373	65.13419150597629
66	63.446707495892895	4353.530842695543	1307.4454896392813	0.0	405.4890230054856	63.446707495892895
67	65.43533598171571	4418.966178677259	1327.8101495642832	0.0	413.35438737345913	65.43533598171571
68	62.5086886968087	4481.474867374068	1347.2641960579679	0.0	415.04503479781414	62.5086886968087
69	64.66298996446066	4546.137857338529	1363.9809875674432	0.0	417.73421655262774	64.66298996446066
70	63.15245691550939	4609.29031425404	1382.639328756174	0.0	424.8438446013891	63.15245691550939
71	65.19808098075956	4674.488395234799	1402.6161238086966	0.0	432.59804175929986	65.19808098075956
72	66.16647252812977	4740.654867762927	1425.3321251459824	0.0	433.46866988633275	66.16647252812977
73	68.03633772174757	4808.691205484673	1450.048985853367	0.0	433.41403198230535	68.03633772174757
74	65.3300419843711	4874.021247469045	1469.994471863969	0.0	435.7513715487218	65.3300419843711
75	63.50749842851429	4937.528745897561	1487.3977336172297	0.0	435.34134871169834	63.50749842851429
76	66.27455520889994	5003.803301106459	1508.1788881542273	0.0	434.6302205204993	66.27455520889994
77	66.16095311230094	5069.96425421876	1528.7758624286737	0.0	439.2349023718809	66.16095311230094
78	60.903042389089194	5130.867296607851	1545.3981424964832	0.0	441.82856940136463	60.903042389089194
79	59.237386737607004	5190.104683345459	1561.734113795193	0.0	445.0155333923556	59.237386737607004
80	58.92086971821355	5249.02555306367	1575.4125238440558	0.0	451.67646307978276	58.92086971821355
81	64.58019454878853	5313.60574761246	1594.341162296169	0.0	461.2371112669873	64.58019454878853
82	58.01292839120304	5371.618676003663	1605.7989585820642	0.0	463.0084224757218	58.01292839120304
83	65.40710362047459	5437.02577962414	1626.955693838147	0.0	473.5973015200533	65.40710362047459
84	65.14922775044441	5502.175007374582	1647.5569311157324	0.0	475.489925862206	65.14922775044441
85	56.8452111152598	5559.020218489842	1661.9958655042603	0.0	478.3855378265777	56.8452111152598
86	69.25871601129276	5628.278934501133	1687.7523554488196	0.0	483.1536649154099	69.25871601129276
87	63.04661389683787	5691.325548397971	1704.7403799141746	0.0	487.9077399606325	63.04661389683787
88	61.39084472363702	5752.71639312161	1719.0500224611374	0.0	497.74231880482415	61.39084472363702
89	59.40531449460925	5812.121707616219	1732.5949100825612	0.0	505.76185957530606	59.40531449460925
90	70.79340266246616	5882.915110278685	1756.7966408944237	0.0	510.9431564512475	70.79340266246616
91	58.77278852927524	5941.68789880796	1770.1685810361469	0.0	514.6283097498914	58.77278852927524
92	66.6318064026112	6008.319705210575	1792.7875787566254	0.0	519.890343036095	66.6318064026112
93	68.3112919761265	6076.630997186698	1815.1171746119485	0.0	523.3944262490575	68.3112919761265
94	68.21225547894169	6144.843252665639	1837.4468394767503	0.0	519.8449481830303	68.21225547894169
95	65.85097933078333	6210.694231996424	1856.264758986325	0.0	527.2317147678507	65.85097933078333
96	66.64894942763243	6277.343181424055	1876.2803907156067	0.0	524.9039877819995	66.64894942763243
97	68.55849687923666	6345.901678303294	1898.047937644085	0.0	522.493980490451	68.55849687923666
98	64.480708633998	6410.382386937289	1915.7674164125158	0.0	523.8082783102012	64.480708633998
99	63.90561668574744	6474.288003623036	1934.8002406526032	0.0	522.6474170463107	63.90561668574744
100	64.15432751579084	6538.442331138828	1952.4929823937139	0.0	529.1469432024297	64.15432751579084
101	59.520646578485604	6597.962977717314	1965.1327924183863	0.0	537.3649689953784	59.520646578485604
102	60.977247798856126	6658.940225516167	1979.9194317657366	0.0	543.4486355222509	60.977247798856126
103	60.22851966841757	6719.168745184587	1997.267757430138	0.0	542.5140150008306	60.22851966841757
104	75.03570169409224	6794.204446878679	2028.9739739007207	0.0	548.9276671124833	75.03570169409224
105	62.53447103742561	6856.7389179161055	2044.2872855509577	0.0	559.099695220191	62.53447103742561
106	57.82800249796459	6914.566920414075	2057.1074053685265	0.0	563.72861399044	57.82800249796459
107	61.401064035646044	6975.967984449714	2074.074914384899	0.0	564.7317722683439	61.401064035646044
108	58.44855047289904	7034.416534922614	2087.381603216803	0.0	566.5903169436507	58.44855047289904
109	65.37672431757782	7099.793259240193	2108.4183692774895	0.0	572.850590969794	65.37672431757782
110	63.20239038337475	7162.995649623569	2124.400667938242	0.0	571.5938305830526	63.20239038337475
111	62.250117786867314	7225.245767410433	2139.6634217232954	0.0	574.4707385969929	62.250117786867314
112	61.546020748934005	7286.791788159369	2154.7632010277835	0.0	580.4896205463532	61.546020748934005
113	58.84070572939083	7345.632493888763	2169.5450247430867	0.0	589.2743996811718	58.84070572939083
114	62.34705783649717	7407.97955172526	2186.6908939697623	0.0	593.8277331625637	62.34705783649717
115	68.64942661577453	7476.628978341035	2209.296961974484	0.0	593.4380159997079	68.64942661577453
116	54.22424900850927	7530.85322734954	2218.0854813852366	0.0	596.3662621578493	54.22424900850927
117	66.77316191154763	7597.626389261089	2241.269645870475	0.0	606.202789927123	66.77316191154763
118	61.76654218271503	7659.3929314438055	2257.141167120275	0.0	613.4584487611976	61.76654218271503
119	64.52972930525188	7723.922660749053	2275.3997303275596	0.0	615.9612499799878	64.52972930525188
120	66.54103349146487	7790.463694240522	2299.124361834322	0.0	620.3164249351202	66.54103349146487
121	68.32321604854586	7858.786910289067	2323.5023129058895	0.0	621.3729482917998	68.32321604854586
122	66.48930766825903	7925.276217957326	2347.3352672924348	0.0	638.6091343442389	66.48930766825903
123	63.0683485819501	7988.344566539272	2362.8486424005428	0.0	646.4725399536633	63.0683485819501
124	68.3558450841837	8056.70041162346	2385.522068242573	0.0	649.8714826270169	68.3558450841837
125	59.70083392629391	8116.4012455497505	2400.8501598192215	0.0	654.9747013304175	59.70083392629391
126	69.82097117307418	8186.222216722831	2426.962328968039	0.0	659.3582379366787	69.82097117307418
127	68.36181699898425	8254.58403372181	2451.0898227304933	0.0	657.9871513290274	68.36181699898425
128	66.00018433586659	8320.584218057682	2471.7375767847734	0.0	654.8375599713588	66.00018433586659
129	67.51256245137668	8388.096780509053	2495.409689030783	0.0	661.0310506726332	67.51256245137668
130	69.74291634214012	8457.839696851195	2517.492395989326	0.0	664.7767485060843	69.74291634214012
131	67.72066490315964	8525.560361754355	2540.743679831446	0.0	671.7228968789261	67.72066490315964
132	61.985580472741674	8587.5459422271	2555.4769773185385	0.0	673.4011063244941	61.985580472741674
133	66.03358583115966	8653.579528058257	2573.282178255898	0.0	676.3115349544748	66.03358583115966
134	68.98615144960417	8722.56567950786	2593.879356584526	0.0	679.8173736511443	68.98615144960417
135	60.61784437370284	8783.183523881562	2606.854876237827	0.0	684.9062455379012	60.61784437370284
136	61.34714633405524	8844.53067021562	2625.080308666127	0.0	690.8880773604579	61.34714633405524
137	64.02742080829803	8908.558091023919	2642.478896535353	0.0	699.0764643455464	64.02742080829803
138	65.0368223434639	8973.59491336738	2662.109852506534	0.0	707.0572177957374	65.0368223434639
139	61.6764965902118	9035.271409957591	2679.862374988591	0.0	707.1932010136212	61.6764965902118
140	67.79345539196294	9103.064865349552	2701.6288426446076	0.0	711.5893548090678	67.79345539196294
141	63.36602049087447	9166.430885840424	2719.4007163662145	0.0	713.0747863671977	63.36602049087447
142	60.89981003356675	9227.330695873992	2735.2083525190537	0.0	720.4382250092345	60.89981003356675
143	68.32680952568644	9295.657505399684	2760.4289082383452	0.0	723.0947081957643	68.32680952568644
144	65.23305484286024	9360.89056024254	2779.724330611284	0.0	722.8846329468885	65.23305484286024
145	70.2004515662778	9431.091011808818	2803.1507859867897	0.0	736.5526675037001	70.2004515662778
146	58.94221109392584	9490.033222902746	2815.8412110087875	0.0	741.1617511316582	58.94221109392584
147	62.394066538560594	9552.427289441308	2833.4533910342875	0.0	744.0737792066759	62.394066538560594
148	64.92017758203735	9617.347467023346	2855.255946554482	0.0	755.7375007842209	64.92017758203735
149	66.58174923983273	9683.929216263181	2877.5377402020013	0.0	763.1629644368755	66.58174923983273
150	65.36344324048662	9749.292659503662	2898.6248972736184	0.0	766.9987472075454	65.36344324048662
151	67.65711526541394	9816.949774769075	2922.7039636704426	0.0	772.8564401149173	67.65711526541394
152	65.83229757291657	9882.782072341994	2942.9273047138954	0.0	778.0218568147191	65.83229757291657
153	67.14877831592008	9949.930850657913	2964.178339144573	0.0	785.0983373284599	67.14877831592008
154	63.651407237857555	10013.582257895767	2980.1516925020505	0.0	787.3928015218446	63.651407237857555
155	58.61766243888018	10072.199920334651	2993.8421430953563	0.0	795.0813742151936	58.61766243888018
156	58.280551759089995	10130.48047209374	3005.1104408171236	0.0	805.7675728342385	58.280551759089995
157	63.266659483191	10193.747131576934	3023.506175063765	0.0	811.9834073857327	63.266659483191
158	64.47377692354955	10258.220908500478	3045.8015985581833	0.0	818.4080538380806	64.47377692354955
159	63.556236155573124	10321.777144656055	3065.2865037817623	0.0	822.9856861104457	63.556236155573124
160	58.145804134442	10379.922948790492	3078.1372167193517	0.0	825.3254423121581	58.145804134442
161	67.40261468272155	10447.325563473216	3100.0492613663832	0.0	830.1620876176377	67.40261468272155
162	63.262531678205335	10510.588095151421	3117.919595463974	0.0	830.8618084827093	63.262531678205335
163	61.09179832685514	10571.679893478276	3131.9616801040706	0.0	839.7916260208834	61.09179832685514
164	61.08737339838051	10632.767266876655	3148.7330265176734	0.0	840.491366699734	61.08737339838051
165	68.27643385826161	10701.04370073492	3171.387146324094	0.0	840.7153449979365	68.27643385826161
166	57.85143173482117	10758.895132469737	3183.3075904502516	0.0	839.2402268851462	57.85143173482117
167	63.56199667646301	10822.457129146198	3199.6566889522173	0.0	843.0257125414879	63.56199667646301
168	61.371161123433765	10883.828290269636	3216.4068697242456	0.0	848.260653071252	61.371161123433765
169	65.9491314336349	10949.77742170327	3236.826321915119	0.0	850.9934667313917	65.9491314336349
170	58.82133256381593	11008.598754267086	3250.6349931712075	0.0	850.7439413119438	58.82133256381593
171	65.4374263421006	11074.03618060919	3270.050176909214	0.0	850.6088871177024	65.4374263421006
172	61.540487348548375	11135.576667957732	3287.5029053956296	0.0	855.6188873611283	61.540487348548375
173	64.68635348789073	11200.263021445626	3305.465931934373	0.0	860.9226881258184	64.68635348789073
174	60.28362239100992	11260.54664383664	3322.5046551354026	0.0	867.4578536873524	60.28362239100992
175	62.355302418476576	11322.901946255113	3335.2081577171566	0.0	869.9251891923733	62.355302418476576
176	67.97920094341481	11390.881147198528	3357.779741370814	0.0	875.1273362554823	67.97920094341481
177	57.6479719268175	11448.529119125342	3369.1401872479405	0.0	878.2908528770971	57.6479719268175
178	61.75775411487374	11510.286873240226	3384.959446961677	0.0	884.6716493607454	61.75775411487374
179	64.92411749145212	11575.210990731672	3402.2902078109355	0.0	884.7991456625435	64.92411749145212
180	58.82088836759664	11634.03187909927	3414.4042899526185	0.0	888.5721610271543	58.82088836759664
181	62.43223720355445	11696.464116302825	3433.0490161901735	0.0	893.7776601271005	62.43223720355445
182	60.762180746382775	11757.226297049203	3448.3672940571855	0.0	897.4629729321197	60.762180746382775
183	66.07372474463287	11823.300021793837	3468.315700216482	0.0	896.5768491842409	66.07372474463287
184	68.75368257179056	11892.053704365628	3492.273032154425	0.0	903.2479456176723	68.75368257179056
185	63.31843955518516	11955.372143920811	3509.1180281421007	0.0	908.1678174204067	63.31843955518516
186	64.1093822960957	12019.48152621691	3527.905158084053	0.0	917.340883798458	64.1093822960957
187	68.84480668853011	12088.326332905435	3553.925144176837	0.0	922.4352374661348	68.84480668853011
188	62.245476775806	12150.57180968124	3572.301815823015	0.0	924.236888198834	62.245476775806
189	61.72471685824471	12212.29652653949	3587.833883980358	0.0	922.1304726897463	61.72471685824471
190	63.80672125337499	12276.10324779286	3605.320303182852	0.0	932.3010118292817	63.80672125337499
191	59.488066389326114	12335.591314182187	3620.8281276589037	0.0	937.3318304885328	59.488066389326114
192	62.298468230098386	12397.889782412285	3637.092843746006	0.0	936.9307204627453	62.298468230098386
193	58.2400928455579	12456.129875257839	3649.4701837749744	0.0	939.0546113865659	58.2400928455579
194	70.52075046873826	12526.65062572658	3674.352786452087	0.0	948.5450684261541	70.52075046873826
195	59.75386206077218	12586.404487787353	3689.3847514963913	0.0	949.8346586209293	59.75386206077218
196	53.27399907503464	12639.678486862385	3697.617604254034	0.0	951.8357436757728	53.27399907503464
197	58.65132942994255	12698.32981629233	3713.7040488135626	0.0	955.5338522637843	58.65132942994255
198	59.49748098505611	12757.827297277392	3728.685177970927	0.0	957.0026137583542	59.49748098505611
199	63.04256119248736	12820.869858469881	3747.1949088593346	0.0	959.3584576365498	63.04256119248736
200	59.1974016763214	12880.067260146192	3762.073185317268	0.0	960.4378784420154	59.1974016763214
201	59.50240407907334	12939.569664225266	3773.3283538806736	0.0	963.4392059133014	59.50240407907334
202	65.59705605385649	13005.166720279127	3795.3464034299473	0.0	967.154318107033	65.59705605385649
203	61.66185493511755	13066.828575214247	3812.8302078938736	0.0	970.2451395571841	61.66185493511755
204	60.23315080884714	13127.061726023094	3826.198141342094	0.0	973.2631847016146	60.23315080884714
205	63.74018710866095	13190.801913131749	3843.912191355289	0.0	969.2033800130359	63.74018710866095
206	57.63988852536955	13248.441801657116	3857.3626716588496	0.0	973.7279767143953	57.63988852536955
207	65.37294601568705	13313.814747672808	3874.9425169326573	0.0	981.2398263739346	65.37294601568705
208	63.9611105413124	13377.775858214123	3894.7395942677163	0.0	985.2545810395599	63.9611105413124
209	66.38339188072487	13444.159250094839	3914.571063332442	0.0	986.9634167312388	66.38339188072487
210	62.06532896736162	13506.224579062202	3932.6502501109476	0.0	994.7043195466111	62.06532896736162
211	64.61333405504324	13570.837913117244	3954.0172448882745	0.0	1000.1174845398095	64.61333405504324
212	63.076044250144484	13633.913957367397	3971.468277919348	0.0	1008.3050231983831	63.076044250144484
213	60.84520368371119	13694.759161051103	3988.3834462650375	0.0	1018.3953246028283	60.84520368371119
214	58.636969878636066	13753.396130929741	4000.7773726072733	0.0	1026.2949901778281	58.636969878636066
215	65.77465876608237	13819.170789695821	4019.1073111107385	0.0	1026.985555321107	65.77465876608237
216	63.1308451267122	13882.301634822532	4035.90019805265	0.0	1032.9993516177317	63.1308451267122
217	68.69685813294396	13950.998492955485	4059.838669147411	0.0	1035.0052870136178	68.69685813294396
218	55.08565409948438	14006.08414705496	4068.7429819727076	0.0	1038.9039908506918	55.08565409948438
219	61.456595746065894	14067.540742801028	4084.672330764117	0.0	1047.2101630808852	61.456595746065894
220	67.97665155434379	14135.517394355376	4107.558403089914	0.0	1048.0754160248728	67.97665155434379
221	60.07456134279785	14195.591955698168	4123.472380555064	0.0	1055.2484160799158	60.07456134279785
222	63.18083567084072	14258.772791369014	4142.258184596386	0.0	1054.510261454232	63.18083567084072
223	57.56629964997191	14316.33909101899	4151.325331379471	0.0	1054.0929439276235	57.56629964997191
224	63.139185501224	14379.478276520204	4172.2727100994025	0.0	1057.0684080943295	63.139185501224
225	62.92895859072937	14442.407235110928	4191.276394780664	0.0	1060.6903291807412	62.92895859072937
226	65.20498402707543	14507.612219138005	4212.141438602726	0.0	1054.550785110333	65.20498402707543
227	62.397527280643324	14570.009746418657	4228.519280593076	0.0	1050.9912062276833	62.397527280643324
228	65.17692361197369	14635.18667003062	4246.44732832194	0.0	1048.4620345398912	65.17692361197369
229	66.449979317513	14701.636649348135	4267.955365913587	0.0	1052.7219829290277	66.449979317513
230	63.88456896968519	14765.521218317825	4286.029616894163	0.0	1044.4975873594872	63.88456896968519
231	65.17360828721071	14830.69482660504	4300.806504190524	0.0	1050.0626555236186	65.17360828721071
232	61.003333843721805	14891.69816044876	4315.818788018656	0.0	1059.448929058663	61.003333843721805
233	66.18704047540822	14957.885200924171	4335.173979198262	0.0	1062.6340386121676	66.18704047540822
234	65.14469163331562	15023.02989255748	4352.944746788054	0.0	1066.4224979222042	65.14469163331562
235	66.6078963906383	15089.637788948115	4375.857573421039	0.0	1068.5805420097702	66.6078963906383
236	59.59198209677594	15149.229771044904	4389.978328460787	0.0	1074.7474571580037	59.59198209677594
237	58.48607909688083	15207.715850141774	4402.950881223104	0.0	1078.0074273888263	58.48607909688083
238	61.8013470337077	15269.517197175486	4420.214494881995	0.0	1081.6223187025707	61.8013470337077
239	63.24777855663335	15332.76497573212	4439.188300662387	0.0	1084.2487469682114	63.24777855663335
240	64.31321868632678	15397.07819441844	4459.011997936532	0.0	1091.9859927509842	64.31321868632678
241	59.04867840846929	15456.126872826902	4473.5694687560945	0.0	1095.618697359118	59.04867840846929
242	61.042896726398624	15517.16976955331	4488.422188024943	0.0	1095.5776267988256	61.042896726398624
243	61.45071708445157	15578.620486637768	4504.321537993606	0.0	1093.5404314001814	61.45071708445157
244	60.57503670203392	15639.195523339791	4518.664206771876	0.0	1102.3567716871648	60.57503670203392
245	71.1649495013284	15710.360472841116	4543.076772903692	0.0	1106.2881053645442	71.1649495013284
246	66.14250555553522	15776.502978396655	4562.492106194444	0.0	1119.4341343226183	66.14250555553522
247	72.41373139070471	15848.916709787363	4587.460835934917	0.0	1125.8949023978391	72.41373139070471
248	61.79741864362507	15910.71412843099	4605.391007828054	0.0	1130.1100184975558	61.79741864362507
249	60.12543764946715	15970.839566080454	4621.307821065018	0.0	1132.0850984644203	60.12543764946715
250	61.68450627934506	16032.524072359804	4639.078224960955	0.0	1138.9292890089366	61.68450627934506
251	66.36186148392086	16098.885933843727	4662.714459861873	0.0	1143.0547446622927	66.36186148392086
252	59.86509627156281	16158.751030115278	4676.334485460826	0.0	1148.3635286033218	59.86509627156281
253	62.158659061740146	16220.909689177033	4694.663050093591	0.0	1153.4642253297513	62.158659061740146
254	60.879267308014015	16281.788956485037	4708.5247383032365	0.0	1163.9288415079484	60.879267308014015
255	67.55521429806936	16349.344170783113	4731.175930370402	0.0	1169.8842521963422	67.55521429806936
256	68.03128508456938	16417.37545586767	4756.704757556351	0.0	1176.7317105776797	68.03128508456938
257	60.24453778851537	16477.619993656186	4771.882939122686	0.0	1178.65819321416	60.24453778851537
258	64.33900299265355	16541.95899664885	4789.400583396714	0.0	1180.2283745564096	64.33900299265355
259	63.10532405863861	16605.064320707486	4807.392069282043	0.0	1182.229295350292	63.10532405863861
260	65.0127846784101	16670.0771053859	4826.106454509206	0.0	1184.9126615453947	65.0127846784101
261	62.294228426668106	16732.371333812564	4844.218295080453	0.0	1191.235343467726	62.294228426668106
262	63.963231504660264	16796.334565317222	4862.711696146809	0.0	1198.311898147309	63.963231504660264
263	59.72007666535321	16856.054641982577	4880.708644427026	0.0	1205.8228727696523	59.72007666535321
264	69.00269451841864	16925.05733650099	4904.292016766289	0.0	1210.03006280677	69.00269451841864
265	65.41596493340161	16990.4733014344	4926.786377016107	0.0	1215.0860200891661	65.41596493340161
266	63.72835500101873	17054.201656435413	4944.67067934457	0.0	1220.8779438360525	63.72835500101873
267	73.49726517866162	17127.698921614076	4973.722578714447	0.0	1219.5688687628956	73.49726517866162
268	64.88928138615397	17192.588203000232	4992.036139603726	0.0	1225.106756044609	64.88928138615397
269	59.07277935660344	17251.660982356843	5002.958976584882	0.0	1230.558028909779	59.07277935660344
270	68.01242763317515	17319.673409990013	5026.508812686517	0.0	1235.3026349885865	68.01242763317515
271	60.91962725112103	17380.593037241128	5041.331643518448	0.0	1235.7742638069963	60.91962725112103
272	63.132419341241885	17443.725456582368	5059.633752661911	0.0	1235.2337884822339	63.132419341241885
273	66.16489021225348	17509.890346794626	5080.618930641313	0.0	1234.564358161587	66.16489021225348
274	62.80687202331706	17572.69721881794	5098.357438922542	0.0	1238.6978237210885	62.80687202331706
275	59.07691250533697	17631.774131323284	5113.816852345589	0.0	1246.6222567480127	59.07691250533697
276	69.52954592584298	17701.303677249114	5138.1430718095435	0.0	1254.8578899705353	69.52954592584298
277	59.16065837682081	17760.464335625933	5150.417997658786	0.0	1258.657598047194	59.16065837682081
278	61.84372856500087	17822.30806419094	5166.830820039776	0.0	1264.0110216877229	61.84372856500087
279	58.97126279494515	17881.279326985885	5181.063201505529	0.0	1270.1063539333277	58.97126279494515
280	62.06658906021402	17943.3459160461	5198.281995608886	0.0	1272.6290729217073	62.06658906021402
281	62.095438345060664	18005.44135439116	5216.596595890171	0.0	1273.2478742812011	62.095438345060664
282	64.44756776638758	18069.88892215755	5234.232680184347	0.0	1272.8321301806434	64.44756776638758
283	63.71773928898418	18133.606661446534	5251.327151368518	0.0	1280.1700527055048	63.71773928898418
284	62.35426375478426	18195.960925201318	5267.496051326904	0.0	1287.7460478575372	62.35426375478426
285	57.578805865436806	18253.53973106676	5281.09913557104	0.0	1296.2020136423146	57.578805865436806
286	61.523696680908515	18315.06342774767	5298.150762149304	0.0	1299.4703645531192	61.523696680908515
287	62.45615554337435	18377.51958329104	5314.51330029002	0.0	1304.395683764931	62.45615554337435
288	62.83369279380853	18440.353276084847	5330.366836442225	0.0	1306.4093696553468	62.83369279380853
289	66.81327806051787	18507.16655414536	5351.874696486712	0.0	1302.0488425601343	66.81327806051787
290	65.63812478006956	18572.804678925433	5373.693827792733	0.0	1307.6531375667757	65.63812478006956
291	65.08393966729317	18637.888618592722	5392.880676056823	0.0	1308.9636648778564	65.08393966729317
292	56.48477486005515	18694.373393452788	5403.399712282752	0.0	1317.6398938745567	56.48477486005515
293	62.90875708281553	18757.2821505356	5418.849393623518	0.0	1324.6798292530125	62.90875708281553
294	68.39081431174264	18825.672964847334	5440.584351194287	0.0	1336.3237725719912	68.39081431174264
295	67.14718177515851	18892.82014662249	5462.454129792492	0.0	1344.7728808361314	67.14718177515851
296	62.68888330974545	18955.509029932244	5478.574914742104	0.0	1348.4829689046799	62.68888330974545
297	63.61080392829965	19019.119833860543	5496.025615472583	0.0	1352.0685622173169	63.61080392829965
298	64.90689081766016	19084.026724678202	5513.627942729013	0.0	1349.502792147028	64.90689081766016
299	53.001931080593394	19137.028655758804	5519.233295500082	0.0	1352.7534650434532	53.001931080593394
300	65.42890554765287	19202.457561306444	5540.587177755302	0.0	1353.1943693954045	65.42890554765287
301	59.16863123298403	19261.62619253943	5554.36955687968	0.0	1357.9719719101638	59.16863123298403
302	62.64378143079109	19324.26997397022	5571.725963728231	0.0	1359.4386024513842	62.64378143079109
303	64.16488643772716	19388.434860407957	5592.165029321358	0.0	1362.8309234364656	64.16488643772716
304	66.33521146892078	19454.770071876872	5612.524100654327	0.0	1361.2853838101025	66.33521146892078
305	62.023301453805516	19516.793373330678	5626.004208799916	0.0	1366.1736657208348	62.023301453805516
306	68.16652308153992	19584.959896412212	5648.990609268339	0.0	1373.6192942837777	68.16652308153992
307	59.06163166326367	19644.02152807548	5660.067174996927	0.0	1381.3968449389959	59.06163166326367
308	62.714741859525844	19706.73626993501	5677.784976098737	0.0	1383.9990723202864	62.714741859525844
309	66.23338347536769	19772.969653410375	5698.3479574775	0.0	1391.505827731334	66.23338347536769
310	64.3872372367958	19837.356890647163	5719.337418607021	0.0	1394.0174745712413	64.3872372367958
311	57.84336324390254	19895.200253891067	5731.9301162208085	0.0	1402.357282394037	57.84336324390254
312	54.39658595242973	19949.596839843496	5741.95586729209	0.0	1411.7484499145046	54.39658595242973
313	70.50594337114343	20020.10278321464	5767.622820520936	0.0	1410.315769064263	70.50594337114343
314	63.39709192659949	20083.499875141235	5784.238192788174	0.0	1419.4290448133102	63.39709192659949
315	65.14615184996329	20148.646026991206	5800.660691302398	0.0	1420.8660092080104	65.14615184996329
316	62.26603683871836	20210.91206382992	5819.418821659647	0.0	1418.04613442522	62.26603683871836
317	65.22601844257723	20276.1380822725	5836.816009878102	0.0	1415.5337997677154	65.22601844257723
318	59.354386144385195	20335.492468416873	5847.934799242057	0.0	1420.558795338342	59.354386144385195
319	61.23439683869093	20396.72686525558	5866.353394541398	0.0	1427.7120695594147	61.23439683869093
320	66.3060108856763	20463.03287614125	5887.325474359877	0.0	1429.9903444212102	66.3060108856763
321	71.69145512672007	20534.724331267968	5914.069858127795	0.0	1429.81150767562	71.69145512672007
322	69.19633222591719	20603.92066349389	5938.118058339871	0.0	1439.4018261278777	69.19633222591719
323	58.14442687012988	20662.065090364023	5948.645589948279	0.0	1440.5364589956962	58.14442687012988
324	68.94963383098052	20731.014724195	5971.841351891194	0.0	1453.6964892010324	68.94963383098052
325	67.46537423778813	20798.480098432792	5994.918726777241	0.0	1460.5521978686168	67.46537423778813
326	65.38276818637449	20863.86286661915	6015.535917365969	0.0	1464.1506351875255	65.38276818637449
327	62.432506532386896	20926.29537315155	6033.396154289611	0.0	1466.7234550138696	62.432506532386896
328	62.82317199379574	20989.118545145346	6051.54555979097	0.0	1471.0702152546396	62.82317199379574
329	64.08688723353092	21053.205432378873	6065.937182523702	0.0	1478.4897256065142	64.08688723353092
330	60.009163521177605	21113.21459590005	6080.219832097784	0.0	1477.322287098165	60.009163521177605
331	64.88315301799342	21178.097748918044	6100.265824177942	0.0	1479.8884865106875	64.88315301799342
332	60.921501299976924	21239.01925021802	6115.907983597068	0.0	1482.1052090113142	60.921501299976924
333	60.88622860601618	21299.905478824046	6129.892732126668	0.0	1491.0592632669182	60.88622860601618
334	60.94884650954315	21360.854325333574	6145.967438725367	0.0	1494.867652870919	60.94884650954315
335	65.76571687633634	21426.62004220991	6167.456623793568	0.0	1498.6271269835158	65.76571687633634
336	67.69197335430965	21494.31201556423	6190.117756304623	0.0	1498.0317567398597	67.69197335430965
337	63.09900027985307	21557.411015844074	6206.234868735977	0.0	1498.7097813600935	63.09900027985307
338	68.21427965164001	21625.62529549572	6229.231989093524	0.0	1504.9049758908686	68.21427965164001
339	63.937878952824825	21689.56317444854	6247.527348728235	0.0	1503.003565492389	63.937878952824825
340	66.59810745961607	21756.161281908153	6270.200764634772	0.0	1505.5192564402582	66.59810745961607
341	66.3278470277569	21822.489128935904	6291.348695776391	0.0	1509.186419296571	66.3278470277569
342	56.61314929534816	21879.102278231265	6302.317566530901	0.0	1514.2058666457867	56.61314929534816
343	63.437514611199575	21942.539792842468	6319.011930334249	0.0	1513.9917920316645	63.437514611199575
344	60.40093458739967	22002.940727429865	6332.209445836408	0.0	1518.8084042406806	60.40093458739967
345	60.47802903983641	22063.418756469702	6345.389481024462	0.0	1525.8889235604402	60.47802903983641
346	62.59416758020572	22126.012924049915	6364.718650309216	0.0	1531.537587296475	62.59416758020572
347	66.52052899443123	22192.533453044332	6384.991702387888	0.0	1537.8059475338735	66.52052899443123
348	60.607276476277775	22253.14072952062	6399.378208605303	0.0	1536.5336797390717	60.607276476277775
349	67.11814110463335	22320.258870625243	6421.155607133647	0.0	1540.748447097917	67.11814110463335
350	68.72704477931703	22388.985915404577	6446.658728679205	0.0	1550.1436019684913	68.72704477931703
351	63.693647987369694	22452.679563391936	6463.9208499852975	0.0	1557.781442695976	63.693647987369694
352	62.86114298586621	22515.54070637779	6482.4234113820385	0.0	1562.329764614421	62.86114298586621
353	60.688185438419744	22576.228891816223	6498.032709980059	0.0	1569.4119790240386	60.688185438419744
354	66.4921401397528	22642.721031955956	6515.551036900612	0.0	1568.9890782438065	66.4921401397528
355	60.03856466516864	22702.75959662115	6528.03295598516	0.0	1573.6543640925745	60.03856466516864
356	64.13079115244145	22766.89038777358	6548.857462806027	0.0	1584.5432937039	64.13079115244145
357	63.26265814589521	22830.15304591948	6565.882858867026	0.0	1588.3692031567307	63.26265814589521
358	68.87546898255584	22899.02851490204	6585.7243614942445	0.0	1590.980700092246	68.87546898255584
359	62.81499968554586	22961.843514587577	6603.4385601856875	0.0	1594.3663695245527	62.81499968554586
360	59.34497348403195	23021.188488071613	6616.355671568835	0.0	1599.81855483269	59.34497348403195
361	56.26100342399354	23077.449491495598	6628.402543477288	0.0	1601.1610221860758	56.26100342399354
362	63.22176682045171	23140.671258316062	6647.211489999682	0.0	1608.3280917599845	63.22176682045171
363	64.69240151148479	23205.363659827537	6667.72347009228	0.0	1605.3823613794832	64.69240151148479
364	64.5047379648778	23269.86839779242	6684.657673524854	0.0	1610.0107482296187	64.5047379648778
365	63.618629896839764	23333.487027689265	6701.082794272766	0.0	1614.5324606358404	63.618629896839764
366	65.14782668489327	23398.634854374155	6722.726369662423	0.0	1620.0274340048998	65.14782668489327
367	58.88160382625142	23457.516458200404	6734.30370338546	0.0	1632.223583294683	58.88160382625142
368	53.61577231592963	23511.132230516345	6742.215773301842	0.0	1640.8043467445784	53.61577231592963
369	65.67975074748045	23576.811981263818	6762.2412640048005	0.0	1640.4297946165648	65.67975074748045
370	64.1530236098103	23640.965004873622	6780.317416864985	0.0	1647.5043563680874	64.1530236098103
371	68.09195324605076	23709.056958119672	6803.073297701088	0.0	1649.9991759710174	68.09195324605076
372	57.39713063056824	23766.454088750223	6816.132005712149	0.0	1655.2117158908557	57.39713063056824
373	66.4185776176404	23832.87266636789	6836.0048997666	0.0	1655.5551157795298	66.4185776176404
374	53.72877405692386	23886.601440424798	6846.301515938607	0.0	1662.4097976585872	53.72877405692386
375	68.91535827520302	23955.51679870001	6867.228419266699	0.0	1670.202082494552	68.91535827520302
376	66.00368116807317	24021.520479868086	6886.314373610761	0.0	1677.366557432654	66.00368116807317
377	58.87024346076306	24080.390723328837	6899.70871125158	0.0	1682.873235790818	58.87024346076306
378	57.36292225722671	24137.753645586068	6910.998997395345	0.0	1688.1020269990036	57.36292225722671
379	68.60917743645354	24206.36282302253	6936.482478236035	0.0	1698.4510299566787	68.60917743645354
380	63.57749588096249	24269.94031890349	6954.539357896369	0.0	1704.5200693406127	63.57749588096249
381	56.71874962819864	24326.659068531684	6966.157708970298	0.0	1712.6537469785962	56.71874962819864
382	62.65448176805288	24389.313550299736	6984.578864775386	0.0	1711.059962138417	62.65448176805288
383	64.69355167746262	24454.00710197721	7002.752148351757	0.0	1716.312584955967	64.69355167746262
384	59.85316313720168	24513.860265114392	7019.6372334513335	0.0	1722.1181051855588	59.85316313720168
385	62.63238713121706	24576.492652245615	7034.97647058125	0.0	1721.0300395021147	62.63238713121706
386	59.18690493167515	24635.679557177285	7046.817086120297	0.0	1722.231779171903	59.18690493167515
387	59.644875815907135	24695.324432993213	7059.340223779209	0.0	1726.1850715160897	59.644875815907135
388	61.452733276224365	24756.777166269425	7073.665625487247	0.0	1732.7745626038204	61.452733276224365
389	64.80769404957705	24821.584860319002	7091.81756095907	0.0	1732.7473476760879	64.80769404957705
390	53.85529093562255	24875.440151254632	7097.678178881627	0.0	1739.0749505475917	53.85529093562255
391	68.04544841812391	24943.485599672742	7120.073285303809	0.0	1742.8840982892375	68.04544841812391
392	65.71667054240176	25009.20227021514	7139.905661910359	0.0	1748.821400609243	65.71667054240176
393	61.393664404041054	25070.595934619178	7153.881507655319	0.0	1752.8647417218806	61.393664404041054
394	60.104227323620236	25130.7001619428	7167.976084017169	0.0	1757.1099272114545	60.104227323620236
395	62.76626238973102	25193.466424332535	7186.353063992068	0.0	1757.3732420097876	62.76626238973102
396	62.44065342410025	25255.907077756638	7203.042389005426	0.0	1768.439826630962	62.44065342410025
397	62.322564176326786	25318.22964193296	7221.244598707645	0.0	1775.173737026756	62.322564176326786
398	62.49666224556976	25380.72630417854	7239.894080297382	0.0	1775.3121775699958	62.49666224556976
399	66.56729926638624	25447.293603444923	7261.73542141686	0.0	1777.1954651056565	66.56729926638624
400	65.16896726252999	25512.462570707452	7281.39810316439	0.0	1782.0515729656624	65.16896726252999
401	64.88518653838858	25577.347757245825	7302.333523703913	0.0	1779.731155597773	64.88518653838858
402	61.09786618766115	25638.445623433516	7318.555651665212	0.0	1782.1104252253438	61.09786618766115
403	67.33901223284455	25705.784635666354	7342.976325038543	0.0	1785.5303926043437	67.33901223284455
404	62.43006546379719	25768.214701130153	7356.535399596348	0.0	1784.5959303803993	62.43006546379719
405	65.48401959298567	25833.698720723136	7376.480463304772	0.0	1783.3494727056675	65.48401959298567
406	56.5854306519065	25890.284151375043	7384.091245754773	0.0	1789.1977266401595	56.5854306519065
407	62.70409722010859	25952.988248595153	7401.199294506141	0.0	1793.8779312136417	62.70409722010859
408	65.99343337454746	26018.981681969683	7420.833644522071	0.0	1799.129892037437	65.99343337454746
409	60.909350129262236	26079.891032098956	7435.218792939018	0.0	1794.072662209179	60.909350129262236
410	64.35239627814815	26144.243428377107	7454.2226203187065	0.0	1793.5546364492002	64.35239627814815
411	64.90976242984586	26209.153190806937	7474.429502392799	0.0	1797.266242481615	64.90976242984586
412	56.227339993810574	26265.38053080077	7486.315870291079	0.0	1805.4957015173989	56.227339993810574
413	58.78414019928973	26324.16467100004	7500.227147968353	0.0	1806.2156918251887	58.78414019928973
414	63.30937057589468	26387.47404157596	7518.648873083723	0.0	1811.8168670176904	63.30937057589468
415	63.64618340651567	26451.12022498245	7535.9872359681185	0.0	1814.1348897987182	63.64618340651567
416	59.84440566769569	26510.96463065014	7553.337426790717	0.0	1818.2605394530717	59.84440566769569
417	62.07208993944255	26573.0367205896	7568.038117907955	0.0	1825.3794864698536	62.07208993944255
418	53.002885566127006	26626.03960615573	7576.717688372209	0.0	1825.8037031296374	53.002885566127006
419	63.81233281132677	26689.851938967044	7599.706561133628	0.0	1827.4374853667491	63.81233281132677
420	54.218990881245034	26744.070929848305	7608.1373227168115	0.0	1832.5401129544216	54.218990881245034
421	58.447234494727674	26802.51816434303	7619.211029555648	0.0	1840.0294839408796	58.447234494727674
422	61.002109822909354	26863.520274165945	7634.897913402184	0.0	1846.6273673653313	61.002109822909354
423	66.63876955929136	26930.15904372523	7657.505178418893	0.0	1852.5543597359394	66.63876955929136
424	66.05825009504682	26996.217293820264	7679.935843771877	0.0	1853.1577726775026	66.05825009504682
425	60.553991146194306	27056.77128496648	7694.6833315142585	0.0	1862.7158698747141	60.553991146194306
426	61.842433949562945	27118.613718916014	7709.883283831703	0.0	1866.4685155840195	61.842433949562945
427	67.02976108639784	27185.643480002433	7731.638050857171	0.0	1872.2137461959987	67.02976108639784
428	59.87103204654245	27245.51451204896	7747.528959880239	0.0	1871.9495916171522	59.87103204654245
429	60.00529693715835	27305.519808986108	7763.634511517718	0.0	1880.2284832428957	60.00529693715835
430	59.784205393968584	27365.3040143801	7777.675705819025	0.0	1886.5175583539944	59.784205393968584
431	57.02649709629041	27422.33051147639	7789.69643471264	0.0	1896.7651481460784	57.02649709629041
432	65.17993374203665	27487.510445218428	7810.397174197944	0.0	1895.6137077813864	65.17993374203665
433	62.97401912533541	27550.48446434375	7825.851025155064	0.0	1897.2981890084836	62.97401912533541
434	64.09516424201675	27614.579628585772	7839.751172025893	0.0	1897.3467135897922	64.09516424201675
435	63.771702447234404	27678.351331033	7858.880338664134	0.0	1899.7097489554387	63.771702447234404
436	65.03379886985073	27743.385129902857	7878.536773094288	0.0	1904.4942304514464	65.03379886985073
437	59.39259334371017	27802.77772324656	7891.068489399933	0.0	1904.221750479188	59.39259334371017
438	63.14751351634447	27865.925236762916	7908.37870805352	0.0	1907.177892593292	63.14751351634447
439	60.256113420517046	27926.181350183444	7923.489018068452	0.0	1908.0362070335216	60.256113420517046
440	63.12897311878956	27989.310323302216	7940.385043071155	0.0	1909.6888092440358	63.12897311878956
441	65.2202556083806	28054.530578910588	7959.251330108014	0.0	1913.5191470762281	65.2202556083806
442	57.3414001630075	28111.87197907361	7971.995571526548	0.0	1921.1372177585015	57.3414001630075
443	62.41627650334649	28174.288255576943	7987.8531247844385	0.0	1927.4194180071036	62.41627650334649
444	70.42351176658529	28244.711767343535	8010.2783603999505	0.0	1936.0787860918012	70.42351176658529
445	68.80784619058653	28313.51961353413	8035.326654260219	0.0	1934.3932370619223	68.80784619058653
446	62.043304412452535	28375.56291794659	8051.744572765947	0.0	1939.9549343180263	62.043304412452535
447	54.56384706986224	28430.126765016434	8061.482343870014	0.0	1945.6912781953229	54.56384706986224
448	67.33900099517572	28497.46576601162	8084.605123138641	0.0	1951.8748070662205	67.33900099517572
449	60.50699011844085	28557.972756130042	8099.74248839068	0.0	1962.4992543344192	60.50699011844085
450	56.273271983945044	28614.246028113997	8112.211425820915	0.0	1962.7320046765358	56.273271983945044
451	60.5780088137298	28674.824036927723	8129.067190912767	0.0	1971.8126732736152	60.5780088137298
452	72.61172808394467	28747.435765011684	8158.6140650244515	0.0	1975.1433074909833	72.61172808394467
453	60.07379391487899	28807.50955892656	8171.20165603131	0.0	1980.9767664556139	60.07379391487899
454	63.472829008403515	28870.98238793496	8188.437346293479	0.0	1987.9485635323474	63.472829008403515
455	61.950976814746355	28932.933364749686	8205.711579754798	0.0	1991.0544588230853	61.950976814746355
456	69.2368487874947	29002.170213537196	8230.579000079844	0.0	1997.397125701011	69.2368487874947
457	63.504862302478735	29065.67507583966	8247.767722889977	0.0	2006.8968606274263	63.504862302478735
458	58.89910542399227	29124.57418126368	8259.658469172971	0.0	2013.281567433847	58.89910542399227
459	58.91058667078332	29183.484767934446	8272.54399248118	0.0	2018.6953265699856	58.91058667078332
460	67.42158105464333	29250.90634898908	8295.406017091567	0.0	2019.276123983828	67.42158105464333
461	61.14502765650371	29312.051376645588	8311.762020747212	0.0	2032.9094452836252	61.14502765650371
462	60.73613096499642	29372.787507610596	8324.013721947847	0.0	2042.6803469839201	60.73613096499642
463	55.34755920937077	29428.135066819974	8336.888700157644	0.0	2050.9012033359377	55.34755920937077
464	63.03927981557936	29491.174346635536	8355.326491552476	0.0	2051.465995835701	63.03927981557936
465	63.36178304776805	29554.53612968331	8372.869308318068	0.0	2054.3708893197313	63.36178304776805
466	61.63999265330095	29616.17612233662	8388.9083498832	0.0	2060.439078858572	61.63999265330095
467	62.67936938299496	29678.855491719612	8404.858327467005	0.0	2065.0513777548667	62.67936938299496
468	61.52312499099528	29740.378616710605	8420.224173686769	0.0	2072.8449472584807	61.52312499099528
469	58.17729355236652	29798.555910262967	8431.421881856773	0.0	2082.9140613156783	58.17729355236652
470	54.801833958144144	29853.357744221114	8440.665440808752	0.0	2084.6585886466846	54.801833958144144
471	64.51718430835959	29917.87492852946	8457.929782856625	0.0	2091.81823212592	64.51718430835959
472	69.07855076528327	29986.953479294752	8481.669901930021	0.0	2102.390918427661	69.07855076528327
473	65.49680197560059	30052.45028127037	8499.810212870785	0.0	2106.7034334216055	65.49680197560059
474	65.46097408445102	30117.91125535481	8519.819811278345	0.0	2110.4938276421603	65.46097408445102
475	74.36063100927862	30192.271886364095	8548.73052991119	0.0	2105.338234756855	74.36063100927862
476	61.35874568687785	30253.630632050965	8563.646115187903	0.0	2110.1858609464125	61.35874568687785
477	68.49495260543542	30322.12558465639	8587.648289181956	0.0	2115.742648820741	68.49495260543542
478	61.82928843360774	30383.954873090024	8604.327283485805	0.0	2123.9213677237035	61.82928843360774
479	62.355130864326426	30446.31000395434	8623.738389831495	0.0	2126.246793454279	62.355130864326426
480	69.30848514965294	30515.618489103992	8647.602265958916	0.0	2134.7895526217612	69.30848514965294
481	68.05610190731224	30583.674591011302	8670.962064925709	0.0	2151.0969934982845	68.05610190731224
482	57.144033282399754	30640.818624293715	8682.9803594083	0.0	2148.6445324465108	57.144033282399754
483	60.45282209745305	30701.27144639116	8697.438424393395	0.0	2151.528312430825	60.45282209745305
484	66.6563748712098	30767.92782126237	8716.623512220385	0.0	2158.5312124088296	66.6563748712098
485	67.65322165980074	30835.58104292217	8736.042206532022	0.0	2158.092755884078	67.65322165980074
486	63.142654906503225	30898.723697828675	8756.573515938142	0.0	2161.115840899976	63.142654906503225
487	58.31813617090244	30957.041833999578	8769.540755887369	0.0	2160.246466663914	58.31813617090244
488	62.17656785461641	31019.218401854203	8784.916671001874	0.0	2163.3984169450923	62.17656785461641
489	63.478115472214256	31082.696517326418	8802.66464466963	0.0	2160.8053519971245	63.478115472214256
490	65.16222328961311	31147.85874061601	8820.55831173152	0.0	2159.7978740455296	65.16222328961311
491	61.73784377236175	31209.596584388382	8835.501959939262	0.0	2169.5997077693746	61.73784377236175
492	62.20351961370757	31271.800104002083	8851.370603739515	0.0	2170.7988818869494	62.20351961370757
493	63.30229368867777	31335.102397690778	8870.698582983761	0.0	2177.9355727758402	63.30229368867777
494	60.045212924308906	31395.147610615073	8886.853208957564	0.0	2182.5819137499175	60.045212924308906
495	61.332751404298016	31456.480362019367	8900.254586414287	0.0	2187.553391644217	61.332751404298016
496	65.91712394350571	31522.397485962887	8920.262626563666	0.0	2194.5687575344305	65.91712394350571
497	66.98289055296124	31589.38037651584	8942.441517494024	0.0	2200.0661099485615	66.98289055296124
498	61.62430305282269	31651.004679568672	8957.295492742303	0.0	2206.658993004849	61.62430305282269
499	61.8129222054123	31712.81760177406	8975.434757232904	0.0	2215.9992970054545	61.8129222054123
500	62.01203410213454	31774.82963587621	8988.65439747486	0.0	2225.4827042356105	62.01203410213454
501	63.03800299780638	31837.867638874013	9006.420340547083	0.0	2229.1880244193717	63.03800299780638
502	60.6009271300271	31898.468566004034	9022.48162630406	0.0	2234.0817039695667	60.6009271300271
503	66.93454005283286	31965.40310605689	9044.416359027846	0.0	2242.3063769988967	66.93454005283286
504	69.66014706276921	32035.06325311964	9067.638449522854	0.0	2242.9267687999254	69.66014706276921
505	55.53577004816258	32090.599023167808	9077.956648717654	0.0	2247.0434632200204	55.53577004816258
506	62.694817299227836	32153.293840467028	9077.956648717654	0.0	2253.870606218464	62.694817299227836
