task	reward	total_reward	total_regret	relative	total_reward_dev	joules
0	53.853856631525076	53.853856631525076	5.662044893500628	0.0	24.04579973236114	53.853856631525076
1	76.11294895776291	129.96680558928801	33.924838658982864	0.0	31.000345319207568	76.11294895776291
2	56.806309593201796	186.7731151824897	45.437983383990115	0.0	42.43090669678653	56.806309593201796
3	73.4743157291146	260.2474309116044	70.79107591187568	0.0	44.16057613122647	73.4743157291146
4	54.02439934976489	314.27183026136925	76.50842952756803	0.0	52.1262791625298	54.02439934976489
5	71.54063151145061	385.8124617728198	101.12983069293647	0.0	50.15710980742212	71.54063151145061
6	56.85723313814105	442.66969491096097	110.95358488830803	0.0	61.4907827665861	56.85723313814105
7	67.94411724201679	510.61381215297763	129.7202907580845	0.0	64.74538855979378	67.94411724201679
8	63.78420743881218	574.3980195917901	144.1006291624275	0.0	74.66767755958274	63.78420743881218
9	68.08986267963452	642.4878822714242	162.9700053839823	0.0	85.73877784505288	68.08986267963452
10	66.24732327860299	708.7352055500274	179.1020804207567	0.0	89.36787707935129	66.24732327860299
11	65.04462680297563	773.7798323530026	194.97219505320348	0.0	100.85586615491249	65.04462680297563
12	63.13451924231454	836.9143515953172	210.90241762057252	0.0	100.34278022792486	63.13451924231454
13	62.59827076949704	899.5126223648153	225.12609946978887	0.0	102.60795340173085	62.59827076949704
14	62.51698528697521	962.0296076517897	240.41664496233403	0.0	107.39613096872858	62.51698528697521
15	64.44322071740672	1026.4728283691963	255.45264352754486	0.0	108.31752123475744	64.44322071740672
16	59.302483553485324	1085.7753119226813	265.46312009549194	0.0	113.13275454242269	59.302483553485324
17	67.45271693826139	1153.2280288609434	283.4000271139535	0.0	122.59483378194162	67.45271693826139
18	67.63698939491239	1220.8650182558554	301.6922217328821	0.0	130.35219680220771	67.63698939491239
19	66.2238088215923	1287.088827077448	319.6079575423014	0.0	135.70720447088797	66.2238088215923
20	65.817838638285	1352.9066657157323	336.1871201987989	0.0	133.91149544355974	65.817838638285
21	67.12463959868214	1420.0313053144146	355.2690166077565	0.0	133.27380902784157	67.12463959868214
22	61.766158702217346	1481.7974640166315	367.50277256657813	0.0	135.65110193022707	61.766158702217346
23	61.12763556008692	1542.9250995767186	379.74860940668043	0.0	140.76938988281887	61.12763556008692
24	63.383927466522664	1606.3090270432413	393.07985044771345	0.0	141.69599113098343	63.383927466522664
25	66.30295397681962	1672.6119810200619	411.8653986621193	0.0	151.3727683485065	66.30295397681962
26	63.08157785291104	1735.6935588729727	425.9587381050713	0.0	154.91513711127223	63.08157785291104
27	66.90224955912997	1802.5958084321019	443.47420187898445	0.0	160.31644564901447	66.90224955912997
28	67.45469412471189	1870.0505025568136	460.99157532726065	0.0	170.29584412025528	67.45469412471189
29	61.90744737763819	1931.9579499344516	471.75890382808836	0.0	170.1116755784983	61.90744737763819
30	66.68701681956694	1998.6449667540196	491.52683883603527	0.0	171.4737716326976	66.68701681956694
31	64.78769728275357	2063.4326640367726	507.7053617204352	0.0	175.96437374924633	64.78769728275357
32	58.12964027328258	2121.5623043100554	515.5523697902671	0.0	175.5490652297772	58.12964027328258
33	62.20719251182831	2183.769496821883	526.8675186996039	0.0	183.34493623429577	62.20719251182831
34	67.48288307221645	2251.252379894101	545.4714501171367	0.0	186.01484385802328	67.48288307221645
35	60.91277984525205	2312.165159739353	557.5275076294743	0.0	183.90476748479125	60.91277984525205
36	65.79770369739005	2377.9628634367414	575.0435824412057	0.0	188.04248938874187	65.79770369739005
37	66.85609835089049	2444.8189617876337	592.4924843142525	0.0	188.94714350996688	66.85609835089049
38	62.28167207811105	2507.100633865744	606.7099836707828	0.0	195.09272056689915	62.28167207811105
39	66.59943435320233	2573.7000682189446	623.2796116211163	0.0	188.76187795927294	66.59943435320233
40	64.14850775561945	2637.8485759745654	638.2806513168924	0.0	191.17822996208156	64.14850775561945
41	63.37311317446859	2701.2216891490334	652.100000628489	0.0	193.73826028551358	63.37311317446859
42	64.9201279598788	2766.1418171089153	669.9183987468377	0.0	199.58421289895526	64.9201279598788
43	58.36870793009857	2824.51052503901	681.6104902303434	0.0	201.69414405628658	58.36870793009857
44	67.43521677489993	2891.945741813911	701.1265347484541	0.0	199.51367467586587	67.43521677489993
45	62.90232286348964	2954.8480646774005	714.674030215716	0.0	203.1313586793456	62.90232286348964
46	60.92187462313256	3015.7699393005337	726.996238796033	0.0	205.27536859013873	60.92187462313256
47	66.43777760430555	3082.2077169048407	745.9193348163687	0.0	206.05931760089283	66.43777760430555
48	64.80600240925662	3147.0137193140963	761.5737327331195	0.0	209.87905587307796	64.80600240925662
49	63.36929585935523	3210.3830151734514	775.6722469504424	0.0	213.39159828849083	63.36929585935523
50	68.71444393339952	3279.097459106849	796.6746025488408	0.0	207.46116988151226	68.71444393339952
51	63.14216235093052	3342.2396214577807	811.2534356344805	0.0	211.064790481008	63.14216235093052
52	65.66636478105218	3407.9059862388326	829.9908822083823	0.0	214.09037533510272	65.66636478105218
53	68.5731208409207	3476.4791070797537	850.2880363317089	0.0	221.15970426211794	68.5731208409207
54	60.15520912240758	3536.634316202162	863.1638737064078	0.0	224.57395862830086	60.15520912240758
55	65.58547577209201	3602.2197919742543	878.3927349463879	0.0	229.2118993147013	65.58547577209201
56	58.71461205302571	3660.934404027279	889.719796839953	0.0	230.21322887946872	58.71461205302571
57	61.420634367303855	3722.355038394584	903.4657808367666	0.0	233.54413461426074	61.420634367303855
58	55.755616444513116	3778.110654839095	912.5225909384338	0.0	232.91181245724465	55.755616444513116
59	61.50108227121173	3839.6117371103073	927.8969959130244	0.0	234.1595873387898	61.50108227121173
60	67.15745570815061	3906.7691928184586	946.8622725401761	0.0	232.743175034117	67.15745570815061
61	57.38826871096466	3964.1574615294226	956.1082400946976	0.0	229.0450393266328	57.38826871096466
62	65.73368741905038	4029.891148948474	973.1276286257397	0.0	227.20684406315956	65.73368741905038
63	63.76174428724764	4093.652893235722	988.3640547926515	0.0	230.52146958393786	63.76174428724764
64	62.20767273269494	4155.860565968414	1001.1316330654518	0.0	239.42249662789317	62.20767273269494
65	61.347440629215036	4217.2080065976315	1013.5987770233048	0.0	240.66485411599453	61.347440629215036
66	64.29637979224844	4281.504386389879	1029.1423119400456	0.0	246.1773728012885	64.29637979224844
67	60.06086206076465	4341.565248450642	1039.4927039934614	0.0	247.8558341206601	60.06086206076465
68	64.20735109757479	4405.772599548218	1054.9748858240114	0.0	247.79097838930696	64.20735109757479
69	60.064588926773425	4465.837188474991	1066.5021292021988	0.0	246.62350335560294	60.064588926773425
70	61.9439744335953	4527.781162908585	1079.9478009221368	0.0	246.2410137514658	61.9439744335953
71	65.03827756593115	4592.819440474518	1094.355546037116	0.0	245.77320005444972	65.03827756593115
72	65.483653272323	4658.303093746844	1111.0707132584278	0.0	250.1122721843959	65.483653272323
73	61.56692122366101	4719.870014970504	1121.6694188210377	0.0	250.91575003922586	61.56692122366101
74	63.21601313053523	4783.086028101038	1137.1050366666295	0.0	257.6569450541267	63.21601313053523
75	56.893352052699	4839.979380153739	1147.3551013159545	0.0	257.76101588170997	56.893352052699
76	63.45278499725272	4903.432165150991	1162.447392739484	0.0	258.5690968735259	63.45278499725272
77	66.11735798798844	4969.549523138976	1178.682536030848	0.0	259.6166697513547	66.11735798798844
78	59.77880195557408	5029.328325094554	1189.3468294118757	0.0	264.5549675728212	59.77880195557408
79	62.569576566390005	5091.89790166094	1202.0572457262147	0.0	267.8471315552124	62.569576566390005
80	62.22580794049375	5154.1237096014365	1215.2195624296678	0.0	268.265504183513	62.22580794049375
81	63.885459719314525	5218.009169320753	1232.8339338052608	0.0	268.698081197298	63.885459719314525
82	63.04220766136568	5281.051376982114	1247.3734387338177	0.0	270.9202003728916	63.04220766136568
83	65.63514220970463	5346.68651919182	1263.150498446509	0.0	268.19513875055065	65.63514220970463
84	62.73012167636608	5409.416640868185	1278.4506810800447	0.0	268.013978730119	62.73012167636608
85	66.7682077694034	5476.184848637591	1295.994732398437	0.0	272.97108233290663	66.7682077694034
86	59.87070172883091	5536.05555036642	1306.5988364874615	0.0	276.73343354008074	59.87070172883091
87	64.03114162149467	5600.086691987915	1324.2981798343892	0.0	274.8506025196403	64.03114162149467
88	62.062996016420065	5662.149688004337	1339.1551415282645	0.0	278.2004649390411	62.062996016420065
89	59.47177839170913	5721.6214663960445	1348.9501668639443	0.0	280.1688410159264	59.47177839170913
90	64.82722104480675	5786.448687440853	1366.140297275393	0.0	284.0998747462085	64.82722104480675
91	67.6110197493745	5854.059707190227	1384.567012778534	0.0	289.28604826217577	67.6110197493745
92	64.25140174695188	5918.311108937179	1401.6390185541784	0.0	297.34340174333335	64.25140174695188
93	62.94059454272038	5981.251703479898	1417.5162288793765	0.0	301.66528647057686	62.94059454272038
94	57.46024050046483	6038.711943980365	1426.0392558954513	0.0	304.47061484652465	57.46024050046483
95	57.24436442807204	6095.956308408436	1434.8045391720277	0.0	301.61451896442776	57.24436442807204
96	64.30114901595225	6160.257457424388	1449.449481643564	0.0	294.29005980758876	64.30114901595225
97	61.58614084992003	6221.843598274308	1461.4559078698323	0.0	296.14789924645237	61.58614084992003
98	61.7889888579173	6283.632587132227	1471.7126363662028	0.0	299.0930399760637	61.7889888579173
99	58.9263107384918	6342.55889787072	1482.3214613074042	0.0	296.5034471327558	58.9263107384918
100	61.2080998121472	6403.766997682865	1495.3358397222119	0.0	297.928868491668	61.2080998121472
101	61.403262660089766	6465.170260342957	1509.3392241252018	0.0	298.29595699285363	61.403262660089766
102	66.78113347709133	6531.951393820046	1526.6690492173557	0.0	300.18006251612286	66.78113347709133
103	61.09725899411068	6593.048652814156	1538.3295253496879	0.0	308.04641837884685	61.09725899411068
104	63.944196489413564	6656.992849303569	1553.394978641104	0.0	311.606013128312	63.944196489413564
105	61.498725706678194	6718.491575010248	1565.8381312248293	0.0	312.7751490589495	61.498725706678194
106	61.16388426083735	6779.655459271085	1577.1681926117294	0.0	310.55663060036676	61.16388426083735
107	62.942884886116246	6842.598344157202	1591.2195428191055	0.0	312.9620961417557	62.942884886116246
108	63.387262347493845	6905.985606504695	1608.1420666072102	0.0	309.9449627652796	63.387262347493845
109	64.27243881369708	6970.25804531839	1622.6660776367012	0.0	308.58153764639604	64.27243881369708
110	66.80174842956124	7037.059793747956	1640.0735002748088	0.0	308.60146287899886	66.80174842956124
111	64.40713569782503	7101.466929445778	1655.9138573752994	0.0	306.88670546455984	64.40713569782503
112	67.1652770344917	7168.632206480273	1676.459781634244	0.0	313.62116583637066	67.1652770344917
113	65.63822881589056	7234.270435296158	1693.1397348190712	0.0	315.26000698740324	65.63822881589056
114	62.44793510488907	7296.71837040105	1707.759694954103	0.0	314.66444407522215	62.44793510488907
115	52.54100189988633	7349.259372300938	1711.9004787364224	0.0	315.3023028876311	52.54100189988633
116	63.3081440574631	7412.5675163584	1725.2828893778578	0.0	318.14288128975966	63.3081440574631
117	69.10352904991719	7481.6710454083195	1747.6974470113826	0.0	324.03578984969374	69.10352904991719
118	61.94461276637129	7543.615658174694	1760.3343974691506	0.0	327.743647395677	61.94461276637129
119	57.19838489507561	7600.814043069762	1768.2788514464025	0.0	326.22349967054697	57.19838489507561
120	61.09692771866011	7661.910970788425	1781.6864243277266	0.0	326.3189796258416	61.09692771866011
121	63.47191796042741	7725.382888748852	1796.2213930583957	0.0	321.8172674625184	63.47191796042741
122	56.404973371100105	7781.787862119954	1801.9761366538864	0.0	319.16167296875904	56.404973371100105
123	63.78816765543743	7845.576029775387	1816.151731912604	0.0	318.6981340951653	63.78816765543743
124	66.45160538020596	7912.0276351555995	1833.997705033215	0.0	318.2800551745295	66.45160538020596
125	65.54048284784848	7977.5681180034435	1850.8388573786785	0.0	318.34742291428387	65.54048284784848
126	71.1713535464479	8048.739471549895	1874.7427575923004	0.0	324.65771783802217	71.1713535464479
127	58.307312942200625	8107.046784492092	1885.0180377814595	0.0	325.96782992410533	58.307312942200625
128	57.90630414822502	8164.953088640322	1897.2429820126893	0.0	325.7380033855715	57.90630414822502
129	64.89198347644583	8229.845072116763	1910.2512514770715	0.0	327.5393811814606	64.89198347644583
130	59.35237590802925	8289.197448024792	1920.1281618344376	0.0	328.14347892509886	59.35237590802925
131	60.495825421128494	8349.693273445924	1932.0885563113388	0.0	332.88474508828483	60.495825421128494
132	59.65250602802462	8409.345779473944	1943.759926019294	0.0	335.02287073891273	59.65250602802462
133	62.757379575470516	8472.103159049417	1958.32369560488	0.0	340.70552580623803	62.757379575470516
134	56.651648096871305	8528.754807146288	1966.8094200304176	0.0	337.7906947090652	56.651648096871305
135	58.59885902826129	8587.353666174551	1976.051478467543	0.0	335.5827740550154	58.59885902826129
136	63.076970812426495	8650.430636986976	1989.6044402039167	0.0	337.7250772320634	63.076970812426495
137	58.47209472354336	8708.90273171052	1998.9536606321483	0.0	335.98192056271574	58.47209472354336
138	59.21746788775847	8768.12019959828	2008.9546010595275	0.0	337.70045951141776	59.21746788775847
139	62.6469235013734	8830.767123099651	2024.7877179881334	0.0	337.7796088999938	62.6469235013734
140	63.94629559319333	8894.713418692847	2038.8019523159935	0.0	336.1552736845229	63.94629559319333
141	60.432881947508506	8955.14630064035	2051.64722410873	0.0	328.74113415443225	60.432881947508506
142	58.79644422791452	9013.942744868265	2062.3914774683526	0.0	326.5442863078468	58.79644422791452
143	62.34619208274668	9076.288936951014	2074.2608991061616	0.0	323.6596432626285	62.34619208274668
144	59.64144705103113	9135.930384002046	2084.5419355672066	0.0	325.7619539230176	59.64144705103113
145	59.73624088195681	9195.666624884	2096.058935286855	0.0	327.5111941537256	59.73624088195681
146	60.22827293919944	9255.8948978232	2106.5375481408623	0.0	327.373845078851	60.22827293919944
147	66.20796041027648	9322.102858233471	2123.2999580452333	0.0	323.58006080049927	66.20796041027648
148	62.96004306618082	9385.062901299656	2137.0008679292473	0.0	319.18658793605664	62.96004306618082
149	62.27572736037513	9447.338628660034	2151.7875901514785	0.0	320.76919957771884	62.27572736037513
150	60.71507862653264	9508.053707286565	2161.8819699534065	0.0	322.22066601467293	60.71507862653264
151	63.08824989235176	9571.141957178916	2175.9482025957254	0.0	322.1785525458388	63.08824989235176
152	64.64437193904216	9635.786329117958	2192.124052490231	0.0	328.8960192055607	64.64437193904216
153	65.14072845180927	9700.92705756977	2207.3774231184234	0.0	334.7773213873992	65.14072845180927
154	60.37819627162662	9761.305253841396	2220.2804171561825	0.0	337.39042985218197	60.37819627162662
155	60.06297825539173	9821.368232096787	2230.107424645228	0.0	340.1314176594549	60.06297825539173
156	62.59742751802752	9883.965659614818	2245.2014357062976	0.0	340.45143613716107	62.59742751802752
157	60.711543463108455	9944.677203077928	2257.8931479815888	0.0	339.45785312742436	60.711543463108455
158	63.58245475538894	10008.259657833309	2273.409719865619	0.0	337.82476558648483	63.58245475538894
159	63.9204502609829	10072.180108094297	2289.3299430705415	0.0	337.08500084346	63.9204502609829
160	60.71532848698731	10132.895436581288	2301.4269345830467	0.0	338.7790756891788	60.71532848698731
161	60.379331376388315	10193.274767957666	2311.7177839772967	0.0	337.9662856782191	60.379331376388315
162	59.857324309524614	10253.132092267197	2324.790816977068	0.0	343.81687910238537	59.857324309524614
163	61.44657139415588	10314.57866366135	2336.4643511148474	0.0	351.40545220380307	61.44657139415588
164	59.9056171524325	10374.484280813778	2347.484764087354	0.0	352.9430709798679	59.9056171524325
165	64.86498256229679	10439.349263376082	2362.324751335208	0.0	351.7326561049717	64.86498256229679
166	62.15331342577987	10501.502576801859	2375.601826200549	0.0	351.88192219792484	62.15331342577987
167	61.163900675661814	10562.66647747752	2386.881830917871	0.0	351.28224769535586	61.163900675661814
168	61.52063029955917	10624.187107777081	2398.889922136065	0.0	348.76237076446984	61.52063029955917
169	55.21466052581984	10679.401768302894	2405.728925990718	0.0	351.1690639307594	55.21466052581984
170	62.14483802339923	10741.546606326303	2419.624235293955	0.0	352.0591132359394	62.14483802339923
171	59.66291008783323	10801.209516414134	2429.8281882892425	0.0	349.4367530269006	59.66291008783323
172	61.84967512998504	10863.059191544111	2443.666683951054	0.0	351.909908524628	61.84967512998504
173	59.153573190539646	10922.212764734652	2455.2513593080716	0.0	354.46288495698724	59.153573190539646
174	63.36986134644754	10985.582626081106	2470.1266009928677	0.0	358.205011782377	63.36986134644754
175	60.01034748907695	11045.59297357018	2481.1974879688364	0.0	357.1728107089177	60.01034748907695
176	61.38889779777035	11106.98187136795	2492.7643868358323	0.0	355.3045641286688	61.38889779777035
177	59.38094966453561	11166.362821032491	2504.148114963048	0.0	354.81098059465353	59.38094966453561
178	62.82823557490071	11229.19105660739	2517.6718952200185	0.0	355.34261755615705	62.82823557490071
179	57.16764132450449	11286.35869793189	2526.8824797717643	0.0	356.26494330749557	57.16764132450449
180	61.01346659043972	11347.372164522332	2539.923190557476	0.0	352.6068942491286	61.01346659043972
181	62.84399946371441	11410.216163986048	2554.3723021515784	0.0	352.0815428356556	62.84399946371441
182	65.365872214032	11475.582036200074	2572.3501274117502	0.0	355.74686295398806	65.365872214032
183	61.07033918507607	11536.652375385154	2584.889639324576	0.0	356.96364389077	61.07033918507607
184	57.86841465306182	11594.520790038214	2595.3135974052093	0.0	361.90560841713625	57.86841465306182
185	63.12478715018245	11657.6455771884	2610.7903970890784	0.0	359.3194740606467	63.12478715018245
186	66.84008990522992	11724.48566709363	2630.100702928339	0.0	361.69970399860637	66.84008990522992
187	61.75442894379487	11786.240096037418	2644.4364432242396	0.0	365.1145844034557	61.75442894379487
188	59.6771917362928	11845.917287773718	2654.7641663141894	0.0	365.0803455312078	59.6771917362928
189	63.594898153891215	11909.512185927611	2669.82712553969	0.0	371.7062915513102	63.594898153891215
190	58.88032117863123	11968.392507106233	2678.4306330286	0.0	371.0378333666049	58.88032117863123
191	63.43827141706956	12031.830778523312	2693.5106333342374	0.0	370.49238937980766	63.43827141706956
192	65.60064340294107	12097.431421926247	2710.9588158160755	0.0	373.3890305381142	65.60064340294107
193	65.41416305284498	12162.84558497909	2727.067462398498	0.0	378.4325331239954	65.41416305284498
194	59.40183943995871	12222.247424419047	2737.070906865067	0.0	376.87062609903654	59.40183943995871
195	62.52459944491518	12284.772023863967	2752.5169703554398	0.0	379.07123107483113	62.52459944491518
196	61.07709812572086	12345.849121989684	2763.289709085575	0.0	383.9145001474383	61.07709812572086
197	60.199823070418205	12406.04894506011	2774.9137418627574	0.0	387.4092496580943	60.199823070418205
198	61.02810547004465	12467.077050530153	2786.237420426392	0.0	393.6107075311629	61.02810547004465
199	59.46109171794701	12526.5381422481	2795.7616355466807	0.0	390.18715125876577	59.46109171794701
200	59.92308858577948	12586.461230833875	2806.525363037744	0.0	389.93529503402027	59.92308858577948
201	60.807866058737844	12647.269096892613	2817.696279066954	0.0	390.9323386913978	60.807866058737844
202	59.27662883099987	12706.54572572362	2829.1690919971816	0.0	396.1891455939041	59.27662883099987
203	66.33059834907723	12772.876324072698	2844.762337135267	0.0	397.08809081477415	66.33059834907723
204	60.303549225597095	12833.179873298293	2857.005839192737	0.0	400.3278125812672	60.303549225597095
205	58.83413310002286	12892.014006398313	2865.6912435563722	0.0	401.10939155395357	58.83413310002286
206	59.86116304765815	12951.875169445968	2877.610186357182	0.0	402.1721893803606	59.86116304765815
207	59.4727514042163	13011.347920850187	2887.583757488676	0.0	399.5321555621686	59.4727514042163
208	61.35561153699795	13072.703532387179	2902.49276350471	0.0	401.33201153770784	61.35561153699795
209	61.07608643532444	13133.779618822506	2915.169214751946	0.0	398.17881870341733	61.07608643532444
210	61.39590077174605	13195.17551959425	2930.370449901374	0.0	397.44045352343056	61.39590077174605
211	63.18089220975438	13258.356411804005	2945.6077831037524	0.0	398.6886673151261	63.18089220975438
212	57.14071612125485	13315.497127925257	2954.7869881175548	0.0	396.7266483680046	57.14071612125485
213	56.87685026062309	13372.37397818589	2965.4951055102847	0.0	399.02901960541817	56.87685026062309
214	58.95108380772065	13431.32506199361	2977.719755110478	0.0	396.68998822854394	58.95108380772065
215	66.68004215835589	13498.005104151956	2994.469181277729	0.0	396.89930052877634	66.68004215835589
216	63.824792707987314	13561.829896859952	3007.8598478171934	0.0	397.8817331609181	63.824792707987314
217	62.478036553466865	13624.307933413416	3021.6030223209327	0.0	397.61587374579057	62.478036553466865
218	62.11775686548731	13686.425690278911	3036.106567066923	0.0	400.67215920793353	62.11775686548731
219	64.0510622648259	13750.47675254373	3051.4541077299386	0.0	397.6531053632649	64.0510622648259
220	60.497298561585204	13810.974051105315	3064.151298775566	0.0	396.1628386180305	60.497298561585204
221	60.70770797402647	13871.681759079342	3077.4539519531118	0.0	401.0963759171516	60.70770797402647
222	60.811621370415786	13932.493380449761	3090.2501857799793	0.0	395.26714563605105	60.811621370415786
223	61.925064619445585	13994.418445069205	3104.2785079020828	0.0	398.0636579001639	61.925064619445585
224	63.02207277024374	14057.440517839445	3118.660710679635	0.0	400.0200382332045	63.02207277024374
225	56.384394765446366	14113.824912604898	3124.8607531873654	0.0	398.4240170268311	56.384394765446366
226	60.443386491490635	14174.26829909639	3134.3506364927657	0.0	400.1723061423166	60.443386491490635
227	69.50583911333631	14243.774138209727	3155.3002871602757	0.0	402.47916030237286	69.50583911333631
228	57.35411061336046	14301.128248823085	3164.2404618159035	0.0	403.6554908156732	57.35411061336046
229	62.74374442971583	14363.871993252791	3180.165396353396	0.0	405.41449392549157	62.74374442971583
230	57.57696132450896	14421.448954577298	3187.8674267076985	0.0	405.7005789600547	57.57696132450896
231	57.37596385641316	14478.824918433722	3197.703283246486	0.0	404.465747265254	57.37596385641316
232	62.63269120657196	14541.457609640293	3211.263678957876	0.0	401.3483816723292	62.63269120657196
233	57.99986716293177	14599.45747680322	3217.807266940803	0.0	403.96800999981076	57.99986716293177
234	63.47466877201546	14662.932145575236	3231.3051366613595	0.0	405.2037331992029	63.47466877201546
235	60.47041425802112	14723.402559833252	3247.0259426064363	0.0	404.669155783735	60.47041425802112
236	65.62616492687047	14789.028724760132	3264.790076664607	0.0	413.46628456146976	65.62616492687047
237	56.44190765077184	14845.4706324109	3271.947367052383	0.0	410.70989586804916	56.44190765077184
238	59.20268585532159	14904.67331826622	3280.3174438439532	0.0	408.54793275969394	59.20268585532159
239	60.042842150444805	14964.71616041667	3288.6591093727607	0.0	406.8908411912282	60.042842150444805
240	58.9133497596863	15023.629510176354	3299.160427250209	0.0	408.2156471338398	58.9133497596863
241	56.96923006128604	15080.598740237638	3309.8726044458426	0.0	407.3414773244373	56.96923006128604
242	59.26051869195022	15139.859258929582	3321.1536900749315	0.0	406.8413570694833	59.26051869195022
243	52.571865177914944	15192.431124107505	3325.992769229172	0.0	408.07177748938665	52.571865177914944
244	59.397562003311094	15251.828686110814	3335.473232523333	0.0	407.1118488444153	59.397562003311094
245	61.00812558617768	15312.836811696992	3348.431325000183	0.0	405.49837219842016	61.00812558617768
246	63.69238199505986	15376.529193692053	3362.9393211906618	0.0	408.2032744716003	63.69238199505986
247	62.382182123351576	15438.911375815405	3376.417806602424	0.0	406.0616239089845	62.382182123351576
248	62.74143164564073	15501.65280746104	3389.200147379317	0.0	408.80648164573716	62.74143164564073
249	63.51106867822964	15565.16387613927	3404.018875356184	0.0	407.201118204168	63.51106867822964
250	64.96401395715203	15630.127890096423	3418.098810700159	0.0	404.9411656726294	64.96401395715203
251	58.20456610182721	15688.332456198252	3428.012146868275	0.0	407.1071680983686	58.20456610182721
252	64.38010120404005	15752.712557402292	3445.45932221025	0.0	410.9337597733165	64.38010120404005
253	60.54799453317183	15813.260551935464	3457.3405385651135	0.0	410.91407138642353	60.54799453317183
254	63.41484776988535	15876.675399705355	3470.3534723277567	0.0	409.67487792073604	63.41484776988535
255	63.40286206763352	15940.078261772986	3486.2292265187702	0.0	414.795739861151	63.40286206763352
256	60.93820849173468	16001.016470264734	3495.9428798862004	0.0	415.17844093845673	60.93820849173468
257	62.35539922199656	16063.371869486722	3510.3049462065146	0.0	417.32384675281065	62.35539922199656
258	62.693404287118604	16126.065273773838	3525.4631091898955	0.0	416.1435613283467	62.693404287118604
259	62.29603919414521	16188.36131296798	3539.474466091213	0.0	416.74998176078844	62.29603919414521
260	62.6898746411435	16251.051187609122	3550.877119541174	0.0	422.80912029670264	62.6898746411435
261	63.41536806519208	16314.466555674311	3565.1822401451736	0.0	423.9860529611825	63.41536806519208
262	61.958556603961696	16376.425112278273	3576.4853775589354	0.0	424.158721981902	61.958556603961696
263	55.65122584402212	16432.076338122297	3582.1570305482587	0.0	424.98549109460686	55.65122584402212
264	59.900322421415176	16491.976660543718	3594.910816519045	0.0	426.202793104968	59.900322421415176
265	61.17730347979978	16553.153964023506	3609.955221598746	0.0	424.4324532926443	61.17730347979978
266	62.53005479816705	16615.68401882168	3624.5439785508597	0.0	428.1498719522995	62.53005479816705
267	56.948998288099126	16672.63301710978	3631.9353604150238	0.0	432.0192194948775	56.948998288099126
268	58.31842330627995	16730.951440416058	3642.7930365582993	0.0	430.9589360676278	58.31842330627995
269	60.8547435247429	16791.806183940804	3652.823456257084	0.0	432.1463030466337	60.8547435247429
270	54.31010146601973	16846.11628540682	3657.639022915843	0.0	436.5790591679932	54.31010146601973
271	62.29400265330789	16908.41028806013	3672.1912445553926	0.0	437.5263061458389	62.29400265330789
272	61.48781497955699	16969.898103039686	3685.523190277419	0.0	439.1061780000746	61.48781497955699
273	59.23832446641675	17029.136427506095	3695.9835897510825	0.0	442.271221350568	59.23832446641675
274	61.84873138091834	17090.985158887022	3707.0459992399	0.0	442.44530651772885	61.84873138091834
275	63.6369928348796	17154.622151721895	3720.693247656012	0.0	445.79075661782827	63.6369928348796
276	57.16862472507409	17211.79077644698	3732.192602922127	0.0	449.05536122452713	57.16862472507409
277	58.06519835618978	17269.855974803155	3741.302973606824	0.0	450.9119642879783	58.06519835618978
278	62.29019962447102	17332.14617442764	3752.4351866355596	0.0	456.94203939785024	62.29019962447102
279	59.33409614882567	17391.48027057646	3764.9059904980963	0.0	458.7323406522057	59.33409614882567
280	59.29829544564261	17450.77856602209	3777.015137998924	0.0	461.25284875764294	59.29829544564261
281	63.88344964933241	17514.66201567143	3793.646598066241	0.0	468.15602055061856	63.88344964933241
282	64.8620879515086	17579.524103622938	3812.4218245892134	0.0	473.89647316530005	64.8620879515086
283	58.438992651426126	17637.963096274365	3821.497556812727	0.0	474.11837867146664	58.438992651426126
284	62.797108115038256	17700.7602043894	3837.1389649478424	0.0	472.0803796769617	62.797108115038256
285	61.45163046864721	17762.21183485805	3849.263595340554	0.0	472.77192035722004	61.45163046864721
286	60.896603242721014	17823.10843810077	3860.6845505610945	0.0	475.9416986170993	60.896603242721014
287	59.91018186003642	17883.01861996081	3871.981477761518	0.0	474.4998226027456	59.91018186003642
288	56.327335306009225	17939.34595526683	3877.21467652306	0.0	474.5274012487405	56.327335306009225
289	54.61446391408688	17993.96041918091	3882.6345805689784	0.0	473.4853556152721	54.61446391408688
290	65.52860446663063	18059.48902364754	3899.025696456724	0.0	476.3366134719178	65.52860446663063
291	55.68722941891226	18115.17625306646	3906.0146088526276	0.0	481.75954073023854	55.68722941891226
292	58.93405078859979	18174.11030385505	3919.2043827102634	0.0	485.6757121244527	58.93405078859979
293	61.27016753993816	18235.380471394994	3931.855291419984	0.0	492.2522858792898	61.27016753993816
294	59.71147220715245	18295.09194360214	3941.756297890324	0.0	495.733926770476	59.71147220715245
295	59.92099660955933	18355.01294021171	3953.7843133123474	0.0	499.69380202335816	59.92099660955933
296	69.91684176948058	18424.92978198118	3974.4041325877442	0.0	494.2178757147609	69.91684176948058
297	59.63247498310954	18484.562256964295	3984.1545044736636	0.0	494.8172272458873	59.63247498310954
298	56.09449437466769	18540.656751338956	3990.9260012759473	0.0	494.0484516217918	56.09449437466769
299	61.78652511364694	18602.443276452595	4002.4075678989816	0.0	494.3521554343646	61.78652511364694
300	64.95625806435976	18667.399534516964	4017.9255446284055	0.0	487.12776058071523	64.95625806435976
301	60.337936751702976	18727.737471268665	4030.3791089430892	0.0	489.91586350747144	60.337936751702976
302	61.08091645910551	18788.818387727773	4042.1774731333653	0.0	491.0463583746914	61.08091645910551
303	65.37286077141196	18854.191248499177	4058.186985098647	0.0	495.37133712939624	65.37286077141196
304	56.877837627447754	18911.069086126638	4065.784035964407	0.0	494.5954106510531	56.877837627447754
305	65.11424973485651	18976.183335861493	4080.1367245117926	0.0	495.54261661178214	65.11424973485651
306	59.72570874813848	19035.909044609627	4090.438239394277	0.0	495.82794711085995	59.72570874813848
307	62.42077617514406	19098.329820784777	4104.775246480188	0.0	494.02109400990537	62.42077617514406
308	61.83225961029828	19160.16208039507	4117.250449611299	0.0	492.19402620705785	61.83225961029828
309	62.722765619182695	19222.884846014247	4131.383703050541	0.0	495.21015587025624	62.722765619182695
310	59.09219494854607	19281.977040962796	4142.153278762935	0.0	493.6674180210009	59.09219494854607
311	56.8992292025883	19338.87627016539	4151.531291496427	0.0	498.90523955013435	56.8992292025883
312	60.36335900449655	19399.23962916988	4163.544827222324	0.0	500.9695690889937	60.36335900449655
313	62.65858187610265	19461.898211045976	4178.039554811356	0.0	501.4439982951061	62.65858187610265
314	61.85718020374222	19523.75539124973	4190.35824606888	0.0	507.39630599969547	61.85718020374222
315	61.9812220379542	19585.73661328767	4204.35730192832	0.0	505.03029413165615	61.9812220379542
316	61.94601990447457	19647.68263319216	4216.256073817351	0.0	503.70509407936623	61.94601990447457
317	60.617507874077404	19708.300141066236	4230.0655460218	0.0	504.57107199069225	60.617507874077404
318	57.7561903081838	19766.05633137441	4238.891652099267	0.0	501.2450710714783	57.7561903081838
319	56.154710298408226	19822.211041672843	4246.984515634485	0.0	504.1470761172009	56.154710298408226
320	62.82257828086091	19885.033619953687	4262.440807375922	0.0	507.84564622208734	62.82257828086091
321	61.158519120103264	19946.19213907379	4274.285503245571	0.0	510.8418682947179	61.158519120103264
322	66.50335204281465	20012.695491116603	4291.817631117772	0.0	515.5830004494255	66.50335204281465
323	59.86475578711791	20072.56024690372	4303.046850854272	0.0	517.379673181213	59.86475578711791
324	55.66302086527904	20128.223267768997	4310.59355231665	0.0	517.6552169237932	55.66302086527904
325	58.64998246626218	20186.873250235265	4320.993021306726	0.0	515.0922784856878	58.64998246626218
326	61.42815262612057	20248.30140286138	4333.528406543319	0.0	511.03515978818353	61.42815262612057
327	62.34799805967068	20310.64940092106	4347.173656989486	0.0	508.8565284730996	62.34799805967068
328	60.85382276395688	20371.503223685013	4358.082536043564	0.0	507.5114730685291	60.85382276395688
329	56.42440858740067	20427.927632272414	4365.730145021638	0.0	508.242425533987	56.42440858740067
330	56.43013201405867	20484.357764286473	4372.522834973469	0.0	509.8147575974803	56.43013201405867
331	63.26883059021546	20547.626594876692	4385.870740008279	0.0	506.77145157577553	63.26883059021546
332	60.37351034344186	20608.000105220133	4397.888447196481	0.0	504.2555495370797	60.37351034344186
333	57.496542686587965	20665.49664790672	4407.975420392387	0.0	505.58257971119474	57.496542686587965
334	61.760405086399594	20727.25705299311	4420.691441209675	0.0	501.9120125634824	61.760405086399594
335	62.726064690411825	20789.98311768352	4434.084066575174	0.0	499.6128668850512	62.726064690411825
336	64.48144555383895	20854.464563237365	4450.700147058161	0.0	505.86565369972305	64.48144555383895
337	61.822591873589445	20916.287155110953	4461.686570495262	0.0	507.30287702874426	61.822591873589445
338	60.459214839496056	20976.746369950444	4474.667583361979	0.0	507.6478493995978	60.459214839496056
339	60.492763730237876	21037.239133680687	4485.630202275209	0.0	516.5727341937918	60.492763730237876
340	57.96539415011329	21095.2045278308	4497.160856247865	0.0	515.2958888124539	57.96539415011329
341	59.23669213860827	21154.44121996941	4506.455380858608	0.0	514.7566095514976	59.23669213860827
342	63.67151905089386	21218.112739020315	4522.721290353751	0.0	516.4039114378604	63.67151905089386
343	57.8516167943682	21275.964355814674	4532.4485250693415	0.0	517.6015169251558	57.8516167943682
344	60.479565681427445	21336.443921496095	4544.7332787846335	0.0	519.614572739882	60.479565681427445
345	60.83038625467627	21397.27430775078	4558.545935513812	0.0	520.2940271992966	60.83038625467627
346	62.528091454608095	21459.802399205393	4570.348499131427	0.0	520.6691703037229	62.528091454608095
347	59.738998748049156	21519.541397953442	4581.439048139963	0.0	524.5922454947315	59.738998748049156
348	63.6399818274439	21583.18137978087	4596.974643236924	0.0	523.3738318664186	63.6399818274439
349	57.8317701047751	21641.013149885657	4606.91584982914	0.0	526.5311216192249	57.8317701047751
350	62.88001853370669	21703.893168419367	4617.828716402288	0.0	533.492865481962	62.88001853370669
351	59.94118200744512	21763.83435042681	4629.036893285238	0.0	535.312247379232	59.94118200744512
352	62.90925472407852	21826.743605150885	4642.6065095648355	0.0	532.9653875902294	62.90925472407852
353	62.90866381377281	21889.65226896465	4659.01770138671	0.0	533.0822778345862	62.90866381377281
354	60.0613523566926	21949.71362132135	4668.481293510032	0.0	534.5768620212327	60.0613523566926
355	61.679601236212996	22011.393222557548	4679.414034279338	0.0	532.8636221511554	61.679601236212996
356	61.13506432251454	22072.52828688007	4691.648863123703	0.0	537.1080731247782	61.13506432251454
357	60.78427095700661	22133.31255783709	4704.555838762491	0.0	535.4782887808622	60.78427095700661
358	57.975630098232415	22191.28818793531	4712.7142930022665	0.0	535.4440867326513	57.975630098232415
359	59.62593387270812	22250.91412180803	4725.080454541491	0.0	535.222557729908	59.62593387270812
360	65.38524513600089	22316.299366944015	4742.467942586282	0.0	534.2924290789219	65.38524513600089
361	64.61313611512992	22380.912503059142	4758.228161623727	0.0	529.6461776749575	64.61313611512992
362	67.08788231172997	22448.000385370884	4777.538674265876	0.0	528.0094018763232	67.08788231172997
363	57.76599592575871	22505.76638129665	4785.872876696781	0.0	526.797734004401	57.76599592575871
364	56.42188683739699	22562.18826813404	4792.382560256465	0.0	524.0849969203754	56.42188683739699
365	56.349073896776154	22618.53734203082	4800.420844838758	0.0	523.6632048258991	56.349073896776154
366	64.76418879872233	22683.301530829533	4817.175110223568	0.0	521.2125613272802	64.76418879872233
367	57.94764021201763	22741.249171041552	4826.485281510438	0.0	519.9043583167658	57.94764021201763
368	55.197075579969784	22796.446246621515	4833.581251075394	0.0	519.3485159445673	55.197075579969784
369	63.54483128001104	22859.99107790153	4847.546192273241	0.0	525.3419688038649	63.54483128001104
370	65.14817191719402	22925.139249818716	4863.2732668533	0.0	527.378955917568	65.14817191719402
371	57.356504737171356	22982.495754555905	4871.466194204725	0.0	530.1712314853721	57.356504737171356
372	55.898919053947346	23038.39467360984	4877.510902275287	0.0	530.880714108315	55.898919053947346
373	64.81646148164208	23103.21113509149	4891.346533920211	0.0	532.1189663175886	64.81646148164208
374	62.62591735381872	23165.837052445306	4905.12123065939	0.0	538.5839252092741	62.62591735381872
375	68.07601828349115	23233.913070728806	4924.391288919176	0.0	542.9923320396535	68.07601828349115
376	64.45802995815538	23298.371100686967	4937.076072492806	0.0	546.6103885484242	64.45802995815538
377	57.81612413396264	23356.18722482092	4948.068267462829	0.0	544.8398219172009	57.81612413396264
378	57.76384378594987	23413.951068606857	4958.519016565713	0.0	545.5455100378474	57.76384378594987
379	62.273131297942726	23476.22419990481	4971.36839714929	0.0	547.0504088312465	62.273131297942726
380	63.15329770648476	23539.377497611298	4983.754503319302	0.0	550.3523267305196	63.15329770648476
381	59.852961474469275	23599.230459085753	4994.621952126626	0.0	549.9857006165406	59.852961474469275
382	64.27529880749925	23663.505757893265	5012.239499152552	0.0	552.1902712081147	64.27529880749925
383	63.4448137910926	23726.950571684352	5026.6429926377095	0.0	551.1364922650703	63.4448137910926
384	68.27720542226587	23795.227777106622	5045.774360493693	0.0	554.0098195450887	68.27720542226587
385	57.757546415479055	23852.9853235221	5055.614740150999	0.0	553.4561039682377	57.757546415479055
386	62.97859163524841	23915.96391515736	5069.065719172521	0.0	559.5636597911715	62.97859163524841
387	59.000848762267026	23974.9647639196	5078.38171210651	0.0	558.3872868818773	59.000848762267026
388	53.759923153283225	24028.72468707288	5083.4634106798985	0.0	552.8765509600197	53.759923153283225
389	61.22653867554666	24089.951225748446	5096.343992196665	0.0	548.5829182060661	61.22653867554666
390	60.44036490352662	24150.391590651976	5106.413733055272	0.0	553.6852711880116	60.44036490352662
391	60.722621918719	24211.1142125707	5120.0646468204895	0.0	552.2441180750733	60.722621918719
392	61.910510718781005	24273.024723289465	5133.94111242744	0.0	553.4496382543693	61.910510718781005
393	60.77256703530244	24333.79729032477	5145.551431082987	0.0	552.7431461611989	60.77256703530244
394	59.031688894389944	24392.82897921915	5155.528248882979	0.0	553.5813056968022	59.031688894389944
395	57.48065125511405	24450.30963047428	5163.877029497213	0.0	555.0231225798893	57.48065125511405
396	61.28007263751781	24511.589703111804	5176.509041658358	0.0	559.1629496807548	61.28007263751781
397	64.85510314364	24576.444806255422	5192.288841161845	0.0	557.8702500175167	64.85510314364
398	62.24637414949717	24638.691180404927	5206.905892308349	0.0	560.3806357729551	62.24637414949717
399	61.21261170176476	24699.903792106696	5219.020630785567	0.0	561.1048731736887	61.21261170176476
400	65.76911653315624	24765.672908639855	5233.745704395789	0.0	562.889238994226	65.76911653315624
401	59.24506732902401	24824.917975968885	5243.708045201505	0.0	560.0837678986708	59.24506732902401
402	59.69086674345944	24884.608842712318	5254.7797857925725	0.0	562.5515077096703	59.69086674345944
403	63.332369582179155	24947.94121229451	5268.312400157993	0.0	562.1201768288686	63.332369582179155
404	60.38262467714879	25008.323836971656	5281.825003219808	0.0	562.6312021408447	60.38262467714879
405	57.52525062540972	25065.849087597067	5291.277455941846	0.0	563.4191071885581	57.52525062540972
406	58.48135894691602	25124.330446543987	5300.451489946222	0.0	563.704430777044	58.48135894691602
407	57.78709939326559	25182.117545937253	5311.245466969195	0.0	561.6745025169141	57.78709939326559
408	59.75666970509674	25241.87421564235	5323.255853548587	0.0	562.35427798937	59.75666970509674
409	62.01446465683487	25303.88868029918	5337.473455752081	0.0	565.7402847170285	62.01446465683487
410	54.296134263404504	25358.184814562588	5342.731425387602	0.0	567.9331163198585	54.296134263404504
411	63.110217577342134	25421.295032139937	5356.879690588472	0.0	571.2803418432169	63.110217577342134
412	59.13632860884945	25480.431360748767	5366.98705857241	0.0	572.4386830089792	59.13632860884945
413	62.06348666075718	25542.49484740954	5378.9745112067985	0.0	574.6297119398938	62.06348666075718
414	59.874052385734885	25602.368899795278	5390.292074188701	0.0	580.0320851100288	59.874052385734885
415	62.4368700873098	25664.805769882594	5403.6981190461265	0.0	581.8527400149036	62.4368700873098
416	69.53860669106233	25734.344376573637	5425.9109688889885	0.0	578.7771577439911	69.53860669106233
417	61.842539047874546	25796.18691562153	5440.119307222349	0.0	585.7917877115704	61.842539047874546
418	60.267579003106746	25856.454494624646	5450.933232234468	0.0	591.6485293938892	60.267579003106746
419	60.64214020634213	25917.096634830974	5462.896758524611	0.0	590.5117694557076	60.64214020634213
420	58.4040243138945	25975.500659144865	5472.908340662395	0.0	591.6765622773213	58.4040243138945
421	62.01673698880934	26037.517396133662	5487.4792120876955	0.0	592.3394618373397	62.01673698880934
422	58.71514342119239	26096.232539554876	5497.692298695511	0.0	593.4479302336136	58.71514342119239
423	60.60692030088394	26156.83945985574	5508.758831915679	0.0	588.5685730218498	60.60692030088394
424	59.438889175921055	26216.278349031672	5518.276086905609	0.0	589.5150399184537	59.438889175921055
425	59.412138620598355	26275.690487652268	5529.560333610786	0.0	591.5712500866437	59.412138620598355
426	62.55813745722539	26338.2486251095	5542.866764421382	0.0	591.0183816452675	62.55813745722539
427	56.91628259171745	26395.164907701208	5553.063457512366	0.0	589.1242619491369	56.91628259171745
428	59.51908756096479	26454.683995262185	5563.943824203601	0.0	591.7809006782178	59.51908756096479
429	63.70134654693383	26518.385341809102	5577.991736772669	0.0	594.4152286061673	63.70134654693383
430	64.06325834894982	26582.44860015806	5594.339423195599	0.0	594.1566306076448	64.06325834894982
431	61.83432919670102	26644.282929354762	5606.388183671951	0.0	595.3340908371689	61.83432919670102
432	61.41415633655067	26705.697085691318	5619.690281332221	0.0	600.6908493612821	61.41415633655067
433	60.15808526384886	26765.85517095515	5630.477312388634	0.0	600.9465197574798	60.15808526384886
434	62.35744067853391	26828.212611633702	5642.166865770323	0.0	608.9577466608349	62.35744067853391
435	54.24795940634889	26882.460571040046	5648.573479171074	0.0	607.7115010946117	54.24795940634889
436	64.82427832140347	26947.284849361447	5661.934151461213	0.0	605.9629455137924	64.82427832140347
437	62.5661702636277	27009.851019625068	5673.664047034253	0.0	607.2139503750401	62.5661702636277
438	58.22365756926498	27068.074677194334	5684.255760024285	0.0	609.5197406839196	58.22365756926498
439	59.24221162150444	27127.316888815825	5695.072626688854	0.0	611.9370549503113	59.24221162150444
440	56.79999006062431	27184.116878876473	5701.372036705649	0.0	611.5973927780393	56.79999006062431
441	61.170985833893816	27245.287864710353	5713.451164429251	0.0	610.0622338237937	61.170985833893816
442	56.10678371352826	27301.394648423888	5719.922358344132	0.0	610.589457743458	56.10678371352826
443	60.11719390010224	27361.511842323987	5731.509115276843	0.0	615.5263513136256	60.11719390010224
444	61.84349274626706	27423.355335070257	5744.922726109943	0.0	615.4573338318653	61.84349274626706
445	55.35233303209568	27478.707668102335	5753.081071695961	0.0	616.0866610505284	55.35233303209568
446	60.996144224229	27539.703812326585	5765.353539199502	0.0	617.3191655447648	60.996144224229
447	60.0497385240706	27599.753550850633	5776.663518593298	0.0	616.6255532746568	60.0497385240706
448	54.93942109350707	27654.692971944158	5782.771937115089	0.0	616.1426113313154	54.93942109350707
449	58.81732219369886	27713.51029413785	5792.088877797247	0.0	614.7492503507989	58.81732219369886
450	61.62282911198762	27775.133123249852	5804.248191252455	0.0	615.9594613069312	61.62282911198762
451	62.8299903183441	27837.963113568203	5817.490937890478	0.0	618.0554572457258	62.8299903183441
452	55.179011560526554	27893.142125128717	5824.87401807355	0.0	617.6676205549143	55.179011560526554
453	59.633064399390825	27952.775189528107	5837.824280513003	0.0	621.3644347154906	59.633064399390825
454	58.722063613854864	28011.497253141944	5845.902295912272	0.0	623.2520959620645	58.722063613854864
455	62.61125264535879	28074.108505787324	5858.53789654343	0.0	625.179622976635	62.61125264535879
456	59.33570795854937	28133.44421374586	5868.766140561085	0.0	630.7286045244647	59.33570795854937
457	54.974243976997826	28188.418457722877	5874.311207763952	0.0	633.2903682897245	54.974243976997826
458	54.39533129599437	28242.81378901886	5883.367476836294	0.0	633.9281984799895	54.39533129599437
459	57.37204439961422	28300.185833418487	5892.240268028475	0.0	636.7540219917618	57.37204439961422
460	62.32084974067354	28362.50668315914	5905.506961639832	0.0	638.0944611016154	62.32084974067354
461	59.2765634574063	28421.783246616567	5914.596667714857	0.0	638.0975358775431	59.2765634574063
462	58.785071725668104	28480.568318342222	5923.851167565677	0.0	634.3356610819847	58.785071725668104
463	59.92507079281977	28540.49338913505	5936.082845348458	0.0	635.6509631941993	59.92507079281977
464	57.520824136564244	28598.014213271606	5942.45552027773	0.0	635.4967879219873	57.520824136564244
465	59.30146164702445	28657.315674918635	5953.023028738196	0.0	634.483894158376	59.30146164702445
466	57.51549709154068	28714.831172010174	5961.062907130078	0.0	635.69379967104	57.51549709154068
467	61.267694313665544	28776.098866323853	5969.674946444188	0.0	640.5449379421616	61.267694313665544
468	56.69635666474307	28832.7952229886	5976.347588203694	0.0	638.187839577959	56.69635666474307
469	64.06311823894721	28896.858341227504	5992.293325744048	0.0	645.6771360904645	64.06311823894721
470	58.26245155511823	28955.12079278266	6003.125162568057	0.0	649.4646281486915	58.26245155511823
471	65.19886166747315	29020.319654450115	6019.068271769634	0.0	647.2126362999885	65.19886166747315
472	56.86886040146522	29077.188514851572	6027.705591146273	0.0	652.7954055801747	56.86886040146522
473	57.86853456908271	29135.05704942066	6038.879105968361	0.0	653.3952754802733	57.86853456908271
474	55.81673818782845	29190.873787608496	6045.435333822776	0.0	653.1278038332669	55.81673818782845
475	60.245075934710236	29251.118863543208	6057.295903283779	0.0	657.5600020858801	60.245075934710236
476	60.430923884663635	29311.54978742789	6068.835997587674	0.0	663.0335064876033	60.430923884663635
477	62.42807352742362	29373.977860955303	6084.729468089837	0.0	665.76297047084	62.42807352742362
478	62.87814234632504	29436.85600330163	6099.62700011553	0.0	671.3473895769052	62.87814234632504
479	56.04079228482822	29492.89679558646	6107.0773191076705	0.0	673.7988171902464	56.04079228482822
480	58.39943049999358	29551.296226086444	6116.847373293927	0.0	676.1697750828232	58.39943049999358
481	60.20239708678108	29611.498623173215	6128.859708400908	0.0	677.0815469355836	60.20239708678108
482	60.946803340187415	29672.445426513397	6141.623064438616	0.0	677.0625234497226	60.946803340187415
483	60.503782052231934	29732.949208565635	6153.168814188713	0.0	675.5206625234117	60.503782052231934
484	64.94208693992519	29797.891295505557	6172.425269715961	0.0	677.6467549591674	64.94208693992519
485	56.18511390845912	29854.07640941403	6177.504523850297	0.0	680.6206680726233	56.18511390845912
486	62.672951104576256	29916.7493605186	6192.166311374534	0.0	682.4723533967658	62.672951104576256
487	59.497473063999216	29976.246833582598	6205.19275666321	0.0	686.1732709141202	59.497473063999216
488	61.16348381242467	30037.41031739502	6216.68096782532	0.0	687.4960378421865	61.16348381242467
489	55.10169898570553	30092.512016380737	6221.809252529831	0.0	688.4091252270974	55.10169898570553
490	58.32517132649435	30150.837187707206	6229.990383360888	0.0	688.4138114608893	58.32517132649435
491	66.86816229486364	30217.705350002096	6246.459236699053	0.0	690.3272400287494	66.86816229486364
492	59.47176852955984	30277.17711853163	6259.603781038096	0.0	693.091254127167	59.47176852955984
493	56.404612865439155	30333.5817313971	6267.354688813939	0.0	691.1135255907926	56.404612865439155
494	61.603532223127516	30395.18526362021	6281.160753261	0.0	691.0755136540818	61.603532223127516
495	59.80916298232367	30454.994426602552	6291.830574614217	0.0	689.931799217142	59.80916298232367
496	60.044686590236495	30515.03911319277	6302.3378575744355	0.0	693.358043544085	60.044686590236495
497	59.33559623630423	30574.374709429074	6312.40744095711	0.0	687.2071527294746	59.33559623630423
498	64.11108982660733	30638.485799255694	6326.107647949949	0.0	685.7043168579154	64.11108982660733
499	58.67512743844108	30697.160926694134	6335.922563330872	0.0	682.3565184891495	58.67512743844108
500	59.128319347911685	30756.28924604204	6346.806668645252	0.0	680.558080168307	59.128319347911685
501	60.797330099957136	30817.08657614199	6357.072782978211	0.0	678.9293118443729	60.797330099957136
502	61.93871143908622	30879.02528758109	6357.072782978211	0.0	678.5930976814005	61.93871143908622
